12042.96743  
11834.98584  
11791.71464  
11781.38381  
11827.21595  
11899.61961  
11852.19336  
11772.39583  
11756.70854  
11788.22456  
11768.70912  
11728.0845  
11759.04426  
11817.36977  
11794.25343  
11804.48822  
11801.6028  
11836.25455  
11902.82961  
11979.74937  
11988.56019  
11886.23263  
11793.71968  
11754.24823  
11794.96397  
11854.18916  
11918.9564  
11925.03544  
11873.23497  
11817.11671  
11843.78364  
11808.33777  
11790.40303  
11822.0785  
11799.44837  
11802.68356  
11796.14069  
11877.55995  
11886.02943  
11833.94113  
11736.28311  
11732.13447  
11769.47272  
11824.8171  
11737.61045  
11808.41054  
11865.41496  
11814.81278  
11757.68749  
11730.38352  
11695.10786  
11774.21943  
11842.58325  
11878.89374  
11894.8795  
11792.70363  
11808.54105  
11855.26154  
11841.81392  
11851.44441  
11863.09011  
11827.91298  
11896.51787  
11946.68338  
11983.89411  
11884.82456  
11870.44026  
11853.68664  
11801.68848  
11824.93158  
11922.4642  
11921.99882  
11865.01251  
11830.30797  
11819.72414  
11888.34873  
11882.86994  
11892.59581  
11863.49122  
11859.86802  
11863.78891  
11742.6876  
11772.29481  
11799.3813  
11883.25864  
11932.01391  
11929.17687  
11838.90447  
11777.26676  
11774.47376  
11782.15954  
11773.72778  
11752.14909  
11764.44872  
11805.93472  
11778.19537  
11792.52612  
11811.51592  
11834.31418  
11933.28403  
11907.41866  
11802.44501  
11681.02718  
11694.35201  
11766.07152  
11805.47  
11807.22119  
11876.48139  
11870.25287  
11914.67491  
11848.64018  
11807.03072  
11789.40912  
11760.9224  
11802.16169  
11829.06002  
11882.34799  
11869.78  
11922.92675  
11923.72762  
11931.71045  
11852.42187  
11788.08853  
11792.25907  
11742.83916  
11751.48235  
11791.8912  
11892.90296  
11898.3679  
11862.767  
11776.84551  
11735.30788  
11763.25517  
11839.16437  
11867.08791  
11856.00642  
11790.26029  
11852.93682  
11870.43876  
11967.65229  
11873.104  
11855.34231  
11798.91579  
11788.47914  
11825.61899  
11821.40097  
11789.29817  
11816.88097  
11799.70021  
11787.94758  
11841.42374  
11842.93123  
11879.91934  
11831.44089  
11800.41103  
11685.18696  
11678.72645  
11792.07345  
11792.47848  
11765.19369  
11754.63059  
11754.87525  
11794.58063  
11796.05988  
11824.3924  
11839.89679  
11833.74313  
11801.7865  
11810.19464  
11855.69895  
11832.93143  
11855.52114  
11832.65764  
11862.18885  
11921.22214  
11975.50049  
11907.92583  
11776.57354  
11736.31452  
11724.14659  
11760.2667  
11798.44761  
11863.88746  
11894.43235  
11942.99174  
11932.1448  
11953.47291  
12006.07733  
11925.4481  
11822.66559  
11725.81615  
11764.762  
11789.48745  
11768.17788  
11825.65204  
11875.30592  
11860.2331  
11861.89632  
11792.40961  
11729.49631  
11787.12411  
11772.04896  
11796.63741  
11745.90578  
11754.25097  
11792.83437  
11868.79441  
11884.36415  
11862.23271  
11857.68036  
11838.43678  
11810.12125  
11818.67352  
11845.18044  
11789.0516  
11739.38932  
11807.56925  
11859.00975  
11898.90168  
11813.2329  
11867.80757  
11889.52424  
11861.74015  
11851.32652  
11834.3181  
11785.25279  
11710.95852  
11733.17288  
11846.50627  
11922.55976  
11887.92784  
11818.12655  
11829.29549  
11821.25983  
11834.05559  
11801.94278  
11761.43599  
11788.34465  
11851.4857  
11913.1115  
11843.91964  
11790.89168  
11790.17409  
11817.85957  
11823.48396  
11883.33941  
11893.28188  
11857.60002  
11875.32388  
11850.70312  
11934.69229  
11895.87273  
11884.36167  
11839.2254  
11749.4982  
11742.49522  
11798.37535  
11796.40714  
11777.35314  
11762.08827  
11757.63917  
11812.54376  
11865.90253  
11952.14799  
11901.38057  
11771.56836  
11850.25556  
11909.56679  
11893.86408  
11902.40448  
11891.79031  
11854.44126  
11852.68461  
11824.67788  
11781.03428  
11789.75156  
11726.03618  
11753.18752  
11804.38279  
11828.16527  
11847.60475  
11812.49672  
11848.47288  
11827.04592  
11773.54054  
11814.20386  
11815.09859  
11826.32157  
11874.29431  
11922.57062  
11859.97178  
11885.42215  
11802.5597  
11790.24632  
11755.09291  
11815.78015  
11893.03045  
11895.55724  
11859.3291  
11796.34683  
11771.32786  
11801.42648  
11815.74211  
11822.05901  
11835.01635  
11842.06236  
11829.42952  
11867.69937  
11842.87871  
11823.03126  
11870.26455  
11821.51054  
11794.41905  
11767.12601  
11805.7411  
11784.23028  
11891.79449  
11917.98495  
11902.87952  
11737.1705  
11661.34626  
11719.28887  
11755.77142  
11827.80403  
11832.90235  
11708.81875  
11749.98154  
11803.13718  
11819.74795  
11869.61247  
11856.91294  
11852.87788  
11867.74999  
11822.14578  
11856.05675  
11900.16787  
11954.28553  
12004.80859  
11992.88766  
11826.58896  
11769.95535  
11782.29118  
11858.75051  
11860.11379  
11895.75974  
11991.17824  
11865.14812  
11738.75861  
11869.34764  
11905.37521  
11754.25603  
11589.64855  
11648.84687  
11698.37813  
11721.11823  
11765.05091  
11750.61153  
11882.71439  
11857.72552  
11857.87914  
11817.67837  
11816.17725  
11856.43155  
11961.94453  
11991.41439  
12065.63606  
11960.38778  
11796.4615  
11704.59685  
11739.96021  
11760.88427  
11773.55128  
11763.70945  
11812.83886  
11886.11808  
11868.04645  
11865.50647  
11808.84939  
11816.29879  
11795.28843  
11832.15997  
11951.84998  
11970.48675  
11981.18054  
11869.80073  
11791.31133  
11805.76427  
11768.14361  
11822.14813  
11959.31416  
11919.89331  
11885.93425  
11787.65417  
11763.56885  
11792.24523  
11839.44689  
11816.56901  
11798.56127  
11804.02015  
11887.78348  
11926.39819  
11814.79463  
11783.06868  
11777.39175  
11802.65485  
11805.93969  
11885.96214  
11937.43552  
12039.39854  
12011.89187  
11849.53701  
11791.29031  
11784.67799  
11840.96677  
11916.79322  
11947.62546  
11842.64677  
11767.62431  
11750.73906  
11724.63808  
11771.32137  
11797.90521  
11866.39761  
11836.66202  
11853.24415  
11803.09482  
11763.0413  
11869.93936  
11899.7928  
11937.48213  
11953.3966  
11913.33262  
11848.09692  
11800.21768  
11791.84371  
11759.64506  
11720.80254  
11763.86125  
11817.8819  
11840.12332  
11888.37467  
11864.15026  
11846.08817  
11841.72839  
11856.30056  
11827.89083  
11801.12696  
11937.03897  
12009.77599  
11983.34974  
11875.9513  
11721.27062  
11732.73541  
11817.09206  
11908.2778  
11873.10328  
11836.82544  
11706.48403  
11704.20854  
11666.45087  
11627.31293  
11761.5098  
11878.60954  
11975.05786  
11875.26551  
11762.02759  
11729.98999  
11729.8074  
11798.56279  
11854.85502  
11826.06447  
11915.85869  
11865.74315  
11838.76654  
11784.39056  
11770.58825  
11846.87893  
11864.70194  
11910.50883  
11878.98107  
11885.46573  
11868.82092  
11941.00094  
11875.25561  
11810.84557  
11796.87507  
11848.77724  
11874.41335  
11826.94358  
11832.13534  
11897.60757  
11820.9626  
11754.46938  
11777.37125  
11779.51843  
11769.47287  
11774.48023  
11798.35854  
11764.42241  
11793.52479  
11841.11286  
11757.19712  
11807.80858  
11898.39301  
11856.37553  
11847.24617  
11814.09579  
11838.12559  
11808.42485  
11832.51027  
11801.6389  
11831.28803  
11897.24389  
11987.324  
11998.35304  
11986.98437  
12027.31286  
11973.86949  
11906.73789  
11839.78905  
11770.69384  
11773.77545  
11751.06662  
11711.42407  
11739.00205  
11686.6305  
11732.95904  
11832.72313  
11892.10367  
11935.34957  
11825.25567  
11770.75863  
11820.91689  
11721.92604  
11718.76893  
11754.99481  
11856.35128  
11955.73765  
11904.34426  
11757.85318  
11672.71428  
11708.88973  
11767.27542  
11752.17432  
11766.89119  
11752.66598  
11895.75621  
11994.40991  
11950.57768  
11908.9714  
11843.53937  
11852.43439  
11887.94218  
11903.22846  
11973.55212  
11957.98048  
11866.36444  
11765.88051  
11730.50574  
11777.25652  
11833.52863  
11760.79968  
11766.25407  
11815.15981  
11787.49248  
11822.28888  
11827.65148  
11861.15328  
11929.24983  
11953.06807  
11890.32332  
11824.14899  
11821.42365  
11826.74425  
11831.55709  
11864.67349  
11872.36279  
11922.63275  
11939.89598  
11896.96384  
11898.93928  
11907.66497  
11966.98296  
11902.97324  
11853.92241  
11749.87295  
11746.16871  
11743.78844  
11696.67175  
11758.87932  
11745.26996  
11723.97322  
11696.82322  
11739.22327  
11827.24672  
11825.42048  
11851.2179  
11835.27309  
11822.28063  
11809.39413  
11811.52661  
11838.15849  
11797.46448  
11772.37063  
11769.97024  
11749.83061  
11797.54848  
11870.78922  
11872.22725  
11906.10965  
11881.80642  
11902.03157  
11940.0223  
11976.62286  
11932.25335  
11862.58752  
11770.57341  
11802.35896  
11847.47627  
11835.97286  
11794.99512  
11788.95902  
11786.19887  
11813.87477  
11827.73686  
11835.61334  
11801.75032  
11782.4618  
11789.74758  
11735.27223  
11729.34997  
11739.06604  
11795.38887  
11885.12972  
11918.63336  
11875.28446  
11793.98733  
11720.28949  
11708.79391  
11779.67814  
11908.46939  
11939.66553  
11970.35697  
11904.60664  
11889.67405  
11807.02186  
11767.62834  
11738.7563  
11769.6383  
11811.31885  
11777.33886  
11767.54772  
11791.92358  
11771.63911  
11787.68901  
11779.61457  
11791.25368  
11819.29812  
11925.77118  
11888.10788  
11824.41587  
11761.17476  
11734.86154  
11847.87223  
11896.95801  
11950.57958  
11898.7713  
11895.35787  
11964.43661  
11926.31494  
11935.1421  
11950.32096  
11853.79973  
11772.98608  
11771.9893  
11782.44827  
11823.40115  
11814.55228  
11794.34937  
11846.92557  
11851.1163  
11848.48273  
11918.0654  
11902.97087  
11823.64673  
11826.30697  
11888.14421  
11854.42265  
11792.7199  
11666.53928  
11673.70071  
11775.7433  
11696.39546  
11756.60538  
11806.66542  
11844.57005  
11835.34031  
11808.66274  
11787.56976  
11829.43129  
11868.41893  
11934.65917  
11949.50064  
11974.35201  
11997.88637  
11893.22113  
11904.60294  
11886.40731  
11929.17634  
11847.62583  
11821.56176  
11851.72809  
11871.83314  
11963.86092  
11997.0679  
11889.74447  
11761.18875  
11712.19549  
11729.60844  
11798.49782  
11761.52838  
11708.61182  
11714.74679  
11783.05313  
11843.13854  
11815.11473  
11820.19708  
11801.00241  
11840.02855  
11873.70369  
11793.8398  
11758.77782  
11757.85977  
11813.70503  
11883.96437  
11928.05861  
11993.31278  
11963.79708  
11894.02107  
11797.30841  
11795.57795  
11774.8233  
11733.16353  
11796.63896  
11830.03259  
11884.61118  
11841.63019  
11743.1501  
11726.53999  
11755.54669  
11775.09816  
11787.95217  
11785.05149  
11780.75629  
11791.73216  
11856.03353  
11857.97868  
11887.8851  
11827.1241  
11788.60946  
11855.56793  
11880.81224  
11927.95432  
11853.60632  
11822.44299  
11888.10906  
11862.52677  
11870.19437  
11823.257  
11810.41146  
11843.4346  
11895.0108  
11956.55976  
11943.4885  
11997.36822  
11982.22685  
11894.28749  
11808.71598  
11758.65224  
11816.64363  
11826.76094  
11813.6318  
11792.49732  
11819.2568  
11812.40578  
11796.83997  
11828.31212  
11948.6404  
11965.43716  
11931.96576  
11843.85929  
11739.29851  
11707.32157  
11724.61988  
11744.10697  
11780.57975  
11909.78128  
11967.10035  
11937.64345  
11839.54173  
11756.44098  
11785.9864  
11805.28273  
11743.37812  
11800.92649  
11861.41237  
11902.80723  
11922.37689  
11893.83454  
11769.75927  
11756.03887  
11824.48783  
11828.35773  
11869.58185  
11821.64123  
11838.24881  
11830.88408  
11838.9557  
11876.17854  
11936.60533  
11893.5906  
11873.61979  
11904.59487  
12005.85857  
11958.83517  
11941.09395  
11781.25751  
11799.40379  
11709.0745  
11745.64753  
11778.84466  
11852.54729  
11920.94434  
11864.05935  
11720.39941  
11635.36946  
11702.9395  
11725.70829  
11731.50994  
11740.15699  
11782.89938  
11805.03505  
11846.21094  
11798.45163  
11717.24227  
11815.96853  
11847.81426  
11947.73196  
11921.10334  
11875.43357  
11861.77172  
11943.22854  
11965.07786  
11891.45277  
11817.07301  
11728.17264  
11769.19096  
11849.58158  
11848.10106  
11813.34802  
11867.77195  
11922.52971  
11968.81617  
11973.18751  
11983.38566  
11980.70879  
11769.8062  
11782.87237  
11755.61883  
11765.34946  
11796.18455  
11848.20482  
11792.79406  
11712.34115  
11715.59123  
11720.79429  
11788.54412  
11798.18552  
11771.27845  
11736.60714  
11726.21738  
11876.8137  
11861.61757  
11907.19852  
11964.43606  
12014.61889  
12035.84679  
11986.80961  
11899.06614  
11801.15679  
11803.42813  
11857.75602  
11883.15455  
11848.56335  
11751.07468  
11739.82067  
11840.69592  
11863.46151  
11876.13055  
11869.65224  
11882.12497  
11860.69771  
11825.21672  
11844.19752  
11880.18531  
11940.46744  
11941.663  
11875.44749  
11854.89909  
11771.03434  
11789.63119  
11820.45373  
11918.91129  
11942.16965  
11934.4178  
11918.16318  
11765.04447  
11719.01666  
11723.59779  
11707.17515  
11744.68582  
11815.0849  
11669.93211  
11687.94606  
11700.39861  
11729.44588  
11758.02704  
11827.50432  
11892.71857  
11903.49886  
11865.93603  
11755.64988  
11743.92505  
11759.33848  
11821.04074  
11861.09413  
11864.01805  
11847.14116  
11831.15359  
11857.7062  
11870.50069  
11873.14942  
11912.84445  
12033.70618  
11974.0051  
11881.50268  
11834.65622  
11771.88767  
11771.78941  
11779.23316  
11811.62873  
11678.89252  
11608.96263  
11633.75619  
11722.88037  
11785.40094  
11851.96196  
11866.15097  
11900.2753  
11957.29684  
11959.78575  
11910.69318  
11878.65224  
11850.31387  
11793.69774  
11826.03892  
11863.39996  
11848.11858  
11843.76786  
11873.39916  
11849.96187  
11791.9398  
11708.83919  
11778.35747  
11798.22836  
11850.81868  
11790.78259  
11827.66709  
11924.41986  
11923.99735  
11907.07543  
11879.68822  
11840.52911  
11807.36188  
11859.42106  
11928.19324  
11951.9112  
11888.66237  
11842.33021  
11741.61255  
11757.34516  
11776.0007  
11807.8068  
11871.4102  
11889.18908  
11956.72871  
11994.41768  
11959.85202  
11873.76188  
11785.6612  
11769.40903  
11805.15998  
11852.81257  
11791.38249  
11806.88014  
11722.85672  
11696.25917  
11759.02905  
11758.3951  
11809.58335  
11880.17895  
11828.25378  
11765.03686  
11768.55398  
11781.41824  
11803.03879  
11790.26855  
11750.8763  
11782.13798  
11811.16324  
11907.96566  
11899.92854  
11910.16294  
11927.43017  
11939.08156  
11940.6034  
11885.07885  
11864.52487  
11866.17092  
11847.00931  
11827.29614  
11894.18613  
11909.42283  
11947.88901  
11993.90571  
11950.86279  
11935.8638  
11835.96238  
11789.80568  
11804.06892  
11800.91546  
11790.97582  
11845.49155  
11801.97817  
11828.65498  
11795.6343  
11768.57393  
11808.14256  
11809.66854  
11802.70742  
11763.15065  
11811.31006  
11869.16272  
11902.90013  
11883.77449  
11744.05827  
11724.80386  
11792.82457  
11847.76009  
11872.49102  
11836.81549  
11822.21661  
11741.90354  
11786.64352  
11906.08927  
11986.96964  
11974.42548  
11865.70234  
11891.08748  
11793.68811  
11835.25011  
11872.25125  
11821.54192  
11725.86875  
11632.6269  
11599.79283  
11596.97888  
11608.2886  
11704.27527  
11815.07135  
11876.52316  
11779.87443  
11753.35173  
11761.52556  
11824.34406  
11883.035  
11948.14313  
11999.48672  
11988.14059  
11881.14719  
11830.51673  
11778.71709  
11847.25749  
11858.5907  
11883.43417  
11941.94472  
11894.55275  
11811.75559  
11725.22257  
11664.66873  
11764.38657  
11740.9657  
11759.64822  
11782.48157  
11810.31766  
11807.74628  
11865.79208  
11850.51969  
11907.83273  
11951.50823  
11993.98699  
11989.00909  
11893.741  
11860.50491  
11864.9219  
11839.31381  
11854.03456  
11871.35098  
11821.86512  
11790.0259  
11730.1985  
11702.39185  
11680.20117  
11771.36834  
11702.02007  
11718.75809  
11777.63596  
11828.75328  
11957.41147  
11957.8132  
11911.93843  
11858.81952  
11815.1923  
11814.86396  
11843.14009  
11834.05928  
11843.15063  
11860.17676  
11813.62394  
11806.05137  
11857.32861  
11864.99073  
11860.61915  
11850.46388  
11849.90189  
11763.38241  
11765.25931  
11879.98095  
11856.30334  
11814.52222  
11807.1033  
11848.93085  
11875.7552  
11916.56108  
11897.90684  
11727.31226  
11749.71076  
11807.05547  
11844.1992  
11828.33584  
11833.17734  
11855.59786  
11939.84129  
11918.15732  
11899.52002  
11826.20349  
11810.99443  
11821.74729  
11834.37962  
11909.84798  
11925.67958  
11889.94905  
11798.10782  
11751.83832  
11775.33022  
11747.28791  
11790.95161  
11772.71235  
11784.17347  
11799.72507  
11785.92262  
11739.44512  
11710.56841  
11665.19588  
11712.03761  
11790.07483  
11853.78224  
11921.23274  
11983.25455  
11947.28271  
11864.23021  
11865.17626  
11859.20253  
11866.69334  
11898.88967  
11899.02197  
11874.54588  
11886.15366  
11846.86789  
11816.41578  
11840.23157  
11826.31058  
11892.87889  
11832.77657  
11801.02132  
11775.28713  
11799.04322  
11846.13928  
11850.76822  
11792.37239  
11830.1558  
11889.1833  
11895.25413  
11874.49354  
11808.06512  
11798.20051  
11825.70563  
11798.61972  
11792.35481  
11864.68  
11901.48777  
11902.4237  
11923.80427  
11863.37234  
11777.56746  
11788.09811  
11806.83097  
11841.58361  
11848.15932  
11779.0201  
11757.2366  
11831.72141  
11921.1212  
11826.67356  
11783.75041  
11785.00907  
11809.48251  
11864.80143  
11871.20521  
11828.18398  
11782.76854  
11791.52037  
11726.73767  
11749.60841  
11828.92047  
11905.69375  
11909.95542  
11779.57449  
11679.30112  
11675.73743  
11739.72021  
11713.14808  
11767.1959  
11821.61462  
11822.04662  
11847.2292  
11844.46747  
11821.65159  
11875.35545  
11925.60678  
11903.00053  
11866.9928  
11844.42966  
11811.34645  
11859.00585  
11829.16221  
11830.63733  
11796.66643  
11733.68361  
11773.61841  
11756.79006  
11788.27843  
11825.23386  
11874.28689  
11899.67278  
11903.7942  
11871.42887  
11842.90683  
11825.95318  
11859.21218  
11935.91665  
11972.01758  
12007.33204  
11949.32505  
11878.08178  
11823.94289  
11771.52842  
11780.66297  
11807.10021  
11825.59639  
11861.94525  
11825.34521  
11796.69906  
11841.7948  
11874.26106  
11903.79991  
11802.7894  
11749.58871  
11741.49417  
11813.78751  
11847.16658  
11869.5957  
11906.49568  
11932.38298  
11892.89185  
11790.79468  
11767.77699  
11786.47812  
11787.14677  
11845.13358  
11958.83271  
11893.97691  
11864.09622  
11775.01864  
11781.23787  
11760.26608  
11749.90588  
11806.17109  
11849.65585  
11812.43093  
11873.06998  
11908.29488  
11932.41784  
11936.50421  
11847.56655  
11793.38142  
11790.71316  
11788.19072  
11804.99715  
11802.11247  
11841.19045  
11890.75714  
11858.95333  
11833.60762  
11851.24921  
11849.83752  
11882.08966  
11873.49337  
11889.87353  
11938.02578  
11925.37849  
11837.51595  
11806.42979  
11846.88515  
11848.51048  
11830.11399  
11780.39254  
11838.77413  
11762.16862  
11849.04423  
11949.12973  
11860.90313  
11788.70202  
11711.97491  
11798.94404  
11876.18486  
11834.52787  
11752.09948  
11741.25592  
11744.22966  
11762.00159  
11767.10329  
11796.11433  
11826.49937  
11875.26775  
11862.61365  
11839.66126  
11825.68274  
11834.2979  
11840.00365  
11870.03439  
11851.61089  
11801.81235  
11806.00436  
11827.41219  
11920.63509  
11965.74568  
11910.57306  
11894.71862  
11753.95979  
11719.75792  
11784.31571  
11775.93187  
11793.56271  
11840.63617  
11762.03143  
11762.06865  
11763.21126  
11834.75496  
11830.69937  
11800.51151  
11784.469  
11842.30553  
11916.75004  
11932.09323  
11911.42482  
11904.27209  
11911.21952  
11905.23776  
11957.63303  
11973.41761  
12005.53165  
11901.79743  
11776.90187  
11756.15297  
11815.71766  
11773.21989  
11818.82066  
11833.14063  
11712.77587  
11695.1415  
11814.71172  
11913.27362  
11929.32555  
11756.16231  
11632.50388  
11608.21198  
11645.55058  
11697.36221  
11772.62016  
11823.38905  
11831.17262  
11903.38423  
11899.72693  
11941.97557  
11975.22229  
11935.58722  
11896.91768  
11832.92266  
11827.00378  
11858.62136  
11885.228  
11961.78822  
11968.5224  
11897.97663  
11818.6788  
11782.19445  
11784.82454  
11800.90971  
11840.91415  
11842.8665  
11850.61646  
11776.91546  
11853.79666  
11887.89164  
11883.29049  
11845.94701  
11854.8984  
11836.81491  
11820.17236  
11822.90897  
11791.96134  
11815.13065  
11797.81874  
11818.47107  
11883.43129  
11963.74863  
11968.8302  
11856.95017  
11788.08155  
11773.45527  
11814.03782  
11840.49559  
11873.98769  
11867.01419  
11744.60801  
11766.23683  
11759.65044  
11849.18534  
11923.43277  
11863.19483  
11807.02362  
11698.26172  
11739.10093  
11844.9359  
11867.71199  
11893.89567  
11854.04065  
11809.96401  
11810.8791  
11787.66762  
11745.29193  
11737.32215  
11786.55062  
11809.81202  
11764.85137  
11733.66381  
11701.13537  
11819.74562  
11857.76675  
11903.68211  
11886.85176  
11865.62021  
11743.74569  
11744.73495  
11721.82273  
11787.08534  
11870.22075  
11910.2036  
11888.42875  
11910.25328  
11871.45068  
11889.21275  
11871.24086  
11940.09147  
11923.14029  
11921.37209  
11891.74079  
11871.70238  
11859.84296  
11852.39289  
11873.40553  
11849.25256  
11848.71292  
11825.09993  
11803.2075  
11777.83118  
11785.1229  
11710.23812  
11731.39596  
11758.16524  
11784.93783  
11717.271  
11683.11315  
11710.0017  
11743.05059  
11835.06971  
11909.02704  
11914.58931  
11889.25526  
11894.0614  
11846.13604  
11812.20518  
11879.69244  
11979.26926  
11988.32938  
11969.90617  
11811.06266  
11769.82561  
11791.52664  
11864.92131  
11923.70925  
11906.8439  
11862.7011  
11842.61237  
11805.77305  
11798.18587  
11784.02601  
11794.9175  
11735.33934  
11754.94174  
11818.32589  
11892.34021  
11985.90355  
11972.51718  
11928.02266  
11811.92835  
11820.41704  
11838.7278  
11834.69615  
11867.84468  
11856.32544  
11778.13416  
11760.21065  
11731.29068  
11792.86971  
11794.50832  
11778.64528  
11857.76933  
11859.69729  
11850.13598  
11871.10122  
11872.99524  
11958.66974  
11980.40018  
11926.26706  
11786.73554  
11700.13126  
11672.99724  
11723.75478  
11765.92111  
11858.77954  
11932.38303  
11946.37406  
11840.34554  
11732.33382  
11745.06178  
11780.51897  
11875.33062  
11882.6151  
11875.05199  
11770.74202  
11721.2405  
11772.04373  
11731.00562  
11706.2545  
11721.1453  
11703.24038  
11765.02766  
11845.627  
11951.13557  
11996.20594  
12015.83986  
11909.37786  
11867.3708  
11827.39165  
11864.16307  
11948.86774  
11949.92919  
11946.20828  
11929.61806  
11846.43059  
11827.36537  
11779.87531  
11786.97998  
11766.21455  
11727.29705  
11658.49718  
11693.03283  
11835.25123  
11886.47358  
11789.31854  
11738.04163  
11786.18808  
11800.99226  
11860.44104  
11830.66007  
11825.22521  
11844.19978  
11867.07227  
11911.74969  
11854.13223  
11906.5461  
11902.64855  
11900.42832  
11865.43918  
11870.19704  
11796.18531  
11851.23405  
11845.27942  
11792.19864  
11794.76395  
11760.96129  
11815.17815  
11893.6349  
11922.36925  
11932.10796  
11919.60754  
11864.38413  
11734.44748  
11754.0867  
11836.76698  
11791.09907  
11804.23613  
11797.17681  
11820.08859  
11844.29828  
11802.48559  
11824.5206  
11792.51243  
11851.09218  
11849.77237  
11792.50672  
11781.20824  
11808.66627  
11824.8696  
11890.2267  
11845.77626  
11774.6801  
11772.98818  
11728.64161  
11806.02776  
11882.94476  
11934.04537  
11879.29818  
11824.21898  
11848.12768  
11879.16737  
11839.78694  
11817.05589  
11786.82038  
11762.83565  
11828.931  
11922.17834  
11969.30954  
11924.77496  
11819.54144  
11760.14494  
11813.26379  
11833.61318  
11821.79104  
11905.37487  
11953.75115  
11956.61187  
11914.48419  
11893.42029  
11850.08861  
11865.31864  
11845.25728  
11835.12251  
11816.48071  
11853.08724  
11848.8987  
11836.69738  
11844.41478  
11839.90979  
11876.21617  
11848.97538  
11866.41411  
11844.35185  
11829.71806  
11863.08417  
11862.804  
11859.08459  
11829.29157  
11800.69533  
11729.25265  
11783.17556  
11829.45138  
11880.57705  
11885.83598  
11874.97828  
11792.38305  
11743.72918  
11754.66493  
11723.0898  
11756.41496  
11780.46019  
11785.34347  
11801.29127  
11748.79812  
11822.88805  
11832.96548  
11877.32938  
11823.14159  
11805.2793  
11804.49203  
11767.31305  
11759.13489  
11783.37923  
11865.86852  
11882.58044  
11864.07309  
11852.00979  
11797.35507  
11857.46429  
11849.00038  
11908.34687  
11941.94704  
11968.84337  
11891.13888  
11835.01467  
11901.11254  
11908.6259  
11797.65625  
11599.57182  
11564.20525  
11625.02157  
11666.18854  
11628.86814  
11743.07935  
11837.8452  
11836.74327  
11896.58576  
11904.21787  
11835.56044  
11834.32866  
11885.72886  
11930.46157  
11953.83642  
11931.48204  
11868.75354  
11820.92393  
11815.93441  
11804.06493  
11811.10092  
11737.28425  
11775.375  
11821.46932  
11870.96825  
11880.92307  
11947.5337  
11939.78108  
11936.17674  
11850.83767  
11839.45142  
11808.36677  
11808.23  
11833.63209  
11874.66066  
11841.07467  
11860.70679  
11839.5262  
11827.94819  
11859.22804  
11940.15777  
11974.49114  
11937.04501  
11856.26789  
11810.06623  
11845.47193  
11849.19598  
11896.18979  
11857.81437  
11835.01833  
11764.75615  
11777.63959  
11767.08098  
11800.37163  
11778.25367  
11792.34131  
11818.3209  
11900.31705  
11877.55283  
11793.08019  
11759.53624  
11797.35342  
11836.04044  
11903.11039  
11888.21964  
11838.13886  
11840.35586  
11782.67632  
11739.59235  
11739.36659  
11748.39178  
11818.49563  
11892.10235  
11851.84585  
11817.75728  
11831.2083  
11876.28808  
11871.79854  
11901.67894  
11910.09235  
11921.1936  
11799.79521  
11778.45535  
11774.68398  
11760.5645  
11823.61628  
11824.63892  
11773.30324  
11765.39446  
11805.75225  
11864.36307  
11897.26983  
11804.95321  
11811.89526  
11722.79423  
11799.55218  
11857.83588  
11907.93884  
11876.64657  
11900.54117  
11866.40395  
11852.66063  
11856.88483  
11833.4253  
11774.46393  
11852.75521  
11821.53189  
11768.33644  
11723.40633  
11714.10825  
11763.04823  
11798.0603  
11797.59893  
11810.40899  
11837.06075  
11877.36264  
11910.91152  
11932.59964  
11852.52795  
11868.34955  
11876.12048  
11859.60012  
11849.44704  
11839.32347  
11816.519  
11824.41093  
11856.166  
11846.01557  
11823.37079  
11790.69483  
11859.75534  
11872.17067  
11866.45925  
11741.64181  
11719.75399  
11779.84966  
11788.39789  
11836.94114  
11931.69756  
11964.24585  
11860.64759  
11743.60585  
11715.97606  
11781.65472  
11876.42649  
11927.21323  
11986.37262  
11879.36414  
11867.49206  
11849.48721  
11831.8603  
11867.26918  
11933.02701  
11891.03248  
12097.7901  
11972.45527  
11866.58356  
11822.147  
11798.02102  
11773.75173  
11719.63563  
11741.52864  
11795.64098  
11883.67832  
11923.12136  
11924.96673  
11829.29692  
11761.71556  
11787.9293  
11806.41676  
11876.68876  
11938.06145  
11911.18657  
11835.25127  
11856.58655  
11888.81692  
11883.02407  
11878.39816  
11890.98911  
11863.18047  
11782.77681  
11773.53716  
11808.15831  
11844.47484  
11774.91305  
11735.37178  
11836.55869  
11956.64245  
11914.38372  
11724.24498  
11600.038  
11523.48354  
11555.85093  
11689.10862  
11708.5695  
11736.53461  
11779.13995  
11803.34479  
11835.27254  
11821.52092  
11847.65945  
11886.655  
11886.61469  
11881.774  
11917.59529  
11935.52363  
12014.83699  
12020.37819  
11962.88698  
11860.11123  
11834.69681  
11944.7555  
11943.03628  
11940.05199  
11902.71924  
11855.07816  
11776.21804  
11722.18084  
11689.2107  
11772.0909  
11794.03037  
11749.43399  
11757.49997  
11736.6073  
11721.55043  
11796.5467  
11837.12436  
11852.63579  
11844.66625  
11823.63328  
11871.2963  
11886.00721  
11900.01649  
11926.9307  
11895.11061  
11906.29644  
11915.29661  
11916.60551  
11874.27039  
11874.00475  
11886.58998  
11910.8311  
11867.9392  
11807.28854  
11834.20483  
11816.72899  
11870.91057  
11857.1943  
11861.69521  
11805.13257  
11766.86199  
11791.5912  
11859.59423  
11814.92737  
11798.62902  
11789.80445  
11801.7233  
11790.07846  
11801.97895  
11922.88768  
11854.23022  
11782.71307  
11710.38271  
11691.0378  
11680.76575  
11670.83214  
11749.16476  
11798.12138  
11858.71302  
11893.30318  
11827.45197  
11772.23496  
11812.0834  
11803.61461  
11886.16785  
11913.73625  
11988.43687  
11991.46009  
11966.81391  
11971.98228  
11898.39802  
11798.56709  
11866.0736  
11760.8476  
11817.07441  
11785.90356  
11833.29884  
11839.08891  
11852.45886  
11812.07826  
11831.8244  
11824.18475  
11792.40523  
11802.7675  
11763.21499  
11876.24346  
11844.07723  
11755.52351  
11712.39268  
11754.09133  
11732.50732  
11724.71185  
11764.95655  
11791.223  
11808.79225  
11773.95873  
11798.32162  
11827.20709  
11859.62543  
11855.22246  
11810.40105  
11827.56195  
11847.87602  
11916.34734  
11924.29627  
11912.01102  
11885.11661  
11829.34925  
11810.20971  
11797.97495  
11807.07933  
11875.34963  
11910.08682  
11885.30758  
11889.5317  
11881.89301  
11868.69158  
11853.52254  
11898.88012  
11828.02106  
11775.04592  
11829.50554  
11810.90951  
11819.49833  
11833.52145  
11847.32403  
11895.59563  
11842.83824  
11748.03699  
11796.02189  
11794.96371  
11790.99113  
11814.28462  
11839.33758  
11793.33034  
11767.33429  
11811.22093  
11786.51451  
11812.07298  
11833.05546  
11871.84372  
11913.68357  
11889.21676  
11830.16889  
11876.26731  
11867.63565  
11891.47408  
11893.11795  
11896.33884  
11884.9277  
11907.29268  
11871.11728  
11803.95542  
11832.96188  
11880.33493  
11928.83768  
11942.25725  
11837.2772  
11823.72102  
11777.29378  
11761.2488  
11756.74781  
11775.21765  
11770.70735  
11848.78141  
11900.31654  
11863.28856  
11767.43282  
11750.2272  
11745.01007  
11817.69246  
11873.90561  
11862.81556  
11876.57772  
11850.14589  
11827.80889  
11773.17478  
11789.03524  
11851.82963  
11938.99154  
11919.86503  
11813.35755  
11812.66326  
11834.10413  
11807.13978  
11759.68576  
11715.46318  
11786.33648  
11780.70684  
11795.24645  
11769.37478  
11760.57989  
11820.20745  
11836.87812  
11874.7237  
11925.11587  
11932.44159  
11937.02909  
11881.46213  
11861.5865  
11869.83282  
11831.97497  
11870.15021  
11860.15248  
11790.52935  
11831.84928  
11828.09359  
11880.05957  
11952.81903  
11947.76519  
11938.5693  
11864.60493  
11786.76938  
11763.26523  
11785.06621  
11759.0705  
11783.04103  
11752.89656  
11807.46875  
11765.31869  
11786.98796  
11845.89502  
11875.96025  
11853.01083  
11833.43735  
11848.35188  
11906.41372  
11923.19738  
11873.60979  
11913.4682  
11885.871  
11872.70829  
11867.38403  
11802.68938  
11745.97939  
11741.80865  
11835.40549  
11883.00575  
11921.5396  
11859.81453  
11700.75839  
11703.3692  
11783.07121  
11860.93871  
11881.99863  
11883.9765  
11872.57155  
11821.82527  
11831.20675  
11863.81583  
11887.01383  
11923.73863  
11843.89327  
11820.95021  
11823.44704  
11810.90019  
11811.59671  
11679.82502  
11661.06524  
11755.3092  
11860.78324  
11901.5002  
11896.12008  
11883.8271  
11869.21469  
11856.63692  
11860.74328  
11863.33149  
11849.18115  
11815.63587  
11825.70115  
11835.77447  
11812.20142  
11842.3887  
11865.51564  
11889.18044  
11805.81431  
11850.81985  
11914.47026  
11928.94279  
11938.40829  
11884.91705  
11822.14034  
11838.41638  
11783.20352  
11797.56338  
11874.44993  
11946.94437  
11915.25687  
11844.58314  
11877.39854  
11812.87962  
11808.43094  
11790.44021  
11734.60129  
11802.70049  
11801.1766  
11801.38147  
11889.98344  
11867.26896  
11908.19109  
11903.04109  
11896.67108  
11825.97594  
11792.81506  
11846.67063  
11864.30701  
11906.91995  
11844.77458  
11739.35796  
11695.44449  
11789.3259  
11806.56962  
11820.69868  
11833.9352  
11806.02008  
11779.26659  
11779.73588  
11835.85139  
11881.08456  
11954.07949  
11956.10385  
11856.97988  
11826.33224  
11866.69533  
11894.48052  
11932.81503  
11968.85046  
11958.45694  
11925.13979  
11908.9808  
11861.42802  
11963.74354  
11945.7882  
11759.5193  
11876.21079  
11861.00543  
11851.97998  
11845.40384  
11766.2435  
11719.36878  
11583.5346  
11560.02341  
11571.20957  
11629.70758  
11677.71479  
11725.4884  
11677.71573  
11673.58043  
11724.02403  
11806.18041  
11916.05097  
11960.30702  
11954.21334  
11944.96212  
11967.10598  
12006.23334  
11998.92783  
11967.25599  
11821.83308  
11795.32228  
11797.04161  
11776.51059  
11800.63804  
11758.19787  
11779.20563  
11764.68929  
11828.93025  
11860.9443  
11905.93176  
11913.97861  
11913.25986  
11903.15812  
11888.34613  
11897.90764  
11889.05119  
11883.43613  
11859.73286  
11803.41336  
11772.60714  
11752.86924  
11762.00783  
11808.46612  
11811.86303  
11754.77654  
11768.92478  
11753.25243  
11767.66471  
11797.41917  
11858.61981  
11887.13633  
11906.90665  
11844.91604  
11850.02933  
11829.59809  
11804.10286  
11742.06896  
11811.26091  
11865.21144  
11836.26796  
11812.45592  
11830.93111  
11799.07002  
11806.78011  
11818.24437  
11809.81791  
11797.91976  
11745.53307  
11773.51876  
11764.62831  
11758.7994  
11761.74834  
11761.5876  
11814.25208  
11871.60557  
11871.93823  
11913.07326  
11859.71808  
11842.81008  
11811.2482  
11894.10834  
11928.20162  
11963.67156  
11881.71757  
11804.65843  
11777.24486  
11824.20567  
11878.63939  
11897.19909  
11919.98811  
11884.73405  
11793.5733  
11781.17322  
11758.0624  
11762.87181  
11699.88471  
11723.61398  
11780.69237  
11851.81215  
11847.12684  
11788.87109  
11843.07723  
11857.06388  
11871.35545  
11897.87966  
11905.76489  
11901.24796  
11865.89942  
11886.82578  
11840.28724  
11737.89154  
11740.2181  
11846.70219  
11867.29719  
11834.56366  
11804.51128  
11840.50227  
11847.13543  
11838.7684  
11852.87607  
11900.86827  
11922.25705  
11850.36973  
11893.91967  
11806.58712  
11765.86651  
11790.01463  
11808.71454  
11756.3654  
11712.76701  
11675.67657  
11680.26875  
11698.8778  
11777.53825  
11779.9821  
11785.96021  
11756.2881  
11705.17239  
11729.77386  
11745.38383  
11882.95923  
11948.62022  
11988.20276  
11921.87624  
11865.37658  
11850.43444  
11845.64088  
11863.24078  
11845.72386  
11927.80721  
11908.53785  
11920.9263  
11924.28905  
11902.61611  
11888.25722  
11873.22709  
11827.3264  
11863.84975  
11822.15596  
11896.82617  
11810.63679  
11730.42017  
11727.91488  
11766.35796  
11821.61221  
11768.64626  
11772.11627  
11812.54152  
11782.70278  
11824.33704  
11870.58298  
11867.93776  
11848.62614  
11790.06692  
11750.204  
11813.68739  
11863.54325  
11871.80305  
11816.78507  
11717.56396  
11772.35875  
11814.86613  
11825.86666  
11822.61997  
11809.09037  
11802.88401  
11874.2069  
11830.51229  
11844.23382  
11945.19188  
11972.18566  
11923.9666  
11878.45189  
11775.1738  
11780.83378  
11780.59717  
11777.94714  
11777.32691  
11792.36585  
11850.64891  
11856.42039  
11855.3638  
11880.50519  
11793.7171  
11795.62207  
11790.5635  
11773.83432  
11800.24074  
11802.99555  
11858.53966  
11800.0973  
11854.46789  
11840.50264  
11799.88395  
11800.44445  
11803.53829  
11857.86895  
11885.00933  
11896.79193  
11838.87631  
11737.82513  
11758.14305  
11758.92682  
11808.92637  
11848.45117  
11857.37693  
11761.1646  
11786.40414  
11776.37188  
11865.69398  
11876.35691  
11956.29987  
11972.94503  
11907.14907  
11875.60701  
11827.5833  
11814.87922  
11780.55761  
11786.8259  
11859.97908  
11928.46649  
11985.68647  
11938.32595  
11770.29993  
11731.77451  
11839.4609  
11889.32211  
11851.61862  
11814.95893  
11787.55636  
11788.32221  
11748.30974  
11784.62022  
11824.57475  
11856.43072  
11745.36531  
11723.21342  
11710.12229  
11755.17076  
11818.85842  
11852.48241  
11875.91114  
11909.35691  
11915.92004  
11934.94126  
11883.21506  
11905.12523  
11976.59866  
11983.17875  
11932.90535  
11836.99229  
11816.24328  
11817.27526  
11803.80765  
11817.03039  
11901.04608  
11815.96847  
11798.71323  
11815.46094  
11864.29588  
11877.28593  
11952.29979  
11898.40345  
11767.61034  
11653.80515  
11697.58593  
11743.31719  
11812.97605  
11873.39864  
11874.28973  
11774.71548  
11769.81144  
11797.70144  
11817.51265  
11825.43553  
11828.38725  
11846.90342  
11877.54767  
11897.30349  
11902.81786  
11881.15252  
11862.57399  
11857.08725  
11938.17841  
12012.22414  
11968.44121  
11844.15389  
11823.86381  
11779.36401  
11816.73988  
11848.07612  
11884.50593  
11870.18246  
11914.87298  
11873.57784  
11854.32269  
11854.51307  
11856.20485  
11886.11306  
11880.13539  
11811.52652  
11799.56016  
11835.6586  
11872.31503  
11908.1478  
11955.75021  
11944.36255  
11916.21646  
11912.12936  
11846.12275  
11871.4148  
11914.58437  
11937.18093  
11901.0104  
11971.23023  
11974.02087  
11802.3544  
11664.3315  
11666.69457  
11766.59867  
11705.07087  
11778.02865  
11788.50465  
11736.33362  
11775.19701  
11871.40255  
11906.47602  
11802.2481  
11828.33474  
11726.17089  
11749.77895  
11772.65965  
11830.7052  
11788.89095  
11665.80564  
11605.28554  
11636.99934  
11688.36123  
11773.10987  
11900.89748  
11869.54469  
11764.57024  
11811.0025  
11852.47838  
11888.29376  
11951.80764  
11943.3848  
11873.26247  
11879.90636  
11851.69276  
11842.75755  
11867.44279  
11904.69199  
11870.5832  
11830.9362  
11817.97355  
11796.2322  
11802.81658  
11817.11617  
11821.79651  
11782.46317  
11840.23769  
11887.14372  
11902.74875  
11810.12229  
11747.87093  
11745.18336  
11691.93678  
11719.11699  
11806.73479  
11803.49053  
11782.12291  
11776.60133  
11757.7857  
11784.87069  
11803.5235  
11860.24263  
11873.53682  
11819.63579  
11764.08012  
11772.05022  
11784.85348  
11767.46394  
11801.68229  
11863.54205  
11898.33439  
11872.10055  
11858.56188  
11812.72646  
11822.76012  
11817.071  
11838.50356  
11801.93535  
11815.55028  
11846.36094  
11829.93429  
11802.39204  
11754.17212  
11812.74439  
11855.03217  
11886.5942  
11876.38088  
11920.75558  
11859.93944  
11827.58153  
11763.18349  
11800.91396  
11804.04687  
11834.87577  
11872.80784  
11896.2941  
11967.98365  
11952.9031  
11879.8649  
11786.79425  
11738.38036  
11707.25894  
11735.62767  
11806.2235  
11874.44783  
11894.22197  
11864.81777  
11881.71954  
11902.98189  
11897.55942  
11883.30104  
11833.25803  
11821.47325  
11817.99151  
11772.61314  
11844.79863  
11821.52326  
11829.3426  
11839.30022  
11858.27296  
11853.0032  
11759.8775  
11716.93693  
11685.79522  
11687.32758  
11775.4591  
11801.1637  
11864.4259  
11910.66865  
11915.1185  
11913.96125  
11833.0356  
11796.60984  
11779.18362  
11816.61536  
11819.01726  
11801.24016  
11847.12059  
11882.82537  
11906.77573  
11927.76947  
11916.30643  
11949.37478  
11971.99676  
12035.96277  
12027.81608  
11828.51785  
11751.26698  
11760.48314  
11747.26129  
11770.75996  
11897.71795  
11939.71028  
11952.23281  
11870.18126  
11759.189  
11742.18618  
11737.39951  
11848.36055  
11795.73578  
11860.42211  
11869.20329  
11854.42458  
11840.59735  
11826.32297  
11757.58639  
11734.15274  
11759.51532  
11787.54691  
11824.97072  
11869.7519  
11885.1381  
11869.77143  
11818.95163  
11740.88192  
11739.91022  
11771.16241  
11836.97746  
11929.35768  
11898.7188  
11800.83968  
11742.51316  
11751.75019  
11754.23868  
11816.42709  
11831.23451  
11947.48237  
12006.95084  
11980.41991  
11863.645  
11812.96193  
11789.16125  
11816.68075  
11878.98425  
11859.89429  
11876.95229  
11865.9471  
11801.62984  
11817.585  
11867.58848  
11851.48611  
11856.2258  
11925.76459  
11862.2313  
11882.42646  
11842.51876  
11793.04126  
11789.38988  
11764.4994  
11768.47661  
11771.34974  
11856.1221  
11856.47611  
11935.73367  
11921.35198  
11841.47647  
11763.13804  
11875.77312  
11888.71737  
11879.99494  
11880.12384  
11908.83832  
11835.73884  
11757.48888  
11668.13232  
11667.90362  
11645.74495  
11759.81765  
11776.38346  
11811.10243  
11828.25583  
11802.89451  
11781.49556  
11825.4026  
11837.59421  
11900.38762  
11952.54796  
11905.30318  
11914.20687  
11913.59838  
11896.46685  
12088.42022  
12001.04998  
11921.36918  
11932.91512  
11865.7501  
11898.05809  
11861.09533  
11825.75348  
11885.42506  
11805.02658  
11804.55994  
11776.6682  
11774.00002  
11810.42623  
11867.29727  
11896.32743  
11849.27679  
11687.71524  
11622.34037  
11659.66169  
11677.49695  
11749.83955  
11770.2647  
11843.70688  
11912.60624  
11836.44178  
11844.86219  
11836.60407  
11811.3632  
11837.18277  
11840.47384  
11844.43592  
11890.10614  
11895.30796  
11981.72479  
11990.3749  
11902.07905  
11859.97624  
11831.8419  
11880.28392  
11937.30994  
11962.59809  
11950.11251  
11834.28956  
11749.89475  
11738.97168  
11733.33053  
11769.98985  
11779.6513  
11764.12919  
11763.65777  
11804.04106  
11824.57304  
11830.90253  
11834.1918  
11862.22732  
11904.70739  
11909.88677  
11909.17478  
11918.73011  
11839.5385  
11860.89322  
11864.50542  
11835.14572  
11810.23639  
11882.13687  
11889.17193  
11935.35569  
11914.37211  
11854.24623  
11827.41618  
11739.94265  
11781.52039  
11784.42142  
11706.7543  
11812.53935  
11832.22849  
11783.61646  
11807.30668  
11744.15124  
11738.57402  
11718.46149  
11783.65427  
11783.73531  
11787.40313  
11855.00255  
11861.47062  
11807.33536  
11741.29154  
11743.68511  
11767.3546  
11760.64218  
11813.22486  
11848.7264  
11803.33809  
11838.16378  
11855.09376  
11862.66771  
11863.39727  
11852.30152  
11780.06461  
11731.69993  
11706.75113  
11708.34133  
11695.43933  
11713.51458  
11757.82543  
11751.75292  
11850.78979  
11899.577  
11899.01773  
11838.74979  
11867.57448  
11871.09835  
11869.75894  
11812.75871  
11766.24063  
11771.56606  
11837.98548  
11818.08443  
11877.39945  
11841.77851  
11807.92073  
11835.91605  
11890.99039  
11822.10341  
11766.46559  
11832.36385  
11917.75236  
11945.06973  
11974.27263  
11968.30857  
11906.23274  
11858.89038  
11848.60237  
11888.52747  
11853.43512  
11854.18191  
11895.59703  
11941.57502  
11862.7723  
11867.86146  
11874.15086  
11862.58841  
11880.00804  
11859.35465  
11879.61172  
11863.55394  
11808.11024  
11745.35295  
11691.61701  
11621.52911  
11674.55535  
11632.88851  
11646.45919  
11771.78076  
11716.61196  
11752.96812  
11704.17197  
11788.35035  
11755.93552  
11848.34615  
11932.70778  
11969.30586  
11966.10417  
11937.49897  
11880.65349  
11879.64381  
11920.91951  
11928.29529  
11965.88353  
12023.61653  
12048.75444  
11942.90226  
11847.75206  
11792.67382  
11746.92408  
11805.42097  
11824.40661  
11803.83617  
11858.93689  
11869.83985  
11860.66323  
11831.83185  
11790.8792  
11795.65532  
11853.99071  
11869.19344  
11849.3461  
11863.06431  
11907.88678  
11893.72799  
11838.62298  
11865.81643  
11873.25052  
11926.14465  
11974.7056  
11923.78364  
11823.2958  
11741.43855  
11776.78174  
11746.71737  
11806.04346  
11802.417  
11820.55726  
11898.90472  
11845.56883  
11811.97648  
11757.43661  
11742.47496  
11785.30163  
11859.38346  
11889.61815  
11867.71382  
11825.55239  
11767.42943  
11779.71287  
11796.7068  
11791.30599  
11836.78429  
11833.49942  
11798.11938  
11831.31115  
11791.28333  
11838.97141  
11859.61886  
11866.72992  
11886.03857  
11861.23222  
11831.08062  
11774.5658  
11792.84692  
11863.60887  
11910.62276  
11947.62199  
11913.48535  
11875.4576  
11864.44884  
11817.62166  
11824.7304  
11903.37406  
11973.40471  
11899.08492  
11745.67641  
11703.4364  
11655.90129  
11696.52206  
11738.65576  
11750.81751  
11861.38252  
11812.78307  
11753.51978  
11787.46354  
11832.07527  
11828.41774  
11847.75818  
11822.03606  
11911.52457  
11831.39986  
11827.06912  
11856.74404  
11867.65882  
11843.08215  
11881.49498  
11933.13695  
11952.35907  
11863.41438  
11752.5941  
11758.17997  
11788.59394  
11782.40593  
11829.40637  
11901.32938  
11869.99614  
11866.71074  
11849.20387  
11926.22268  
12034.21593  
11999.22338  
11895.04826  
11760.33957  
11704.04552  
11733.01562  
11807.24462  
11802.80669  
11817.2987  
11774.98001  
11750.27095  
11750.74649  
11810.68145  
11811.19292  
11830.51885  
11861.35232  
11900.23664  
11892.4427  
11919.95308  
11921.15227  
11901.52049  
11756.40048  
11770.59105  
11821.85027  
11842.06538  
11830.49604  
11828.51545  
11928.61157  
11947.05027  
11997.21932  
11860.6206  
11888.09689  
11804.10368  
11832.26043  
11799.85294  
11890.67605  
11846.8372  
11833.35062  
11782.06152  
11784.35457  
11704.28555  
11717.71987  
11792.53666  
11899.56885  
