11604.13807  
11613.54249  
11570.16535  
11577.029  
11578.9308  
11577.66811  
11590.82286  
11599.71231  
11598.37829  
11639.53667  
11648.49868  
11626.85205  
11612.67216  
11615.17428  
11666.02341  
11700.94305  
11647.48842  
11620.26518  
11572.35747  
11614.66555  
11631.08631  
11584.8411  
11613.63347  
11561.68181  
11548.82373  
11549.31687  
11518.42641  
11521.94765  
11527.96751  
11543.21224  
11561.26735  
11582.66143  
11585.13643  
11593.91247  
11605.4267  
11591.4159  
11628.12844  
11642.44059  
11636.54671  
11642.32118  
11641.54784  
11608.79826  
11575.57631  
11615.16558  
11559.01699  
11628.2976  
11613.59895  
11635.77732  
11630.38641  
11675.14025  
11649.46099  
11649.54451  
11618.40768  
11632.16851  
11589.30468  
11606.64994  
11589.95882  
11651.7475  
11635.99831  
11573.6281  
11541.16256  
11558.39506  
11647.54582  
11628.3728  
11609.36181  
11554.58524  
11620.57127  
11618.14671  
11608.19319  
11598.98991  
11579.40199  
11593.66037  
11605.49079  
11601.13879  
11580.2342  
11577.90443  
11579.81945  
11602.97963  
11601.85333  
11631.17319  
11634.05018  
11586.23815  
11551.87681  
11594.41729  
11634.72898  
11604.71545  
11675.3097  
11589.1148  
11575.7631  
11625.38772  
11555.84472  
11587.5711  
11589.60475  
11571.54443  
11635.86244  
11614.05997  
11521.13852  
11525.6929  
11524.31926  
11561.2498  
11561.78962  
11599.86315  
11577.40238  
11601.77697  
11619.42557  
11640.34394  
11630.19182  
11627.23102  
11620.93678  
11627.28018  
11635.11854  
11631.51062  
11641.48243  
11637.79782  
11629.35552  
11560.69237  
11580.09978  
11536.84701  
11593.32998  
11572.77486  
11605.66715  
11590.55167  
11626.78872  
11644.41845  
11610.12905  
11593.40585  
11612.2073  
11644.55321  
11648.42404  
11597.40935  
11581.05139  
11559.95867  
11627.87026  
11640.75484  
11669.20417  
11606.43687  
11590.64892  
11556.9618  
11566.88306  
11590.92216  
11562.19967  
11655.84608  
11595.93895  
11508.68402  
11585.24953  
11534.45314  
11634.62936  
11654.04211  
11590.36244  
11652.29168  
11617.9685  
11611.7027  
11658.36395  
11608.8223  
11560.85822  
11528.97421  
11569.40224  
11596.25643  
11590.35022  
11604.94054  
11606.86239  
11538.9023  
11610.35659  
11582.71536  
11615.77133  
11634.38475  
11646.79925  
11634.91046  
11614.13308  
11637.38473  
11601.16789  
11574.14007  
11571.37961  
11560.20337  
11577.82978  
11653.15546  
11585.26315  
11604.02183  
11540.06026  
11595.17091  
11550.45563  
11628.96458  
11622.90614  
11615.96568  
11665.12179  
11635.2944  
11580.90859  
11603.62278  
11648.2303  
11619.41674  
11606.25344  
11589.1702  
11569.11119  
11565.08409  
11595.22811  
11580.01912  
11622.75446  
11615.14741  
11598.3082  
11558.0106  
11590.74817  
11617.88285  
11653.69598  
11632.1046  
11653.38677  
11619.92887  
11612.93781  
11574.25035  
11559.58813  
11564.68242  
11623.5924  
11576.18411  
11617.44772  
11612.97304  
11557.27108  
11533.37244  
11578.12448  
11576.83818  
11612.9565  
11580.25687  
11636.14784  
11659.19674  
11646.80149  
11659.14502  
11599.40403  
11634.23451  
11628.6953  
11617.66931  
11634.29594  
11577.10821  
11574.58675  
11567.67621  
11604.5471  
11549.99055  
11503.25399  
11559.17402  
11581.8905  
11611.98198  
11605.08306  
11604.6534  
11572.71425  
11584.92644  
11609.39733  
11586.61102  
11554.84928  
11611.38297  
11624.87465  
11639.82048  
11669.7672  
11636.1944  
11653.34003  
11622.95048  
11579.95054  
11641.74586  
11647.28986  
11649.56955  
11626.04662  
11595.21838  
11551.60915  
11562.8464  
11551.81202  
11573.5607  
11595.86252  
11651.63487  
11621.24911  
11571.54048  
11609.40365  
11619.32925  
11594.57385  
11614.07994  
11619.09244  
11686.68456  
11665.80813  
11580.24873  
11579.69411  
11556.81416  
11578.11486  
11566.21156  
11600.47791  
11611.2581  
11683.01613  
11635.94028  
11607.10338  
11597.62728  
11568.55326  
11535.1263  
11586.69921  
11561.6137  
11591.58917  
11633.12221  
11597.31516  
11597.90329  
11640.09127  
11601.27823  
11588.14885  
11595.85288  
11638.63961  
11639.37926  
11638.67763  
11630.48799  
11666.79826  
11632.0104  
11616.25303  
11577.53827  
11553.91985  
11621.75275  
11589.98806  
11590.47194  
11545.79311  
11644.10226  
11601.83728  
11603.8052  
11574.53144  
11553.74807  
11581.65803  
11556.42368  
11616.89605  
11667.68741  
11569.26604  
11597.2363  
11587.80485  
11590.38401  
11645.92923  
11648.14856  
11693.96606  
11637.69054  
11581.41957  
11580.1685  
11534.98919  
11557.03778  
11573.6433  
11580.31715  
11588.1353  
11618.37098  
11638.67513  
11614.03206  
11656.30647  
11680.55188  
11683.99298  
11632.28446  
11583.45676  
11553.98316  
11555.4279  
11513.14028  
11563.13589  
11557.992  
11510.04117  
11551.27098  
11519.87557  
11548.46813  
11558.05826  
11564.53739  
11613.97986  
11622.63191  
11588.75278  
11679.47152  
11607.33765  
11662.07132  
11612.12923  
11630.71827  
11640.04994  
11604.4276  
11572.52049  
11639.88572  
11659.51494  
11636.92314  
11618.25276  
11609.21254  
11594.83012  
11576.6736  
11652.25035  
11633.05419  
11640.70662  
11606.42583  
11635.77595  
11577.54075  
11577.01726  
11556.19176  
11504.9362  
11536.2967  
11566.46613  
11620.1562  
11651.4789  
11613.56038  
11614.96596  
11579.98548  
11587.89232  
11638.55165  
11686.49048  
11657.47862  
11664.1945  
11653.39641  
11629.35406  
11574.39046  
11592.63231  
11584.79513  
11650.6931  
11552.93533  
11585.62406  
11587.12189  
11616.57599  
11639.24461  
11602.53578  
11605.08643  
11616.46014  
11602.99989  
11639.83108  
11605.04349  
11628.95467  
11651.47532  
11610.53459  
11652.95786  
11589.59606  
11560.79672  
11623.17025  
11622.18132  
11584.299  
11584.47958  
11554.1872  
11555.69814  
11630.98871  
11571.90719  
11575.04388  
11638.73164  
11551.08193  
11556.26592  
11546.87886  
11622.63526  
11632.75473  
11648.25835  
11639.17412  
11582.34045  
11601.51899  
11594.92263  
11611.75403  
11626.0571  
11685.23793  
11636.97371  
11592.5333  
11599.56189  
11591.9517  
11640.19969  
11576.58448  
11594.47153  
11574.02308  
11563.3573  
11577.81805  
11606.46473  
11648.31857  
11664.36716  
11671.16479  
11548.02084  
11512.60957  
11505.36823  
11586.36282  
11612.42397  
11628.10949  
11562.97768  
11594.77888  
11562.87832  
11626.45669  
11668.73709  
11690.22913  
11740.8849  
11669.82185  
11633.5025  
11599.08208  
11576.70295  
11600.26687  
11598.23098  
11609.21532  
11575.21812  
11643.87186  
11567.46842  
11541.58932  
11569.80332  
11574.16671  
11557.96402  
11573.85357  
11571.58286  
11586.62717  
11615.23327  
11667.85884  
11652.43512  
11607.58375  
11530.51659  
11595.7816  
11581.44281  
11568.90884  
11610.54055  
11625.55311  
11623.84561  
11569.28333  
11564.30909  
11586.28104  
11570.37041  
11580.21845  
11581.04878  
11602.33334  
11618.66021  
11609.08748  
11550.78492  
11512.77191  
11496.2371  
11527.78038  
11558.46681  
11592.24731  
11578.01996  
11584.73713  
11632.82697  
11629.2515  
11651.90428  
11617.21185  
11627.05535  
11633.22654  
11609.86958  
11606.41751  
11610.66746  
11669.82777  
11642.32153  
11687.55437  
11689.63823  
11637.30097  
11630.2347  
11600.60947  
11583.3619  
11663.89718  
11672.24652  
11679.71867  
11682.94188  
11631.7393  
11588.53451  
11595.19912  
11561.34388  
11579.85148  
11576.95487  
11560.80201  
11624.00641  
11559.64073  
11486.49921  
11482.02974  
11471.15278  
11456.56842  
11522.65693  
11542.1652  
11576.33778  
11631.86004  
11671.10208  
11617.32897  
11596.26539  
11588.08412  
11622.74456  
11651.50971  
11651.87636  
11724.50269  
11692.44237  
11721.25481  
11617.29904  
11598.05552  
11628.07042  
11627.93912  
11669.31229  
11632.62218  
11626.98853  
11610.62456  
11598.76576  
11578.58627  
11616.36994  
11660.57699  
11610.99784  
11574.36288  
11543.94614  
11549.7353  
11541.23897  
11615.82852  
11653.25892  
11587.50098  
11593.42577  
11589.57522  
11576.11318  
11628.31771  
11622.26476  
11609.77796  
11624.25498  
11591.06891  
11607.72941  
11582.37044  
11588.37181  
11569.13614  
11616.03815  
11664.87356  
11660.02946  
11624.14712  
11637.96028  
11602.95414  
11560.15071  
11522.80795  
11548.24441  
11569.01189  
11545.81453  
11600.88019  
11597.08105  
11598.88558  
11611.48722  
11585.0293  
11556.45077  
11635.58275  
11643.962  
11605.04234  
11604.52401  
11582.73665  
11595.83606  
11615.59004  
11612.20586  
11620.99706  
11600.15625  
11632.51782  
11689.29556  
11661.38533  
11613.04798  
11576.04804  
11552.82746  
11561.48762  
11559.47484  
11612.90441  
11611.74447  
11574.66908  
11612.28603  
11571.64441  
11598.73127  
11554.71327  
11606.14125  
11591.89169  
11642.10447  
11605.28073  
11611.70278  
11562.10877  
11582.10962  
11582.20001  
11637.69559  
11647.35003  
11682.06726  
11679.23012  
11609.04824  
11635.29301  
11635.82845  
11572.10412  
11578.02694  
11589.52649  
11558.38929  
11547.25123  
11581.55778  
11526.71137  
11592.56549  
11580.86787  
11581.10697  
11590.33392  
11593.4346  
11583.60013  
11623.09373  
11567.51665  
11618.52535  
11598.03757  
11613.94322  
11603.66186  
11617.06582  
11589.52269  
11616.55741  
11653.53259  
11603.21596  
11616.06264  
11665.03397  
11659.62893  
11671.19348  
11635.94057  
11612.70911  
11657.68461  
11623.66073  
11632.08381  
11659.09874  
11667.8531  
11604.35808  
11632.18105  
11568.96996  
11592.64216  
11631.45799  
11578.88827  
11477.32151  
11486.11027  
11537.09631  
11537.40259  
11534.19025  
11513.35383  
11558.78942  
11602.1101  
11634.89401  
11656.6496  
11592.27211  
11618.42974  
11578.1832  
11614.69682  
11620.19177  
11608.8269  
11622.39567  
11633.10621  
11613.83876  
11625.60658  
11607.34394  
11627.72074  
11562.44393  
11588.12372  
11641.06801  
11615.10673  
11633.97153  
11629.51812  
11544.48404  
11571.93222  
11578.39065  
11630.92284  
11626.60065  
11624.25214  
11591.02307  
11657.14664  
11665.88064  
11605.09877  
11559.63174  
11607.76777  
11597.57302  
11576.08078  
11595.98146  
11610.46986  
11608.44818  
11606.00419  
11631.80238  
11568.97021  
11573.66834  
11610.4175  
11650.72461  
11617.14869  
11549.28599  
11567.60458  
11594.45401  
11531.13523  
11549.36664  
11630.95785  
11687.87437  
11636.61001  
11635.08203  
11611.66988  
11625.17469  
11604.93198  
11582.57646  
11602.26374  
11612.41773  
11611.71287  
11599.90667  
11619.60052  
11603.11439  
11603.73496  
11600.19571  
11654.44144  
11624.30589  
11621.13725  
11622.20133  
11578.87253  
11603.62969  
11557.66676  
11623.24871  
11541.02424  
11588.7011  
11605.40838  
11644.51421  
11638.53222  
11619.28599  
11703.24964  
11672.29949  
11691.5848  
11600.3554  
11563.25334  
11572.28624  
11595.9317  
11630.00005  
11634.76797  
11554.66788  
11586.6117  
11592.67851  
11584.88718  
11650.92068  
11631.78455  
11531.02135  
11551.13253  
11585.99168  
11614.47399  
11631.23086  
11670.23499  
11628.98513  
11601.9028  
11677.64038  
11623.95286  
11604.211  
11586.32188  
11506.29418  
11538.9828  
11560.81897  
11575.68427  
11596.96845  
11619.12357  
11580.29141  
11674.11061  
11610.79703  
11590.38494  
11613.50027  
11639.8843  
11637.00537  
11628.44501  
11644.12693  
11633.91333  
11630.96837  
11579.16475  
11640.26888  
11582.82198  
11619.5817  
11565.93252  
11666.41198  
11714.30241  
11710.62636  
11621.311  
11551.24363  
11496.40318  
11603.83935  
11597.61055  
11557.66565  
11669.01349  
11607.52915  
11532.1621  
11443.01378  
11483.33738  
11529.69269  
11507.93606  
11484.87952  
11543.03498  
11601.76113  
11592.06912  
11549.49492  
11560.09874  
11676.36877  
11667.90351  
11713.97252  
11688.48507  
11661.38591  
11652.05916  
11585.04965  
11684.41703  
11646.54748  
11614.76025  
11592.10792  
11547.5378  
11533.53683  
11552.41963  
11584.01284  
11577.34012  
11591.43545  
11628.38741  
11600.75738  
11662.43431  
11644.90665  
11601.95416  
11627.64415  
11635.22883  
11666.7607  
11648.4837  
11620.23014  
11581.11328  
11507.94073  
11554.90293  
11598.05313  
11566.51184  
11591.72269  
11598.80608  
11578.65537  
11600.11853  
11644.74887  
11680.23413  
11667.31538  
11651.06513  
11683.81349  
11702.68274  
11673.63698  
11578.99592  
11567.25479  
11581.41192  
11601.46948  
11581.14768  
11644.81306  
11584.8483  
11584.20624  
11618.76254  
11592.10734  
11593.01188  
11570.37516  
11606.74534  
11597.30722  
11607.33725  
11609.71691  
11655.95943  
11653.27131  
11602.43567  
11607.01879  
11613.78245  
11599.99682  
11615.54508  
11592.76608  
11634.21965  
11611.67851  
11611.68161  
11660.41187  
11652.64096  
11625.99986  
11555.62223  
11551.23946  
11577.19198  
11596.95099  
11554.12386  
11570.24412  
11616.58001  
11554.10481  
11533.84789  
11585.36066  
11602.37607  
11616.45166  
11593.9956  
11610.93404  
11494.85456  
11553.93097  
11570.11384  
11592.8436  
11624.96778  
11614.40388  
11592.63905  
11626.5009  
11659.97147  
11648.13126  
11640.10124  
11743.18972  
11719.06878  
11632.04104  
11622.12491  
11639.75274  
11587.60728  
11585.4176  
11550.68619  
11480.56391  
11414.11708  
11399.66037  
11462.81789  
11477.8241  
11518.73479  
11535.96078  
11582.18822  
11616.63288  
11594.38587  
11670.33722  
11651.15949  
11702.8123  
11705.24572  
11642.53764  
11641.53244  
11602.81256  
11625.59515  
11608.00491  
11683.18861  
11651.41335  
11665.58391  
11686.51889  
11614.81494  
11614.70581  
11606.69338  
11636.77189  
11685.52647  
11623.73222  
11587.71002  
11596.57518  
11580.14101  
11523.77524  
11560.33016  
11553.36959  
11566.37802  
11518.81023  
11544.35974  
11574.97775  
11603.81813  
11588.85646  
11589.94017  
11634.81779  
11645.73529  
11668.34624  
11650.06017  
11554.48454  
11621.70801  
11598.03841  
11683.61824  
11641.69394  
11649.3223  
11633.32277  
11635.95092  
11536.2125  
11577.65278  
11612.35599  
11580.75681  
11600.14318  
11609.09096  
11640.94041  
11596.80501  
11572.27128  
11566.58373  
11600.85995  
11587.50636  
11625.00616  
11686.60228  
11621.68576  
11602.24126  
11576.42986  
11549.93548  
11539.49638  
11547.67202  
11620.95074  
11584.26664  
11658.61389  
11648.83702  
11618.43353  
11603.44683  
11657.78926  
11611.09976  
11644.40482  
11594.59536  
11616.47251  
11582.13875  
11570.35324  
11558.49117  
11586.33977  
11611.0407  
11593.54389  
11601.79478  
11652.75493  
11551.85973  
11646.4564  
11643.56017  
11672.73034  
11672.88343  
11636.69572  
11606.18134  
11630.28057  
11625.57709  
11634.83842  
11628.73382  
11590.89661  
11603.86867  
11573.47729  
11615.68434  
11542.28208  
11569.58687  
11603.74793  
11595.32104  
11528.03755  
11603.82429  
11662.9822  
11637.40369  
11601.26899  
11601.88398  
11619.57675  
11538.44342  
11657.33505  
11639.72807  
11557.47586  
11546.73751  
11488.2928  
11522.39011  
11531.62262  
11543.39453  
11594.21197  
11551.68405  
11540.30349  
11538.92953  
11599.59809  
11612.02655  
11666.61404  
11659.85852  
11610.86488  
11593.97318  
11594.28352  
11587.61142  
11576.05707  
11604.51206  
11625.26019  
11641.96717  
11685.85163  
11661.05101  
11618.42599  
11614.07637  
11501.16063  
11586.18227  
11603.47522  
11588.09747  
11637.19786  
11608.56344  
11609.69597  
11578.25499  
11652.43141  
11671.56764  
11708.07639  
11707.0341  
11618.68316  
11631.05891  
11618.97126  
11614.37774  
11573.78101  
11588.1833  
11546.13103  
11575.50271  
11572.23357  
11575.49482  
11553.43767  
11573.80514  
11557.21122  
11552.20182  
11498.64645  
11562.87326  
11618.6154  
11651.32831  
11658.80193  
11623.80315  
11561.30447  
11598.47007  
11533.59558  
11563.69033  
11595.49872  
11682.73478  
11690.72318  
11614.10792  
11566.33769  
11607.2469  
11575.08849  
11630.81135  
11606.06217  
11548.42098  
11592.0089  
11645.99461  
11624.487  
11606.55921  
11555.51554  
11614.20015  
11610.9083  
11634.51148  
11642.39856  
11630.03013  
11591.06989  
11590.38392  
11570.54222  
11576.01862  
11606.12167  
11590.6936  
11624.07995  
11652.342  
11625.90894  
11614.34049  
11615.06856  
11605.46509  
11538.04435  
11554.05757  
11640.98909  
11671.75603  
11655.56155  
11646.16628  
11555.95133  
11580.72121  
11559.35524  
11594.81366  
11619.28927  
11617.36762  
11630.8804  
11659.88466  
11607.20776  
11629.92654  
11553.11206  
11595.5197  
11587.3465  
11629.92692  
11672.33696  
11645.9355  
11619.3144  
11566.14302  
11598.29409  
11579.40623  
11554.52132  
11569.24714  
11586.00049  
11578.29149  
11601.81788  
11603.2867  
11581.17233  
11576.59666  
11582.13103  
11601.34892  
11644.48299  
11697.28117  
11673.90051  
11642.52421  
11580.09795  
11601.76977  
11509.19893  
11534.13385  
11533.69054  
11574.61874  
11622.92117  
11627.77572  
11626.45489  
11617.38386  
11557.08722  
11609.57091  
11665.95415  
11605.08857  
11577.39818  
11633.34012  
11643.92233  
11629.91667  
11593.3382  
11611.30394  
11598.33978  
11634.23792  
11612.40098  
11598.28565  
11668.89548  
11662.41279  
11639.73648  
11644.44381  
11600.03554  
11601.37812  
11538.22449  
11602.27241  
11621.45588  
11611.60409  
11518.75684  
11520.64507  
11564.72264  
11588.69671  
11597.66958  
11644.46849  
11555.11204  
11584.61061  
11519.84529  
11598.37876  
11605.78273  
11581.24944  
11595.91063  
11558.55839  
11539.69197  
11570.57107  
11525.98653  
11560.98767  
11609.14439  
11591.55125  
11620.82836  
11630.20288  
11628.91076  
11665.91979  
11631.59299  
11587.21723  
11627.09968  
11587.83694  
11595.83687  
11610.61784  
11620.26428  
11645.60372  
11595.50848  
11645.14394  
11595.90902  
11607.72509  
11595.11998  
11579.20936  
11586.28784  
11607.20323  
11656.76755  
11690.22348  
11642.31333  
11573.36545  
11616.06787  
11590.68098  
11586.35086  
11626.64746  
11623.19485  
11629.25348  
11647.71572  
11577.79935  
11580.64957  
11522.62668  
11563.22733  
11524.75002  
11522.97194  
11574.13861  
11558.32367  
11624.07755  
11662.97833  
11616.70317  
11598.81989  
11577.93477  
11583.53433  
11613.066  
11580.31515  
11648.03709  
11662.24562  
11718.33201  
11723.3221  
11687.53609  
11596.5565  
11548.19118  
11505.69296  
11527.09397  
11532.05007  
11564.6136  
11636.34279  
11653.88142  
11637.38919  
11662.1204  
11591.54131  
11637.07404  
11569.87935  
11561.86858  
11577.22593  
11571.86982  
11563.3461  
11633.32703  
11680.8124  
11663.00336  
11656.60443  
11599.33799  
11575.51763  
11641.29063  
11640.99384  
11620.25538  
11681.43131  
11650.33315  
11595.88073  
11562.32583  
11661.41454  
11620.50188  
11584.8461  
11598.12181  
11628.10651  
11511.39332  
11550.81539  
11606.82652  
11593.01756  
11548.74538  
11619.93069  
11593.9261  
11636.90154  
11572.40371  
11590.33803  
11548.75993  
11511.8812  
11562.02166  
11559.93854  
11665.37133  
11614.03598  
11598.55666  
11628.85641  
11658.58652  
11599.12284  
11591.36163  
11610.1039  
11606.35478  
11591.02889  
11611.73804  
11588.84078  
11602.62437  
11669.91811  
11691.07704  
11690.60363  
11690.96727  
11590.57661  
11564.40453  
11508.0019  
11500.01254  
11539.18251  
11577.87759  
11526.37138  
11596.98567  
11584.4619  
11581.85512  
11602.19562  
11577.60668  
11595.34586  
11624.79077  
11680.68952  
11637.56847  
11589.49391  
11584.27727  
11637.06343  
11606.64959  
11594.18966  
11587.35803  
11659.22157  
11615.48  
11633.4496  
11664.68335  
11634.20901  
11653.85017  
11633.98928  
11656.50069  
11634.20424  
11622.44485  
11607.61993  
11541.45485  
11531.71333  
11520.69224  
11477.04833  
11491.61485  
11498.48528  
11562.71054  
11622.85541  
11639.71456  
11634.84898  
11608.47597  
11697.25591  
11674.98886  
11741.99873  
11696.12933  
11650.40932  
11616.02533  
11566.4135  
11593.18643  
11585.52318  
11619.83837  
11591.39351  
11578.6347  
11628.21719  
11595.50515  
11582.24017  
11616.44514  
11630.66492  
11624.65691  
11596.38957  
11562.06401  
11615.111  
11643.92574  
11656.92052  
11610.04937  
11639.61887  
11612.10975  
11592.20088  
11670.46235  
11569.6114  
11570.03758  
11530.032  
11562.0871  
11550.97792  
11568.67398  
11600.84792  
11634.67812  
11637.02583  
11583.69545  
11587.00254  
11590.13106  
11597.18183  
11635.809  
11585.12423  
11548.82428  
11539.72639  
11569.60022  
11615.44985  
11568.02263  
11603.78183  
11582.69299  
11650.97217  
11631.76094  
11648.87092  
11663.50967  
11642.56951  
11594.01028  
11605.01515  
11576.05711  
11556.51355  
11559.33694  
11686.92969  
11630.49509  
11578.41287  
11599.75341  
11577.7609  
11584.75556  
11638.28394  
11610.08486  
11573.46168  
11576.98477  
11551.66973  
11550.16095  
11539.03078  
11565.68599  
11645.57116  
11628.78223  
11647.94963  
11674.51635  
11549.97718  
11614.76046  
11571.60852  
11579.73885  
11615.29835  
11653.13676  
11615.70099  
11556.23947  
11588.22516  
11580.6912  
11654.62797  
11636.62178  
11695.74376  
11651.12356  
11609.88508  
11561.62407  
11560.84207  
11585.07659  
11614.59929  
11564.19506  
11563.17546  
11551.97337  
11590.11613  
11562.22897  
11565.93354  
11580.60831  
11578.26388  
11610.55176  
11634.96151  
11586.98232  
11607.81065  
11591.99306  
11663.64319  
11654.77561  
11651.30525  
11652.78102  
11576.12305  
11623.52806  
11637.7018  
11647.36572  
11640.99992  
11604.38327  
11572.55663  
11597.35835  
11617.27267  
11656.22252  
11584.25745  
11630.37882  
11514.80124  
11550.82463  
11538.6342  
11667.97958  
11652.34048  
11691.6046  
11567.45443  
11512.62491  
11524.73841  
11518.92036  
11605.79971  
11620.82218  
11674.58746  
11650.17992  
11633.14484  
11621.91025  
11644.68857  
11647.96661  
11609.4539  
11660.0567  
11567.11381  
11578.25769  
11556.05606  
11573.89548  
11671.82584  
11619.84135  
11616.0076  
11610.33817  
11586.92076  
11551.96645  
11550.47173  
11564.9325  
11648.82646  
11645.30233  
11625.35112  
11570.67026  
11529.38965  
11536.32172  
11574.3017  
11624.12624  
11616.0527  
11668.86022  
11704.32508  
11620.51839  
11632.92165  
11610.82633  
11607.2169  
11606.73766  
11596.92617  
11644.81616  
11637.85808  
11658.80167  
11592.46307  
11582.32413  
11565.13501  
11572.29191  
11536.56702  
11580.58245  
11595.5642  
11597.0723  
11614.26144  
11556.21257  
11634.17548  
11624.23964  
11621.17987  
11590.9246  
11622.20936  
11568.18117  
11562.43955  
11623.46751  
11653.0446  
11648.63894  
11623.11384  
11606.22937  
11612.48168  
11587.58116  
11581.2493  
11605.89693  
11630.99332  
11601.32383  
11591.70109  
11595.33663  
11598.8038  
11624.27879  
11599.82344  
11602.82898  
11590.47585  
11558.64164  
11507.37954  
11585.54696  
11656.95497  
11628.71726  
11615.52939  
11613.9825  
11590.60739  
11640.09702  
11598.53903  
11601.2785  
11558.30695  
11561.92118  
11516.80455  
11521.9933  
11595.47945  
11607.71908  
11670.25338  
11635.99328  
11659.65203  
11661.54609  
11607.32905  
11555.19947  
11600.85221  
11632.71681  
11603.42677  
11598.11743  
11590.05584  
11653.06392  
11613.86616  
11578.51946  
11537.71251  
11573.62498  
11551.38332  
11506.56299  
11635.59564  
11609.77147  
11612.98252  
11650.69852  
11606.07691  
11598.18355  
11563.66209  
11597.03566  
11625.15836  
11616.68703  
11606.97015  
11603.3015  
11674.08687  
11703.40506  
11711.70051  
11685.47207  
11542.55471  
11582.50177  
11596.81885  
11564.7905  
11625.80841  
11651.147  
11634.00047  
11631.89921  
11557.41361  
11564.44322  
11631.18458  
11576.9768  
11551.0988  
11603.01571  
11620.82547  
11556.89162  
11617.07325  
11593.63061  
11624.46622  
11597.26954  
11542.42163  
11586.05355  
11564.03383  
11616.40039  
11672.83806  
11693.47999  
11638.77086  
11636.60577  
11584.19568  
11553.3632  
11588.7559  
11585.0589  
11597.19763  
11570.806  
11587.09063  
11569.42841  
11561.38991  
11542.67945  
11563.09053  
11621.19039  
11648.87557  
11638.09358  
11665.96926  
11624.19061  
11648.09277  
11613.28788  
11702.44268  
11670.4089  
11615.59056  
11580.63798  
11558.13953  
11589.98973  
11566.57634  
11626.66756  
11639.60381  
11631.87859  
11580.62528  
11566.68206  
11600.34598  
11627.66958  
11628.53418  
11558.54178  
11613.69117  
11615.57806  
11548.51343  
11512.63088  
11612.85941  
11605.95326  
11537.8633  
11460.58834  
11536.55889  
11528.83049  
11482.80455  
11562.98233  
11648.26722  
11650.39198  
11653.58842  
11605.48237  
11583.9899  
11584.76824  
11596.17933  
11584.38598  
11608.78527  
11640.71881  
11598.269  
11583.63546  
11611.17346  
11632.85149  
11607.28086  
11662.64577  
11683.77261  
11672.48003  
11673.26444  
11641.43244  
11651.84524  
11611.68945  
11541.47813  
11589.85563  
11585.82049  
11565.65571  
11611.68031  
11607.51871  
11581.74609  
11587.15147  
11634.79383  
11638.41702  
11679.3978  
11640.13011  
11568.24907  
11621.23589  
11597.76055  
11556.92134  
11543.18713  
11543.1138  
11531.90469  
11602.16802  
11623.17745  
11670.74932  
11608.66173  
11603.24152  
11626.3738  
11623.13947  
11561.89995  
11623.14508  
11678.44345  
11673.96378  
11684.81513  
11610.28454  
11652.56373  
11627.34572  
11631.04859  
11603.71113  
11609.26654  
11572.71187  
11592.16406  
11526.1796  
11541.1029  
11571.31186  
11608.30637  
11577.61254  
11639.42052  
11568.78198  
11547.56182  
11520.26976  
11550.17796  
11555.41072  
11554.73348  
11633.89761  
11692.98775  
11636.41272  
11616.26839  
11614.38964  
11580.4012  
11595.67362  
11612.96418  
11647.08324  
11644.73883  
11613.56831  
11595.99359  
11599.75357  
11581.4646  
11580.04805  
11553.93344  
11526.77214  
11539.1367  
11558.37326  
11615.77643  
11609.6035  
11611.38188  
11613.63158  
11562.04756  
11645.49213  
11600.68271  
11612.41824  
11672.13721  
11621.88657  
11577.61881  
11598.10164  
11584.93289  
11625.93637  
11641.75461  
11655.42144  
11644.76683  
11649.81475  
11554.07701  
11567.0499  
11561.00198  
11547.98411  
11579.45328  
11583.48331  
11593.70565  
11658.88007  
11618.28322  
11621.93912  
11650.0246  
11628.51223  
11627.9826  
11633.31859  
11645.315  
11663.71305  
11652.77095  
11572.12915  
11552.9681  
11559.9677  
11568.42926  
11579.16945  
11635.19104  
11609.14817  
11544.33418  
11585.47338  
11576.47454  
11626.39234  
11694.07439  
11646.32909  
11622.02283  
11627.81303  
11567.69895  
11601.46283  
11593.8983  
11605.6846  
11651.8115  
11626.28997  
11691.83899  
11665.88056  
11644.25464  
11573.94844  
11559.84329  
11573.48083  
11575.00893  
11502.17002  
11596.98514  
11628.63162  
11681.21636  
11665.4924  
11623.71845  
11596.39005  
11575.86025  
11550.50775  
11611.47703  
11632.74755  
11623.37404  
11633.36703  
11613.15901  
11620.59776  
11649.10722  
11613.51754  
11617.85279  
11662.24662  
11678.20609  
11681.98559  
11581.03287  
11579.35233  
11558.63235  
11520.3653  
11546.07434  
11520.67891  
11435.82112  
11463.473  
11461.9074  
11506.61155  
11571.69923  
11621.91276  
11630.81309  
11623.44603  
11573.36836  
11562.56731  
11556.76532  
11618.56147  
11604.01932  
11696.8608  
11642.40308  
11711.93512  
11722.94824  
11697.14386  
11705.48181  
11661.06729  
11693.55184  
11626.30183  
11620.52429  
11599.74699  
11598.62322  
11605.08971  
11607.32413  
11630.90206  
11604.44614  
11583.86072  
11555.82477  
11606.52082  
11614.3106  
11566.60762  
11544.82372  
11546.11755  
11483.51907  
11578.59798  
11582.91921  
11612.10173  
11590.17752  
11578.38842  
11606.11539  
11640.76522  
11657.42849  
11618.23581  
11621.98707  
11605.22607  
11584.10727  
11595.12787  
11563.53744  
11617.39266  
11607.57967  
11645.85213  
11674.12516  
11656.91232  
11617.32529  
11605.47825  
11596.11811  
11593.33167  
11629.36696  
11651.71515  
11635.35831  
11639.52631  
11639.99445  
11638.79438  
11556.97638  
11613.63175  
11543.95471  
11542.63014  
11578.58838  
11632.81966  
11613.21155  
11622.67416  
11586.18208  
11555.7419  
11527.90658  
11535.06333  
11602.58545  
11612.18096  
11601.16277  
11616.31594  
11643.45842  
11587.09608  
11576.04762  
11509.04611  
11574.73576  
11593.01445  
11636.71929  
11636.13491  
11607.43871  
11622.40664  
11623.08713  
11640.44464  
11631.95256  
11598.50358  
11650.89447  
11606.70001  
11620.60699  
11647.66391  
11614.76081  
11546.79892  
11533.01096  
11518.62579  
11537.97625  
11533.25518  
11491.6849  
11534.29431  
11529.18287  
11553.00543  
11559.15659  
11564.45889  
11571.17775  
11654.03264  
11670.64668  
11677.21483  
11642.8615  
11703.77155  
11642.12931  
11652.83702  
11595.91247  
11570.38235  
11603.33369  
11585.97004  
11582.51672  
11645.35512  
11662.21609  
11639.99433  
11649.72262  
11628.36718  
11591.42036  
11631.07242  
11656.53557  
11679.81874  
11644.38472  
11626.75681  
11626.01082  
11603.75223  
11521.65982  
11541.86269  
11635.11217  
11653.55596  
11608.33223  
11543.97786  
11598.09109  
11547.16986  
11558.33809  
11577.68778  
11642.45129  
11617.69261  
11609.69971  
11596.59495  
11604.66465  
11581.68125  
11609.39151  
11624.16427  
11593.43316  
11532.96581  
11578.98354  
11547.81108  
11612.50537  
11576.6971  
11591.47864  
11662.15532  
11694.83278  
11661.47248  
11581.10576  
11574.78706  
11558.59101  
11605.24424  
11591.32382  
11627.31343  
11617.19532  
11613.39042  
11597.96708  
11564.66622  
11553.81152  
11560.11498  
11571.3894  
11612.65894  
11662.78393  
11623.83842  
11623.17097  
11652.17974  
11592.35075  
11601.92622  
11573.80711  
11603.58384  
11608.24127  
11593.22  
11619.55872  
11562.62435  
11639.6083  
11646.36684  
11615.85416  
11595.18185  
11589.93876  
11531.20123  
11567.14047  
11576.21108  
11633.95002  
11649.69553  
11682.0338  
11674.96689  
11624.29298  
11625.82832  
11597.8286  
11560.33244  
11561.68881  
11613.66458  
11580.60773  
11598.61343  
11573.86067  
11590.24583  
11630.47814  
11580.3325  
11612.06792  
11597.34443  
11621.90706  
11613.82577  
11588.36237  
11552.05543  
11567.41316  
11566.2761  
11592.6309  
11625.06813  
11611.78363  
11607.08114  
11592.13369  
11591.30114  
11650.61252  
11678.37977  
11592.21951  
11600.26354  
11571.8472  
11588.76005  
11634.73575  
11645.07566  
11675.65031  
11619.53035  
11652.3206  
11613.2745  
11627.11284  
11603.87283  
11596.29849  
11637.53821  
11603.93233  
11582.10669  
11594.60499  
11603.91006  
11561.11569  
11581.29401  
11589.68572  
11611.49294  
11593.91709  
11603.88543  
11625.76134  
11578.33712  
11668.462  
11645.53166  
11671.24694  
11665.85777  
11564.9816  
11532.99656  
11526.50758  
11580.7844  
11603.46509  
11623.45007  
11610.07577  
11523.84938  
11561.57054  
11581.35758  
11604.90846  
11611.2142  
11642.55246  
11672.27707  
11586.33365  
11603.27715  
11604.48894  
11533.11217  
11576.4681  
11564.4486  
11660.48557  
11659.18333  
11646.326  
11610.65806  
11598.90847  
11590.53689  
11559.56648  
11606.48129  
11588.74028  
11588.38488  
11595.61505  
11640.3255  
11601.05315  
11636.699  
11588.30796  
11635.60129  
11583.85934  
11640.25257  
11659.45111  
11692.67462  
11697.6483  
11630.0084  
11627.15961  
11612.26227  
11558.2384  
11631.06033  
11627.28774  
11634.49511  
11603.90067  
11568.73126  
11582.05412  
11530.06579  
11605.06029  
11559.39045  
11627.15312  
11637.49797  
11634.70127  
11587.07696  
11609.46775  
11531.30849  
11615.3269  
11564.23728  
11651.25058  
11637.09289  
11623.35685  
11632.08385  
11580.67002  
11578.68737  
11593.68733  
11597.21262  
11597.43014  
11546.29781  
11612.21528  
11634.01235  
11602.35714  
11624.6958  
11547.26468  
11565.72035  
11565.85974  
11637.99938  
11716.85621  
11662.41267  
11677.34502  
11665.28223  
11650.74514  
11663.13241  
11675.93039  
11650.87955  
11648.37599  
11569.50636  
11571.45367  
11549.82318  
11599.34764  
11580.28495  
11571.55622  
11694.62266  
11613.49309  
11638.07091  
11600.29277  
11562.78021  
11458.6564  
11406.78022  
11421.56692  
11427.26545  
11530.32354  
11553.62643  
11516.18151  
11524.96854  
11508.28792  
11590.04478  
11634.717  
11666.38783  
11675.38966  
11666.5916  
11695.35172  
11671.72705  
11645.0726  
11655.25307  
11674.75821  
11669.88956  
11654.13968  
11557.46324  
11581.04082  
11556.58784  
11498.55304  
11517.4311  
11555.64718  
11574.60242  
11619.3554  
11649.19389  
11611.35243  
11593.45872  
11647.95708  
11600.4953  
11669.11039  
11645.27239  
11693.31695  
11653.62866  
11600.22483  
11579.26748  
11550.56279  
11591.37451  
11630.5809  
11641.60009  
11619.4091  
11610.39373  
11606.80466  
11575.90341  
11607.40429  
11623.97166  
11620.40239  
11617.11827  
11646.88854  
11648.21437  
11619.35769  
11582.43534  
11535.72087  
11643.23659  
11589.30625  
11599.69527  
11569.17375  
11557.54445  
11578.33924  
11606.08227  
11660.90023  
11625.83298  
11596.07473  
11578.24481  
11571.96263  
11534.41189  
11606.6041  
11585.82873  
11584.75655  
11629.46492  
11643.65359  
11640.86048  
11597.22559  
11543.09602  
11508.99583  
11511.83455  
11534.35009  
11567.31791  
11630.8306  
11656.31513  
11634.82911  
11651.83778  
11667.34186  
11643.78649  
11648.8863  
11620.77931  
11629.50672  
11600.04488  
11622.83004  
11621.55507  
11612.87949  
11592.05348  
11603.87976  
11612.47797  
11628.39642  
11590.84547  
11578.2488  
11551.27972  
11518.24974  
11563.08889  
11571.03953  
11614.65007  
11619.09134  
11609.93375  
11616.90163  
11578.8429  
11607.93805  
11581.48627  
11603.43177  
11551.55714  
11535.64159  
11597.52424  
11607.98156  
11567.31688  
11618.93555  
11641.77173  
11663.6914  
11646.9213  
11660.2975  
11627.69358  
11560.53245  
11552.42666  
11599.74707  
11605.4169  
11539.02491  
11553.4009  
11569.3966  
11515.21735  
11589.37705  
11559.40609  
11595.10509  
11661.10825  
11626.1647  
11590.92649  
11595.41095  
11635.17695  
11643.06728  
11695.0606  
11658.00137  
11583.74638  
11569.44956  
11609.34569  
11561.10052  
11604.99093  
11628.31349  
11622.70451  
11604.01393  
11525.33167  
11535.33585  
11567.9458  
11602.37574  
11622.06809  
11606.3058  
11584.73805  
11560.59163  
11588.23135  
11613.29323  
11654.13528  
11578.65191  
11632.85471  
11584.70878  
11599.16454  
11591.88308  
11620.51234  
11560.7281  
11632.88236  
11589.24008  
11587.41135  
11591.80376  
11634.1449  
11563.69546  
11632.93765  
11632.69404  
11629.53036  
11664.43534  
11654.21736  
11658.48422  
11698.44381  
11639.22823  
11583.20186  
11550.77853  
11548.77784  
11541.8866  
11537.29151  
11580.73246  
11585.38134  
11649.47758  
11599.07044  
11596.51205  
11618.48359  
11607.0381  
11633.5939  
11544.7061  
11591.50162  
11573.61319  
11631.35449  
11602.88372  
11583.97215  
11611.06382  
11572.32584  
11617.87153  
11647.01812  
11654.52709  
11652.69331  
11633.82803  
11620.64602  
11602.6102  
11632.33358  
11571.71795  
11533.45689  
11561.95353  
11560.41489  
11576.1901  
11560.40654  
11638.52585  
11638.80161  
11636.01081  
11600.20881  
11562.36453  
11564.44748  
11646.47308  
11700.54784  
11667.34446  
11605.41249  
11536.87203  
11565.72573  
11506.80499  
11546.9147  
11593.98526  
11559.17746  
11613.53183  
11635.78795  
11595.057  
11592.249  
11614.62638  
11659.02753  
11666.63167  
11659.64916  
11620.7783  
11587.37919  
11590.54924  
11654.2178  
11635.75484  
11628.16486  
11648.83435  
11598.41216  
11636.30647  
11619.0884  
11630.0606  
11627.96586  
11610.39412  
11605.95641  
11522.53646  
11504.71509  
11572.51523  
11557.35515  
11595.85491  
11607.84787  
11594.041  
11584.5631  
11597.43338  
11594.19552  
11582.26112  
11632.99994  
11677.2707  
11685.50905  
11694.27768  
11635.71563  
11610.3322  
11568.24566  
11610.75347  
11598.07302  
11593.92953  
11571.07678  
11551.70899  
11543.58401  
11543.92672  
11627.81501  
11644.67006  
11629.17722  
11567.97805  
11558.80306  
11562.1579  
11620.28572  
11685.56067  
11662.86535  
11641.32339  
11609.10089  
11574.25524  
11580.9429  
11590.37832  
11559.33562  
11599.32582  
11654.49516  
11639.113  
11582.23025  
11563.10607  
11533.16052  
11531.31349  
11607.1197  
11673.51351  
11659.69995  
11642.94673  
11613.01616  
11557.79747  
11576.04972  
11566.93859  
11598.9781  
11615.32674  
11606.02819  
11589.04442  
11621.72947  
11592.40875  
11635.22548  
11573.16031  
11642.636  
11563.50763  
11551.88257  
11582.38374  
11683.86847  
11679.50559  
11697.81823  
11678.99455  
11649.94454  
11601.54637  
11611.03443  
11595.404  
11602.3427  
11634.44915  
11627.56059  
11607.1962  
11664.76301  
11629.46786  
11642.16767  
11599.38569  
11613.78363  
11532.88973  
11606.91287  
11573.59892  
11627.07288  
11599.25042  
11591.32864  
11688.43681  
11628.79514  
11672.09071  
11586.72019  
11604.37768  
11556.47899  
11554.85869  
11499.32557  
11459.73812  
11419.69488  
11460.92451  
11474.48418  
11567.20751  
11628.65639  
11664.49055  
11599.84117  
11613.16628  
11609.3969  
11670.67301  
11634.56697  
11615.73108  
11640.27374  
11671.32187  
11634.92718  
11554.55067  
11558.44316  
11647.44965  
11605.58796  
11677.77522  
11681.89791  
11651.92069  
11613.03032  
11537.15665  
11591.194  
11599.29728  
11564.9614  
11584.81288  
11601.0793  
11569.29122  
11599.98852  
11583.99252  
11581.0673  
11630.3614  
11618.43321  
11612.94555  
11589.71375  
11596.94608  
11603.51655  
11653.57357  
11625.90967  
11638.02033  
11654.71651  
11688.81061  
11629.48018  
11582.93048  
11570.35128  
11606.10342  
11625.59728  
11645.63701  
11586.99052  
11598.69568  
11595.90375  
11601.61435  
11537.88068  
11591.41741  
11573.58384  
11531.59673  
11514.81752  
11568.72114  
11587.79396  
11675.6827  
11594.13599  
11632.01724  
11636.58106  
11591.62271  
11619.4292  
11668.92048  
11623.97647  
11618.03574  
11657.09027  
11614.11016  
11572.67328  
11574.31661  
11598.09869  
11583.74076  
11668.21123  
11692.88276  
11654.84824  
11533.74387  
11559.04232  
11554.71063  
11494.04407  
11550.01132  
11626.5436  
11605.92619  
11565.87983  
11582.17744  
11652.30131  
11600.03309  
11591.36353  
11566.06698  
11583.06233  
11544.94441  
11574.46129  
11560.90909  
11564.16029  
11573.36471  
11577.59455  
11620.69475  
11655.10012  
11630.44728  
11659.4504  
11645.14722  
11636.04493  
11660.2488  
11657.15805  
11677.28148  
11655.53186  
11587.51792  
11623.17112  
11619.28412  
11578.75403  
11605.37439  
11541.97736  
11566.01546  
11600.33798  
11591.72275  
11680.65347  
11619.37624  
11645.85258  
11598.66753  
11578.79007  
11538.65384  
11643.04964  
11654.96611  
11654.27228  
11613.25335  
11560.21326  
11575.20316  
11558.04729  
11575.03381  
11632.61367  
11641.04602  
11633.66209  
11643.76401  
11629.5087  
11562.25528  
11571.91323  
11581.75115  
11576.61395  
11582.57336  
11562.15437  
11609.94404  
11588.0599  
11589.93389  
11556.06648  
11553.32228  
11601.25478  
11579.65127  
11590.32746  
11641.28093  
11584.83127  
11615.37541  
11595.96222  
11561.06037  
11588.42594  
11613.10298  
11678.11359  
11678.37006  
11603.42586  
11641.96128  
11602.45245  
11635.21048  
11599.37058  
11584.0001  
11561.63599  
11552.53743  
11597.21088  
11576.17358  
11614.40454  
11645.07853  
11639.32668  
11642.85482  
11645.36066  
11623.73075  
11610.22352  
11568.86067  
11578.00991  
11550.7424  
11650.30103  
11576.05093  
11643.12361  
11620.1248  
11627.28929  
11613.37664  
11616.73422  
11582.9934  
11569.95784  
11550.64857  
11558.50958  
11584.77541  
11636.61941  
11684.67965  
11624.88144  
11600.80825  
11611.04746  
11656.54681  
11661.86942  
11686.904  
11612.51328  
11564.43967  
11563.33382  
11621.67156  
11538.82637  
11554.17583  
11501.54143  
11494.26967  
11575.1531  
11594.15677  
11583.37237  
11551.29976  
11540.72008  
11569.34855  
11610.20788  
11636.07021  
11681.21416  
11633.42858  
11617.76851  
11637.66664  
11661.46796  
11709.00804  
11631.96727  
11646.22312  
11648.91688  
11667.42461  
11589.48009  
11593.11993  
11623.24784  
11659.08146  
11642.40133  
11666.63615  
11615.857  
11618.22179  
11562.62952  
11538.04075  
11629.42963  
11559.1198  
11507.41889  
11499.56239  
11481.47977  
11491.6461  
11486.15355  
11543.63936  
11587.20584  
11584.68328  
11643.09438  
11621.92921  
11663.83889  
11625.8068  
11673.23079  
11653.66865  
11630.19648  
11650.42255  
11628.01023  
11658.30525  
11627.28649  
11633.90683  
11581.50923  
11554.44946  
11612.05013  
11572.17638  
11667.08274  
11686.07611  
11668.66049  
11567.82155  
11524.8715  
11578.87943  
11605.68717  
11573.75012  
11614.46171  
11664.08699  
11623.64653  
11617.18942  
11600.44149  
11628.3027  
11659.30774  
11638.86495  
11660.35664  
11575.62047  
11590.76045  
11546.75845  
11596.18248  
11523.60111  
11565.47781  
11594.72072  
11606.45199  
11574.90361  
11614.61291  
11590.62622  
11622.53076  
11640.7385  
11594.84566  
11654.24618  
11631.47799  
11619.75782  
11623.78963  
11630.43752  
11584.91356  
11531.1397  
11521.30533  
11546.86785  
11614.27053  
11636.81577  
11628.48952  
11653.31032  
11628.27107  
11637.96169  
11655.7263  
11659.84747  
11595.70627  
11609.45649  
11591.77801  
11559.8074  
11604.40507  
11591.26568  
11561.9988  
11560.84015  
11549.26635  
11569.34594  
11592.25743  
11689.30614  
11633.70007  
11634.89937  
11604.64374  
11534.60097  
11485.92449  
11511.54372  
11518.96868  
11600.69595  
11582.09132  
11593.76379  
11575.5929  
11575.30732  
11583.3551  
11603.23568  
11623.68307  
11639.21601  
11565.98087  
11610.94472  
11621.41353  
11609.98819  
11612.79292  
11662.59374  
11675.26272  
11622.12665  
11590.62526  
11604.19168  
11615.14736  
11629.21339  
11647.08232  
11618.60913  
11648.29852  
11658.02343  
11663.63203  
11650.94898  
11662.47446  
11629.87617  
11648.64927  
11628.50027  
11650.01213  
11639.98721  
11594.05486  
11659.91248  
11696.1355  
11611.15165  
11582.00079  
11607.05981  
11532.45558  
11487.15189  
11422.10188  
11434.07504  
11475.1045  
11497.74004  
11463.03915  
11447.13625  
11541.05766  
11558.48867  
11607.03393  
11598.46776  
11665.09393  
11634.60821  
11675.55175  
11652.89096  
11613.60307  
11583.36113  
11578.66887  
11582.95808  
11582.63524  
11597.77785  
11620.14415  
11665.47859  
11664.65442  
11634.12797  
11639.78973  
11628.37096  
11581.64052  
11660.76077  
11681.80661  
11618.32125  
11646.46638  
11614.96791  
11606.45219  
11566.45164  
11539.25471  
11573.84304  
11653.90955  
11626.73624  
11650.70611  
11606.79317  
11629.89815  
11673.06174  
11704.96034  
11638.37935  
11649.71602  
11621.93722  
11604.82319  
11639.82027  
11616.24611  
11619.71703  
11604.92464  
11555.59571  
11577.57227  
11564.3392  
11567.7781  
11602.88973  
11593.93039  
11645.60152  
11626.92166  
11631.14012  
11631.22399  
11566.89271  
11634.82225  
11623.56546  
11614.09747  
11642.86899  
11569.12206  
11639.40833  
11601.64421  
11580.79012  
11530.63622  
11531.89135  
11577.29379  
11543.5993  
11577.8688  
11577.2009  
11568.81494  
11594.28187  
11627.61742  
11650.82129  
11598.39611  
11571.05932  
11602.88879  
11606.08462  
11662.69441  
11602.34608  
11595.03542  
11578.77518  
11543.9464  
11575.76805  
11573.77853  
11613.93166  
11635.75219  
11634.36925  
11568.57814  
11590.18194  
11580.82943  
11574.07966  
11597.85651  
11657.87606  
11588.05881  
11583.15309  
11608.99592  
11569.06743  
11591.63372  
11574.80129  
11591.70984  
11600.47456  
11621.92367  
11645.89709  
11666.18843  
11628.29982  
11606.92567  
11619.03058  
11633.83205  
11635.41341  
11576.18536  
11582.96962  
11646.16967  
11628.85683  
11620.00706  
11671.18475  
11656.5565  
11665.787  
11590.11625  
11612.31439  
11628.85818  
11667.94153  
11665.17074  
11680.50576  
11653.89514  
11625.1637  
11578.19907  
11538.79606  
11506.20744  
11530.08462  
11547.31696  
11520.34906  
11521.74119  
11525.11529  
11548.16247  
11570.05906  
11560.42126  
11562.00044  
11584.9187  
11594.63509  
11643.5581  
11669.5909  
11663.26319  
11631.57994  
11659.94477  
11587.57788  
11618.49753  
11578.10762  
11576.64506  
11663.57085  
11662.09074  
11676.5199  
11631.996  
11675.65249  
11592.70629  
11567.33016  
11628.28388  
11586.04538  
11578.98366  
11601.49076  
11560.51604  
11565.54251  
11546.46565  
11539.1665  
11661.78155  
11645.51429  
