11538.42567  
11421.61336  
11371.66857  
11366.76172  
11345.92944  
11373.37489  
11371.52682  
11290.59446  
11326.89694  
11341.07065  
11336.71034  
11343.41675  
11383.7952  
11377.8187  
11299.41188  
11374.69986  
11343.28679  
11361.7596  
11452.65364  
11485.37177  
11367.53918  
11245.62068  
11317.70057  
11265.90914  
11272.12406  
11315.22052  
11337.62269  
11414.75791  
11320.27291  
11297.64453  
11345.57366  
11321.86627  
11285.21267  
11299.24435  
11292.5905  
11330.80775  
11391.53409  
11437.46881  
11431.12904  
11452.31868  
11336.13822  
11362.30754  
11353.07574  
11345.66002  
11294.81252  
11373.6161  
11293.24168  
11232.05927  
11201.53538  
11249.58246  
11328.33038  
11347.22174  
11422.11287  
11470.50355  
11479.15702  
11410.78138  
11384.39615  
11391.11075  
11391.92657  
11403.64325  
11421.97219  
11422.84426  
11491.91545  
11545.83979  
11477.74855  
11385.55095  
11363.88067  
11298.46255  
11349.0846  
11330.18949  
11419.44928  
11384.88724  
11395.47714  
11392.39893  
11405.95048  
11366.02252  
11386.94244  
11399.02441  
11424.7282  
11454.96916  
11394.07796  
11271.78938  
11240.83438  
11361.17612  
11439.75306  
11422.17817  
11421.66416  
11370.60808  
11330.50306  
11343.79924  
11337.44543  
11365.01337  
11329.58158  
11325.34967  
11342.62378  
11256.91735  
11290.10693  
11355.90512  
11346.68598  
11392.55204  
11329.08547  
11337.17959  
11321.63435  
11320.21231  
11337.69589  
11335.45172  
11405.40261  
11407.59497  
11341.52779  
11356.47405  
11355.23353  
11321.17351  
11315.44266  
11333.71943  
11359.884  
11440.12613  
11393.15529  
11414.84065  
11408.92629  
11408.10166  
11441.34016  
11280.79926  
11307.37913  
11331.7993  
11300.85768  
11340.38148  
11319.72895  
11418.88283  
11451.80191  
11409.02079  
11374.02597  
11271.31321  
11285.43121  
11376.66703  
11399.28228  
11396.63909  
11366.50682  
11469.18155  
11414.87301  
11510.0837  
11359.89235  
11322.88441  
11347.29552  
11346.65302  
11308.17757  
11346.98824  
11340.3254  
11362.57317  
11372.53444  
11323.93434  
11366.08156  
11427.65214  
11432.53641  
11340.32651  
11325.41588  
11245.05279  
11318.00988  
11305.32779  
11315.67069  
11337.16979  
11265.29139  
11294.94332  
11274.16012  
11310.97666  
11322.73637  
11344.76901  
11362.65225  
11339.54714  
11307.19419  
11377.95936  
11400.54749  
11355.24061  
11325.42642  
11376.3141  
11396.97243  
11473.44186  
11414.38833  
11403.78585  
11399.72718  
11319.82112  
11334.56383  
11370.65409  
11408.62111  
11381.87106  
11453.61407  
11399.01403  
11434.27389  
11434.05089  
11426.40045  
11329.25148  
11375.31924  
11397.44858  
11386.85682  
11308.89951  
11274.51243  
11297.74929  
11310.01407  
11365.25588  
11338.55027  
11322.46225  
11316.2322  
11316.96909  
11314.16151  
11293.25073  
11351.98242  
11421.93444  
11351.46744  
11346.65127  
11285.23084  
11302.08367  
11348.09542  
11344.54633  
11370.76934  
11397.8192  
11328.83851  
11336.85179  
11310.25192  
11353.4904  
11430.9744  
11425.17103  
11432.79115  
11419.69569  
11368.52135  
11386.99243  
11441.39017  
11371.74639  
11394.7993  
11365.91374  
11441.83143  
11434.63507  
11414.5166  
11337.70626  
11336.30801  
11311.9708  
11278.79562  
11364.44372  
11302.57525  
11333.21302  
11373.75866  
11309.26439  
11322.84399  
11354.61582  
11338.38082  
11448.93664  
11440.8815  
11471.88323  
11395.49577  
11381.32822  
11351.89316  
11408.30125  
11407.25674  
11409.32602  
11370.94173  
11320.62648  
11290.57326  
11295.75732  
11286.43391  
11288.09249  
11247.50892  
11285.80247  
11306.49938  
11323.56034  
11398.26497  
11455.64348  
11429.3956  
11361.51831  
11375.57335  
11393.18207  
11434.24296  
11385.74149  
11463.68014  
11432.03775  
11431.13478  
11354.83199  
11385.45996  
11302.47095  
11308.39665  
11357.44849  
11406.27479  
11384.62511  
11356.0138  
11344.44071  
11357.8645  
11398.76777  
11379.72465  
11371.39453  
11405.97617  
11335.98941  
11328.077  
11385.55996  
11333.52361  
11366.40565  
11305.30076  
11331.74519  
11298.94221  
11331.9806  
11358.91742  
11475.5672  
11438.27028  
11391.26831  
11421.0261  
11339.17229  
11336.43309  
11332.9579  
11322.45814  
11344.66481  
11378.63146  
11454.88315  
11392.91895  
11343.2633  
11413.95436  
11364.76241  
11277.28964  
11310.16844  
11371.93275  
11394.8907  
11413.78662  
11448.71278  
11359.83921  
11291.73372  
11289.13347  
11308.29348  
11288.34206  
11351.37461  
11340.44501  
11168.03934  
11291.46124  
11313.44424  
11323.08549  
11421.86245  
11352.54595  
11381.4199  
11361.41504  
11361.97987  
11370.26844  
11442.40084  
11500.8375  
11520.42018  
11404.72025  
11382.42531  
11371.64436  
11385.70331  
11392.83259  
11484.42492  
11434.84386  
11404.88877  
11299.90137  
11358.6964  
11381.968  
11287.07878  
11207.52785  
11125.79785  
11184.46777  
11277.93857  
11265.35722  
11327.84219  
11355.33926  
11413.47594  
11374.01401  
11378.31984  
11396.68468  
11477.10738  
11434.57313  
11558.02704  
11542.06714  
11506.73956  
11435.161  
11369.26805  
11358.24497  
11291.55315  
11383.31378  
11356.48364  
11327.83229  
11328.0949  
11392.38328  
11425.93542  
11383.14263  
11369.9554  
11337.03236  
11322.81023  
11392.13069  
11439.19646  
11449.03948  
11373.69471  
11359.73105  
11274.3269  
11249.47288  
11277.44884  
11377.98426  
11451.01855  
11447.48319  
11415.18393  
11354.10628  
11318.771  
11360.93793  
11441.82198  
11404.4415  
11357.52  
11343.58  
11391.9736  
11367.77368  
11377.33928  
11356.03127  
11364.22358  
11336.1398  
11406.68968  
11388.55861  
11436.20636  
11511.29004  
11473.91126  
11412.98195  
11315.70592  
11295.70023  
11370.8494  
11374.10023  
11444.68791  
11343.89575  
11290.2921  
11285.78256  
11248.07595  
11368.05426  
11389.69787  
11387.48107  
11423.66746  
11412.09679  
11382.42428  
11355.37476  
11390.57803  
11467.4328  
11391.1694  
11435.94454  
11402.88617  
11454.08027  
11403.16002  
11361.32397  
11312.16449  
11281.92319  
11319.99831  
11309.23049  
11374.77999  
11422.2512  
11424.54969  
11410.01788  
11331.02338  
11319.81154  
11379.24549  
11380.69334  
11464.45816  
11516.08812  
11433.76773  
11408.53394  
11332.44494  
11339.40736  
11339.29657  
11479.46015  
11407.78728  
11320.916  
11282.67976  
11227.73227  
11222.4064  
11259.04704  
11370.34561  
11410.0908  
11372.34805  
11310.29813  
11325.0471  
11290.72164  
11277.39795  
11380.05655  
11394.71098  
11354.28219  
11367.8337  
11397.81064  
11385.72174  
11291.1583  
11344.5087  
11324.38999  
11386.85915  
11340.76786  
11369.39243  
11426.08156  
11435.35913  
11452.21496  
11433.18132  
11332.1505  
11325.23058  
11302.33404  
11348.61839  
11326.85986  
11394.4529  
11493.40497  
11412.35759  
11392.67413  
11356.89076  
11409.37263  
11372.69982  
11343.061  
11345.02349  
11301.6112  
11364.44719  
11371.70153  
11280.82905  
11310.97575  
11443.07578  
11246.54299  
11311.64814  
11311.02687  
11303.29939  
11266.98704  
11362.41376  
11363.52381  
11390.02302  
11439.56804  
11471.20949  
11405.97299  
11394.76136  
11453.54965  
11475.90612  
11409.95102  
11460.84743  
11334.77933  
11281.34565  
11312.04079  
11322.91305  
11288.8543  
11355.11488  
11431.23995  
11444.22453  
11464.76724  
11417.88702  
11363.39421  
11366.81528  
11271.4279  
11238.5255  
11286.70085  
11341.22296  
11352.78996  
11286.61811  
11306.3796  
11243.70581  
11300.72818  
11282.43057  
11327.40901  
11355.33353  
11335.53108  
11384.5545  
11485.54267  
11492.12344  
11371.19178  
11381.47102  
11396.85827  
11433.92912  
11476.21212  
11481.9009  
11511.26003  
11487.14647  
11350.97239  
11360.12051  
11347.84959  
11347.22185  
11383.41098  
11390.00511  
11376.72549  
11311.12329  
11307.94107  
11303.72361  
11409.35181  
11465.49846  
11460.19867  
11419.34959  
11377.32208  
11359.97283  
11317.01416  
11294.71248  
11347.20525  
11380.35023  
11365.11792  
11385.68825  
11408.15537  
11365.01777  
11471.78889  
11484.67283  
11487.27646  
11406.09084  
11363.37939  
11277.02665  
11306.98864  
11357.2811  
11350.76117  
11321.47044  
11270.46312  
11221.39692  
11232.38058  
11302.13832  
11341.13458  
11299.2919  
11338.94188  
11307.30084  
11315.44751  
11308.25571  
11372.22237  
11344.53908  
11303.93369  
11339.57339  
11294.92069  
11317.45418  
11355.40762  
11417.17571  
11357.89355  
11459.47142  
11473.89119  
11473.81988  
11468.5542  
11504.52502  
11507.74551  
11420.56569  
11316.42097  
11364.37017  
11388.43102  
11288.60429  
11317.40907  
11275.85089  
11322.43945  
11311.59202  
11368.43763  
11382.32116  
11323.09516  
11343.01054  
11292.53685  
11286.63627  
11266.45277  
11319.90326  
11380.63753  
11455.23009  
11413.9338  
11374.19362  
11290.83727  
11255.56627  
11339.77687  
11383.51639  
11404.92454  
11445.63125  
11441.93662  
11406.11751  
11416.92174  
11337.19762  
11289.72934  
11274.78794  
11318.13048  
11287.34358  
11278.12423  
11302.82916  
11272.2174  
11231.40347  
11312.46268  
11310.89134  
11346.37419  
11400.55204  
11462.15454  
11457.23017  
11372.03326  
11356.45187  
11344.37464  
11384.40839  
11357.3883  
11439.74437  
11416.31062  
11431.09574  
11432.80273  
11442.43868  
11506.03499  
11526.46332  
11470.38103  
11378.93127  
11406.64354  
11454.83671  
11461.67507  
11385.35735  
11326.49602  
11405.0326  
11323.66735  
11384.86815  
11417.88073  
11293.44866  
11329.56218  
11336.49613  
11315.42775  
11188.32905  
11181.98499  
11095.80966  
11224.18528  
11224.12607  
11235.22236  
11320.23049  
11395.72502  
11345.34313  
11365.08342  
11431.12615  
11453.66932  
11460.20249  
11476.3873  
11534.33474  
11566.10998  
11505.86717  
11490.00169  
11435.94717  
11429.82931  
11413.72735  
11424.7626  
11297.41449  
11393.4363  
11444.15287  
11380.74656  
11461.64748  
11432.10551  
11393.58526  
11317.39359  
11285.74262  
11265.72602  
11339.13597  
11287.91987  
11306.36103  
11311.40171  
11318.08445  
11254.24587  
11271.10583  
11312.36875  
11333.35087  
11420.42552  
11417.15356  
11324.26018  
11318.44435  
11368.82831  
11397.61685  
11474.21411  
11443.59005  
11513.31558  
11583.87094  
11509.69567  
11403.04534  
11370.87752  
11385.47093  
11385.84369  
11329.49469  
11389.77355  
11401.75387  
11393.60646  
11279.84538  
11137.91718  
11237.17698  
11278.57131  
11256.73695  
11327.7851  
11306.26016  
11257.97121  
11346.01283  
11431.83297  
11371.99038  
11294.12277  
11299.80356  
11306.27257  
11350.45722  
11355.29962  
11258.7617  
11285.04201  
11412.39524  
11432.96422  
11438.63293  
11380.03702  
11477.80611  
11425.11732  
11423.34298  
11507.91284  
11423.05634  
11505.41972  
11475.56671  
11493.00866  
11438.11159  
11365.47771  
11475.05022  
11412.39988  
11372.38441  
11330.13952  
11335.20072  
11343.65486  
11326.37147  
11386.48924  
11454.00028  
11477.09583  
11412.11923  
11365.48193  
11345.73323  
11289.69604  
11343.75357  
11321.70803  
11318.27573  
11388.60391  
11442.99164  
11438.88394  
11290.79043  
11327.03546  
11345.06391  
11329.48002  
11270.19488  
11350.78521  
11380.24861  
11415.69796  
11405.76285  
11379.42041  
11287.3652  
11278.60506  
11310.60712  
11336.00229  
11382.74457  
11334.32782  
11368.28825  
11390.67257  
11364.43284  
11362.15366  
11455.08166  
11413.29049  
11471.0209  
11459.55273  
11556.1515  
11550.44886  
11524.80978  
11364.84424  
11496.2839  
11414.35267  
11485.01647  
11404.65428  
11259.7998  
11252.71691  
11233.15617  
11174.03934  
11131.48684  
11164.07123  
11281.85414  
11245.78204  
11321.31678  
11417.09148  
11382.55566  
11377.617  
11397.95979  
11364.49825  
11519.37601  
11523.82397  
11562.71642  
11439.08804  
11373.92557  
11376.94223  
11397.55734  
11431.29378  
11368.2607  
11325.33813  
11291.18414  
11309.05172  
11294.88644  
11327.64104  
11357.89842  
11370.41594  
11379.15796  
11501.70731  
11500.35188  
11389.75941  
11329.63356  
11357.14662  
11397.54323  
11275.37169  
11275.23943  
11283.46036  
11332.42341  
11279.1203  
11241.06117  
11215.85423  
11273.17636  
11307.79263  
11372.31605  
11324.86033  
11242.30747  
11304.31663  
11423.52875  
11505.39568  
11550.90533  
11506.1143  
11619.3556  
11542.74769  
11499.96852  
11452.74795  
11428.999  
11439.88437  
11451.93977  
11376.41044  
11356.08825  
11314.83966  
11351.51279  
11361.59011  
11441.51919  
11430.02941  
11392.89166  
11359.52725  
11373.92764  
11422.88546  
11421.56043  
11425.65458  
11478.27261  
11446.85864  
11357.15557  
11410.4754  
11327.04098  
11317.32799  
11381.40259  
11399.2088  
11350.06248  
11402.0087  
11390.75193  
11316.28512  
11278.72489  
11255.81827  
11282.62778  
11333.49136  
11358.13199  
11234.12374  
11296.31363  
11239.93406  
11306.56648  
11299.96601  
11342.24053  
11369.33327  
11340.99532  
11277.33881  
11283.81226  
11209.42328  
11345.27413  
11353.46062  
11359.23197  
11363.80426  
11306.88099  
11349.21807  
11411.85158  
11481.9671  
11562.39087  
11489.33075  
11612.72408  
11602.01737  
11495.32916  
11361.09531  
11257.26739  
11285.34925  
11269.72745  
11162.50408  
11106.9372  
11103.5428  
11122.75486  
11186.33699  
11270.56584  
11387.31008  
11341.31659  
11394.53142  
11454.42638  
11454.84401  
11477.50483  
11533.26339  
11493.83847  
11473.91893  
11452.68527  
11445.27334  
11409.25169  
11428.1497  
11348.97544  
11364.85382  
11389.66049  
11310.35513  
11346.95393  
11336.95607  
11291.31094  
11282.65176  
11393.29624  
11472.37106  
11448.3119  
11371.1062  
11353.87718  
11357.14795  
11331.77064  
11366.85774  
11385.3303  
11369.71285  
11359.24632  
11294.77503  
11253.7244  
11233.87481  
11319.14365  
11390.03516  
11424.64305  
11434.28097  
11446.43299  
11419.01707  
11399.74726  
11381.00978  
11401.77462  
11444.73856  
11400.95487  
11449.27605  
11429.09033  
11336.77008  
11332.40952  
11316.79329  
11366.02945  
11332.234  
11381.4753  
11421.50244  
11430.3303  
11389.68498  
11331.56825  
11313.4154  
11295.93669  
11264.282  
11269.24566  
11284.97564  
11332.21518  
11355.11816  
11426.70989  
11369.72303  
11407.35598  
11430.86046  
11480.271  
11415.77999  
11355.63484  
11466.83675  
11415.62785  
11433.50186  
11498.97649  
11513.08714  
11549.61811  
11537.03996  
11342.42281  
11398.41335  
11335.07514  
11322.81351  
11336.85149  
11363.94556  
11349.37241  
11333.62102  
11324.44445  
11398.96377  
11364.28373  
11395.63602  
11374.17413  
11444.48139  
11473.27917  
11398.62029  
11331.24696  
11385.27939  
11351.92375  
11290.62049  
11307.80617  
11287.2528  
11272.36351  
11288.66027  
11299.55409  
11288.01144  
11322.48607  
11280.4747  
11308.38903  
11390.54462  
11431.31686  
11393.27496  
11452.22932  
11444.38075  
11450.34099  
11502.04751  
11391.30991  
11329.2983  
11188.46242  
11091.08105  
11157.17002  
11138.09597  
11172.84362  
11291.10844  
11424.05694  
11417.22145  
11294.6376  
11333.68429  
11362.4381  
11428.26307  
11451.96541  
11514.53232  
11467.20391  
11338.83489  
11360.55157  
11329.44826  
11310.14027  
11354.72369  
11442.85999  
11422.98625  
11484.13732  
11426.93626  
11347.18057  
11255.04633  
11228.88542  
11312.20945  
11222.66402  
11285.31999  
11308.56147  
11346.29413  
11358.78433  
11417.69582  
11449.86754  
11478.99177  
11445.70882  
11497.26365  
11389.00642  
11402.89014  
11378.87575  
11403.15655  
11370.86261  
11420.0206  
11417.3747  
11379.65003  
11295.89701  
11309.81042  
11278.03809  
11252.64521  
11370.71205  
11248.8857  
11230.33889  
11277.1075  
11404.92182  
11470.67526  
11379.21193  
11372.15003  
11337.91222  
11321.88693  
11343.7453  
11379.19976  
11355.19734  
11416.40905  
11365.57343  
11245.6792  
11345.01662  
11394.165  
11379.40909  
11392.4748  
11370.47281  
11375.68128  
11422.15261  
11435.98738  
11457.20957  
11373.76178  
11394.13762  
11440.2891  
11480.5893  
11459.65424  
11405.68709  
11398.83802  
11379.11022  
11316.25605  
11267.73479  
11240.99547  
11266.25329  
11280.36157  
11270.94783  
11438.19372  
11393.63535  
11439.16968  
11393.18575  
11345.14363  
11407.68429  
11431.14911  
11537.79657  
11560.108  
11540.71223  
11490.38088  
11412.05172  
11333.50154  
11290.94552  
11360.46306  
11322.26782  
11339.1308  
11268.36582  
11299.61238  
11275.40094  
11246.1881  
11219.7768  
11263.51899  
11270.87853  
11360.2143  
11451.19864  
11451.95005  
11439.89585  
11326.16784  
11367.85216  
11353.82835  
11398.63599  
11414.4037  
11423.12145  
11408.82405  
11395.05354  
11333.927  
11339.70382  
11371.05856  
11363.28647  
11400.83329  
11490.49844  
11395.77329  
11349.99378  
11343.64168  
11337.47784  
11354.10306  
11281.84691  
11314.84398  
11339.27447  
11305.14258  
11318.73779  
11342.35885  
11292.76407  
11341.75449  
11336.20267  
11352.4384  
11375.7438  
11449.18048  
11358.5822  
11472.95279  
11435.43412  
11417.63473  
11407.4323  
11464.02832  
11383.77802  
11494.96385  
11411.22221  
11428.63832  
11414.72609  
11314.97617  
11270.04736  
11263.26478  
11249.63668  
11302.21383  
11318.17571  
11321.11383  
11265.62464  
11402.91446  
11273.91667  
11252.27271  
11321.17678  
11366.80016  
11439.87106  
11435.30326  
11347.89581  
11263.13963  
11325.14224  
11284.21464  
11271.99788  
11300.5927  
11253.86538  
11282.59506  
11294.37492  
11326.88824  
11319.08624  
11328.00128  
11372.91295  
11361.35534  
11385.47226  
11375.3663  
11410.32144  
11475.26224  
11448.4024  
11457.827  
11399.23552  
11377.40358  
11350.92304  
11311.48124  
11373.02813  
11372.33725  
11396.34542  
11381.70425  
11387.76882  
11400.3384  
11310.36572  
11297.37055  
11408.33154  
11439.77558  
11443.87156  
11463.91716  
11423.95861  
11348.54785  
11362.65248  
11403.28056  
11435.58549  
11499.38358  
11483.87772  
11462.5046  
11349.72292  
11375.87932  
11400.14164  
11353.9957  
11277.81105  
11236.65871  
11311.52806  
11351.73302  
11420.82794  
11331.07187  
11353.31443  
11388.47803  
11367.3451  
11366.34647  
11391.521  
11265.05865  
11328.30018  
11325.73287  
11425.4551  
11507.32779  
11449.39134  
11376.63781  
11343.96261  
11360.3584  
11333.35145  
11386.98862  
11419.57452  
11345.37592  
11356.80163  
11355.2534  
11372.58667  
11399.58412  
11436.0555  
11400.77017  
11347.51264  
11367.60969  
11354.47968  
11334.38142  
11370.22085  
11331.2821  
11378.90428  
11417.20091  
11391.33102  
11362.26136  
11416.17447  
11410.36512  
11391.43055  
11487.04363  
11516.82228  
11446.9282  
11420.64585  
11361.56703  
11438.20697  
11396.12829  
11339.20739  
11316.19971  
11405.53677  
11301.28465  
11305.68217  
11388.21377  
11226.39827  
11220.84495  
11214.7682  
11278.12718  
11291.30529  
11279.39324  
11301.07377  
11363.71541  
11274.09343  
11302.7497  
11327.43915  
11371.38946  
11430.04276  
11418.37205  
11470.38041  
11404.49538  
11380.07786  
11409.95953  
11337.42291  
11338.64857  
11324.19674  
11304.55074  
11335.62325  
11314.23394  
11446.33162  
11517.19663  
11426.08686  
11395.76277  
11404.65017  
11414.94512  
11395.52853  
11367.65721  
11379.05578  
11333.15465  
11331.15291  
11402.58575  
11249.86856  
11280.71757  
11314.94668  
11338.32674  
11367.79503  
11377.50515  
11418.25819  
11420.29464  
11330.39885  
11298.87778  
11398.37817  
11399.92479  
11465.62038  
11527.2324  
11484.94971  
11490.00184  
11448.27425  
11418.35494  
11443.4935  
11458.37466  
11456.88097  
11431.91649  
11407.69186  
11355.73543  
11296.21317  
11204.91615  
11160.22123  
11134.01294  
11098.62431  
11169.88948  
11228.45585  
11282.16953  
11370.21591  
11333.90202  
11414.71948  
11422.57411  
11595.30985  
11577.4467  
11611.23601  
11472.31751  
11394.82828  
11414.88565  
11380.55163  
11391.28345  
11439.61088  
11482.93374  
11345.65777  
11335.40452  
11405.15071  
11388.32965  
11308.52107  
11321.11234  
11382.63467  
11375.94417  
11357.64904  
11325.96498  
11383.14141  
11416.5578  
11494.79657  
11365.88929  
11388.87772  
11439.15606  
11398.92738  
11375.16697  
11352.37797  
11353.88306  
11314.8954  
11367.68555  
11419.51416  
11455.43635  
11458.90148  
11291.38129  
11303.30531  
11272.45827  
11314.36867  
11324.61204  
11317.84659  
11389.10415  
11318.70266  
11322.76044  
11292.46327  
11391.91977  
11393.63291  
11251.30027  
11257.60834  
11304.54244  
11336.07123  
11454.09546  
11465.28645  
11453.90529  
11389.42434  
11384.31543  
11314.59366  
11296.84026  
11361.55827  
11358.06442  
11377.36268  
11339.99639  
11249.55574  
11283.72696  
11248.80874  
11345.27657  
11418.09587  
11449.20055  
11391.43485  
11372.10834  
11341.82589  
11300.58778  
11295.83755  
11433.27135  
11463.6665  
11476.06889  
11442.83823  
11420.09302  
11364.46708  
11378.46178  
11350.10829  
11374.49361  
11364.99735  
11339.5665  
11371.92289  
11345.90663  
11309.77464  
11354.15512  
11395.91628  
11435.72666  
11443.28889  
11349.56712  
11245.34018  
11214.26981  
11245.17178  
11261.76239  
11294.95303  
11254.50963  
11316.03315  
11341.76626  
11311.52926  
11345.81832  
11317.56735  
11419.23049  
11418.72209  
11343.06796  
11366.91429  
11338.91277  
11324.50892  
11380.10849  
11443.93866  
11449.08812  
11406.32386  
11308.35378  
11337.32324  
11419.95844  
11375.37275  
11497.40402  
11487.62382  
11391.83776  
11484.63193  
11507.04693  
11494.14624  
11377.36103  
11350.75903  
11343.44182  
11311.84758  
11287.50291  
11373.91624  
11434.9575  
11437.0874  
11352.49889  
11248.11961  
11338.47637  
11347.52096  
11412.19137  
11373.56443  
11434.02438  
11456.28057  
11362.56716  
11339.61749  
11305.7315  
11365.88507  
11388.30067  
11329.90899  
11395.75804  
11406.86745  
11395.57191  
11409.92809  
11421.40965  
11578.11694  
11474.57441  
11388.04246  
11344.88165  
11276.04808  
11255.77928  
11257.17426  
11320.61048  
11405.77263  
11448.67845  
11365.41305  
11227.94308  
11285.67952  
11290.68842  
11355.51842  
11425.49701  
11402.1044  
11412.29372  
11348.52278  
11293.36388  
11301.63856  
11257.14143  
11242.41622  
11216.82929  
11239.10245  
11318.18472  
11424.31023  
11469.10079  
11488.88024  
11448.86193  
11403.35168  
11406.03031  
11333.38809  
11404.94912  
11445.25864  
11422.80796  
11444.48387  
11425.12352  
11429.73278  
11411.08543  
11402.57424  
11359.81618  
11322.76486  
11248.54197  
11281.49668  
11343.90634  
11397.52697  
11371.18155  
11354.46252  
11338.13358  
11360.24884  
11324.27103  
11364.05384  
11372.02254  
11343.62006  
11314.24292  
11332.69888  
11378.55662  
11412.73595  
11470.38092  
11476.50424  
11493.6497  
11380.53065  
11348.36529  
11384.85306  
11395.5729  
11451.67242  
11391.46394  
11362.2176  
11307.95374  
11380.90338  
11357.476  
11308.95964  
11339.32221  
11295.72899  
11278.42203  
11266.03512  
11293.28318  
11366.8734  
11348.72861  
11365.03001  
11384.35714  
11375.47003  
11357.62556  
11382.86428  
11365.68091  
11387.75578  
11503.06597  
11425.22581  
11364.72767  
11328.65225  
11290.56975  
11300.751  
11361.5425  
11332.63929  
11268.0136  
11289.4126  
11353.0182  
11465.86277  
11390.87701  
11348.41342  
11324.40557  
11318.88888  
11342.15817  
11363.53444  
11312.57869  
11364.08819  
11398.99912  
11422.38828  
11463.72544  
11538.30705  
11512.93476  
11405.1601  
11355.75085  
11374.9736  
11385.4569  
11383.32839  
11409.39406  
11455.9089  
11467.46103  
11461.47598  
11428.00165  
11366.34097  
11334.10701  
11344.77257  
11365.28251  
11385.55611  
11281.98845  
11318.46201  
11299.55225  
11352.74012  
11393.36974  
11368.97966  
11384.30769  
11401.27302  
11469.64078  
11379.70994  
11484.463  
11443.46935  
11438.27791  
11386.19037  
11369.46094  
11317.97639  
11282.94424  
11322.94665  
11383.7291  
11373.73051  
11332.28645  
11334.12609  
11339.65079  
11350.96537  
11295.44717  
11268.76899  
11355.0619  
11440.34822  
11383.83357  
11368.02451  
11326.45545  
11345.95758  
11327.42334  
11423.75558  
11408.66635  
11422.49707  
11375.77066  
11292.7362  
11300.30059  
11329.182  
11366.87451  
11393.00836  
11363.14585  
11319.82215  
11324.04323  
11380.42332  
11430.32769  
11378.21267  
11473.10314  
11388.24425  
11429.43928  
11402.68395  
11337.18977  
11283.52248  
11277.02539  
11257.79276  
11207.00454  
11183.20483  
11142.49448  
11170.34781  
11337.71687  
11373.8215  
11313.06455  
11366.4966  
11309.56485  
11292.46024  
11299.75338  
11401.71139  
11433.03007  
11454.45767  
11422.89538  
11411.38638  
11458.024  
11427.19357  
11508.70917  
11455.13661  
11357.82542  
11355.75978  
11380.56629  
11399.92875  
11422.07384  
11428.18553  
11360.43895  
11372.35218  
11343.18957  
11335.20202  
11330.67715  
11383.65343  
11368.57497  
11364.81577  
11400.3686  
11403.98229  
11405.22256  
11407.79526  
11425.22837  
11436.58877  
11477.505  
11474.47129  
11439.68021  
11401.97748  
11344.23715  
11314.06269  
11339.4545  
11336.78472  
11358.47634  
11378.26153  
11328.94372  
11313.63077  
11371.47437  
11320.37968  
11318.47959  
11317.99106  
11307.06862  
11328.33541  
11280.8331  
11240.46028  
11315.17706  
11375.52898  
11396.79535  
11397.21436  
11409.66508  
11444.61403  
11384.2044  
11392.59895  
11389.98295  
11421.35383  
11469.92743  
11454.33733  
11376.92535  
11407.68527  
11433.93252  
11395.41767  
11365.01722  
11368.605  
11418.99095  
11426.90186  
11361.64421  
11297.68649  
11308.02496  
11351.93594  
11377.55277  
11402.61897  
11386.20587  
11333.38221  
11357.17253  
11338.77663  
11283.36522  
11292.10376  
11254.37476  
11231.5998  
11297.72555  
11275.70472  
11318.65783  
11345.81314  
11395.11354  
11373.59822  
11355.65783  
11422.53668  
11409.42037  
11453.11095  
11486.12177  
11425.44035  
11347.24168  
11272.1151  
11377.06445  
11356.10705  
11362.71804  
11366.77002  
11353.04216  
11400.01226  
11431.44989  
11381.91033  
11369.82458  
11347.40663  
11356.38606  
11373.21693  
11343.32317  
11339.41581  
11403.01743  
11354.16213  
11409.83885  
11467.48175  
11434.47497  
11451.95341  
11386.22741  
11410.01455  
11369.20605  
11360.05142  
11256.18977  
11273.24115  
11266.8482  
11290.50541  
11349.02856  
11421.22395  
11426.7248  
11333.21037  
11282.11679  
11248.19563  
11370.28589  
11518.56537  
11399.61696  
11386.5324  
11362.02774  
11341.52719  
11333.80204  
11346.97992  
11428.31755  
11554.76486  
11446.61957  
11633.69332  
11480.81567  
11325.53061  
11345.27132  
11320.04276  
11315.15366  
11233.94494  
11268.85029  
11396.68724  
11505.26228  
11487.42041  
11444.81034  
11359.45189  
11318.9542  
11371.55057  
11354.12849  
11455.92817  
11484.92244  
11415.84189  
11423.19441  
11434.45113  
11410.15572  
11439.47393  
11438.33244  
11432.75391  
11388.15648  
11491.50338  
11440.10117  
11371.18134  
11319.55938  
11257.5918  
11261.23924  
11226.79828  
11230.18187  
11198.80596  
11072.92372  
11053.25967  
11101.43729  
11208.73238  
11359.90854  
11404.86845  
11392.20085  
11469.36604  
11416.78397  
11464.60391  
11464.11615  
11473.37314  
11488.70427  
11458.88131  
11461.94496  
11423.06295  
11409.08104  
11444.88548  
11329.86347  
11354.28095  
11339.81515  
11346.89057  
11403.41639  
11424.20205  
11367.13743  
11421.01827  
11409.12564  
11377.29661  
11364.77248  
11267.14258  
11311.85194  
11328.71126  
11289.58996  
11305.67582  
11245.77945  
11275.408  
11402.90892  
11419.54671  
11344.41016  
11401.42556  
11394.29949  
11419.38721  
11464.06535  
11487.60194  
11408.87209  
11453.97243  
11376.92417  
11432.5714  
11475.90499  
11367.0994  
11379.67296  
11401.85934  
11440.63621  
11381.41468  
11356.51628  
11382.85922  
11341.5877  
11382.16864  
11300.41019  
11339.74763  
11353.41339  
11335.8461  
11347.75565  
11320.20711  
11287.07726  
11263.60526  
11296.10804  
11347.21082  
11287.68705  
11396.70207  
11451.08971  
11429.46454  
11362.74816  
11310.87055  
11303.42612  
11292.4686  
11320.3152  
11352.35021  
11331.77086  
11363.80089  
11340.34063  
11320.5724  
11326.44627  
11412.62203  
11324.35147  
11388.38454  
11418.08374  
11415.01578  
11441.46193  
11436.09606  
11448.22268  
11300.07219  
11255.06314  
11434.11621  
11406.08684  
11404.10085  
11376.02932  
11426.6619  
11436.81432  
11328.9739  
11337.52139  
11343.75445  
11335.18515  
11244.71817  
11296.24251  
11277.13505  
11334.11535  
11330.84895  
11274.69772  
11303.99236  
11314.00734  
11268.03467  
11293.5049  
11353.10537  
11372.4834  
11439.0684  
11473.99053  
11465.22181  
11448.22527  
11406.32959  
11332.32751  
11303.95258  
11293.93095  
11335.06564  
11403.58466  
11427.18241  
11357.53929  
11320.50885  
11257.46558  
11291.72756  
11319.91014  
11390.91983  
11408.25464  
11416.05649  
11388.93669  
11391.44928  
11378.13805  
11343.68001  
11339.92111  
11404.40351  
11383.00458  
11353.53178  
11380.73781  
11429.30243  
11384.51606  
11417.55185  
11504.02672  
11448.7811  
11435.65154  
11407.33107  
11339.94785  
11311.07869  
11335.46901  
11300.06017  
11288.69954  
11278.28435  
11334.85793  
11366.42753  
11359.82328  
11311.92137  
11373.76016  
11453.49485  
11515.22572  
11494.60934  
11436.86249  
11402.87823  
11383.71913  
11346.18226  
11391.7484  
11344.55435  
11393.01829  
11448.03001  
11427.86769  
11420.58323  
11357.60286  
11402.16389  
11379.05441  
11458.24611  
11403.99268  
11376.33132  
11309.69503  
11304.08607  
11179.23345  
11265.23603  
11288.12107  
11358.36345  
11364.0954  
11378.66016  
11393.23071  
11340.54391  
11336.86739  
11400.71652  
11426.22632  
11343.35883  
11369.80319  
11422.43029  
11370.79162  
11311.20033  
11415.81892  
11471.69454  
11508.89558  
11475.61692  
11375.82439  
11343.98332  
11337.78499  
11290.16853  
11259.52654  
11231.49414  
11284.8815  
11336.16487  
11298.93707  
11317.36619  
11325.97367  
11362.53703  
11344.94419  
11381.04331  
11386.35327  
11383.27663  
11395.76793  
11441.50186  
11415.95925  
11347.45143  
11360.67137  
11337.26963  
11345.64324  
11332.13354  
11365.33729  
11358.48096  
11395.70759  
11410.39684  
11392.21946  
11474.19982  
11394.84116  
11405.45716  
11455.05687  
11445.90161  
11403.88001  
11424.16046  
11388.76268  
11360.24243  
11332.61439  
11346.43008  
11385.36332  
11366.18495  
11372.40625  
11382.18072  
11330.10147  
11380.42449  
11388.53927  
11372.5013  
11451.84441  
11478.65572  
11464.22453  
11400.93444  
11349.44469  
11309.31999  
11360.83111  
11434.11093  
11456.09223  
11458.82796  
11337.5224  
11184.52496  
11203.11679  
11274.78752  
11339.32983  
11368.85573  
11284.45299  
11335.83145  
11348.63723  
11334.77481  
11380.41771  
11419.21321  
11429.01384  
11413.81843  
11443.93957  
11329.40546  
11314.55056  
11363.68697  
11285.45234  
11296.04826  
11338.29428  
11350.31244  
11382.31498  
11392.81445  
11416.39543  
11417.58509  
11430.01771  
11366.7358  
11412.11061  
11348.47754  
11434.57829  
11434.28148  
11446.34279  
11423.42398  
11460.76249  
11402.98836  
11396.65018  
11380.77843  
11375.70301  
11395.97144  
11414.09867  
11394.7952  
11441.32315  
11355.27543  
11390.86405  
11373.82843  
11423.21668  
11390.85395  
11469.38185  
11369.0989  
11350.90909  
11306.56297  
11338.86647  
11378.37904  
11328.82146  
11388.12631  
11383.76985  
11406.85391  
11440.63437  
11413.25783  
11335.88334  
11350.38131  
11342.10817  
11393.9976  
11328.96819  
11330.36155  
11361.36563  
11414.39534  
11379.22514  
11329.91438  
11281.49087  
11247.87842  
11296.37616  
11387.07612  
11370.86905  
11370.24499  
11375.03769  
11395.9606  
11429.06622  
11496.01985  
11528.75201  
11555.67569  
11446.34769  
11364.17009  
11439.74912  
11455.2491  
11500.42734  
11467.40525  
11485.08336  
11422.42497  
11403.57448  
11398.91459  
11368.58526  
11350.48079  
11409.28638  
11264.45001  
11418.54575  
11304.32407  
11353.97459  
11309.93427  
11204.9388  
11131.04558  
11053.52657  
11022.16202  
11054.55865  
11163.4803  
11282.18318  
11239.58023  
11267.8183  
11276.02071  
11423.79032  
11502.55752  
11489.39267  
11471.89494  
11443.21712  
11419.42698  
11440.93865  
11537.15833  
11526.60429  
11527.81701  
11446.99921  
11364.76399  
11321.89915  
11352.42794  
11315.37382  
11317.12913  
11265.61982  
11316.09082  
11335.28799  
11407.25672  
11461.60988  
11440.54721  
11382.38501  
11398.06505  
11375.98424  
11363.19601  
11389.56699  
11386.00458  
11334.05987  
11264.44736  
11280.29708  
11294.53356  
11329.44956  
11407.02165  
11417.71129  
11397.74399  
11472.31704  
11343.49893  
11302.02819  
11402.38674  
11423.92897  
11413.02667  
11362.40204  
11341.28039  
11342.05446  
11374.15259  
11340.35616  
11274.89021  
11307.84974  
11324.94766  
11349.63093  
11367.96944  
11369.58408  
11311.7983  
11343.78812  
11342.85218  
11467.43397  
11401.40232  
11373.89801  
11325.92618  
11306.7399  
11295.3925  
11314.39586  
11354.97268  
11418.45395  
11362.10511  
11343.08703  
11323.30303  
11292.99377  
11293.34193  
11292.63683  
11353.18827  
11431.37705  
11507.4793  
11438.03681  
11392.62909  
11336.02975  
11360.97814  
11389.1152  
11428.32749  
11381.34905  
11287.85113  
11371.21501  
11368.39517  
11370.38018  
11288.44556  
11178.44516  
11246.93793  
11267.31132  
11365.16821  
11373.3461  
11435.81851  
11417.30007  
11487.03649  
11468.63458  
11452.90137  
11472.23672  
11450.70485  
11406.91543  
11447.1256  
11474.33802  
11372.07617  
11342.59552  
11340.21941  
11291.15512  
11272.02331  
11351.99157  
11368.30099  
11298.56145  
11306.02948  
11361.22142  
11370.33053  
11391.72698  
11401.98794  
11375.67843  
11296.6783  
11255.13473  
11256.10209  
11331.84476  
11328.19956  
11270.09715  
11239.36713  
11225.63242  
11275.72345  
11263.46905  
11300.91726  
11219.33735  
11220.54851  
11255.77537  
11255.51119  
11302.90557  
11383.4582  
11444.36245  
11469.25849  
11448.98582  
11469.71206  
11439.98899  
11525.72179  
11474.95585  
11472.86253  
11462.34133  
11428.77868  
11418.76024  
11422.86204  
11397.76286  
11386.12226  
11349.95572  
11316.05651  
11329.88578  
11280.87389  
11390.65696  
11272.9517  
11341.8913  
11350.42721  
11358.9483  
11383.6851  
11309.726  
11281.18752  
11307.90105  
11321.40264  
11415.04703  
11422.84458  
11359.02475  
11311.74318  
11329.23768  
11304.8252  
11380.42539  
11428.97149  
11364.57373  
11271.59125  
11260.99322  
11355.39834  
11445.69347  
11442.71424  
11384.70977  
11408.92122  
11415.24089  
11432.61704  
11421.45078  
11446.88343  
11414.05061  
11444.26773  
11415.66489  
11329.42633  
11288.90873  
11295.74397  
11342.827  
11346.91701  
11382.53737  
11428.90349  
11392.58907  
11379.39228  
11329.32854  
11339.42681  
11281.35331  
11291.47382  
11309.33094  
11364.37896  
11445.38687  
11514.15405  
11479.84749  
11470.38982  
11434.9976  
11308.21313  
11308.94306  
11321.58596  
11356.26089  
11380.26767  
11414.19173  
11379.11937  
11324.18872  
11194.6121  
11249.33012  
11270.97157  
11337.86454  
11386.74572  
11421.38852  
11327.9612  
11279.90501  
11357.39705  
11332.56021  
11315.23635  
11369.09582  
11396.60729  
11356.22959  
11375.66356  
11396.73137  
11412.39958  
11377.16543  
11445.04537  
11474.52276  
11422.78392  
11438.18292  
11377.03852  
11315.08731  
11259.6691  
11317.91014  
11341.83006  
11345.58761  
11377.75237  
11341.3771  
11297.66784  
11288.29231  
11467.43262  
11444.71608  
11457.91716  
11322.57916  
11317.52376  
11279.65002  
11331.19139  
11392.3393  
11389.28067  
11367.59672  
11356.91226  
11374.71503  
11414.56866  
11418.0422  
11463.11354  
11543.10892  
11475.60038  
11384.05439  
11373.66825  
11401.88525  
11368.4197  
11352.0296  
11423.19158  
11374.67683  
11293.34204  
11349.64808  
11374.89277  
11393.75631  
11437.53104  
11456.76018  
11335.62196  
11299.3211  
11261.47628  
11237.39275  
11344.29066  
11412.90995  
11470.16145  
11459.32221  
11359.11247  
11307.93309  
11292.3879  
11335.06013  
11352.08043  
11338.96546  
11352.51089  
11384.66051  
11405.09168  
11381.48022  
11371.245  
11370.18996  
11344.40063  
11444.86189  
11454.92062  
11454.39648  
11471.59099  
11433.26407  
11439.83669  
11393.34614  
11378.59499  
11441.44815  
11395.71755  
11372.29517  
11384.88401  
11327.09706  
11314.1123  
11327.45354  
11391.59392  
11356.99069  
11327.18684  
11296.38221  
11411.91842  
11440.12947  
11489.15428  
11423.83675  
11466.81188  
11432.34369  
11534.46362  
11502.39667  
11497.76087  
11459.57613  
11400.81055  
11419.02306  
11456.4785  
11446.86892  
11341.23593  
11248.7368  
11193.13167  
11210.86131  
11268.62915  
11244.47914  
11280.94642  
11249.5052  
11280.42052  
11337.48796  
11342.46591  
11381.02768  
11361.62271  
11317.48943  
11324.58308  
11309.08006  
11273.112  
11213.17097  
11221.04117  
11098.4781  
11115.77646  
11262.18964  
11412.97897  
11446.69308  
11456.13383  
11436.99782  
11415.13418  
11461.84339  
11472.22512  
11444.84912  
11433.64478  
11473.23032  
11483.23312  
11432.12066  
11399.47587  
11362.48464  
11442.1962  
11454.62329  
11452.20848  
11449.93089  
11428.52098  
11397.11514  
11288.19456  
11325.98853  
11332.0056  
11327.06828  
11322.42141  
11351.67156  
11348.78848  
11362.52391  
11276.96961  
11251.46116  
11311.12539  
11347.91463  
11346.27858  
11371.31419  
11299.83913  
11280.31648  
11379.08351  
11354.63533  
11431.40644  
11394.69522  
11358.19601  
11327.16823  
11321.00546  
11289.46171  
11394.96747  
11395.01876  
11402.75047  
11446.26459  
11450.5779  
11403.76591  
11300.98098  
11326.11715  
11308.8294  
11332.42638  
11346.04579  
11344.59989  
11297.5918  
11329.90676  
11309.35722  
11299.43151  
11344.83551  
11351.5708  
11407.9816  
11446.29113  
11445.07993  
11431.38544  
11401.08331  
11325.5998  
11360.53536  
11335.86995  
11347.79684  
11389.57574  
11342.06866  
11467.67473  
11429.51686  
11356.77394  
11342.09022  
11271.12868  
11237.32766  
11265.79064  
11314.67253  
11370.20453  
11427.23627  
11427.67745  
11378.08244  
11388.32506  
11444.30108  
11425.34861  
11410.66369  
11325.43748  
11339.4184  
11319.65094  
11307.92126  
11334.0643  
11362.84041  
11358.09099  
11384.79564  
11401.02336  
11347.33158  
11358.40668  
11281.27379  
11322.2796  
11397.50101  
11390.8427  
11353.65285  
11381.09146  
11352.34553  
11410.81847  
11400.2176  
11351.46627  
11350.47652  
11360.6776  
11384.87029  
11406.74773  
11321.99264  
11360.64709  
11384.1382  
11420.57458  
11384.56064  
11429.61569  
11536.88809  
11506.88585  
11534.22671  
11435.4519  
11382.82516  
11363.32476  
11285.66904  
11381.78709  
11438.58624  
11394.36073  
11363.48986  
11302.22562  
11216.03871  
11265.60673  
11276.37305  
11334.8423  
11380.19877  
11371.68682  
11356.10815  
11363.41356  
11454.1386  
11451.23477  
11401.09768  
11387.86816  
11315.39528  
11389.22668  
11378.11433  
11371.66085  
11378.04239  
11291.811  
11292.54774  
11267.4095  
11290.06485  
11346.68913  
11346.69127  
11391.54336  
11388.01921  
11330.73006  
11308.87879  
11288.06181  
11323.00685  
11360.93558  
11370.19507  
11481.71685  
11363.94377  
11376.21212  
11406.7921  
11413.77947  
11474.02657  
11524.69888  
11444.88822  
11401.62923  
11410.7645  
11362.95517  
11331.91134  
11366.54539  
11397.21056  
11338.11959  
11331.72222  
11407.36756  
11365.56132  
11405.50533  
11384.2159  
11314.83528  
11354.36835  
11349.23971  
11368.58432  
11372.40417  
11443.56562  
11416.70044  
11444.8646  
11441.83019  
11398.20036  
11401.10596  
11393.20942  
11329.5203  
11316.74273  
11349.00066  
11360.66658  
11265.71896  
11206.85551  
11226.52319  
11265.0557  
11235.57574  
11296.13591  
11374.57803  
11362.58937  
11384.42133  
11345.00931  
11346.80048  
11394.99037  
11481.33539  
11475.25417  
11501.5483  
11450.48432  
11475.80303  
11496.46005  
11435.51256  
11627.69452  
11504.14027  
11500.15679  
11418.87926  
11361.36276  
11369.08716  
11282.96261  
11268.03559  
11445.55628  
11355.20371  
11388.76061  
11464.32874  
11314.15629  
11310.2565  
11260.03566  
11263.05157  
11305.72955  
11102.57131  
11144.17597  
11191.55165  
11171.00714  
11266.58731  
11329.06049  
11372.19546  
11400.71409  
11421.27654  
11439.47709  
11460.91451  
11457.36307  
11512.57052  
11510.39293  
11506.13903  
11489.79909  
11438.29441  
11482.28574  
11373.29179  
11306.00222  
11371.00077  
11322.76925  
11388.92018  
11340.85579  
11390.5921  
11395.91602  
11368.8563  
11392.45102  
11314.81622  
11360.95677  
11397.72159  
11339.56032  
11356.26955  
11330.54064  
11280.49835  
11330.40837  
11296.04669  
11400.33941  
11400.73892  
11403.354  
11365.23494  
11395.28159  
11409.05379  
11313.70239  
11340.71315  
11308.13471  
11376.97016  
11344.34274  
11355.69094  
11347.6767  
11371.33166  
11371.74102  
11337.21126  
11394.291  
11419.88356  
11361.77918  
11302.34204  
11328.36431  
11284.56124  
11374.91553  
11384.67387  
11374.44543  
11344.3255  
11308.96109  
11330.84409  
11341.29404  
11348.58269  
11386.39481  
11460.33412  
11366.85487  
11386.12395  
11403.29423  
11388.16741  
11361.56847  
11379.52387  
11380.4969  
11394.49117  
11403.86052  
11363.84783  
11381.35245  
11418.98933  
11444.32104  
11399.6161  
11375.77111  
11336.13997  
11276.5699  
11274.92766  
11305.95955  
11280.59071  
11385.9815  
11348.00522  
11452.48697  
11398.70846  
11370.4471  
11300.97307  
11355.5816  
11268.20352  
11156.69738  
11193.40133  
11271.64376  
11299.63024  
11317.78987  
11345.00139  
11522.82589  
11474.26108  
11340.67009  
11350.16632  
11393.5333  
11304.94539  
11356.41714  
11444.94484  
11427.36685  
11402.23222  
11398.47226  
11458.55889  
11458.93694  
11379.79085  
11358.18016  
11426.37192  
11344.38773  
11278.91008  
11289.55322  
11324.72788  
11303.2176  
11345.71191  
11441.54073  
11539.51266  
11522.90957  
11457.66577  
11427.16951  
11377.57974  
11292.38612  
11124.15822  
11107.32826  
11099.22606  
11138.3445  
11140.34497  
11147.94364  
11315.73235  
11318.35605  
11335.18803  
11325.01301  
11396.2029  
11394.55082  
11472.53651  
11491.85866  
11485.49283  
11484.01044  
11483.54205  
11433.98334  
11457.59444  
11514.12012  
11473.4151  
11495.38452  
11471.73571  
11491.65148  
11458.21216  
11375.99694  
11340.99517  
11479.00888  
11478.90813  
11419.62414  
11377.13841  
11385.36456  
11359.7272  
11375.72299  
11385.86786  
11310.84685  
11257.36753  
11295.63178  
11387.06205  
11402.62102  
11453.33829  
11486.33128  
11430.89771  
11419.01091  
11401.23687  
11414.11717  
11447.45987  
11488.42877  
11318.556  
11424.83423  
11329.08646  
11356.67422  
11329.36476  
11362.20014  
11342.39151  
11337.87173  
11368.10363  
11420.74061  
11445.13407  
11365.1684  
11353.7915  
11432.34274  
11399.32501  
11424.08618  
11373.93487  
11295.33367  
11282.24643  
11213.56967  
11310.51591  
11336.78234  
11390.30165  
11403.81092  
11400.69148  
11353.87938  
11296.807  
11287.18485  
11309.46488  
11317.10051  
11318.61743  
11264.35524  
11251.76621  
11243.63518  
11281.47532  
11397.68329  
11449.26168  
11493.41363  
11351.81857  
11314.32993  
11312.43322  
11344.26848  
11460.35874  
11483.82612  
11548.52979  
11506.0142  
11407.89739  
11305.40112  
11309.1303  
11329.17939  
11344.39401  
11376.21158  
11363.07046  
11294.02331  
11251.54905  
11278.1543  
11299.58519  
11318.53161  
11307.50486  
11370.99037  
11419.01393  
11418.71195  
11427.76266  
11408.04851  
11376.49341  
11389.06128  
11447.03726  
11527.7882  
11481.92576  
11339.49519  
11285.15227  
11287.93063  
11261.72391  
11297.46313  
11332.31231  
11386.59736  
11371.34048  
11404.34345  
11374.18382  
11442.05264  
11469.37723  
11380.58641  
11386.93059  
11398.62703  
11353.37904  
11411.07628  
11321.33735  
11349.79038  
11360.8923  
11314.69026  
11340.3251  
11316.17056  
11340.69174  
11351.88193  
11387.03467  
11365.39603  
11400.95551  
11412.38401  
11431.7986  
11476.75856  
11393.11129  
11360.22529  
11373.32296  
11411.19462  
11403.55345  
11417  
11424.41085  
11415.55384  
11365.19559  
11487.01874  
11421.71975  
11383.04781  
11312.79038  
11365.43883  
11362.15971  
11339.26215  
11319.34319  
11303.65439  
11372.53747  
11282.39042  
11275.34105  
11299.12906  
11357.06203  
11498.03025  
