10702.71972  
10550.05059  
10466.9221  
10432.8899  
10387.62061  
10350.98967  
10296.02714  
10291.44019  
10387.07154  
10466.99663  
10528.55794  
10552.50921  
10549.57312  
10539.67135  
10566.63694  
10538.71988  
10519.46133  
10484.19553  
10483.13932  
10480.93018  
10412.87462  
10394.70975  
10454.0569  
10477.92842  
10505.01061  
10608.30487  
10571.16622  
10586.85459  
10578.10266  
10565.49197  
10513.3457  
10465.71524  
10477.11534  
10398.1275  
10400.32683  
10384.21762  
10417.09204  
10444.65206  
10589.65334  
10665.00484  
10564.82111  
10470.77135  
10457.83162  
10379.86827  
10334.8704  
10259.87191  
10336.07405  
10461.66974  
10485.30316  
10403.90872  
10341.89089  
10289.99092  
10293.9785  
10338.4718  
10399.68152  
10476.09554  
10459.47497  
10521.0753  
10436.30612  
10365.38794  
10375.92876  
10436.87376  
10532.27475  
10565.80244  
10587.95247  
10541.4239  
10501.13733  
10457.57113  
10515.2586  
10495.05738  
10662.75611  
10631.55858  
10775.01287  
10577.49717  
10457.66614  
10415.66578  
10338.22065  
10379.59655  
10352.02215  
10257.81741  
10280.24409  
10302.19834  
10380.53333  
10481.8503  
10585.42107  
10537.88611  
10410.01726  
10357.60225  
10390.80967  
10438.555  
10588.209  
10654.00654  
10734.68331  
10695.13849  
10557.28854  
10484.68969  
10446.17987  
10541.55039  
10673.1905  
10726.07368  
10606.40677  
10440.32773  
10343.10918  
10362.25563  
10338.03122  
10428.3775  
10428.44318  
10404.30026  
10370.58153  
10367.58519  
10408.07149  
10424.24924  
10445.60575  
10497.46589  
10481.24435  
10516.94765  
10403.95201  
10397.43215  
10462.21493  
10586.82954  
10557.75051  
10475.8018  
10423.56169  
10397.11744  
10513.02331  
10599.41668  
10553.28026  
10462.20298  
10379.2069  
10431.85425  
10503.82197  
10540.35665  
10569.62167  
10549.19203  
10496.89673  
10379.06056  
10317.08044  
10337.92645  
10425.00861  
10549.337  
10524.18136  
10612.68716  
10587.13311  
10643.55462  
10529.31648  
10437.22164  
10355.12462  
10465.91554  
10573.62158  
10620.2152  
10648.70291  
10568.35602  
10395.11385  
10289.58511  
10312.62803  
10393.06716  
10424.77577  
10396.63126  
10418.59309  
10498.31089  
10561.18448  
10521.31642  
10565.42271  
10642.77577  
10687.4556  
10681.3398  
10519.80954  
10361.12624  
10392.17341  
10397.93339  
10412.49011  
10335.70654  
10400.1795  
10423.47045  
10419.38619  
10439.56405  
10439.05044  
10492.37694  
10473.6649  
10464.28803  
10519.15005  
10433.71754  
10483.79674  
10472.89128  
10434.2273  
10426.03988  
10350.81702  
10418.48262  
10474.40946  
10433.784  
10424.42135  
10504.49762  
10461.89035  
10478.63684  
10605.16161  
10729.19598  
10688.12349  
10512.15638  
10379.36927  
10389.35359  
10403.8747  
10444.42531  
10419.05367  
10445.85579  
10387.25286  
10338.47604  
10425.60026  
10478.37007  
10613.10846  
10696.93334  
10662.05353  
10581.00357  
10558.50919  
10510.22413  
10476.61461  
10443.62561  
10402.26214  
10361.36058  
10289.26317  
10351.7051  
10420.48955  
10459.9596  
10467.93075  
10441.03525  
10426.69049  
10428.43964  
10531.90901  
10638.4122  
10654.94142  
10600.4889  
10471.791  
10397.86943  
10411.45806  
10450.45394  
10471.35859  
10455.37744  
10406.99361  
10443.94011  
10428.3654  
10466.65481  
10548.27852  
10597.87461  
10644.35705  
10619.77646  
10502.83769  
10370.68921  
10309.72339  
10447.22096  
10387.93479  
10420.58741  
10510.66692  
10533.96865  
10542.38111  
10617.37577  
10548.85196  
10514.14269  
10351.97605  
10287.60389  
10337.87464  
10306.45443  
10339.5825  
10414.21838  
10398.33473  
10458.24293  
10510.78605  
10537.21442  
10492.43424  
10502.55063  
10442.07024  
10479.47831  
10497.386  
10502.77734  
10519.47448  
10506.84078  
10480.39891  
10524.95053  
10550.73811  
10554.90732  
10570.57556  
10558.79889  
10525.19029  
10486.56667  
10464.44353  
10410.81367  
10406.91661  
10374.95159  
10373.45911  
10376.8613  
10413.40905  
10502.6469  
10509.57341  
10501.54392  
10520.64815  
10523.66847  
10553.45154  
10530.56833  
10507.41786  
10452.19723  
10437.04442  
10484.7351  
10459.39777  
10465.98072  
10532.24208  
10563.14631  
10583.61538  
10578.66035  
10538.89076  
10505.60768  
10488.16102  
10523.14366  
10611.69688  
10643.50202  
10581.97269  
10482.06052  
10376.78801  
10352.94323  
10289.91094  
10313.22749  
10287.97652  
10391.78514  
10399.37931  
10514.39084  
10471.60713  
10457.70375  
10373.06465  
10436.2796  
10495.0094  
10567.04771  
10576.97696  
10545.7648  
10483.271  
10424.44032  
10281.31843  
10627.9451  
10577.45188  
10624.39233  
10620.64073  
10542.10406  
10422.3772  
10391.62604  
10387.01669  
10399.67753  
10461.03235  
10414.88712  
10367.75429  
10352.35867  
10371.24523  
10497.41931  
10463.86967  
10467.69683  
10451.51138  
10507.57483  
10565.67508  
10431.35615  
10365.19117  
10310.29736  
10317.26396  
10534.87168  
10611.79943  
10566.80603  
10501.25395  
10477.97579  
10545.86058  
10613.45168  
10692.69064  
10784.14585  
10696.97372  
10602.10245  
10491.84692  
10452.72726  
10469.76176  
10453.42001  
10452.55551  
10324.66765  
10187.81607  
10218.78305  
10339.42672  
10341.91537  
10376.82321  
10379.18799  
10376.07885  
10405.89207  
10460.71361  
10564.45909  
10512.0407  
10456.05092  
10460.5598  
10425.99456  
10460.40569  
10507.48554  
10549.15498  
10484.31062  
10446.45963  
10483.05555  
10551.07923  
10559.85472  
10525.2802  
10601.31778  
10559.68777  
10419.65328  
10397.93272  
10418.53115  
10415.93693  
10373.26691  
10397.12047  
10477.60707  
10550.63175  
10597.25123  
10562.89879  
10526.71879  
10584.64692  
10519.89735  
10463.54373  
10525.47885  
10552.05007  
10588.85441  
10624.47765  
10665.40713  
10608.70559  
10485.91868  
10457.78965  
10392.64885  
10398.33278  
10389.25314  
10388.6968  
10309.86492  
10267.43149  
10237.41365  
10236.03051  
10245.41086  
10289.86748  
10325.73952  
10443.73377  
10486.59008  
10561.35494  
10560.31473  
10560.23473  
10602.76828  
10599.50014  
10538.39642  
10429.52571  
10410.11233  
10488.55004  
10505.02674  
10568.80163  
10637.04994  
10621.13113  
10612.66004  
10549.74616  
10591.22344  
10551.74739  
10461.66959  
10449.52862  
10384.15092  
10346.41748  
10297.13661  
10357.56861  
10426.93941  
10421.03484  
10460.1667  
10472.7406  
10509.61632  
10547.41577  
10562.19465  
10566.886  
10611.22886  
10530.16411  
10422.07137  
10283.54457  
10205.29615  
10199.89618  
10346.68156  
10397.8387  
10411.77652  
10412.50289  
10451.32166  
10497.94182  
10577.26594  
10562.71485  
10540.86958  
10529.13879  
10591.19699  
10646.68296  
10628.34346  
10664.66531  
10658.66057  
10617.69109  
10529.95549  
10423.32671  
10382.05831  
10426.59894  
10405.86329  
10369.42423  
10378.48493  
10430.00863  
10391.54551  
10378.50424  
10330.83353  
10399.85758  
10484.62158  
10546.21092  
10559.7889  
10553.88729  
10436.13852  
10405.87818  
10427.14257  
10443.01361  
10429.16925  
10486.82349  
10583.09883  
10598.26195  
10503.43247  
10406.65162  
10288.12345  
10287.24223  
10432.41163  
10531.25637  
10559.14378  
10531.54369  
10568.74384  
10454.79732  
10483.68838  
10486.69183  
10479.17744  
10437.30785  
10376.24194  
10376.8724  
10445.00631  
10479.67968  
10524.51638  
10543.96802  
10542.24658  
10528.61202  
10570.1093  
10552.94004  
10547.61666  
10481.33526  
10387.20853  
10347.30858  
10347.56432  
10424.14672  
10422.88759  
10366.92372  
10369.6892  
10368.88  
10399.23701  
10505.57353  
10597.19827  
10616.02867  
10637.30582  
10608.52432  
10560.33747  
10471.76361  
10393.71801  
10324.86786  
10345.43394  
10455.45039  
10436.8951  
10453.26069  
10505.42778  
10521.3405  
10528.66125  
10546.06136  
10505.09132  
10490.2118  
10487.31951  
10568.62861  
10563.91973  
10503.04066  
10470.92451  
10416.99688  
10405.66908  
10403.86496  
10404.95084  
10407.12736  
10461.55111  
10497.0604  
10512.2512  
10516.52299  
10500.9832  
10467.45434  
10520.55703  
10584.39975  
10594.25117  
10630.35113  
10627.46892  
10562.71044  
10446.78473  
10327.88366  
10283.87072  
10329.94103  
10437.87901  
10495.1383  
10511.57088  
10473.81179  
10439.23449  
10416.15119  
10500.16173  
10541.31405  
10520.71195  
10386.35851  
10373.12573  
10430.24885  
10419.8386  
10439.78646  
10414.78114  
10431.50341  
10507.57735  
10570.05131  
10563.15515  
10537.49805  
10529.60982  
10534.18829  
10644.02061  
10606.59063  
10476.4276  
10374.2759  
10213.61694  
10158.67179  
10285.47102  
10409.81561  
10515.32328  
10548.60278  
10537.97345  
10449.55267  
10422.17043  
10406.43535  
10412.1406  
10506.22751  
10586.31894  
10486.92143  
10424.44631  
10478.46078  
10528.15194  
10512.0665  
10451.7686  
10458.14355  
10469.30616  
10423.19198  
10410.33793  
10423.91881  
10486.75998  
10549.01682  
10595.44259  
10494.46684  
10413.32756  
10431.70295  
10389.91157  
10476.87651  
10477.70854  
10524.89655  
10589.24936  
10587.56257  
10604.22151  
10529.99872  
10524.13892  
10503.09365  
10526.42312  
10542.94184  
10491.88179  
10454.12657  
10381.70035  
10324.8722  
10342.85002  
10469.98387  
10545.84866  
10566.38059  
10433.90892  
10396.15241  
10392.04845  
10413.41199  
10462.30632  
10516.42845  
10558.04641  
10580.75512  
10524.51277  
10505.83739  
10488.03679  
10430.61489  
10359.12096  
10353.05182  
10329.3634  
10308.32455  
10349.18642  
10437.03456  
10451.62933  
10482.45099  
10447.14902  
10398.2822  
10486.69425  
10486.61069  
10455.75247  
10457.13708  
10427.24122  
10481.76072  
10510.14228  
10571.44533  
10657.33465  
10645.13692  
10593.35642  
10482.99711  
10385.0613  
10351.25329  
10427.3876  
10461.61032  
10514.61211  
10545.64494  
10584.29752  
10563.0847  
10478.76124  
10459.29656  
10417.64843  
10512.75389  
10523.55334  
10596.53867  
10682.8936  
10609.09665  
10470.12245  
10301.92193  
10225.17409  
10215.0375  
10264.86207  
10352.24781  
10362.40752  
10411.80514  
10474.80655  
10542.45536  
10505.03224  
10472.12872  
10409.93887  
10416.14932  
10427.34305  
10456.25753  
10517.83249  
10517.75412  
10497.62469  
10488.7738  
10567.53455  
10541.28796  
10477.25082  
10449.85176  
10514.03567  
10531.52663  
10522.48305  
10527.46396  
10486.41784  
10461.69422  
10553.64111  
10545.21637  
10590.12764  
10516.08825  
10418.87343  
10438.67653  
10480.12904  
10583.17797  
10544.10859  
10518.03776  
10420.23278  
10381.62031  
10426.72254  
10479.24017  
10439.03788  
10408.0425  
10419.92828  
10453.88006  
10463.69897  
10527.73897  
10508.66266  
10452.19659  
10479.53054  
10499.41948  
10540.38939  
10542.28642  
10552.1639  
10532.40456  
10488.19497  
10481.64628  
10452.73763  
10407.77905  
10459.22235  
10442.51995  
10402.54844  
10364.20215  
10297.69464  
10251.82088  
10321.92637  
10406.02275  
10392.99445  
10423.76327  
10414.74369  
10442.71136  
10489.56096  
10575.07904  
10564.43508  
10530.55846  
10534.69829  
10639.16255  
10660.19227  
10696.83635  
10619.44351  
10513.31409  
10371.12769  
10283.4129  
10289.43225  
10371.0665  
10450.42688  
10423.03821  
10435.0298  
10421.78438  
10425.51349  
10448.29826  
10457.74522  
10471.23942  
10507.19117  
10468.54757  
10464.40122  
10433.87854  
10363.45221  
10699.13487  
10593.21822  
10610.52069  
10544.37094  
10462.47667  
10366.14496  
10290.91559  
10339.80412  
10454.7645  
10556.70507  
10633.95142  
10617.96882  
10575.6831  
10479.50169  
10390.54322  
10363.01323  
10316.32366  
10328.18624  
10407.49809  
10471.94752  
10482.01114  
10500.49862  
10512.96378  
10514.98457  
10521.93655  
10456.95217  
10443.14024  
10405.42771  
10491.68901  
10555.67461  
10512.0591  
10528.01705  
10453.08132  
10433.14921  
10425.84959  
10345.8155  
10357.72917  
10436.80151  
10475.35262  
10530.02794  
10496.83619  
10431.74092  
10457.09893  
10434.4519  
10521.91668  
10515.93526  
10508.82494  
10452.90423  
10434.15527  
10516.3193  
10517.84376  
10610.99345  
10639.90754  
10688.27504  
10641.59205  
10600.02158  
10532.2414  
10505.13417  
10399.1217  
10380.66859  
10352.49775  
10411.84951  
10465.56184  
10456.18598  
10440.11074  
10456.79159  
10481.34873  
10495.02586  
10550.51957  
10595.57837  
10548.91736  
10619.43239  
10589.41864  
10539.52135  
10495.67272  
10430.64783  
10346.96998  
10321.96297  
10486.51295  
10578.98218  
10592.2962  
10527.59339  
10506.41323  
10477.29158  
10418.20764  
10421.14178  
10468.10892  
10527.17873  
10463.52805  
10407.12758  
10390.77876  
10358.97047  
10442.63837  
10418.03176  
10401.74622  
10449.21995  
10509.82364  
10533.60906  
10574.3703  
10492.99301  
10447.47422  
10433.50442  
10436.77553  
10508.03593  
10491.35671  
10432.88568  
10309.49423  
10328.04686  
10371.74521  
10466.97682  
10526.64177  
10571.76442  
10530.27202  
10521.85861  
10496.5885  
10526.02125  
10571.82704  
10574.98954  
10488.19546  
10426.4376  
10360.32412  
10360.28792  
10432.71165  
10563.08644  
10520.26604  
10508.94226  
10491.25011  
10447.65178  
10412.49461  
10422.66577  
10372.05646  
10344.41924  
10405.86278  
10494.19555  
10499.30519  
10502.01895  
10474.51786  
10440.3447  
10436.99973  
10421.09259  
10562.01794  
10615.57162  
10642.69995  
10600.77262  
10583.27482  
10513.26591  
10453.83668  
10425.31479  
10451.8995  
10505.03283  
10493.58042  
10459.56804  
10434.60634  
10457.92871  
10418.80697  
10457.70108  
10510.37718  
10506.17513  
10491.23197  
10470.74385  
10426.29821  
10413.0754  
10374.01906  
10422.3604  
10515.90086  
10564.79763  
10536.13095  
10437.82374  
10499.78821  
10477.20764  
10482.59851  
10427.4932  
10439.38176  
10458.29081  
10504.71287  
10460.1144  
10444.79614  
10503.07905  
10549.93627  
10529.79465  
10503.44309  
10470.35561  
10426.87079  
10445.87499  
10408.95697  
10431.82486  
10431.82006  
10384.24203  
10419.45237  
10440.60276  
10490.12168  
10557.35381  
10536.5152  
10507.26929  
10462.49309  
10500.1091  
10450.665  
10427.24155  
10476.23776  
10465.8657  
10462.07346  
10419.6349  
10399.82015  
10449.6353  
10434.35081  
10441.08937  
10476.32563  
10471.7105  
10442.88353  
10474.61568  
10476.10942  
10390.44761  
10308.21178  
10237.95375  
10233.92214  
10234.0251  
10344.52895  
10479.12238  
10513.55748  
10482.93868  
10489.35804  
10491.98823  
10501.84923  
10575.42048  
10579.64775  
10603.82536  
10621.44743  
10583.77225  
10512.06043  
10521.88286  
10582.95011  
10598.67233  
10555.66675  
10530.40292  
10469.32928  
10487.3983  
10488.18328  
10469.4533  
10445.28794  
10506.77848  
10606.31505  
10586.07242  
10490.32996  
10415.68975  
10389.76843  
10382.65587  
10445.27698  
10421.53523  
10428.99574  
10457.22739  
10482.49334  
10545.132  
10561.98417  
10540.2249  
10502.04889  
10509.67496  
10487.25532  
10429.17621  
10427.33822  
10358.87527  
10356.78929  
10374.81968  
10394.15548  
10414.73944  
10424.63924  
10420.18087  
10447.42447  
10384.36624  
10412.05683  
10425.51678  
10455.30807  
10414.67661  
10439.24347  
10397.79935  
10476.04922  
10517.77222  
10530.07103  
10620.42178  
10640.66326  
10557.57196  
10474.50899  
10376.66056  
10414.49852  
10443.2411  
10498.37487  
10479.95003  
10447.51285  
10479.28321  
10494.0281  
10513.09291  
10508.93976  
10422.99081  
10407.29077  
10450.28338  
10520.8558  
10518.32826  
10431.35988  
10403.8737  
10365.78247  
10513.56852  
10567.74896  
10676.29922  
10695.80663  
10586.81639  
10538.76844  
10460.22409  
10432.09488  
10451.77166  
10473.64065  
10406.89217  
10342.21434  
10275.0375  
10326.24514  
10389.2867  
10432.41235  
10483.28611  
10522.25654  
10586.6669  
10613.3152  
10624.69822  
10642.08245  
10586.33934  
10520.69501  
10440.40166  
10402.42904  
10349.30416  
10406.41603  
10438.46211  
10520.1513  
10543.89885  
10537.97239  
10483.28344  
10462.19158  
10467.08658  
10486.25592  
10559.55214  
10477.84129  
10411.37801  
10342.75239  
10352.14489  
10475.24854  
10552.74088  
10507.87083  
10449.03532  
10396.37442  
10427.0556  
10503.78721  
10527.47467  
10460.34461  
10438.98832  
10412.28222  
10442.91487  
10485.13873  
10445.81364  
10413.00433  
10426.0471  
10429.91204  
10520.29807  
10611.59519  
10661.25344  
10614.39772  
10548.11953  
10477.27979  
10403.33491  
10400.56576  
10488.75008  
10458.19922  
10444.84273  
10449.85291  
10475.93989  
10517.90508  
10508.70391  
10509.27709  
10469.75338  
10458.43071  
10453.80414  
10379.36706  
10351.52506  
10346.02591  
10336.46381  
10407.39167  
10422.78094  
10441.13349  
10497.17449  
10606.33682  
10578.92746  
10579.68101  
10532.46646  
10483.53859  
10436.65024  
10430.65034  
10434.6934  
10424.81056  
10494.68701  
10503.66531  
10480.03667  
10521.10286  
10583.57528  
10542.04147  
10537.56803  
10444.55082  
10370.71609  
10392.37451  
10501.34114  
10565.19926  
10548.03264  
10489.64772  
10496.50941  
10396.1566  
10324.77375  
10332.23937  
10436.85271  
10475.8827  
10541.03774  
10554.84392  
10590.6427  
10550.89815  
10525.16551  
10510.01608  
10429.38697  
10400.12267  
10394.64358  
10458.56048  
10545.22138  
10570.44123  
10631.33269  
10571.11155  
10516.15162  
10462.98249  
10475.86338  
10456.56377  
10432.72201  
10322.02633  
10333.48125  
10392.3602  
10440.24271  
10511.59903  
10539.73222  
10528.48847  
10445.46578  
10391.6406  
10415.04208  
10534.68921  
10578.6251  
10525.56415  
10472.19733  
10466.39194  
10421.57015  
10382.942  
10437.63276  
10454.93702  
10479.09083  
10510.07208  
10497.15513  
10459.73687  
10428.08542  
10404.25366  
10390.65785  
10363.09732  
10339.71274  
10302.45853  
10380.37352  
10405.08846  
10481.80533  
10596.26723  
10599.46365  
10514.25527  
10457.77788  
10425.51203  
10455.07903  
10496.92267  
10438.06367  
10497.20538  
10547.50419  
10560.34173  
10636.73292  
10679.12365  
10633.08997  
10596.49138  
10519.25781  
10471.91768  
10411.71993  
10381.08013  
10394.2059  
10419.60145  
10490.80674  
10562.826  
10579.85517  
10608.09167  
10549.07743  
10487.24726  
10420.51531  
10383.22869  
10385.52468  
10402.28716  
10442.95395  
10370.8826  
10359.02547  
10418.6805  
10537.35121  
10559.95653  
10482.75032  
10514.36385  
10467.4043  
10436.9008  
10441.37636  
10387.69887  
10345.71643  
10403.2281  
10410.23887  
10410.37517  
10401.56127  
10457.96514  
10497.13533  
10548.10213  
10548.27257  
10538.45719  
10471.66456  
10400.78148  
10377.23542  
10406.94918  
10406.72303  
10454.79464  
10440.58248  
10489.49619  
10478.35985  
10444.33021  
10409.53211  
10375.18732  
10425.39953  
10450.67349  
10522.56929  
10496.75104  
10526.88643  
10478.8279  
10406.19569  
10423.6684  
10537.8399  
10588.3064  
10569.981  
10501.7437  
10517.6711  
10533.5749  
10530.24709  
10544.60755  
10524.92739  
10599.0163  
10562.63215  
10545.1904  
10561.62733  
10475.61061  
10465.44126  
10475.87409  
10435.27151  
10435.54982  
10485.73358  
10500.36516  
10480.99396  
10490.80749  
10501.83763  
10494.65663  
10457.69747  
10408.52306  
10461.35174  
10536.69996  
10618.17205  
10618.70354  
10565.56985  
10465.17438  
10444.96809  
10442.86807  
10437.00985  
10407.48122  
10386.24539  
10347.23386  
10345.98704  
10405.75283  
10500.32594  
10503.39533  
10449.96956  
10432.11184  
10448.97769  
10471.32351  
10387.98254  
10361.6166  
10401.91547  
10469.93756  
10463.58097  
10389.03002  
10379.51589  
10385.6018  
10420.19999  
10463.19441  
10501.43017  
10498.66819  
10547.15018  
10576.11963  
10681.41263  
10695.32422  
10664.01738  
10562.92491  
10442.18094  
10326.90417  
10358.54373  
10461.10675  
10453.96615  
10526.98841  
10530.16572  
10521.10662  
10537.06261  
10542.6719  
10574.44671  
10597.52915  
10528.72911  
10464.83211  
10399.13558  
10430.52651  
10497.38823  
10545.12784  
10483.3167  
10404.45408  
10374.42674  
10330.03897  
10440.4873  
10701.90153  
10614.30067  
10609.94165  
10531.71038  
10380.00093  
10263.31543  
10149.46093  
10230.20023  
10378.56604  
10519.07966  
10612.32606  
10671.76128  
10637.08076  
10523.4517  
10393.77412  
10331.14434  
10257.58296  
10415.10758  
10476.29196  
10530.60781  
10513.12602  
10526.18187  
10515.78795  
10483.52078  
10518.22886  
10552.98123  
10518.24026  
10490.40342  
10393.9484  
10376.14118  
10404.54408  
10446.97443  
10512.25835  
10561.80556  
10573.39588  
10533.56096  
10526.40947  
10445.47472  
10349.41029  
10313.29722  
10349.02088  
10481.04754  
10442.76562  
10386.67161  
10436.60413  
10403.5696  
10415.5351  
10424.94154  
10415.10681  
10643.02502  
10401.37551  
10406.63706  
10501.67509  
10476.77019  
10427.51614  
10397.75754  
10443.05852  
10482.63225  
10535.96768  
10505.64392  
10472.98931  
10484.96502  
10467.1391  
10461.31446  
10476.05013  
10517.20254  
10507.05805  
10507.86196  
10514.63225  
10461.39319  
10365.93022  
10421.61014  
10498.97847  
10548.44139  
10550.54988  
10566.61919  
10535.94245  
10469.74733  
10481.47294  
10470.51827  
10485.46012  
10481.16244  
10401.4328  
10438.08796  
10489.62646  
10484.31227  
10409.36877  
10340.19114  
10418.26356  
10538.81235  
10593.32509  
10549.55852  
10439.87629  
10382.08925  
10399.99752  
10439.06753  
10483.61112  
10518.34968  
10579.78735  
10580.74756  
10589.60512  
10541.96862  
10493.73879  
10481.33944  
10414.70357  
10306.29068  
10320.65587  
10410.5312  
10494.73599  
10553.99806  
10601.50894  
10484.89764  
10384.85779  
10427.93888  
10319.59521  
10361.06962  
10423.09074  
10499.12434  
10579.90696  
10542.78682  
10525.36235  
10521.71902  
10487.595  
10454.77281  
10381.20658  
10400.23626  
10515.29698  
10564.12005  
10585.54061  
10584.48229  
10535.70876  
10527.64569  
10534.50032  
10486.43504  
10428.84891  
10335.74807  
10396.25728  
10466.72089  
10516.90597  
10544.80378  
10540.82559  
10492.45751  
10402.78967  
10326.56392  
10320.27289  
10379.0114  
10446.67642  
10515.21955  
10520.60963  
10597.93282  
10529.87149  
10483.28471  
10392.77109  
10349.05402  
10375.24596  
10410.77026  
10416.64085  
10460.90366  
10604.9277  
10644.94808  
10649.03492  
10570.82375  
10566.10685  
10568.25634  
10509.97099  
10474.77927  
10468.2098  
10487.85218  
10495.03748  
10514.62991  
10491.11141  
10424.0253  
10385.43795  
10383.69193  
10447.23985  
10387.96091  
10386.42281  
10421.59361  
10456.39615  
10498.12814  
10579.90593  
10564.92872  
10590.54723  
10549.14372  
10436.03593  
10361.62861  
10369.47654  
10359.42747  
10339.06813  
10434.4445  
10471.51446  
10536.27666  
10563.42669  
10602.8911  
10550.40376  
10522.10661  
10469.1477  
10395.81293  
10410.79102  
10446.04097  
10482.36449  
10520.31952  
10494.64406  
10444.47623  
10397.32472  
10387.97363  
10439.38703  
10505.14949  
10511.56363  
10521.35625  
10464.45259  
10456.92704  
10508.12299  
10502.64813  
10488.0733  
10431.54181  
10384.5096  
10436.54523  
10471.85711  
10499.89275  
10517.09109  
10502.74412  
10541.06295  
10546.859  
10582.27446  
10655.60316  
10669.66597  
10626.42174  
10530.43942  
10358.18031  
10279.10006  
10356.14222  
10390.56631  
10464.04158  
10473.96869  
10493.2501  
10536.44486  
10537.95713  
10494.86347  
10429.58986  
10446.59404  
10457.89167  
10464.58151  
10476.15963  
10451.90246  
10437.86681  
10413.47499  
10412.91426  
10441.38453  
10464.16466  
10453.17788  
10443.7937  
10476.69809  
10494.82085  
10502.86874  
10565.4774  
10532.25385  
10460.49487  
10408.16239  
10452.78026  
10478.05351  
10470.65744  
10487.45995  
10558.22866  
10536.97258  
10531.54864  
10450.14757  
10447.73672  
10400.97972  
10358.69119  
10394.3662  
10446.06062  
10497.9629  
10482.00348  
10506.28016  
10524.89923  
10542.65682  
10476.35592  
10463.28079  
10454.43718  
10510.20111  
10560.31779  
10557.09006  
10449.46126  
10370.04002  
10373.20453  
10453.39717  
10491.26426  
10496.78307  
10544.75598  
10602.39386  
10600.91548  
10549.84883  
10526.14885  
10459.78684  
10357.53805  
10339.13829  
10345.81923  
10399.87998  
10479.12345  
10569.02604  
10616.39373  
10582.62529  
10456.59855  
10419.29898  
10369.94022  
10436.28476  
10524.91148  
10488.1128  
10544.476  
10496.64475  
10487.33217  
10472.16485  
10458.58222  
10423.44488  
10315.88794  
10363.87411  
10344.26278  
10324.43417  
10295.26289  
10324.66478  
10365.34643  
10340.43562  
10393.91817  
10436.6532  
10496.0651  
10471.62667  
10475.89669  
10493.19419  
10511.44076  
10457.47403  
10424.29549  
10398.49338  
10409.20146  
10508.51012  
10604.6031  
10612.49201  
10587.93085  
10521.34062  
10476.41294  
10480.49524  
10517.47294  
10532.68532  
10548.18125  
10554.02532  
10563.12876  
10542.41016  
10497.94137  
10372.32608  
10301.39895  
10414.63374  
10487.11094  
10504.99683  
10458.1184  
10485.16182  
10490.15072  
10441.3947  
10441.48136  
10440.49218  
10517.64651  
10561.26634  
10623.85774  
10636.76264  
10518.72519  
10462.43618  
10467.20267  
10514.84869  
10505.55004  
10542.65888  
10568.65858  
10517.82654  
10430.72866  
10292.3654  
10228.49833  
10261.92588  
10287.16968  
10326.73849  
10325.11692  
10376.80524  
10481.062  
10532.88878  
10584.94517  
10579.08431  
10498.25192  
10422.25312  
10426.79298  
10459.56735  
10499.82444  
10537.74812  
10512.42762  
10483.11397  
10390.40285  
10354.41113  
10396.43689  
10458.23753  
10512.97408  
10548.02706  
10563.96921  
10576.21555  
10566.1117  
10594.31287  
10578.09529  
10573.66056  
10496.71358  
10357.57472  
10339.4645  
10427.45287  
10460.34319  
10556.8128  
10590.36773  
10551.56127  
10481.49644  
10409.47479  
10392.31829  
10404.25903  
10392.3403  
10467.85601  
10526.60285  
10586.51143  
10597.2497  
10621.66756  
10517.65966  
10454.08348  
10432.89029  
10494.33889  
10509.63154  
10553.64125  
10551.62062  
10573.82237  
10543.32056  
10478.69141  
10486.36719  
10462.93241  
10443.84797  
10385.58339  
10379.35709  
10353.21575  
10337.2421  
10355.30909  
10394.88523  
10370.2065  
10388.3774  
10455.16738  
10558.17363  
10605.52095  
10548.84274  
10428.27166  
10367.38931  
10346.72625  
10373.48911  
10415.08777  
10414.4762  
10480.14295  
10528.22678  
10536.43252  
10598.97152  
10601.22734  
10537.01894  
10451.53645  
10436.38668  
10487.88187  
10549.87981  
10550.62007  
10608.32319  
10579.61067  
10511.25695  
10378.13525  
10323.37124  
10354.86617  
10402.88292  
10437.31844  
10404.5817  
10299.74085  
10320.21605  
10387.40746  
10468.68571  
10555.35804  
10568.90337  
10545.62558  
10467.96684  
10446.49789  
10447.12564  
10542.62747  
10571.75201  
10558.71196  
10549.07439  
10572.00856  
10570.45489  
10586.12777  
10549.847  
10560.76629  
10505.4971  
10551.42354  
10475.26675  
10452.17321  
10418.18019  
10394.16576  
10434.75269  
10456.42191  
10556.60695  
10608.31911  
10523.71618  
10413.61847  
10315.63323  
10355.27765  
10422.44887  
10479.23468  
10580.38761  
10508.65151  
10501.6659  
10463.97863  
10426.51281  
10516.43022  
10572.8562  
10578.54584  
10594.08243  
10580.10982  
10531.00388  
10362.7988  
10310.3005  
10283.52288  
10364.36022  
10410.44064  
10501.15455  
10537.66913  
10514.09405  
10319.9035  
10279.77931  
10302.72297  
10341.6615  
10454.85065  
10552.79205  
10524.37019  
10565.02656  
10587.59361  
10618.64163  
10522.30825  
10394.40699  
10334.02564  
10393.26195  
10355.61812  
10384.22506  
10414.04824  
10503.37356  
10496.85885  
10485.121  
10433.03178  
10481.95099  
10504.71253  
10548.04325  
10578.80921  
10611.63616  
10694.58987  
10712.8874  
10634.65842  
10591.9925  
10504.23065  
10533.69328  
10526.16753  
10538.71204  
10499.81726  
10440.30213  
10431.92575  
10394.0191  
10324.59624  
10295.16969  
10317.80134  
10359.64584  
10357.03399  
10269.91284  
10285.11707  
10267.18347  
10411.07601  
10556.41587  
10613.60325  
10517.25273  
10434.97643  
10444.52097  
10518.28076  
10502.68941  
10531.94995  
10562.82908  
10539.06305  
10546.92896  
10535.58705  
10483.28672  
10427.93106  
10317.68562  
10368.97139  
10470.6454  
10538.76694  
10582.61652  
10546.50221  
10533.87731  
10553.59128  
10558.86304  
10524.69536  
10357.95491  
10295.37727  
10312.56451  
10300.12098  
10311.29772  
10373.75391  
10467.37046  
10524.44082  
10457.16731  
10414.90989  
10385.31154  
10433.25656  
10445.03128  
10340.80716  
10375.80732  
10482.1182  
10570.72769  
10647.59536  
10591.68174  
10619.73042  
10592.24492  
10593.9188  
10564.97658  
10536.75254  
10472.66081  
10549.00283  
10528.93377  
10494.81228  
10460.89034  
10434.71102  
10504.7123  
10543.73554  
10516.91665  
10547.82325  
10565.43809  
10511.20932  
10608.80231  
10612.14061  
10601.57087  
10567.10963  
10551.03691  
10414.33617  
10374.42611  
10432.69543  
10432.36732  
10336.7946  
10304.29381  
10359.71463  
10415.14894  
10452.05808  
10399.73071  
10398.15328  
10334.38942  
10293.54206  
10328.95297  
10371.68534  
10449.75802  
10522.55369  
10506.01826  
10584.48046  
10557.96134  
10482.66766  
10447.70536  
10479.57702  
10542.14952  
10569.72037  
10551.13384  
10480.68384  
10397.7898  
10479.60693  
10517.39749  
10527.96842  
10507.5289  
10506.08136  
10506.99079  
10526.37148  
10479.98747  
10368.9514  
10365.09199  
10397.00071  
10442.94219  
10550.38709  
10562.65191  
10582.09991  
10540.22585  
10412.19828  
10344.07944  
10347.42745  
10418.75619  
10487.84436  
10510.79133  
10454.59259  
10356.89591  
10423.2307  
10468.81475  
10538.70019  
10556.84923  
10527.25052  
10553.34448  
10558.10843  
10497.91333  
10460.11767  
10396.9484  
10438.89919  
10477.06329  
10472.98845  
10523.33301  
10451.32047  
10435.09552  
10410.04066  
10406.37882  
10428.35651  
10394.28191  
10385.30053  
10397.15677  
10422.63198  
10431.32612  
10470.3287  
10550.08378  
10618.44825  
10679.17074  
10622.3636  
10498.49012  
10474.83451  
10483.64404  
10488.1064  
10527.45055  
10517.14389  
10565.6423  
10628.73767  
10612.43293  
10509.32745  
10385.78198  
10263.41039  
10306.37264  
10352.2572  
10413.08384  
10376.90819  
10367.30292  
10384.55917  
10442.3341  
10430.02472  
10503.95272  
10497.58697  
10479.1605  
10403.62125  
10361.37567  
10414.64597  
10449.831  
10521.89687  
10559.49864  
10594.03033  
10538.97012  
10505.92082  
10547.49787  
10529.58833  
10490.54369  
10411.17205  
10311.13361  
10389.16373  
10427.23001  
10448.48477  
10466.03409  
10526.35602  
10555.08244  
10586.08638  
10556.95696  
10485.50139  
10367.25427  
10420.76549  
10515.86773  
10558.187  
10509.62055  
10395.9508  
10435.4265  
10417.01418  
10468.44506  
10506.26599  
10509.24653  
10452.89295  
10380.28232  
10346.98433  
10388.55506  
10334.40042  
10265.80485  
10305.11318  
10436.98168  
10587.91408  
10653.97282  
10715.21348  
10722.71726  
10726.8898  
10695.84701  
10660.74638  
10622.74765  
10539.24338  
10447.73211  
10369.40228  
10402.96514  
10384.03179  
10344.45819  
10287.33343  
10273.50909  
10364.82545  
10343.04716  
10281.82643  
10291.18959  
10372.20819  
10431.73229  
10445.52248  
10552.97961  
10596.74009  
10688.27405  
10648.06539  
10516.74318  
10521.96997  
10535.66953  
10557.07243  
10520.06679  
10606.0773  
10545.60703  
10541.72965  
10543.05953  
10520.16705  
10529.47136  
10513.99559  
10484.13231  
10398.07247  
10351.71553  
10353.2312  
10372.01782  
10442.16319  
10540.42953  
10483.76673  
10430.92447  
10377.61613  
10411.74153  
10467.58001  
10486.32792  
10485.86825  
10442.88674  
10436.70492  
10505.20572  
10538.61798  
10537.76634  
10513.11504  
10517.92909  
10542.08872  
10499.76035  
10468.25037  
10537.3047  
10497.13608  
10415.39943  
10282.60751  
10237.12468  
10294.97668  
10365.17569  
10456.60004  
10449.217  
10436.36622  
10429.91695  
10479.99768  
10519.00043  
10544.31097  
10507.59123  
10508.95607  
10534.20896  
10576.00582  
10596.50426  
10618.16617  
10592.55458  
10519.73072  
10523.41438  
10467.60364  
10476.34263  
10476.78366  
10432.99815  
10312.07749  
10270.48816  
