11402.3417  
11390.49977  
11368.49062  
11373.51561  
11338.85078  
11357.96451  
11323.62947  
11353.94889  
11329.57076  
11322.79601  
11295.71997  
11390.60639  
11507.60908  
11437.80061  
11427.57656  
11377.69555  
11368.74619  
11279.37281  
11304.1959  
11307.24249  
11319.44387  
11290.34554  
11326.82083  
11304.86889  
11366.60347  
11377.70645  
11304.3868  
11355.84467  
11301.2865  
11341.57665  
11344.95463  
11334.33604  
11337.90765  
11351.47725  
11379.29077  
11326.2509  
11351.68749  
11477.85478  
11509.1303  
11522.50794  
11406.21826  
11414.82015  
11387.67408  
11382.29413  
11321.82637  
11349.87353  
11353.26361  
11319.8861  
11341.88679  
11304.15672  
11276.33149  
11330.56455  
11337.47757  
11344.51965  
11290.60272  
11333.11742  
11324.36167  
11348.38887  
11360.57558  
11372.03171  
11349.88224  
11370.43987  
11370.96734  
11342.0085  
11374.88976  
11373.77724  
11450.07501  
11513.17898  
11437.50139  
11416.23654  
11428.69674  
11326.83767  
11258.09777  
11249.56889  
11313.36794  
11305.63893  
11295.31388  
11344.4948  
11354.14135  
11316.46888  
11311.63708  
11345.55706  
11336.70791  
11406.23593  
11381.24119  
11340.53451  
11356.5361  
11346.47703  
11343.07524  
11289.74874  
11341.69839  
11371.53178  
11378.76658  
11349.62517  
11331.60907  
11348.86267  
11419.55809  
11436.45786  
11469.23627  
11437.01141  
11434.73061  
11352.86252  
11321.15692  
11371.74908  
11393.01886  
11385.61443  
11389.32301  
11343.48442  
11345.13442  
11304.00826  
11320.16584  
11308.43419  
11359.50579  
11425.30266  
11399.49799  
11358.77394  
11330.85985  
11366.69123  
11354.42798  
11362.06228  
11347.54149  
11344.64391  
11363.00624  
11408.10675  
11426.58926  
11425.63945  
11395.7559  
11330.31606  
11289.88466  
11316.151  
11368.52626  
11340.3335  
11349.99218  
11320.20948  
11341.37751  
11332.98136  
11287.948  
11331.57889  
11347.73351  
11334.12615  
11382.58797  
11411.89274  
11324.1831  
11340.00642  
11332.12283  
11354.69947  
11345.82249  
11418.99912  
11431.91345  
11448.14966  
11371.11378  
11373.1368  
11314.8321  
11283.78592  
11287.24891  
11366.39846  
11372.58511  
11380.50764  
11351.10324  
11339.90874  
11359.80777  
11367.8529  
11377.81555  
11394.64535  
11436.21249  
11367.10425  
11345.39166  
11353.58504  
11362.97738  
11397.60585  
11395.35467  
11350.4643  
11338.44306  
11304.96117  
11295.13208  
11334.9119  
11357.17821  
11414.24879  
11403.77417  
11365.777  
11369.21673  
11300.81377  
11335.55016  
11344.907  
11349.81198  
11329.63409  
11355.73237  
11336.4418  
11371.35972  
11375.18553  
11395.35533  
11378.98401  
11361.79338  
11420.45026  
11416.35429  
11423.12358  
11346.99354  
11361.04574  
11342.78071  
11330.09319  
11349.60547  
11384.11331  
11383.46242  
11362.20154  
11375.32501  
11350.73413  
11310.55198  
11385.57718  
11406.53099  
11342.54832  
11308.42279  
11332.54836  
11317.3845  
11341.72621  
11400.24245  
11361.06627  
11437.66478  
11431.8789  
11394.66036  
11358.36922  
11333.39857  
11316.10185  
11293.39159  
11350.19435  
11315.14052  
11334.31252  
11333.35858  
11358.13484  
11338.74866  
11360.25128  
11351.79681  
11315.23286  
11329.01621  
11418.68297  
11455.77746  
11417.54229  
11378.03243  
11321.48352  
11329.31235  
11309.16746  
11350.66475  
11399.89523  
11397.47894  
11407.68944  
11366.05426  
11296.25056  
11346.22761  
11360.36049  
11396.40013  
11355.69945  
11387.72074  
11355.5539  
11358.70029  
11416.58159  
11404.71355  
11380.46654  
11380.10646  
11361.81223  
11403.49869  
11356.57266  
11310.43468  
11321.31646  
11336.01941  
11308.0126  
11377.58648  
11388.92628  
11371.24646  
11363.38838  
11333.61574  
11345.55447  
11335.35192  
11322.80186  
11340.46761  
11372.41318  
11410.89129  
11361.76907  
11384.52447  
11360.8393  
11372.41377  
11350.63578  
11339.0173  
11348.43391  
11373.08198  
11345.00426  
11395.54646  
11426.22941  
11397.94344  
11374.93502  
11346.45963  
11311.9202  
11329.0795  
11387.6375  
11409.20539  
11413.7228  
11462.49188  
11409.79203  
11354.1645  
11355.91445  
11362.21059  
11289.8555  
11332.0858  
11370.13737  
11377.39209  
11348.19764  
11327.07934  
11328.02005  
11378.71566  
11321.83945  
11320.06983  
11342.42871  
11405.87194  
11432.6092  
11437.03439  
11387.40581  
11358.31498  
11371.90186  
11404.56957  
11384.54838  
11332.90969  
11376.71656  
11379.56434  
11387.67319  
11388.79467  
11319.2325  
11329.96745  
11353.07616  
11350.10114  
11339.5959  
11368.19873  
11342.90415  
11356.42775  
11355.52547  
11260.87956  
11367.62864  
11447.22686  
11392.93323  
11354.768  
11357.81481  
11315.04063  
11334.89285  
11340.63053  
11384.94691  
11420.95206  
11343.63412  
11311.87171  
11323.08999  
11342.18545  
11347.71981  
11351.17322  
11337.04817  
11370.24012  
11417.21806  
11365.81867  
11370.55179  
11353.01004  
11355.17903  
11346.84853  
11366.99127  
11363.81647  
11360.58948  
11372.72968  
11330.44029  
11392.81307  
11407.0945  
11378.2891  
11397.93032  
11381.60453  
11409.09477  
11380.2084  
11342.60001  
11399.267  
11426.02623  
11391.47547  
11378.11915  
11335.81538  
11385.71795  
11316.13564  
11332.98484  
11318.91193  
11271.65352  
11304.89588  
11337.69067  
11397.66478  
11394.73063  
11373.10407  
11343.99881  
11311.42618  
11285.10922  
11343.66063  
11359.47583  
11310.37245  
11345.59767  
11359.30513  
11366.04613  
11353.03589  
11352.76023  
11331.53502  
11330.11346  
11370.8518  
11359.40099  
11403.19876  
11405.46473  
11430.50201  
11393.69864  
11370.6784  
11369.67119  
11398.17639  
11383.83135  
11419.81635  
11414.10227  
11400.0102  
11356.35523  
11334.29234  
11372.76483  
11358.02916  
11369.39909  
11401.50393  
11367.24272  
11384.91144  
11387.06012  
11410.52808  
11353.17989  
11319.75633  
11313.79582  
11336.06643  
11355.35265  
11271.10674  
11319.53231  
11315.88547  
11343.90526  
11303.97193  
11348.64387  
11380.98905  
11351.3692  
11305.23827  
11313.20821  
11308.70151  
11378.92344  
11382.87426  
11385.22926  
11361.21669  
11286.62344  
11315.30898  
11327.17264  
11316.58767  
11315.30928  
11344.82227  
11440.8243  
11464.78598  
11440.06666  
11445.44777  
11419.95055  
11397.80497  
11400.70965  
11350.49605  
11317.96117  
11361.7453  
11303.48828  
11363.13221  
11335.36568  
11369.17936  
11368.1999  
11354.47834  
11348.96594  
11334.86758  
11409.51848  
11385.33617  
11344.9008  
11339.9638  
11345.49674  
11363.08748  
11371.07878  
11334.56794  
11297.24883  
11333.26703  
11334.73799  
11338.7922  
11419.33745  
11334.10239  
11390.71827  
11382.66539  
11409.70819  
11403.25742  
11370.36481  
11344.96862  
11353.23637  
11355.51795  
11340.58223  
11378.68874  
11415.38268  
11399.01474  
11406.04089  
11317.8478  
11306.42278  
11329.1557  
11350.99249  
11378.88172  
11378.40428  
11367.83223  
11341.87438  
11336.18601  
11319.27332  
11381.00674  
11366.52505  
11349.38611  
11361.81983  
11382.24285  
11300.95919  
11330.73921  
11389.74898  
11368.81974  
11373.05609  
11321.79122  
11375.24081  
11312.10803  
11342.98893  
11366.69801  
11359.70806  
11367.92259  
11404.68267  
11410.52642  
11346.84226  
11363.50961  
11392.01595  
11347.59286  
11338.63956  
11321.84233  
11391.40861  
11402.39342  
11419.45376  
11389.92321  
11383.88503  
11366.6947  
11361.53314  
11373.18189  
11414.73105  
11406.32201  
11420.99624  
11450.02068  
11370.18738  
11313.00443  
11314.08731  
11344.71282  
11325.16732  
11329.13164  
11317.69455  
11323.43174  
11389.06656  
11395.01367  
11347.05859  
11365.57091  
11353.53073  
11366.12498  
11351.59879  
11325.38037  
11319.68559  
11309.68655  
11344.87213  
11319.6036  
11363.00952  
11369.85492  
11392.97313  
11376.12905  
11362.03199  
11357.35993  
11359.3949  
11355.26849  
11361.53704  
11395.42808  
11416.63781  
11409.91726  
11344.6573  
11371.71691  
11357.64921  
11349.89199  
11327.6415  
11366.02455  
11365.50859  
11337.8945  
11366.37518  
11352.58512  
11365.87488  
11368.39787  
11360.34253  
11372.48225  
11365.49947  
11310.78793  
11326.59247  
11313.88749  
11323.90459  
11380.74332  
11365.43137  
11366.14487  
11356.86635  
11399.69836  
11359.36606  
11343.37486  
11365.27337  
11379.3206  
11375.08266  
11367.87354  
11392.7934  
11383.53661  
11421.43426  
11327.14594  
11326.14944  
11325.03369  
11349.01886  
11315.2572  
11324.11125  
11310.55383  
11322.55645  
11396.81985  
11378.39193  
11414.72159  
11362.59093  
11395.14569  
11348.88839  
11348.39041  
11333.04021  
11358.53167  
11354.25184  
11392.33135  
11396.62818  
11384.8648  
11395.56909  
11342.77914  
11382.13571  
11370.08082  
11339.81994  
11347.98868  
11358.44304  
11328.44457  
11367.28698  
11365.15149  
11334.1537  
11354.74494  
11325.14795  
11337.45576  
11361.92034  
11359.50122  
11362.24398  
11429.46024  
11432.68036  
11349.77011  
11322.98147  
11368.81788  
11340.20486  
11382.02663  
11378.21963  
11382.73613  
11371.34027  
11358.20762  
11342.79955  
11336.58888  
11404.21144  
11354.79043  
11405.78276  
11435.84106  
11412.42747  
11332.70938  
11369.36443  
11348.40974  
11332.96481  
11361.72919  
11351.94766  
11384.10113  
11331.44323  
11285.39126  
11330.83509  
11352.66673  
11353.98226  
11346.65643  
11376.78243  
11373.90353  
11350.50491  
11368.82243  
11386.20528  
11331.16793  
11362.68669  
11303.50303  
11363.66016  
11398.29736  
11431.96487  
11370.09569  
11392.9517  
11335.32558  
11338.20151  
11319.15055  
11356.05282  
11384.72034  
11397.1685  
11393.40914  
11339.87311  
11353.8563  
11338.44358  
11371.48994  
11402.62825  
11398.81368  
11405.83635  
11388.43888  
11347.6098  
11320.03293  
11334.02839  
11308.8859  
11320.458  
11336.66512  
11332.17322  
11389.16723  
11366.29858  
11303.35553  
11361.8601  
11364.40342  
11379.36928  
11368.84654  
11367.3164  
11369.11511  
11394.497  
11370.50295  
11371.3083  
11323.28469  
11314.77726  
11403.37116  
11361.16871  
11378.07568  
11384.06003  
11357.28939  
11351.94559  
11355.40694  
11360.19711  
11320.34192  
11346.5272  
11342.93747  
11344.88433  
11362.25317  
11329.32979  
11335.09971  
11365.8908  
11390.00336  
11361.04726  
11425.14134  
11484.05629  
11449.8672  
11401.8334  
11386.83629  
11316.32544  
11373.59374  
11380.07208  
11349.36425  
11318.34915  
11306.11094  
11314.41092  
11293.22093  
11315.01964  
11318.61719  
11325.05818  
11385.1762  
11366.52644  
11443.27933  
11405.89552  
11379.34163  
11312.28137  
11313.5678  
11272.91728  
11327.25998  
11351.49575  
11369.9273  
11355.90227  
11349.04658  
11365.51346  
11433.04546  
11460.70479  
11496.81269  
11497.83297  
11450.49518  
11340.47147  
11346.53973  
11340.20164  
11340.16787  
11366.31052  
11385.42526  
11354.69001  
11376.41417  
11312.45285  
11326.40583  
11321.26689  
11282.48544  
11300.97963  
11331.57021  
11303.74163  
11320.26329  
11348.45583  
11392.83332  
11369.90135  
11422.26838  
11426.4238  
11470.34949  
11386.74343  
11360.71595  
11407.7949  
11368.2675  
11328.84428  
11343.67001  
11328.43114  
11349.16075  
11328.08838  
11340.89913  
11320.42132  
11374.47907  
11405.40355  
11404.1953  
11411.80767  
11380.50435  
11379.90123  
11386.69538  
11376.57884  
11362.79031  
11247.16012  
11287.92962  
11497.27449  
11405.14491  
11340.24594  
11341.72086  
11348.42153  
11308.34724  
11308.42055  
11308.75283  
11350.21832  
11388.49766  
11417.27765  
11362.60152  
11366.08336  
11313.63725  
11354.27268  
11344.52065  
11405.47717  
11430.5588  
11413.37646  
11301.00299  
11299.59323  
11288.54376  
11294.20672  
11316.6823  
11356.19786  
11356.05612  
11356.1925  
11319.56432  
11341.66929  
11341.09541  
11401.00091  
11408.34248  
11353.7993  
11354.29681  
11334.85145  
11347.75459  
11323.54739  
11301.57276  
11300.6918  
11340.82038  
11368.20197  
11368.73775  
11401.21747  
11370.35843  
11405.88118  
11404.32318  
11377.38799  
11384.93676  
11365.77494  
11342.19568  
11392.96595  
11423.29844  
11475.4576  
11507.41833  
11488.2844  
11420.07079  
11311.76011  
11248.16713  
11269.46544  
11277.60506  
11327.17866  
11337.9593  
11365.80207  
11376.12463  
11359.70743  
11301.89705  
11343.28405  
11374.4363  
11332.13437  
11354.3699  
11358.82964  
11386.95611  
11407.0194  
11350.71805  
11371.11006  
11340.2626  
11368.09305  
11370.4385  
11382.69665  
11362.53598  
11359.71144  
11342.76255  
11361.35042  
11364.3046  
11330.2554  
11358.76418  
11375.43676  
11374.8243  
11340.39048  
11366.122  
11346.86787  
11396.61336  
11359.06373  
11345.73821  
11338.93122  
11337.06923  
11348.43964  
11345.10336  
11335.03027  
11343.98517  
11351.61237  
11320.11826  
11385.28442  
11414.93767  
11397.22271  
11386.15394  
11363.70013  
11332.03535  
11345.52246  
11337.11635  
11337.80331  
11322.5172  
11350.51399  
11400.7801  
11392.52525  
11433.67974  
11384.79738  
11318.28195  
11319.89558  
11312.08881  
11323.89583  
11307.17904  
11351.45287  
11384.3214  
11417.83435  
11410.55357  
11408.22618  
11368.74814  
11388.74149  
11399.31843  
11394.38368  
11390.16336  
11325.21464  
11395.39155  
11360.99861  
11340.50576  
11333.61895  
11356.59308  
11362.09872  
11391.35773  
11379.45966  
11308.0138  
11303.72574  
11322.40791  
11396.73472  
11368.57079  
11368.45819  
11354.88254  
11417.85091  
11427.24087  
11382.69294  
11383.07059  
11377.81939  
11336.99087  
11336.92039  
11332.61192  
11315.45813  
11352.47816  
11377.65984  
11384.60353  
11320.04763  
11380.59912  
11356.13992  
11343.10453  
11337.30586  
11353.9209  
11340.5521  
11342.83353  
11337.82594  
11347.48337  
11335.09579  
11385.95208  
11341.75105  
11439.02277  
11449.30629  
11410.73188  
11366.55802  
11345.82445  
11323.95576  
11312.44252  
11325.54162  
11372.0228  
11371.59253  
11364.29598  
11341.09363  
11296.26298  
11325.23255  
11347.54813  
11353.07955  
11386.60188  
11369.05829  
11387.21645  
11364.80942  
11349.77783  
11339.21898  
11386.66082  
11356.60756  
11373.73335  
11406.7232  
11381.10185  
11359.29764  
11336.44335  
11347.98759  
11303.81523  
11317.00104  
11299.68059  
11334.54452  
11400.92406  
11470.15445  
11461.54915  
11398.50318  
11356.40109  
11295.03216  
11255.66686  
11306.61307  
11327.82024  
11340.78865  
11346.31018  
11333.32705  
11362.73703  
11340.78592  
11409.12804  
11424.70108  
11408.68738  
11393.60675  
11365.23716  
11352.90531  
11360.53292  
11360.37815  
11387.86798  
11407.2439  
11389.06299  
11356.55925  
11399.53121  
11324.99138  
11372.32654  
11348.89675  
11296.06593  
11365.7605  
11375.52541  
11391.94676  
11376.42113  
11364.62564  
11370.2367  
11386.08569  
11342.49593  
11373.87987  
11381.33391  
11395.0743  
11354.85933  
11320.57818  
11354.71389  
11331.03678  
11338.9537  
11311.56071  
11371.34204  
11387.30107  
11426.82501  
11396.17255  
11410.99399  
11390.43605  
11324.5644  
11297.93317  
11347.60094  
11311.66117  
11303.98837  
11337.31784  
11381.03697  
11365.9957  
11342.51131  
11383.29234  
11344.67066  
11397.54962  
11357.55073  
11389.30096  
11336.90548  
11340.64125  
11321.35159  
11373.15525  
11388.50413  
11341.90406  
11371.98867  
11341.7669  
11353.12839  
11367.05183  
11382.53361  
11371.00843  
11350.94049  
11391.27656  
11369.78342  
11383.60961  
11395.08263  
11424.60061  
11380.68535  
11378.30737  
11332.26512  
11346.11975  
11356.2552  
11385.14296  
11362.49634  
11306.92011  
11317.56585  
11343.9859  
11315.24793  
11369.17783  
11363.74814  
11412.55486  
11409.13103  
11350.74465  
11341.75472  
11371.88219  
11347.41472  
11316.7291  
11315.34866  
11335.18566  
11340.45083  
11374.16879  
11355.18735  
11380.0676  
11346.45222  
11422.63206  
11389.02365  
11359.12563  
11354.02287  
11363.3766  
11351.82662  
11382.79903  
11366.27354  
11338.60534  
11329.72488  
11342.33579  
11325.73615  
11319.86736  
11361.19203  
11392.05974  
11394.96088  
11375.4508  
11364.89949  
11361.28504  
11358.95371  
11372.15961  
11383.73775  
11420.28208  
11384.00516  
11347.79861  
11333.84158  
11312.7972  
11336.77982  
11351.46627  
11372.88856  
11367.12793  
11375.02675  
11360.81589  
11347.5498  
11349.11319  
11364.06376  
11368.45055  
11381.52328  
11385.48046  
11316.80087  
11348.93113  
11330.62844  
11358.51914  
11404.48898  
11387.38172  
11332.18888  
11360.71538  
11386.40196  
11376.98323  
11358.98947  
11367.18475  
11368.07605  
11355.01536  
11309.2367  
11358.95192  
11413.77298  
11367.27342  
11309.99802  
11339.59156  
11324.1147  
11357.95867  
11364.303  
11404.47774  
11427.67126  
11378.19491  
11396.28878  
11336.0466  
11361.53788  
11304.58826  
11344.46854  
11359.80213  
11364.73175  
11382.5196  
11391.5923  
11382.70469  
11381.61514  
11369.74842  
11323.57836  
11339.64862  
11330.97977  
11353.0522  
11375.7092  
11375.56996  
11404.99964  
11350.10792  
11354.15326  
11379.96219  
11364.20984  
11359.3414  
11403.05766  
11363.85237  
11354.76372  
11336.91789  
11327.66112  
11320.53952  
11328.29647  
11328.90903  
11387.10602  
11384.928  
11365.35964  
11399.91366  
11330.27776  
11313.81627  
11324.60703  
11332.02949  
11368.15484  
11430.12028  
11387.47731  
11371.62937  
11349.82573  
11386.74932  
11348.79508  
11360.30897  
11353.90541  
11328.91663  
11376.33461  
11355.00332  
11335.10515  
11346.84335  
11362.76403  
11381.33782  
11411.10236  
11362.08708  
11366.89192  
11347.93817  
11329.06785  
11366.81463  
11318.28282  
11347.47474  
11354.74617  
11356.23795  
11463.22522  
11475.44019  
11453.50229  
11395.5743  
11381.6258  
11352.51124  
11312.83254  
11326.76885  
11318.35731  
11344.24443  
11319.64821  
11337.19811  
11318.86856  
11337.30603  
11361.2815  
11339.81708  
11379.06949  
11381.93329  
11390.52858  
11348.46886  
11339.4661  
11336.41199  
11310.97505  
11336.21772  
11353.1848  
11361.57314  
11391.91543  
11385.90942  
11363.92478  
11378.48396  
11383.25605  
11363.45248  
11353.64125  
11399.00786  
11358.32325  
11354.27991  
11355.37151  
11326.34891  
11316.19723  
11368.68231  
11378.30148  
11396.07329  
11379.10075  
11369.16729  
11354.70829  
11370.72378  
11365.13442  
11363.70922  
11337.70295  
11328.67647  
11297.74592  
11316.829  
11343.89485  
11398.30806  
11414.77932  
11418.02301  
11408.61608  
11374.71339  
11359.48732  
11325.47487  
11337.21332  
11342.34903  
11311.52783  
11335.17267  
11315.84258  
11314.77096  
11349.25875  
11390.77417  
11434.65474  
11455.48274  
11406.15138  
11367.54193  
11332.89865  
11299.26562  
11293.21025  
11295.16296  
11316.8912  
11387.42795  
11420.8806  
11388.54672  
11359.82627  
11393.01926  
11355.25506  
11336.48794  
11355.09955  
11395.76914  
11360.71506  
11359.27086  
11368.31791  
11329.2335  
11312.19886  
11339.36671  
11331.50945  
11344.25416  
11366.51098  
11388.66593  
11354.42189  
11364.45548  
11339.16829  
11376.45361  
11349.94665  
11368.22465  
11363.10133  
11375.30305  
11381.49412  
11358.2334  
11367.09204  
11432.57036  
11408.37493  
11464.98659  
11453.41033  
11434.78246  
11372.71998  
11325.09069  
11297.21646  
11271.68085  
11354.55444  
11365.73345  
11388.61128  
11361.19502  
11354.49853  
11374.1863  
11366.38403  
11406.03342  
11382.56984  
11363.10592  
11356.33251  
11298.01607  
11320.26958  
11359.85733  
11339.4506  
11342.51737  
11299.79726  
11335.99853  
11361.09838  
11355.84728  
11379.45477  
11321.66958  
11347.4528  
11333.14262  
11333.39076  
11341.60547  
11357.00614  
11369.75487  
11459.30351  
11460.82986  
11475.60322  
11413.52753  
11356.70052  
11319.52532  
11332.34741  
11326.13772  
11332.50095  
11321.0129  
11354.12045  
11392.29879  
11390.07185  
11366.65614  
11301.2277  
11349.91568  
11395.42228  
11386.78888  
11379.54957  
11389.76767  
11394.24204  
11361.13492  
11321.6496  
11348.72583  
11328.65304  
11353.07673  
11345.01527  
11426.41044  
11463.65021  
11448.84427  
11452.62022  
11430.1171  
11389.10439  
11309.06732  
11297.93186  
11305.3834  
11382.10023  
11344.80416  
11355.91535  
11347.64838  
11388.38283  
11425.96961  
11370.72713  
11335.77917  
11297.32569  
11326.09539  
11301.55433  
11275.84007  
11311.30261  
11315.83241  
11363.10926  
11359.22404  
11320.29567  
11365.59648  
11366.84528  
11325.11195  
11382.60653  
11393.82262  
11381.64507  
11387.54589  
11415.58674  
11347.91941  
11390.30284  
11377.69875  
11391.53871  
11407.32024  
11409.71287  
11388.32168  
11409.05678  
11391.77884  
11378.4348  
11346.067  
11332.34159  
11375.10715  
11334.4682  
11346.20872  
11331.34828  
11324.80556  
11366.47129  
11329.82008  
11300.33284  
11316.86507  
11367.2066  
11351.58835  
11355.48142  
11350.24102  
11390.89337  
11341.57741  
11350.74251  
11329.58291  
11366.77146  
11361.19843  
11337.61421  
11380.43431  
11386.54731  
11428.09289  
11444.87219  
11444.34543  
11407.78806  
11352.10597  
11323.9111  
11368.26378  
11312.16246  
11311.55057  
11352.8078  
11372.76485  
11398.78333  
11357.60273  
11316.8193  
11329.81948  
11295.11371  
11297.12326  
11348.68082  
11346.96815  
11338.71686  
11350.66208  
11328.06866  
11318.28707  
11329.14371  
11345.90525  
11375.36057  
11365.2829  
11369.30581  
11372.61252  
11437.07038  
11401.20766  
11370.95304  
11350.74634  
11382.75114  
11398.63437  
11363.30649  
11369.73055  
11368.28031  
11348.54116  
11361.06139  
11341.76702  
11343.70502  
11349.65397  
11333.29388  
11360.9567  
11317.99682  
11352.43094  
11339.67159  
11328.81167  
11354.62847  
11393.18362  
11377.7206  
11382.77993  
11352.35291  
11334.61606  
11331.24833  
11372.0982  
11332.01191  
11340.59821  
11360.27448  
11345.69333  
11381.92587  
11386.32055  
11389.60575  
11340.33555  
11359.213  
11349.41772  
11359.15357  
11319.29801  
11323.5782  
11367.61346  
11355.27786  
11362.17125  
11380.7966  
11391.33878  
11351.23867  
11399.2566  
11407.81636  
11394.51588  
11370.6023  
11300.5695  
11360.82103  
11380.28663  
11424.58067  
11404.58037  
11420.72323  
11451.45032  
11367.60152  
11284.34488  
11317.80954  
11337.84779  
11354.26886  
11378.9412  
11360.0212  
11335.8272  
11331.37725  
11348.74339  
11328.13691  
11320.29757  
11292.30024  
11372.65417  
11333.12463  
11334.63475  
11316.50509  
11324.45988  
11312.79271  
11381.67728  
11386.57772  
11368.19881  
11367.80444  
11366.28405  
11356.93797  
11377.69147  
11377.38724  
11355.83001  
11378.92478  
11323.79252  
11398.90291  
11413.08741  
11403.98994  
11432.70501  
11373.91406  
11342.1698  
11323.59609  
11359.46919  
11363.44676  
11353.42215  
11374.87294  
11419.65653  
11392.65138  
11372.93928  
11383.20784  
11361.72585  
11351.10233  
11392.49976  
11355.40261  
11357.75687  
11358.95482  
11337.92295  
11331.49733  
11328.25487  
11324.55165  
11364.91686  
11322.23214  
11337.62699  
11331.26146  
11365.5301  
11417.02912  
11393.86548  
11386.86085  
11397.30014  
11365.3345  
11361.02014  
11309.989  
11305.25205  
11360.2294  
11354.16514  
11332.28459  
11378.66109  
11440.20305  
11447.39648  
11372.72587  
11343.33414  
11321.02391  
11309.43175  
11323.92829  
11341.37488  
11321.41752  
11345.73529  
11375.07489  
11382.89604  
11369.1961  
11392.31765  
11396.5203  
11385.8067  
11409.45157  
11390.98311  
11315.33489  
11284.7996  
11307.64389  
11300.03349  
11359.84419  
11401.80474  
11330.03117  
11379.93599  
11393.40704  
11386.89784  
11404.01742  
11392.51478  
11386.14241  
11350.73464  
11320.07132  
11320.57505  
11359.34639  
11360.13967  
11371.57355  
11363.07068  
11389.22925  
11379.90285  
11373.69611  
11384.90826  
11396.67233  
11344.35805  
11369.22201  
11320.757  
11328.0026  
11368.66148  
11385.5995  
11377.11067  
11389.55582  
11391.34356  
11320.49318  
11278.42298  
11315.81851  
11366.44566  
11399.05119  
11380.26271  
11406.088  
11399.38545  
11416.33697  
11386.04494  
11340.19368  
11356.37684  
11357.8033  
11376.50277  
11363.87205  
11336.83587  
11323.79139  
11306.87747  
11362.09072  
11380.87639  
11348.9852  
11378.32238  
11388.68221  
11417.83983  
11415.16363  
11337.60963  
11341.43785  
11303.94618  
11320.75041  
11366.04874  
11322.81957  
11348.29769  
11332.63547  
11381.97203  
11355.21975  
11371.14618  
11361.91647  
11391.40716  
11381.93396  
11397.12052  
11369.01666  
11406.13694  
11381.5996  
11367.96016  
11321.19327  
11324.7582  
11306.07677  
11306.85919  
11280.02641  
11301.79853  
11312.54782  
11358.58648  
11376.33299  
11342.12329  
11367.48072  
11356.21795  
11378.17547  
11362.91994  
11377.25426  
11366.9475  
11419.87512  
11375.7235  
11348.32881  
11295.79528  
11326.53498  
11337.42207  
11384.28185  
11426.96842  
11384.16969  
11409.71199  
11364.28832  
11393.9126  
11496.43604  
11518.10845  
11456.34322  
11380.03199  
11330.77221  
11287.44092  
11281.99595  
11317.4282  
11325.1291  
11301.85183  
11324.25314  
11362.10026  
11383.58252  
11359.57058  
11378.95519  
11342.52064  
11337.6288  
11293.71149  
11353.58391  
11341.19833  
11341.7037  
11337.67728  
11325.2058  
11301.34525  
11288.02802  
11300.17434  
11302.99974  
11327.85374  
11356.37509  
11422.06687  
11399.40294  
11417.54434  
11373.55276  
11360.52682  
11369.19594  
11434.33605  
11409.57058  
11385.16811  
11371.95175  
11358.42163  
11344.78018  
11340.31568  
11387.18613  
11428.08542  
11444.83182  
11415.11944  
11408.94173  
11415.33734  
11387.4943  
11373.49103  
11315.08737  
11311.41008  
11299.00283  
11295.69639  
11310.36167  
11345.50065  
11344.20057  
11390.8478  
11398.00611  
11388.37443  
11364.83888  
11404.72834  
11392.14832  
11370.87547  
11358.93113  
11392.8178  
11350.99274  
11336.54927  
11322.49694  
11275.99009  
11297.9488  
11309.86804  
11325.46812  
11367.92037  
11411.86092  
11495.53667  
11510.53498  
11441.36491  
11357.24616  
11315.51635  
11287.36473  
11318.63526  
11347.4415  
11449.26815  
11464.59698  
11437.2569  
11435.69708  
11347.20731  
11309.50356  
11260.01187  
11262.77497  
11329.20774  
11333.40037  
11360.33019  
11355.10505  
11439.16361  
11435.11198  
11411.75569  
11334.70619  
11296.09864  
11280.25381  
11304.76019  
11353.54698  
11342.35674  
11325.37914  
11333.57657  
11324.03146  
11319.9189  
11346.55246  
11343.1408  
11335.73378  
11385.10996  
11331.97261  
11378.00744  
11358.79638  
11354.7464  
11392.09974  
11387.57107  
11392.15078  
11404.44974  
11384.612  
11353.89299  
11367.60425  
11395.53381  
11395.77828  
11394.34853  
11388.24957  
11359.18719  
11354.07411  
11397.58761  
11387.55627  
11392.72295  
11333.11909  
11344.09007  
11321.3886  
11324.10076  
11326.95453  
11381.30119  
11388.59496  
11375.43537  
11361.95309  
11352.15829  
11348.39587  
11333.47622  
11347.59472  
11330.7129  
11345.86495  
11369.55207  
11344.54978  
11394.78902  
11384.43268  
11378.23097  
11384.2464  
11379.95239  
11289.11708  
11338.16065  
11363.67146  
11321.18943  
11405.8295  
11389.25785  
11383.5349  
11346.16582  
11331.77603  
11341.5454  
11319.58308  
11337.4478  
11352.06806  
11353.32733  
11383.61215  
11345.01353  
11378.97767  
11370.68058  
11403.96758  
11408.34115  
11383.66424  
11352.16572  
11367.06104  
11331.33301  
11332.24017  
11306.75059  
11355.99034  
11386.28581  
11389.82043  
11386.70167  
11380.35673  
11330.25976  
11351.11482  
11422.32974  
11446.79585  
11406.26786  
11343.88931  
11328.73252  
11329.66362  
11352.24581  
11367.8487  
11362.24661  
11354.69834  
11346.21227  
11358.83839  
11347.27976  
11345.30369  
11297.18377  
11390.39465  
11359.66495  
11337.21211  
11365.5026  
11346.48774  
11320.70092  
11344.49052  
11392.75228  
11388.65792  
11373.76081  
11409.82543  
11385.02793  
11399.51014  
11405.3559  
11392.63534  
11308.7967  
11297.59765  
11296.07244  
11339.18698  
11312.74925  
11313.01449  
11338.63304  
11390.40444  
11386.44879  
11375.83774  
11373.43184  
11365.03502  
11341.00899  
11352.65611  
11374.12201  
11425.43735  
11398.23431  
11435.46894  
11375.12452  
11316.46558  
11337.09937  
11328.21787  
11291.45411  
11318.26685  
11317.58588  
11336.81272  
11369.62843  
11384.52103  
11359.56592  
11374.20614  
11388.09693  
11401.77888  
11408.65947  
11386.74686  
11357.0044  
11347.94498  
11374.15989  
11393.79826  
11409.26918  
11444.45973  
11404.54172  
11336.34387  
11308.98906  
11282.47593  
11284.87405  
11324.32357  
11392.09432  
11361.06977  
11354.63304  
11392.71485  
11339.76578  
11334.24509  
11350.99644  
11336.13558  
11351.00405  
11362.33685  
11415.17791  
11410.86004  
11386.29518  
11392.87232  
11344.99783  
11348.80596  
11370.7699  
11343.25417  
11377.5057  
11375.23016  
11358.28483  
11360.33155  
11370.5621  
11391.56659  
11388.02531  
11414.03578  
11402.968  
11354.44256  
11334.47722  
11300.7356  
11334.18495  
11334.42435  
11315.57067  
11305.70679  
11379.05068  
11341.6431  
11363.26581  
11317.67645  
11360.42197  
11324.88838  
11353.00192  
11306.0793  
11380.53972  
11349.03626  
11333.92342  
11347.97672  
11372.53337  
11329.10203  
11347.67487  
11365.28476  
11410.06461  
11390.75085  
11387.55101  
11381.27611  
11352.68379  
11373.66442  
11407.27157  
11373.99858  
11364.66216  
11392.49458  
11420.53261  
11438.24765  
11345.59444  
11316.44132  
11327.9466  
11349.16739  
11344.21668  
11389.06634  
11359.46192  
11392.68192  
11359.99188  
11343.91095  
11364.70989  
11334.90976  
11319.23635  
11375.53037  
11343.25754  
11323.29545  
11343.7429  
11330.82835  
11375.30618  
11372.2201  
11355.04743  
11364.37629  
11339.33  
11336.36627  
11326.40187  
11339.45709  
11322.61763  
11354.98974  
11379.92547  
11416.38985  
11448.10276  
11411.46764  
11416.01592  
11387.8455  
11356.65884  
11347.09969  
11353.00243  
11329.32847  
11309.17453  
11364.6773  
11372.33466  
11396.93023  
11373.5476  
11348.02188  
11373.98546  
11323.15784  
11348.4395  
11306.30713  
11345.46137  
11397.52216  
11376.20218  
11357.57214  
11346.30465  
11360.10748  
11359.68306  
11389.4112  
11391.42936  
11369.07596  
11365.06831  
11317.34108  
11280.26869  
11290.05147  
11366.29261  
11356.77282  
11353.92835  
11382.89999  
11420.71174  
11425.90077  
11338.04437  
11314.37441  
11312.81984  
11368.98648  
11395.84745  
11366.01462  
11332.1364  
11363.55563  
11372.72357  
11372.61905  
11363.74135  
11348.70947  
11344.42365  
11377.68402  
11363.32955  
11398.47862  
11393.12425  
11417.16038  
11321.91261  
11342.74267  
11348.70162  
11322.12265  
11376.24187  
11360.47796  
11366.70657  
11354.34408  
11315.93383  
11367.19042  
11332.07303  
11335.41477  
11358.61251  
11314.30153  
11383.28864  
11376.51376  
11362.51059  
11395.00592  
11361.53099  
11358.18711  
11327.2684  
11329.06553  
11357.56612  
11357.08966  
11376.12815  
11368.60327  
11381.28268  
11353.01235  
11361.66133  
11300.9262  
11358.20829  
11375.83579  
11415.2286  
11449.31419  
11479.75229  
11425.4582  
11449.68707  
11449.44831  
11420.22316  
11413.63657  
11384.80621  
11316.66768  
11285.64894  
11270.0657  
11283.78324  
11327.023  
11306.43237  
11344.81676  
11365.31754  
11370.30063  
11338.17306  
11302.95901  
11326.71046  
11345.09108  
11402.47625  
11363.48275  
11361.83002  
11314.23889  
11326.8295  
11329.81301  
11311.75503  
11317.84618  
11366.34092  
11384.11507  
11347.95234  
11334.74316  
11350.33951  
11330.05378  
11360.04429  
11397.09239  
11375.52931  
11386.56241  
11387.0536  
11408.54218  
11407.50162  
11379.64684  
11395.23941  
11347.70548  
11380.42729  
11338.13874  
11319.54952  
11303.05668  
11297.9268  
11356.76835  
11384.20684  
11405.59031  
11318.24356  
11407.32134  
11442.22692  
11343.24061  
11384.10938  
11359.79593  
11337.49255  
11369.50354  
11364.35455  
11316.88637  
11323.44701  
11267.66763  
11290.08045  
11289.64012  
11366.38142  
11417.58386  
11402.31573  
11429.01155  
11424.51391  
11385.55696  
11357.15115  
11323.63304  
11294.21502  
11307.5861  
11338.01108  
11413.31934  
11366.12835  
11391.54999  
11376.16032  
