11312.71361  
11311.25026  
11283.17038  
11258.46649  
11192.64602  
11201.26984  
11221.65682  
11257.20919  
11285.32535  
11288.25792  
11276.29045  
11224.76326  
11276.84719  
11317.11076  
11336.19295  
11271.33177  
11281.94644  
11300.70472  
11256.10583  
11318.73073  
11230.3879  
11254.07941  
11266.78685  
11271.81368  
11277.50247  
11330.76665  
11262.44223  
11230.82458  
11209.94197  
11207.71335  
11251.63369  
11230.34205  
11259.85408  
11260.84786  
11280.02483  
11231.21803  
11250.73838  
11247.01079  
11214.15281  
11205.511  
11259.2517  
11264.35146  
11250.74065  
11199.78562  
11241.17008  
11300.41129  
11320.55155  
11240.2317  
11193.22929  
11219.93046  
11211.11837  
11214.8585  
11230.26511  
11237.11225  
11285.05469  
11289.33542  
11257.02544  
11237.32201  
11151.64864  
11157.81707  
11266.66869  
11259.47852  
11289.99445  
11289.36585  
11264.94721  
11255.48376  
11311.92604  
11259.99476  
11286.21161  
11350.15332  
11344.8951  
11340.3639  
11416.97055  
11316.67779  
11276.56317  
11253.53485  
11241.79302  
11268.66956  
11262.84581  
11251.6508  
11267.78978  
11244.06733  
11250.32437  
11308.38554  
11266.35028  
11221.06635  
11168.82607  
11198.05119  
11247.72672  
11300.62855  
11344.98792  
11341.39484  
11336.19742  
11273.58835  
11244.6708  
11257.36883  
11285.68179  
11370.3897  
11382.64633  
11297.00298  
11221.68395  
11200.16329  
11249.3401  
11277.11678  
11311.40527  
11273.65682  
11266.99738  
11249.2978  
11226.04837  
11212.92578  
11271.18395  
11279.96197  
11295.72682  
11174.20852  
11240.41082  
11223.61261  
11213.61482  
11284.96865  
11284.44526  
11350.99882  
11260.6636  
11197.72091  
11217.987  
11256.33357  
11265.79991  
11282.2205  
11259.70061  
11227.65702  
11227.30315  
11273.76938  
11286.5349  
11314.95544  
11282.04939  
11247.64186  
11190.12557  
11169.69182  
11242.69901  
11299.39941  
11290.7611  
11276.7756  
11262.89294  
11321.81327  
11365.27878  
11316.41005  
11259.31625  
11183.46531  
11227.79446  
11277.77462  
11314.30818  
11317.80253  
11334.36349  
11269.69146  
11169.34354  
11212.91987  
11226.75283  
11288.35064  
11241.4927  
11215.79883  
11249.95107  
11302.58265  
11322.89438  
11344.77796  
11336.01449  
11366.99943  
11381.3345  
11295.7189  
11215.59642  
11209.8071  
11243.78099  
11227.09457  
11184.05854  
11222.80875  
11237.34617  
11262.43246  
11263.66396  
11269.93611  
11274.08897  
11284.6141  
11311.19624  
11287.2721  
11293.33907  
11232.59668  
11295.84277  
11246.78346  
11198.5791  
11161.8768  
11248.54184  
11249.86051  
11300.77781  
11266.88348  
11246.25555  
11228.61698  
11279.32386  
11346.79446  
11393.48576  
11323.17429  
11211.82884  
11188.78264  
11166.44701  
11236.28701  
11274.43976  
11319.69912  
11205.70282  
11241.14463  
11248.02925  
11245.2149  
11288.80011  
11297.83702  
11307.7738  
11285.37341  
11262.66144  
11250.97836  
11313.60675  
11333.39787  
11328.33861  
11308.33876  
11266.04184  
11255.24877  
11237.97944  
11277.24172  
11264.6452  
11263.16632  
11249.16144  
11190.76573  
11242.84796  
11278.29944  
11304.64525  
11352.11405  
11339.17208  
11254.83866  
11164.82586  
11199.46551  
11262.87921  
11250.93755  
11272.94454  
11241.35516  
11207.56235  
11215.97749  
11238.69346  
11298.23849  
11310.09334  
11339.95713  
11295.94691  
11243.60973  
11224.97009  
11217.05176  
11223.58249  
11258.63338  
11207.88024  
11279.95672  
11298.74846  
11257.32319  
11273.72656  
11347.28253  
11277.25951  
11260.39977  
11206.9357  
11235.26568  
11231.67439  
11258.86719  
11229.2885  
11258.57931  
11276.3181  
11302.93586  
11335.92573  
11314.92542  
11247.77565  
11194.08162  
11147.27801  
11216.84868  
11258.98828  
11281.48607  
11270.54395  
11287.93488  
11248.05248  
11303.75879  
11312.48057  
11290.77359  
11240.37305  
11236.81348  
11231.88394  
11260.41607  
11298.3218  
11274.83362  
11239.32437  
11173.65168  
11195.2738  
11212.17085  
11237.33589  
11320.39263  
11282.85665  
11284.35033  
11267.75416  
11304.06666  
11332.27765  
11333.35388  
11276.6987  
11259.24846  
11272.08028  
11249.99147  
11241.23391  
11272.55094  
11334.07859  
11310.15656  
11288.09303  
11203.72039  
11201.01419  
11195.51814  
11237.15101  
11283.66972  
11266.35747  
11300.83912  
11259.74887  
11195.81533  
11200.10824  
11230.80911  
11277.10927  
11223.52775  
11228.8695  
11250.12099  
11280.64479  
11267.3749  
11272.59175  
11265.80458  
11223.4413  
11260.48417  
11292.22435  
11328.26629  
11308.53336  
11341.41057  
11289.92758  
11228.0513  
11160.37711  
11246.48252  
11226.87993  
11216.26933  
11223.66468  
11279.92064  
11281.51691  
11277.13806  
11250.10963  
11262.17444  
11256.80258  
11218.06281  
11198.72338  
11233.74352  
11262.81995  
11294.02662  
11275.25005  
11278.7997  
11325.52565  
11371.1543  
11318.07782  
11273.24003  
11283.40461  
11267.52585  
11269.02976  
11292.18997  
11267.54682  
11277.19043  
11270.55345  
11283.74579  
11300.31389  
11306.29487  
11370.18652  
11351.43632  
11319.03526  
11213.04831  
11195.1028  
11250.72589  
11242.39597  
11205.02673  
11192.90255  
11231.26485  
11208.14926  
11191.42403  
11194.19809  
11224.191  
11202.56928  
11246.48453  
11251.9983  
11287.20112  
11372.51871  
11354.80381  
11251.17121  
11229.42028  
11221.50385  
11259.70595  
11286.23962  
11292.05181  
11345.22667  
11262.566  
11264.4061  
11278.79441  
11324.37166  
11292.62264  
11306.19994  
11350.47394  
11276.81533  
11240.61523  
11217.92378  
11236.23859  
11274.49938  
11261.58131  
11269.10891  
11319.90486  
11345.52724  
11293.95924  
11286.00015  
11209.65322  
11234.14299  
11225.8236  
11251.48931  
11256.76259  
11268.13425  
11293.60809  
11327.01449  
11356.39967  
11268.8347  
11240.78516  
11228.84272  
11245.42444  
11228.39803  
11269.42758  
11271.21407  
11223.50298  
11189.69464  
11190.33177  
11249.74933  
11269.75236  
11223.54523  
11194.85465  
11264.67624  
11251.40985  
11259.55392  
11261.71423  
11282.3621  
11298.3972  
11275.67845  
11206.37207  
11184.70061  
11247.73566  
11256.30736  
11293.6582  
11316.73427  
11365.47147  
11301.64042  
11332.25128  
11359.41586  
11359.16889  
11284.72965  
11253.83172  
11270.91165  
11208.90265  
11198.43627  
11196.09555  
11220.11405  
11259.03192  
11251.48664  
11300.86097  
11307.79616  
11286.35408  
11236.0624  
11289.55875  
11333.64679  
11320.81075  
11295.37623  
11247.61981  
11205.18853  
11189.36374  
11246.7094  
11221.1343  
11188.33476  
11206.9706  
11251.22168  
11275.46932  
11277.97744  
11287.96238  
11277.79333  
11286.83393  
11288.45235  
11305.9815  
11296.53521  
11263.03531  
11327.03988  
11357.19984  
11316.46587  
11245.91355  
11232.72502  
11251.5293  
11231.96022  
11241.68956  
11206.61123  
11259.04132  
11267.59719  
11187.40568  
11173.77087  
11232.07792  
11247.2243  
11295.66576  
11224.77498  
11234.24938  
11252.08774  
11249.55623  
11243.89263  
11242.81605  
11227.62721  
11258.4484  
11296.07494  
11369.59976  
11323.4743  
11234.81101  
11225.68375  
11204.00699  
11266.5975  
11300.8347  
11315.39885  
11291.16982  
11280.63148  
11261.08126  
11255.42542  
11255.76568  
11326.2775  
11317.29914  
11301.61909  
11270.62495  
11242.54425  
11293.57139  
11268.74645  
11180.70554  
11229.80438  
11270.42275  
11342.80145  
11317.44053  
11230.17522  
11235.10824  
11217.24183  
11189.17501  
11227.83789  
11219.65152  
11289.16288  
11222.54235  
11213.75709  
11162.75956  
11224.77719  
11279.17367  
11322.15897  
11323.50262  
11315.35902  
11328.79317  
11317.75334  
11298.7685  
11222.96063  
11204.45503  
11208.88533  
11228.62896  
11251.8198  
11259.11009  
11227.21161  
11270.43092  
11253.77868  
11277.46829  
11304.90363  
11335.64931  
11345.1619  
11348.48129  
11349.52082  
11260.08527  
11218.25879  
11270.2905  
11244.3623  
11261.04066  
11233.26814  
11252.70662  
11254.9357  
11245.33769  
11245.16807  
11213.9174  
11233.19392  
11258.61611  
11237.47816  
11276.67707  
11351.56949  
11285.63209  
11329.2922  
11347.20806  
11231.49943  
11203.19649  
11223.14576  
11210.91689  
11266.60362  
11235.00128  
11289.29461  
11294.70487  
11262.98571  
11264.35017  
11261.37315  
11319.41293  
11325.66021  
11247.67804  
11224.02596  
11270.59457  
11308.73443  
11254.16689  
11240.58933  
11203.23869  
11263.52621  
11298.96073  
11279.78372  
11297.51465  
11325.94834  
11309.9927  
11337.32196  
11314.75807  
11279.2665  
11187.51717  
11168.42902  
11182.97965  
11232.3105  
11262.99851  
11236.10043  
11285.11801  
11285.67116  
11236.93226  
11195.69336  
11242.36457  
11288.7499  
11300.69356  
11330.44927  
11278.95976  
11220.62731  
11221.2924  
11195.20605  
11244.92285  
11233.05942  
11278.15476  
11261.45528  
11275.22153  
11248.43411  
11275.56805  
11329.52837  
11325.74039  
11310.72831  
11229.64289  
11183.88456  
11212.01758  
11247.90322  
11249.98047  
11257.87192  
11245.12104  
11281.87932  
11301.28829  
11325.53999  
11291.94182  
11265.56214  
11278.11066  
11275.71531  
11314.96351  
11346.39124  
11300.98761  
11243.48031  
11240.45266  
11202.49306  
11276.85238  
11265.87372  
11264.09483  
11257.53063  
11228.70436  
11227.47081  
11193.56101  
11272.03397  
11262.76182  
11250.51496  
11244.03223  
11309.66334  
11290.28752  
11301.69665  
11279.57499  
11265.32098  
11236.15065  
11246.97682  
11250.50442  
11247.11714  
11222.03341  
11233.37947  
11245.93467  
11250.67044  
11277.74907  
11270.30649  
11281.75031  
11202.4541  
11226.09313  
11240.30325  
11251.18185  
11293.22481  
11297.32185  
11346.49872  
11324.98247  
11274.77966  
11216.63199  
11241.71376  
11250.96649  
11265.42203  
11262.36457  
11251.7885  
11249.16221  
11201.95739  
11182.28099  
11195.87613  
11221.83265  
11265.09565  
11264.70405  
11323.77883  
11340.03922  
11383.37623  
11318.21515  
11297.31754  
11226.19171  
11194.75057  
11244.0937  
11251.71772  
11234.47538  
11236.07139  
11275.75272  
11266.38106  
11253.0716  
11277.66365  
11206.83291  
11219.18724  
11222.53331  
11230.94989  
11256.78845  
11288.88456  
11274.41072  
11268.65101  
11289.89988  
11305.39767  
11297.98304  
11267.28361  
11243.21032  
11270.91401  
11224.9006  
11222.44783  
11246.60994  
11288.69418  
11311.40281  
11311.14803  
11346.55032  
11325.63811  
11307.20898  
11236.87603  
11271.04035  
11298.71438  
11297.11585  
11344.79595  
11341.78942  
11273.51717  
11208.93339  
11205.56553  
11232.51583  
11244.24877  
11221.35228  
11219.715  
11234.06815  
11282.16468  
11279.94655  
11267.49543  
11248.35619  
11282.87932  
11280.67902  
11256.18195  
11303.11051  
11273.79251  
11257.95446  
11234.09879  
11266.95744  
11276.85444  
11304.26398  
11271.66843  
11229.56939  
11234.44793  
11251.34144  
11163.98042  
11148.18149  
11184.87459  
11192.53911  
11232.46253  
11222.58604  
11239.07  
11247.22168  
11237.42316  
11285.57982  
11301.48335  
11286.70184  
11289.54965  
11313.36369  
11316.92563  
11317.97677  
11318.46443  
11310.66442  
11216.82324  
11273.35028  
11223.16216  
11251.96222  
11259.37238  
11274.89977  
11235.8713  
11251.12551  
11267.70343  
11213.54287  
11239.36606  
11282.20143  
11299.84339  
11334.87747  
11293.40944  
11249.2427  
11235.36477  
11187.1674  
11203.88307  
11228.77375  
11257.34318  
11240.90019  
11219.10182  
11201.74887  
11258.68837  
11287.89972  
11303.8659  
11289.78161  
11275.82227  
11297.6803  
11261.43889  
11280.30099  
11267.74065  
11230.28526  
11245.1415  
11248.09848  
11249.38091  
11275.50545  
11271.30371  
11266.63775  
11282.05376  
11221.04888  
11309.35758  
11280.91566  
11320.51876  
11334.87711  
11325.79117  
11346.91108  
11308.35727  
11251.68519  
11250.67373  
11219.49373  
11222.07915  
11200.85516  
11235.03331  
11282.16617  
11239.94603  
11276.16473  
11293.12628  
11256.43755  
11348.54446  
11359.68519  
11315.64659  
11346.49789  
11324.29153  
11289.39592  
11234.67645  
11250.25252  
11280.88651  
11295.48777  
11313.93349  
11294.38929  
11280.98201  
11226.10645  
11265.89433  
11235.62166  
11236.27817  
11235.25298  
11246.886  
11232.94901  
11257.204  
11187.30854  
11190.8933  
11239.80227  
11291.11159  
11254.75678  
11321.66026  
11318.64674  
11312.195  
11348.15851  
11319.80685  
11276.56795  
11239.0626  
11221.04857  
11201.22584  
11227.78269  
11281.27462  
11288.52745  
11299.84709  
11262.81656  
11218.16257  
11240.13302  
11284.74969  
11303.9541  
11336.46089  
11293.91257  
11245.09509  
11216.61441  
11212.67809  
11237.56065  
11324.59498  
11265.73109  
11207.2685  
11253.58799  
11262.07566  
11309.71782  
11315.79574  
11304.50365  
11307.84108  
11320.17856  
11269.77215  
11284.59755  
11244.95914  
11221.67881  
11177.99645  
11207.65558  
11230.1286  
11279.18436  
11304.8456  
11253.76521  
11258.39093  
11257.816  
11266.80417  
11269.14242  
11296.4101  
11261.87736  
11276.15332  
11218.57221  
11233.74352  
11235.50663  
11238.27991  
11242.90214  
11254.318  
11291.58075  
11311.67866  
11303.03973  
11311.48109  
11277.48669  
11263.99481  
11262.47636  
11259.24085  
11248.51727  
11288.39299  
11290.54806  
11262.81476  
11264.88477  
11261.87341  
11287.70487  
11251.5019  
11273.70205  
11249.68493  
11243.62459  
11235.29888  
11278.37747  
11275.86498  
11221.11724  
11267.30798  
11302.83255  
11236.75606  
11218.17789  
11195.51963  
11245.92306  
11225.42506  
11271.46387  
11309.93601  
11284.40466  
11304.65933  
11286.85187  
11265.80438  
11211.44737  
11243.80273  
11240.49203  
11253.54353  
11277.46058  
11229.65019  
11187.99969  
11261.83034  
11288.85773  
11300.04729  
11297.08362  
11328.26742  
11332.43688  
11225.64021  
11209.38363  
11276.67218  
11266.3842  
11297.95369  
11224.3676  
11258.73073  
11259.90142  
11319.02385  
11312.59067  
11305.80469  
11288.5626  
11229.96937  
11157.11888  
11188.02914  
11259.08409  
11266.87222  
11231.29816  
11275.36894  
11265.9431  
11307.93832  
11301.63276  
11291.39047  
11276.9504  
11237.97199  
11270.39936  
11190.23237  
11234.35552  
11255.70179  
11278.53737  
11318.80392  
11313.54174  
11322.75499  
11299.46911  
11240.08301  
11161.78243  
11163.42419  
11173.1325  
11178.77477  
11207.05664  
11182.7922  
11206.34061  
11239.58938  
11244.17547  
11235.78978  
11296.10023  
11251.66257  
11317.38549  
11342.47831  
11339.16458  
11283.24219  
11277.70163  
11255.68914  
11222.57468  
11256.079  
11287.2131  
11331.29379  
11306.91026  
11293.3384  
11307.90096  
11284.78325  
11293.10346  
11284.50869  
11286.46392  
11295.52143  
11320.42958  
11338.16231  
11308.59375  
11251.49995  
11263.8402  
11227.77333  
11258.956  
11255.57463  
11255.18467  
11289.31569  
11296.07561  
11291.17532  
11246.40774  
11223.82057  
11268.14849  
11278.84503  
11333.58188  
11286.95235  
11209.81805  
11174.52544  
11193.19757  
11191.25051  
11243.42722  
11208.01079  
11207.79898  
11277.13389  
11281.41745  
11286.29605  
11218.36575  
11260.1709  
11220.30726  
11229.90918  
11222.80926  
11285.51645  
11271.07962  
11267.8346  
11262.21752  
11226.18508  
11270.6876  
11282.1821  
11205.86534  
11218.66555  
11287.39443  
11265.39206  
11280.85033  
11264.79924  
11313.03099  
11289.19829  
11324.28053  
11311.27925  
11333.59699  
11258.07216  
11219.2794  
11225.14191  
11259.59149  
11251.17069  
11247.85855  
11252.63605  
11250.81795  
11272.58614  
11296.0625  
11279.88554  
11296.27801  
11324.27421  
11274.85377  
11276.98844  
11301.36688  
11295.77179  
11273.52647  
11245.64869  
11229.10125  
11174.6509  
11235.85136  
11240.96824  
11260.67753  
11286.57278  
11294.74301  
11260.11364  
11259.55448  
11290.96006  
11323.12248  
11317.92049  
11316.83681  
11293.53737  
11218.36837  
11200.47235  
11145.10948  
11240.70672  
11272.37161  
11270.33995  
11277.77041  
11263.38872  
11255.34647  
11269.12279  
11372.88127  
11348.08034  
11298.68365  
11269.78187  
11242.68442  
11200.03403  
11220.65692  
11262.17188  
11265.37222  
11221.24902  
11206.4136  
11230.16298  
11255.62176  
11251.42203  
11267.53315  
11270.33157  
11295.23987  
11340.67722  
11306.11909  
11308.78654  
11313.51377  
11259.62397  
11241.49794  
11291.90512  
11272.12865  
11304.72913  
11306.36595  
11271.75401  
11248.71618  
11273.35547  
11254.60711  
11236.37104  
11217.52606  
11233.91088  
11219.04903  
11245.24039  
11288.08337  
11294.46849  
11308.87644  
11296.52601  
11341.41961  
11287.85187  
11297.42635  
11259.92922  
11194.1636  
11201.67948  
11221.3989  
11211.36935  
11247.92152  
11266.07504  
11241.78726  
11286.37988  
11305.92326  
11309.43647  
11325.55417  
11276.30921  
11262.50077  
11248.75344  
11238.64767  
11270.85778  
11229.85259  
11254.73813  
11259.3493  
11224.49979  
11260.34067  
11235.60367  
11200.91797  
11198.42388  
11198.22759  
11247.06019  
11285.72219  
11327.96412  
11283.48509  
11304.80638  
11263.49229  
11190.55885  
11204.89854  
11249.41956  
11294.53469  
11282.46371  
11301.00555  
11324.12824  
11293.09601  
11313.92496  
11330.85331  
11292.85017  
11253.27056  
11238.23576  
11261.38446  
11249.78063  
11273.82463  
11258.37541  
11289.94536  
11267.68334  
11270.37269  
11302.29395  
11304.39556  
11289.39037  
11253.75709  
11231.26562  
11170.79261  
11198.36313  
11251.70857  
11233.82299  
11262.6139  
11238.83213  
11237.96824  
11254.37474  
11262.64335  
11304.04544  
11275.15908  
11268.36637  
11270.91468  
11292.19629  
11266.13353  
11276.61755  
11278.65625  
11266.69583  
11260.54194  
11241.16941  
11220.81682  
11238.26095  
11260.96366  
11297.88482  
11274.78495  
11237.91602  
11213.16884  
11190.02539  
11242.50098  
11253.51095  
11255.27128  
11306.44891  
11314.71757  
11285.83224  
11303.10326  
11290.19506  
11316.64335  
11248.60449  
11244.44428  
11249.72774  
11231.89057  
11275.90764  
11300.55232  
11294.97523  
11280.34041  
11294.97086  
11265.54096  
11308.86714  
11274.14669  
11299.83255  
11268.57155  
11236.17809  
11257.149  
11237.49301  
11274.57586  
11267.49291  
11235.98725  
11176.26136  
11193.9043  
11241.48602  
11285.64422  
11307.58835  
11283.71644  
11268.13461  
11270.4136  
11267.60336  
11278.82283  
11236.07658  
11280.68308  
11282.03341  
11288.24692  
11322.42234  
11264.73139  
11241.90275  
11231.44362  
11241.37197  
11249.41828  
11236.85511  
11249.64947  
11269.0863  
11252.01547  
11252.52976  
11235.15908  
11266.49368  
11298.70549  
11277.1655  
11247.86832  
11244.52565  
11247.49399  
11264.18493  
11332.09031  
11278.98854  
11222.29873  
11155.59617  
11174.7702  
11218.3327  
11268.87911  
11257.36369  
11265.23957  
11312.02688  
11239.24764  
11215.12084  
11270.44048  
11292.72307  
11336.96402  
11306.85593  
11302.05602  
11283.67635  
11312.72538  
11286.36323  
11302.34822  
11298.59175  
11333.44917  
11300.94187  
11312.29646  
11316.71346  
11249.52549  
11220.2978  
11226.5332  
11220.21382  
11269.671  
11310.53295  
11312.36816  
11281.72219  
11229.25252  
11276.06024  
11298.72111  
11237.81903  
11278.18082  
11279.02817  
11240.45194  
11252.21942  
11263.70456  
11261.67301  
11251.40913  
11298.55088  
11255.57561  
11225.76162  
11217.32787  
11201.97733  
11181.29914  
11222.1894  
11229.92131  
11317.78577  
11321.02354  
11322.03963  
11259.06461  
11230.27436  
11235.15676  
11244.44799  
11212.5351  
11249.03259  
11262.1508  
11214.61513  
11198.69423  
11193.91874  
11196.66365  
11238.81224  
11282.28444  
11285.07129  
11253.33239  
11274.53346  
11283.95143  
11363.90507  
11359.08075  
11354.73998  
11322.74635  
11259.98756  
11228.62186  
11212.34046  
11230.50946  
11264.36241  
11234.47363  
11285.30047  
11238.94223  
11283.84149  
11271.56605  
11255.93329  
11346.29682  
11350.38867  
11259.32185  
11222.4098  
11237.77097  
11231.76275  
11249.5624  
11249.45605  
11268.82782  
11217.26249  
11235.69649  
11289.59915  
11366.8512  
11386.95086  
11320.04713  
11242.22538  
11235.99604  
11191.34956  
11206.84611  
11207.21495  
11226.35233  
11295.51732  
11285.12834  
11308.68041  
11306.67861  
11283.91165  
11226.49979  
11157.65024  
11193.24306  
11195.14875  
11270.8751  
11275.98946  
11287.98355  
11294.72009  
11286.87372  
11303.41458  
11276.23201  
11274.86631  
11272.60449  
11229.18652  
11230.94783  
11241.78022  
11248.81841  
11268.35675  
11304.99342  
11275.22512  
11327.60012  
11279.57401  
11342.84976  
11304.48211  
11263.33291  
11273.50252  
11221.99527  
11244.95384  
11178.57252  
11255.13795  
11264.07155  
11279.53742  
11235.0755  
11271.07232  
11281.02508  
11100.3181  
11275.3971  
11249.17856  
11239.22995  
11238.61302  
11221.73895  
11205.50226  
11291.07011  
11294.68673  
11282.84858  
11261.40327  
11279.28824  
11305.71669  
11340.38636  
11301.05798  
11250.18087  
11220.10716  
11197.75663  
11237.97872  
11213.96284  
11166.51927  
11198.875  
11258.97605  
11271.72723  
11279.65939  
11306.31846  
11318.59077  
11300.47661  
11279.96906  
11308.58357  
11304.28737  
11278.6819  
11246.54328  
11226.9174  
11253.72075  
11282.42167  
11338.19572  
11291.05911  
11225.36194  
11214.5661  
11240.3399  
11239.00781  
11285.01367  
11305.41931  
11246.58506  
11237.04497  
11247.18329  
11279.31939  
11278.29261  
11293.99907  
11287.65769  
11262.47723  
11238.84241  
11220.36878  
11229.33121  
11250.0901  
11265.29574  
11315.08162  
11278.86205  
11333.6195  
11320.29395  
11307.16494  
11297.46207  
11248.6435  
11193.14258  
11240.50689  
11250.64648  
11234.77981  
11259.96448  
11273.90532  
11277.84236  
11288.3547  
11315.86251  
11307.50781  
11263.42701  
11251.83352  
11209.69249  
11303.00977  
11293.57329  
11280.37551  
11269.98669  
11298.40142  
11307.88019  
11294.19906  
11361.26948  
11267.8531  
11211.86359  
11223.30787  
11251.49918  
11260.24131  
11283.75113  
11306.59195  
11317.60295  
11314.20652  
11262.37993  
11202.33871  
11217.17419  
11239.08748  
11308.38641  
11303.22451  
11308.6231  
11306.40137  
11249.71448  
11179.82761  
11177.17023  
11201.64006  
11246.92583  
11251.53099  
11287.60377  
11296.61266  
11328.20513  
11313.8253  
11327.54518  
11287.90147  
11252.45508  
11271.61878  
11250.05649  
11261.18539  
11271.92265  
11251.44521  
11278.92352  
11270.93534  
11289.66658  
11319.74836  
11321.18771  
11269.26254  
11288.76537  
11269.00637  
11268.33342  
11242.04292  
11255.78408  
11239.48931  
11290.6067  
11296.54662  
11308.80926  
11271.17002  
11248.72178  
11195.87521  
11231.44187  
11216.15815  
11274.73859  
11290.80058  
11289.66992  
11280.30803  
11261.14803  
11246.31008  
11244.90019  
11248.04359  
11171.63117  
11200.11621  
11263.64705  
11296.13322  
11326.19264  
11342.2573  
11285.44773  
11231.43622  
11185.73874  
11226.21094  
11228.78696  
11270.60172  
11248.57869  
11237.28259  
11232.07458  
11284.15389  
11306.73833  
11315.0498  
11308.22137  
11296.15743  
11265.55952  
11279.19341  
11245.5038  
11243.30613  
11257.62397  
11257.44588  
11306.48515  
11290.29909  
11315.52005  
11341.39823  
11311.81995  
11272.59987  
11221.93997  
11202.86657  
11206.77786  
11224.93277  
11215.6414  
11253.17768  
11295.68503  
11256.49954  
11279.20621  
11313.2187  
11278.04873  
11253.28495  
11246.79523  
11249.46906  
11258.26619  
11231.07946  
11187.18493  
11249.19557  
11254.69285  
11281.9928  
11277.27364  
11306.60747  
11257.15337  
11275.2961  
11279.42002  
11197.68179  
11267.9449  
11300.87557  
11319.56229  
11330.15409  
11309.00894  
11308.1544  
11284.64762  
11253.03423  
11249.64474  
11268.69336  
11281.43344  
11259.23931  
11239.52827  
11273.31815  
11224.94896  
11235.99471  
11201.41956  
11236.53387  
11243.56964  
11244.43688  
11223.49368  
11226.90162  
11250.08897  
11268.1049  
11275.66139  
11303.67136  
11329.41365  
11292.80201  
11289.40969  
11246.62356  
11221.5588  
11227.55063  
11239.98756  
11267.61128  
11261.16468  
11295.50385  
11283.02585  
11261.40481  
11284.93323  
11283.7904  
11274.52102  
11232.01352  
11194.68241  
11249.28475  
11281.10336  
11288.53315  
11296.21618  
11312.88862  
11269.70405  
11195.85938  
11214.64114  
11238.93616  
11271.75  
11251.34272  
11247.38214  
11273.14453  
11242.93251  
11261.15286  
11287.37675  
11288.2811  
11223.9156  
11201.94341  
11231.91252  
11220.43544  
11217.21772  
11253.46628  
11231.80859  
11218.11698  
11247.68878  
11244.99409  
11266.77693  
11232.71186  
11279.63482  
11273.76876  
11318.513  
11323.78834  
11291.43894  
11203.95775  
11193.59683  
11266.73838  
11250.3731  
11330.68966  
11345.62577  
11312.70744  
11259.47327  
11281.55109  
11230.74044  
11265.08537  
11252.71613  
11263.10459  
11305.43431  
11269.19942  
11320.30685  
11264.30931  
11213.43108  
11274.91658  
11269.19028  
11246.35506  
11213.91946  
11261.46603  
11250.90825  
11283.11539  
11267.46587  
11279.34498  
11287.86472  
11281.27385  
11320.15399  
11378.58902  
11309.85413  
11242.67794  
11165.74049  
11208.81224  
11250.51835  
11243.88903  
11252.09591  
11265.5461  
11300.50252  
11262.18365  
11180.82946  
11168.72497  
11213.57648  
11218.81507  
11237.14864  
11245.24424  
11252.34462  
11298.3951  
11303.89962  
11298.99178  
11313.51712  
11263.15342  
11253.49522  
11247.65743  
11260.3399  
11254.14083  
11267.81178  
11289.9817  
11247.21135  
11251.23031  
11278.39931  
11277.4101  
11269.0293  
11278.23062  
11246.84488  
11293.90975  
11312.7868  
11320.60783  
11267.43508  
11203.90872  
11263.22774  
11264.07967  
11222.63703  
11244.96983  
11314.72235  
11304.59791  
11315.96824  
11319.46747  
11242.92969  
11179.76737  
11188.09796  
11203.55253  
11284.5018  
11297.83558  
11295.28562  
11294.76341  
11311.80726  
11320.27745  
11302.09231  
11282.77935  
11236.03043  
11280.41211  
11269.36189  
11331.80597  
11302.91797  
11260.09164  
11290.14242  
11276.96731  
11277.55094  
11293.29184  
11240.40651  
11207.73299  
11227.4208  
11228.27231  
11210.07185  
11153.13153  
11237.14027  
11232.89705  
11248.59843  
11302.84776  
11327.18997  
11336.07139  
11326.08969  
11307.93981  
11218.28711  
11228.51897  
11178.53829  
11184.19305  
11256.54898  
11226.91406  
11255.75123  
11263.07627  
11292.88024  
11297.67511  
11332.27621  
11305.76264  
11254.45014  
11243.54672  
11277.49548  
11263.11117  
11312.44675  
11357.226  
11299.77817  
11264.24892  
11218.19305  
11207.59195  
11233.90815  
11251.10362  
11180.56995  
11217.19213  
11162.5422  
11230.80109  
11251.93092  
11306.42177  
11301.44207  
11318.28151  
11287.46269  
11263.79466  
11258.29138  
11241.95292  
11252.26357  
11284.5534  
11262.44387  
11316.99193  
11312.66612  
11283.57905  
11289.25971  
11229.37346  
11245.97959  
11288.23139  
11286.80186  
11309.71161  
11235.16468  
11211.14911  
11259.03156  
11249.62115  
11325.91139  
11338.40692  
11353.24106  
11265.60665  
11202.05294  
11201.06425  
11206.73885  
11239.3713  
11279.53978  
11328.17259  
11300.31697  
11284.02842  
11213.38826  
11234.17301  
11234.91838  
11295.08697  
11282.76192  
11289.72553  
11325.12623  
11282.40825  
11219.32309  
11251.63965  
11228.35326  
11216.46782  
11213.90311  
11282.96613  
11273.70256  
11336.45338  
11215.11225  
11209.84426  
11242.75776  
11272.31625  
11278.70729  
11282.03074  
11269.10372  
11263.456  
11272.9284  
11270.09231  
11257.78618  
11262.2132  
11242.0385  
11259.62017  
11215.86493  
11245.14525  
11278.07782  
11294.26938  
11297.49018  
11281.78999  
11244.91853  
11254.24018  
11264.22363  
11254.1452  
11280.02616  
11317.81024  
11398.30479  
11344.49383  
11253.55808  
11206.54538  
11236.64833  
11264.68483  
11281.26254  
11278.49985  
11237.76727  
11237.84247  
11223.80936  
11219.51999  
11227.93812  
11224.56928  
11257.0552  
11271.3457  
11210.20883  
11207.99327  
11209.53418  
11225.96238  
11280.59252  
11330.80335  
11290.21171  
11250.88641  
11241.21731  
11243.44069  
11243.61462  
11256.79682  
11239.81872  
11272.10747  
11317.32386  
11286.39772  
11319.66422  
11270.9817  
11215.8602  
11181.87911  
11225.73345  
11238.89792  
11305.06492  
11273.23509  
11274.85855  
11241.97451  
11269.12973  
11310.44346  
11330.39417  
11236.93169  
11203.33445  
11190.22708  
11228.13153  
11259.7244  
11303.18699  
11322.89618  
11301.08157  
11243.90975  
11205.86416  
11174.98283  
11209.45657  
11243.24496  
11228.50869  
11244.82627  
11287.88163  
11313.0901  
11287.27775  
11270.44536  
11297.24615  
11316.6049  
11290.28094  
11309.26439  
11266.57699  
11267.91848  
11293.73078  
11309.54117  
11265.69757  
11266.43889  
11218.32627  
11260.12521  
11279.4723  
11258.48196  
11267.22461  
11247.3511  
11244.12264  
11317.9006  
11311.09216  
11321.16745  
11332.03752  
11230.31862  
11227.11744  
11240.33162  
11237.56815  
11260.36981  
11229.21762  
11269.48247  
11276.99445  
11319.47888  
11335.1379  
11311.05556  
11276.29389  
11203.97826  
11177.54117  
11222.26408  
11250.73828  
11285.38523  
11308.25565  
11273.84539  
11263.81774  
11256.47852  
11286.57859  
11248.96423  
11280.54544  
11321.09714  
11325.82951  
11298.97826  
11243.07098  
11210.50653  
11255.29744  
11283.30741  
11278.76717  
11284.30715  
11263.65846  
11280.02313  
11279.37068  
11269.66242  
11224.10814  
11204.23263  
11240.87192  
11273.43138  
11269.53146  
11258.30793  
11210.70343  
11240.91977  
11252.38662  
11248.99604  
11244.25293  
11253.92511  
11287.12248  
11321.46793  
11273.71479  
11244.58671  
11217.99979  
11260.49152  
11285.29261  
11306.19459  
11269.56168  
11305.30793  
11306.46176  
11236.27349  
11215.92465  
11259.76069  
11259.2095  
11259.59452  
11251.12073  
11287.43914  
11298.32499  
11281.41514  
11257.78192  
11278.81435  
11287.21705  
11280.24234  
11204.02966  
11223.37736  
11218.13091  
11294.01902  
11290.08404  
11307.92131  
11296.87587  
11327.02051  
11312.82108  
11302.5625  
11251.1543  
11225.67568  
11250.02323  
11257.88173  
11323.79574  
11289.87957  
11295.62675  
11290.03218  
11283.71125  
11233.07962  
11179.14967  
11204.45158  
11230.80063  
11206.70893  
11203.05124  
11190.26568  
11254.17737  
11291.95991  
11250.66355  
11295.98515  
11308.89181  
11311.44336  
11226.23689  
11211.62212  
11250.69809  
11251.78618  
11253.81887  
11264.78259  
11255.44341  
11262.31127  
11291.22564  
11310.3492  
11293.47348  
11197.03063  
11183.09447  
11220.22872  
11266.4705  
11275.73473  
11299.83013  
11319.59843  
11261.97759  
11289.09673  
11266.96952  
11282.54873  
11313.15116  
11261.83676  
11286.14181  
11340.2977  
11325.88955  
11249.60223  
11234.0957  
11258.31327  
11230.60953  
11245.65887  
11283.97327  
11238.72625  
11223.02313  
11207.20647  
11222.06132  
11237.27364  
11270.43066  
11268.5974  
11271.95056  
11293.03444  
11342.61266  
11372.01131  
11296.68986  
11291.07725  
11298.68843  
11357.23581  
11324.26069  
11362.7517  
11268.41838  
11257.42784  
11285.01352  
11222.05032  
11223.66437  
11205.13913  
11183.3365  
11177.4358  
11168.97934  
11212.57  
11226.7482  
11250.05515  
11286.31373  
11288.41005  
11272.18699  
11277.99445  
11349.09514  
11309.66381  
11301.1819  
11244.09144  
11207.23515  
11249.24676  
11272.6968  
11259.88934  
11286.20014  
11261.52508  
11287.42573  
11277.30587  
11292.33486  
11311.14176  
11302.57011  
11236.36004  
11197.92496  
11241.35424  
11243.97631  
11262.6727  
11266.39993  
11243.63071  
11200.42707  
11201.63775  
11233.82057  
11254.51115  
11291.77642  
11296.7517  
11297.46083  
11272.03917  
11235.97446  
11255.8511  
11251.54379  
11301.74368  
11284.5477  
11250.21083  
11266.08532  
11271.22091  
11296.06281  
11358.5734  
11292.36009  
11227.90656  
11163.36194  
11191.52919  
11187.78829  
11243.31476  
11278.79287  
11250.4668  
11266.99707  
11265.63199  
11299.14407  
11317.75781  
11285.39828  
11284.18072  
11284.76907  
11306.73473  
11343.05561  
11336.6249  
11279.46073  
11225.17532  
11232.1011  
11264.98093  
11277.96603  
11337.21366  
11292.03223  
11224.1545  
11175.65913  
11193.94531  
