10155.10869  
10150.64742  
10153.52093  
10087.07624  
10150.63462  
10055.79132  
10006.94779  
9929.191308  
9855.420369  
9823.204871  
9848.389523  
9842.080278  
9989.933248  
10018.71355  
10055.75266  
10022.46776  
10050.97214  
10044.07963  
10040.00027  
10071.57587  
10060.72416  
10096.41719  
10108.52476  
10114.10948  
10089.13533  
10081.37907  
10004.13569  
10050.73434  
10063.38429  
10048.66064  
10083.62597  
10062.26453  
10109.27397  
10029.69203  
9987.817318  
9942.082543  
10001.44576  
10041.32336  
10076.00427  
9983.631741  
10025.07825  
10009.78881  
10028.7131  
9999.811598  
10027.24875  
10009.35585  
10035.15721  
10044.56308  
10082.18432  
10025.45041  
10061.10276  
10009.97099  
10013.41148  
10002.05961  
9979.192593  
9994.017381  
10018.24895  
10026.54559  
10096.39472  
10129.01393  
10111.55242  
10028.71081  
9995.960042  
9938.260634  
9941.965088  
9937.835758  
9971.669942  
9964.041928  
10006.48066  
9990.004839  
10030.65907  
10056.99142  
10017.54251  
10046.10846  
10036.48908  
10011.64007  
10049.33738  
10090.92429  
10146.26016  
10121.52469  
10054.64114  
9968.551151  
9924.139743  
9950.910672  
9947.005174  
9938.23566  
10022.50269  
10023.54809  
9996.360348  
9987.309452  
10047.58973  
10009.60793  
10073.964  
10083.45646  
10042.4816  
9933.839678  
9950.632663  
10011.03689  
10037.80591  
10031.34916  
10038.28964  
10089.91173  
10088.5444  
10054.0887  
10022.43345  
9988.67824  
9938.838101  
9955.340451  
9952.411397  
10035.93149  
10058.48151  
10109.53158  
10074.31361  
10019.20636  
9982.790507  
9977.625807  
10024.83037  
10072.58697  
10100.07137  
10139.32187  
10113.79428  
10078.07731  
10011.72079  
10054.02481  
10041.69819  
10050.13299  
10009.76934  
10012.99801  
10065.38322  
10048.64019  
10014.56203  
9997.495266  
9986.033312  
9968.450046  
9995.950938  
10010.88031  
10029.07402  
10063.22539  
10066.0157  
10143.93211  
10147.24956  
10179.94836  
10141.49743  
10113.75372  
10078.58863  
10046.92597  
10015.57362  
9981.67627  
9995.193356  
10028.34081  
10030.90914  
9992.459598  
9983.17511  
9965.349891  
9955.7282  
10008.97167  
10020.10059  
10044.69622  
10052.2543  
9965.880425  
9931.171366  
9959.53162  
10040.66967  
10039.29362  
10136.95846  
10107.59803  
10031.20875  
10001.67446  
9965.022166  
9953.396925  
9965.70065  
9978.291857  
10014.02386  
10062.75735  
10042.99115  
10075.14635  
10136.56821  
10144.15786  
10170.74512  
10003.03951  
9925.116696  
9903.70501  
9972.563053  
10051.4508  
10034.13595  
10073.93438  
10045.57208  
10047.9926  
10033.91009  
10031.79195  
10014.78889  
9942.137112  
9976.848155  
9949.959259  
9962.521654  
10031.35012  
10050.63336  
10101.86856  
10137.358  
10168.35711  
10117.58859  
10013.74145  
9959.019318  
9951.091973  
9928.421105  
9900.151825  
9958.563521  
9948.994805  
9991.527968  
10030.76987  
9995.889669  
10057.32231  
10086.45433  
10082.75641  
10081.14325  
10033.15879  
10073.8232  
10111.39576  
10164.69703  
10105.18584  
10082.64297  
10075.31448  
10074.44056  
10048.43401  
10017.94753  
9941.150913  
9937.653731  
9931.442525  
9989.030514  
9968.929552  
10007.51711  
10005.62017  
10041.72917  
10029.29749  
10101.58365  
10112.93011  
10129.93678  
10055.64602  
10006.03324  
9928.997874  
9980.147688  
10012.31515  
10013.82909  
10017.88494  
10012.33246  
10006.07494  
9990.732246  
10003.43904  
10030.82169  
10006.5071  
10024.97035  
10007.11113  
10048.84809  
10103.0525  
10144.3209  
10133.76349  
10115.67817  
10097.25385  
10002.09017  
10033.5272  
9980.159258  
10071.00597  
10161.72522  
10171.2096  
10160.72189  
10109.74111  
10117.11521  
10054.64099  
9970.066271  
9956.020098  
9959.8976  
9941.205265  
9873.858439  
9832.60788  
9877.724358  
9933.161506  
9992.694668  
10054.15098  
10026.99727  
9942.816474  
9879.179843  
9814.150004  
9845.604302  
9938.358649  
9964.933831  
10029.38028  
10067.67052  
10076.13011  
10059.96007  
10095.11348  
10105.23  
10147.75481  
10147.26247  
10140.83578  
10126.32113  
10073.2414  
10045.49696  
9981.730445  
9968.009515  
9964.564582  
9952.19928  
9982.886851  
9935.543884  
9965.655579  
9943.6472  
9959.647654  
9973.104614  
10028.21783  
10164.80156  
10175.82566  
10202.67069  
10219.80965  
10179.19041  
10108.52331  
10086.88032  
9972.80779  
9908.963203  
9935.23941  
9987.341461  
9957.453111  
10023.13247  
10054.95888  
10075.14038  
10090.48959  
10033.19363  
10059.89744  
10062.87196  
10132.71283  
10059.4764  
9991.638845  
9937.694577  
9955.066949  
9990.554701  
10052.91624  
10020.44278  
10004.58079  
10039.48778  
10042.59061  
10035.14618  
10100.40693  
10074.21507  
10105.41105  
10087.78437  
10068.53018  
10140.7518  
10140.81753  
10111.08693  
10154.2906  
10057.23891  
10097.00664  
10059.19137  
10008.21253  
9940.816569  
9883.900981  
9925.352414  
9979.83454  
9973.692278  
9948.9261  
9937.501685  
9924.074751  
9966.264316  
9943.810516  
9933.527507  
9961.835846  
9954.926954  
9991.655694  
9992.753754  
10089.1697  
10072.5625  
10120.42116  
10148.61977  
10123.44549  
10130.73808  
10138.84539  
10150.99397  
10088.9535  
10107.18641  
10021.39719  
9919.449429  
9952.439223  
10054.21896  
10045.86602  
10021.33269  
9944.036648  
9898.841726  
9882.073029  
9943.4711  
9972.580424  
10012.73935  
10038.14433  
10085.26757  
10062.92587  
10103.56329  
10098.7258  
10088.76973  
10113.97615  
10045.44723  
10101.01911  
10090.30938  
10115.14523  
10079.74647  
10065.88415  
10036.54352  
10043.38734  
9972.237139  
9927.771291  
9905.190942  
9938.36574  
9933.91723  
9950.341329  
9970.294701  
9981.290853  
10005.57501  
10007.65827  
10009.69536  
9927.613763  
9968.497165  
9998.340302  
10016.70452  
10009.25434  
9953.3249  
9936.054213  
9985.030877  
9971.101851  
10049.95134  
10050.88134  
10065.93776  
10059.86006  
10073.2705  
10085.09137  
10079.02008  
10145.32899  
10182.4274  
10190.62758  
10105.43835  
10041.57282  
9975.664598  
9987.964271  
10036.64025  
10042.84087  
10082.34981  
10145.99318  
10181.53009  
10119.88278  
10082.81028  
10008.49387  
9987.773387  
9960.260993  
9984.063643  
9945.419291  
9986.058007  
9972.842289  
9974.223263  
9953.606906  
9978.113597  
9995.046509  
10001.93725  
10073.75615  
10109.41765  
10173.4051  
10146.78889  
10145.1886  
10131.58581  
10071.75523  
9974.341529  
9957.360948  
9928.649472  
9912.014119  
9953.335632  
9949.379283  
9976.6254  
9995.833405  
9986.389472  
10008.20828  
10002.10777  
9997.441735  
9951.380354  
9976.297757  
10043.47304  
10118.15121  
10139.39649  
10101.32316  
10118.18714  
10120.43982  
10095.00644  
10132.14915  
10094.44754  
10074.15358  
10036.2487  
10017.971  
10002.41615  
10006.93574  
10003.2988  
10021.87573  
10065.51499  
10075.14124  
10066.54003  
10073.70547  
10086.79937  
10021.16784  
10092.88789  
10128.13285  
10105.14208  
10099.68663  
10066.08294  
10087.05295  
9919.07058  
9893.054114  
9863.035282  
9866.189667  
9873.396973  
9900.378567  
9935.734263  
9970.754567  
9984.662469  
9994.874057  
10004.57398  
10099.82585  
10119.37031  
10101.15044  
10020.61321  
10006.91324  
9954.886664  
9987.642724  
10015.48485  
10047.07432  
9984.190721  
9990.410665  
9976.323642  
10022.62179  
10139.87434  
10144.55386  
10190.31191  
10102.10544  
10081.54092  
10018.89999  
10028.77195  
10015.92479  
9980.00549  
10003.66266  
9980.739638  
10043.00215  
10063.61841  
10124.4606  
10098.14543  
10033.59731  
10030.10758  
10012.9689  
10006.87625  
10014.4251  
10046.4768  
10088.67413  
10044.65029  
9981.006219  
9961.953176  
10007.72031  
10030.26212  
10054.13884  
10145.46861  
10142.69469  
10198.69681  
10227.7564  
10255.48509  
10223.41116  
10109.82246  
10032.14394  
9945.746975  
9868.287964  
9860.835276  
9820.122684  
9803.196499  
9806.324202  
9810.261641  
9823.433614  
9890.749864  
9941.75804  
9927.564504  
9949.60241  
9952.23743  
9972.363102  
10004.69852  
10001.05156  
10046.24152  
10081.77561  
10079.9725  
10059.22185  
10065.34568  
10050.51603  
10044.98265  
10056.61201  
10029.99992  
10066.9904  
10072.06835  
10118.03301  
10160.11632  
10121.01169  
10058.5021  
10031.50127  
10040.54794  
10056.96843  
10043.44959  
10041.55642  
10094.54784  
10124.08134  
10080.20673  
10084.48009  
10064.3552  
9986.796987  
9937.653168  
9948.961273  
9964.711015  
9989.346887  
9979.515927  
9960.958554  
9974.820479  
9957.359314  
9991.528988  
10027.54513  
10059.46763  
10104.38897  
10094.77822  
10085.09037  
10050.26469  
10050.67064  
10104.37219  
10120.75621  
10107.88413  
10107.95012  
10156.81513  
10099.70408  
10100.21969  
10013.05628  
9974.401744  
9960.891524  
9990.830902  
10030.53977  
9988.138601  
10014.5507  
9980.256192  
10001.63281  
10028.70652  
10031.0447  
10072.56675  
10081.01301  
10090.18724  
10049.58375  
10005.07054  
10006.35175  
10023.07047  
9968.858259  
9994.328366  
9957.199978  
10001.90372  
9969.433407  
10036.78448  
9997.166595  
9998.306278  
10054.57497  
10053.0198  
10091.93543  
10048.95652  
10030.86476  
10045.8037  
10013.38183  
10006.67456  
9981.90156  
9994.390995  
9963.583137  
10028.51639  
10005.56282  
10064.10753  
10039.94098  
9997.572513  
9982.102861  
10015.30024  
10055.63082  
9993.975016  
10025.65453  
10065.64655  
10135.79901  
10148.44143  
10152.36941  
10072.15622  
10030.14435  
9991.400984  
9936.745449  
9984.119222  
10020.73537  
10024.08394  
10000.82317  
9957.237447  
9995.212579  
10029.03068  
10051.04253  
10076.19529  
10047.87011  
10070.47602  
10072.91349  
10034.36122  
10077.25505  
10090.53651  
10041.42137  
10015.21216  
10006.69439  
10005.72352  
10006.76723  
10005.61718  
9999.808278  
10030.18877  
9971.412164  
9963.025286  
9979.854587  
10018.90437  
10079.85577  
10090.83836  
10117.07685  
10064.09828  
10080.43234  
10032.42947  
9990.80522  
10047.79298  
9936.585846  
9907.261844  
9921.263462  
9910.856812  
9953.906321  
10004.70599  
10016.46489  
10035.14031  
10039.02588  
10051.80019  
10030.52214  
10027.0951  
10040.32372  
10040.15572  
10078.32241  
10078.39805  
10046.032  
10012.12844  
10010.22277  
9991.625678  
9990.589427  
10021.93336  
10092.2883  
10113.03119  
10102.54009  
10025.59307  
9973.881087  
9934.559648  
9938.857602  
9996.558139  
9964.020437  
9978.841817  
10040.47306  
10059.87139  
10078.5294  
10117.76408  
10103.71218  
10115.06463  
10130.1916  
10101.96361  
10104.64388  
10094.51052  
10049.94547  
10083.03487  
10072.77297  
10057.21936  
10035.21682  
9920.384545  
9910.541399  
9895.326582  
9988.791589  
10021.17815  
9985.886509  
10015.18478  
10042.05173  
10019.33917  
10023.40714  
10019.87355  
10011.36857  
10041.8117  
10053.54298  
10030.52398  
10116.98726  
10135.69362  
10080.27959  
10010.69989  
10003.31325  
10034.08078  
10096.57182  
10106.39764  
10110.98715  
10048.33169  
9975.660889  
9945.7042  
9931.200951  
9980.221266  
9943.365248  
9958.558078  
9913.802995  
9915.644955  
10000.9087  
9975.157728  
10029.38421  
10105.9543  
10062.00851  
10043.62625  
10035.12149  
10047.65873  
10013.81841  
10016.05149  
9981.997982  
10029.6393  
10054.6924  
10110.81463  
10077.63865  
10096.19256  
10063.96939  
10044.67907  
10039.88551  
10091.36332  
10098.09892  
10112.70834  
10117.37916  
10094.27596  
10099.80962  
9956.92765  
9883.113617  
9909.179813  
9868.681115  
9940.724199  
9937.828054  
9945.279036  
9915.132117  
9903.823239  
9927.167409  
9986.538015  
10037.90352  
10058.31818  
10078.53966  
10091.13099  
10069.47962  
10030.95388  
10045.66028  
10017.45385  
9996.710568  
9975.795125  
10028.14505  
10066.02316  
10139.69433  
10150.64027  
10142.02411  
10107.14001  
10077.64445  
10068.58879  
10101.10225  
10113.34403  
10056.44984  
10049.68885  
10008.71207  
9977.037109  
10017.36711  
10001.11713  
9996.835832  
10068.4502  
10057.03455  
10018.69955  
10052.68002  
9959.547763  
9875.201253  
9865.93063  
9902.190443  
9899.611037  
9957.083571  
9976.516564  
9987.037784  
9959.632724  
9978.55623  
10013.21595  
10007.01921  
9995.574551  
10053.59848  
10124.59585  
10178.9903  
10243.23071  
10264.9533  
10177.21967  
10110.56374  
10110.87892  
10059.60136  
10019.99326  
10011.57041  
10000.57606  
10000.27609  
9982.68613  
9980.807726  
9976.796224  
10042.80209  
10067.44587  
10044.77016  
10055.65353  
10097.6839  
10091.40011  
10066.87083  
10059.75107  
10026.29502  
10067.64699  
10062.74112  
9992.170559  
9914.842268  
9969.095595  
10001.05331  
9969.341807  
9973.934784  
9943.230699  
9934.886709  
9908.716197  
9908.339491  
9917.288364  
10001.07233  
10060.17771  
10094.27639  
10125.88712  
10090.91149  
10088.80333  
10094.33458  
10119.74651  
10156.40898  
10125.07041  
10051.49669  
10091.68852  
10050.02161  
9983.781731  
9968.405036  
10043.6608  
9995.116913  
10009.01342  
10028.05125  
10009.06575  
10026.94286  
10050.04346  
10110.86607  
10146.09656  
10138.64204  
10104.54834  
10055.85604  
9947.355801  
9935.47387  
10039.24951  
10090.19189  
10122.49682  
10117.7699  
10119.87492  
9998.092628  
9935.363319  
9889.837345  
9889.568807  
9922.049255  
9957.376265  
9977.897475  
10006.13898  
10016.48695  
10029.654  
10011.18515  
10080.73827  
10066.01634  
10054.06473  
9988.367286  
9955.837151  
9957.286791  
9996.348562  
10042.35958  
10069.44673  
10076.45177  
10047.84644  
10047.22394  
10056.19228  
10114.05189  
10073.72912  
10109.22787  
10088.52788  
10040.74841  
10106.95297  
10137.92452  
10104.31883  
10046.50927  
10025.33058  
9947.512722  
9926.481828  
9988.6975  
9998.855855  
10017.31039  
9995.510891  
9929.069472  
9889.826385  
9910.917114  
9992.521539  
10055.8018  
10048.70014  
10052.68799  
10027.49987  
10018.68287  
10085.74608  
10104.23578  
10161.39987  
10100.5682  
10000.52379  
9935.894118  
10004.38999  
10037.5358  
10045.54267  
10052.44996  
10018.79676  
10030.69004  
10027.88461  
10011.98926  
10011.52451  
10003.59653  
10017.22728  
10041.48217  
10031.23108  
10033.57319  
9996.379873  
9990.545871  
9997.91748  
10037.40887  
10005.55085  
10042.6274  
10104.23328  
10073.00729  
10086.15958  
10091.9503  
10047.36207  
10059.76393  
10061.43864  
10061.09041  
10112.59488  
10168.79976  
10144.01932  
10038.84215  
10016.14022  
9976.899068  
9980.66355  
10010.67725  
9975.64506  
9981.100959  
9962.799873  
9961.801242  
9969.19438  
9952.63619  
10045.8812  
10072.80804  
10127.78359  
10126.31746  
10101.92673  
10065.8205  
9991.585605  
9978.019423  
10003.43928  
10005.85921  
10034.05455  
9984.045607  
9951.291083  
9903.995951  
9928.707781  
9959.532973  
10020.70776  
10040.51634  
10086.07916  
10052.01915  
10040.12941  
10077.65621  
10069.29539  
10078.77382  
10126.52522  
10102.3369  
10065.78808  
10054.72063  
10042.54528  
9940.601318  
9956.22049  
10001.12292  
9999.305993  
10024.04343  
9980.345042  
9918.575304  
9904.977651  
9972.962714  
9988.107463  
9949.71463  
9949.950422  
9958.683353  
9998.807739  
10062.26004  
10112.26714  
10093.71717  
10060.9469  
10055.4927  
9972.731238  
9949.677131  
9963.897925  
10021.36259  
10001.07968  
10008.16882  
10034.92294  
9999.932777  
10002.72606  
9955.852678  
9894.447795  
9953.71032  
10012.07799  
10076.84159  
10121.81961  
10194.32381  
10126.79687  
10047.90077  
10052.44574  
10032.59025  
10054.18291  
10086.00758  
10096.19082  
10064.23808  
10023.88813  
9983.087118  
9930.181085  
9934.450718  
9916.15998  
9959.234941  
10003.48337  
10025.76067  
10086.91452  
10165.72006  
10108.9902  
10046.16652  
10041.27258  
10057.45243  
10093.98818  
10080.62408  
10076.10753  
9981.969496  
9969.061167  
10091.06985  
10049.58425  
10000.24998  
9972.413998  
9924.846934  
9946.154409  
9992.253649  
9976.124464  
9990.567939  
10030.51286  
10016.84222  
10044.76855  
10087.3162  
10100.05909  
10187.53126  
10129.89871  
10136.57588  
10059.71121  
10047.74759  
10061.64215  
10072.05553  
10077.96743  
10036.0004  
10034.38861  
10017.21318  
10023.33368  
10044.4463  
10062.67293  
10047.81052  
10105.85622  
10023.50332  
9944.572062  
9973.301761  
9954.617649  
10038.16216  
10059.13683  
10091.38193  
10077.69375  
10037.85786  
10001.64602  
10013.84564  
10031.65132  
10039.90248  
10033.1038  
10025.43827  
10020.62813  
10004.88986  
10056.58868  
10008.19488  
10018.83954  
9995.070302  
9977.259382  
9976.457547  
9995.59592  
10034.22375  
10087.85962  
10101.44063  
10080.70604  
10083.61156  
10013.70036  
10037.3002  
9992.181139  
9916.49196  
9966.028049  
9959.286397  
9987.016839  
10028.79184  
10024.4354  
9964.544061  
9975.602502  
9963.826674  
9979.471246  
10016.40025  
9989.795363  
10011.21991  
10018.41477  
10063.45484  
10035.16091  
10053.86842  
10057.4017  
10047.07227  
10043.91442  
10054.90882  
10041.64166  
10094.87469  
10107.51266  
10123.25532  
10101.45229  
10054.61139  
10035.80176  
9961.439606  
9979.876767  
9992.999929  
10019.83498  
10002.91418  
10025.68034  
9999.888794  
10015.14226  
10080.67748  
10099.78777  
10130.80326  
10171.07748  
10188.11032  
10201.71355  
10147.88465  
10129.83801  
10081.55762  
10094.54237  
10050.0494  
10000.35788  
10090.41099  
10089.85879  
10080.10086  
10093.40909  
10016.00872  
9973.785068  
9919.106862  
9888.60026  
9951.927772  
9898.349179  
9809.771189  
9808.986582  
9876.42612  
9969.63682  
10055.53918  
10108.39786  
10153.35683  
10144.3471  
10086.45123  
10073.55608  
10021.20232  
9985.756456  
9985.627906  
9997.157233  
10016.3803  
10046.18013  
10068.73633  
10100.98135  
10156.85085  
10131.3404  
10090.92418  
10077.78835  
10061.8301  
10083.87414  
10077.24516  
10029.19648  
9978.965339  
9932.688711  
9915.315067  
9914.489712  
9907.202284  
9951.876851  
9981.539815  
10033.60958  
10094.10869  
10114.00675  
10118.24769  
10165.56749  
10178.47225  
10146.1222  
10071.77231  
10040.09606  
10036.32116  
9955.338165  
9933.913456  
9942.811161  
9995.94991  
9944.798272  
9998.538815  
10007.52935  
10081.62951  
10052.36264  
10067.83289  
10072.65141  
10038.64563  
10011.17395  
10027.33583  
9963.080499  
9969.686195  
9930.921251  
9950.764025  
9989.865194  
10012.80506  
10000.19791  
9977.94851  
9920.822957  
9998.601603  
9989.864156  
10051.563  
10075.08292  
10095.39503  
10063.85868  
10075.14817  
10068.45808  
10065.01654  
10063.41114  
10030.43035  
9998.736532  
9965.005764  
9994.697286  
9985.969191  
10076.57064  
10049.18644  
10071.50551  
10082.4302  
10057.98797  
10038.12819  
10017.0918  
10018.68037  
10042.40218  
9981.218431  
10049.88893  
10039.34768  
10122.33794  
10069.69419  
10053.42792  
10024.8697  
9963.598528  
9984.240367  
9913.557383  
9928.691237  
9927.241659  
9934.988393  
9971.89822  
10016.72721  
10024.32661  
10075.75812  
10014.71929  
10034.91096  
10044.36602  
10106.16567  
10165.62891  
10181.74362  
10155.5781  
10048.77101  
9962.195333  
9846.572035  
9900.786485  
9934.485101  
9974.676758  
9957.382484  
9988.309347  
9956.484436  
9976.293023  
9954.193868  
9958.649044  
10002.19778  
10048.31598  
10124.50302  
10101.93888  
10099.56203  
10055.13122  
10109.02649  
10074.08724  
10084.11991  
10050.65113  
10028.1485  
9959.041979  
9965.350372  
10080.00576  
10094.13882  
10162.53358  
10129.21501  
10185.05798  
10179.13578  
10181.14977  
10101.82815  
9972.350037  
9898.309811  
9907.002248  
9858.72682  
9841.754215  
9882.0574  
9912.089098  
9927.636152  
10002.54975  
10024.3678  
10021.79875  
10029.03974  
10051.55017  
10062.63493  
10079.16293  
10093.20319  
10093.87537  
10041.05501  
10052.19076  
10093.66039  
10104.49987  
10087.2242  
10058.97693  
9967.120304  
9830.129757  
9831.175673  
9887.756341  
9941.555183  
9975.895047  
10031.07371  
10045.57434  
10080.04387  
10091.11985  
10113.63957  
10141.19555  
10158.16618  
10141.17214  
10168.03992  
10143.81809  
10141.255  
10064.8082  
10117.52702  
10158.28986  
10137.11574  
10093.22499  
10004.61356  
9984.460866  
9933.204376  
9950.395796  
9987.208635  
9966.661014  
10000.8793  
9944.548347  
9951.581797  
9996.154694  
10020.2248  
10123.64007  
10091.36082  
10067.46638  
10005.94717  
9900.993829  
9937.016056  
9928.22643  
9914.25984  
9895.733086  
9927.72917  
9986.701436  
9994.110165  
10026.74609  
10014.45478  
10006.94705  
9987.554382  
9977.606137  
10024.14885  
10083.38874  
10126.56604  
10140.1711  
10120.0609  
10101.41383  
10086.63121  
10027.64841  
10037.21595  
9986.689979  
9996.245382  
10062.70914  
10053.40726  
10081.02157  
10040.01669  
10002.54198  
10001.32017  
10030.70398  
10067.08151  
10138.94245  
10159.94691  
10113.78782  
10084.81983  
9964.815338  
9919.604862  
9903.838484  
9906.636081  
9953.748227  
10001.56204  
10007.2869  
10021.8689  
10069.27616  
10028.15395  
10014.62534  
10049.28288  
10024.7185  
10052.97727  
10094.07622  
10099.00002  
10058.39254  
10014.5795  
10009.63582  
10049.08528  
10081.03377  
10054.94438  
10029.98144  
10060.39783  
10057.02345  
10057.85559  
9998.835215  
9954.633881  
9880.058431  
9902.935893  
9960.644328  
10011.48734  
10021.6583  
10044.92583  
10034.96693  
9989.418369  
9939.17413  
9956.254391  
9964.871802  
10019.65916  
10039.59715  
10078.32973  
10145.23835  
10184.67355  
10219.96618  
10228.12305  
10136.70042  
10031.81031  
10059.18039  
10008.43018  
10007.34228  
9960.009528  
9903.379873  
9956.045224  
9946.323636  
9994.022356  
10013.28898  
10010.26334  
9992.375068  
9974.205485  
10003.92317  
9998.022936  
10043.00288  
10067.37641  
10080.27373  
10033.01402  
10092.50576  
10077.21122  
10092.22044  
10080.60816  
10043.85  
9981.618537  
9925.889136  
9968.275933  
9930.650163  
9925.836494  
9931.56056  
9972.415321  
9967.125512  
10018.17524  
10043.20687  
10034.34632  
10077.17168  
10062.59505  
10074.8971  
10029.98507  
10081.3446  
10036.75153  
10068.4567  
10069.99169  
10123.74307  
10134.93731  
10118.60789  
10089.19419  
10064.67199  
10068.28079  
10045.98567  
10055.25376  
10054.78631  
10075.29785  
10050.48387  
10003.87876  
9964.414656  
9981.824643  
9992.573853  
10000.96066  
9928.306471  
9982.827708  
9961.967801  
9967.953227  
10006.92157  
10016.45157  
10050.1567  
10047.58832  
10147.57391  
10179.90806  
10254.39238  
10229.25512  
10092.82591  
9976.428233  
9851.937649  
9811.650699  
9855.335419  
9916.708903  
9981.054769  
10033.21043  
10054.65216  
10078.57228  
10088.10096  
10052.43159  
9983.511247  
10018.51659  
10000.63497  
10013.08964  
10028.11339  
10040.06575  
10034.1677  
10036.57353  
9994.957523  
9954.153354  
9959.01122  
9981.871938  
10044.50106  
10061.40501  
10059.96357  
10040.44716  
9997.918006  
10043.80991  
10039.00424  
10048.39332  
10044.71819  
10089.84043  
10085.45655  
10018.79402  
9987.573395  
9974.136152  
9961.306274  
10029.9578  
10066.23539  
10069.48362  
10076.91933  
10090.19184  
10063.62589  
9965.896393  
9913.238512  
9966.08315  
9989.802199  
10050.3089  
10111.79501  
10169.60145  
10142.88519  
10115.54902  
10036.59969  
9994.700511  
10001.58346  
9994.257168  
9973.460768  
9963.772179  
10018.26418  
10061.01405  
10019.71186  
10025.97534  
9985.982259  
10049.642  
10074.07029  
10130.92931  
10139.42959  
10099.09645  
10056.49746  
10002.67701  
10011.85046  
9981.236637  
9974.398997  
10031.1457  
9990.007212  
9966.937558  
9899.85023  
9917.547963  
9963.24489  
9985.23409  
10015.22211  
9984.048848  
9977.93415  
9974.084774  
10051.28245  
10106.50603  
10146.07882  
10114.23904  
10089.00166  
10029.39741  
9939.170573  
9951.613875  
9960.153459  
10020.5601  
10093.40691  
10099.24151  
10075.36922  
9994.191393  
9992.21504  
10059.1604  
10052.97652  
10050.79946  
10030.44981  
9961.755917  
9915.222473  
9949.055881  
9984.595378  
10052.8736  
10065.5667  
10082.9559  
10073.49771  
10043.36096  
10044.38003  
10031.72796  
10078.55643  
10136.37119  
10116.64172  
10074.56753  
10048.16322  
10028.51501  
10010.82489  
10025.18919  
9990.835609  
10039.66457  
10089.83386  
10077.15719  
10050.64258  
9996.335782  
9988.487403  
10035.89734  
10094.82386  
10037.30042  
10020.8455  
9987.335097  
9988.461195  
10011.37769  
10094.96043  
10066.08494  
10114.98887  
10051.92728  
9984.653697  
9951.234087  
9961.75646  
9944.035194  
9918.908837  
9917.003289  
9931.674299  
9944.259711  
9939.163584  
9944.891154  
9979.67157  
10018.35641  
10048.29806  
10070.00793  
10086.70045  
10134.39765  
10139.24857  
10113.69087  
10070.75225  
9969.156186  
9971.333303  
9876.132745  
9921.55285  
9992.036309  
10051.8055  
10063.30709  
10084.84953  
10060.50741  
10113.68208  
10131.85603  
10050.24121  
10027.11295  
10045.65828  
10052.2038  
10095.35845  
10153.63926  
10140.37291  
10117.01348  
10026.54309  
9981.115119  
9960.766924  
9964.200053  
9994.699025  
9998.813392  
9979.489851  
10008.70447  
10011.88142  
10055.91188  
10081.01681  
10165.82608  
10090.59  
10059.99961  
10018.08799  
9996.410116  
10034.17812  
10103.68055  
10096.03474  
10016.10502  
9984.14856  
9925.737091  
9916.06368  
9987.666962  
10026.28894  
10062.54471  
10055.46941  
10017.17733  
10012.50201  
10041.7067  
10068.61554  
10099.3339  
10048.5129  
9968.094967  
9948.506856  
9989.782016  
10025.74172  
10040.55447  
10099.58883  
10110.84749  
10082.98736  
10075.34592  
10012.44494  
9984.275906  
9968.155524  
9982.327861  
9972.140642  
10018.22129  
9974.412571  
9950.661943  
9943.907711  
9943.234928  
10046.56086  
10074.26726  
10132.89643  
10153.3608  
10116.43283  
10109.76228  
10061.46855  
10067.59396  
10072.31502  
10068.31301  
10039.48907  
9979.4589  
9999.090807  
9972.892219  
10040.24376  
10011.07043  
9991.407644  
10002.34842  
9996.46206  
10003.49704  
10006.3623  
10025.96072  
10034.87452  
10025.40367  
10022.56104  
9993.982412  
10036.7017  
10081.09215  
10101.13335  
10064.13444  
10040.7568  
10050.71203  
10039.56149  
10054.52716  
10091.91385  
10067.03513  
10015.02325  
10039.38676  
9979.616299  
9991.349226  
9940.333459  
9921.174655  
9944.399482  
9947.281233  
9976.818091  
9983.009376  
9997.77184  
10007.14974  
9968.963216  
9951.020467  
9949.679647  
9920.1804  
9984.910431  
10011.49536  
10051.48656  
10069.83633  
10054.20095  
10098.58954  
10153.01053  
10165.44048  
10147.39445  
10117.67436  
10081.34678  
10043.66315  
9980.177355  
9956.3701  
9935.773872  
9946.447293  
9983.778866  
9984.363807  
10015.18164  
9994.785919  
10058.79305  
10076.33287  
10125.30351  
10120.40082  
10093.31255  
10017.13444  
9923.140594  
9897.243276  
9884.66433  
9896.771142  
9933.619819  
9939.775723  
9953.850369  
9970.635651  
10036.9278  
10062.19858  
10094.29586  
10104.38475  
10099.56911  
10114.90164  
10053.27799  
9974.981696  
9958.423723  
9991.05329  
10010.64786  
10036.3924  
10049.26152  
10035.24001  
10077.51339  
10130.83689  
10148.61255  
10150.04283  
10042.52576  
10038.83051  
10043.53749  
10025.56334  
10035.60095  
10061.88047  
10045.4113  
9956.426388  
9916.250254  
9919.802551  
9911.459968  
9876.051341  
9837.677097  
9834.851539  
9870.200663  
9871.715654  
9836.190548  
9851.939969  
9896.84176  
9989.741364  
10036.47547  
10013.78768  
10054.53236  
10072.81872  
10062.0359  
10136.37399  
10145.76994  
10217.98664  
10200.64428  
10202.85041  
10178.8324  
10160.93024  
10144.6012  
10168.16761  
10194.729  
10164.66889  
10146.41846  
10078.08707  
10062.47345  
10040.04182  
10017.05786  
10019.23592  
10014.5048  
9999.767046  
10003.7263  
9928.836032  
9973.305508  
10004.56312  
10029.02537  
10069.26215  
10061.78009  
10040.58863  
10097.33277  
10103.68773  
10152.86183  
10157.91696  
10170.98772  
10146.29131  
10041.79468  
10039.98397  
9994.138631  
9955.454397  
9932.967339  
9973.151479  
10073.04285  
10130.08834  
10042.07547  
10023.67788  
9999.640737  
10013.74504  
9992.503187  
10020.91671  
10025.94715  
10031.3525  
10027.8323  
10008.59978  
9996.022719  
9982.164754  
9942.157301  
9978.428914  
9991.508562  
10029.95274  
10051.22875  
10038.39443  
10005.12911  
10025.0135  
10028.92845  
10049.23739  
10060.12327  
10091.97326  
10109.46534  
10097.8297  
10041.82454  
10035.20586  
10000.8428  
9957.520888  
10032.47881  
9996.192352  
9989.340156  
9967.89306  
9997.897359  
10040.97396  
10117.38092  
10106.47176  
10070.78774  
10049.93282  
10043.11275  
9998.331421  
10013.7857  
10033.05483  
10053.86438  
10028.13716  
9988.609504  
10045.9181  
10054.95941  
10062.95862  
10077.00142  
10058.56374  
10035.55879  
10031.75022  
10006.96253  
9969.852956  
10028.46943  
10034.60481  
10030.29648  
10073.65974  
9999.402056  
9981.12501  
10003.99377  
9999.922485  
10006.96638  
10030.1196  
10014.63296  
10028.61104  
10072.5517  
10101.74128  
10090.34097  
10065.22829  
10040.32659  
10061.27452  
10101.20846  
10030.99372  
9919.91589  
9946.927839  
9937.159129  
9940.932729  
9924.133023  
9927.520321  
9932.534736  
10004.1148  
10039.8019  
10082.19353  
10048.84546  
10086.98304  
10060.88741  
10029.27493  
10013.93497  
10004.36159  
10075.45465  
10021.0193  
10023.07576  
10052.25006  
10060.53187  
10070.16204  
10073.80859  
10065.81415  
10095.8093  
10056.50547  
10004.9204  
10000.84449  
10016.45594  
9977.165744  
9976.219021  
10007.69844  
10044.80788  
10085.50249  
10082.97412  
10030.81854  
9993.364193  
9988.688592  
9983.439653  
9968.898224  
9943.373786  
9983.571316  
9972.480214  
10031.75451  
10052.56214  
10085.39568  
10065.37434  
10078.25659  
10055.62175  
10072.7755  
10056.40693  
10033.93761  
10049.18807  
10029.65797  
10045.84051  
10066.00616  
10074.66704  
10062.55968  
10086.81362  
10009.06029  
9980.875888  
9957.970944  
10012.86117  
9977.905613  
10026.15925  
10033.79029  
10006.9934  
10061.16502  
10015.51935  
10062.32684  
10013.17303  
10002.39305  
9984.390388  
10019.37185  
9988.703176  
9967.857056  
9947.951881  
9985.058105  
10012.31092  
10036.15467  
10131.98677  
10152.51997  
10208.3774  
10192.83928  
10150.18434  
10064.36923  
10079.71768  
10013.15986  
9961.073544  
9963.881361  
9944.484524  
9912.603539  
9829.277523  
9860.496372  
9927.129988  
9937.257528  
9997.237807  
10001.9299  
10042.5086  
10027.95184  
10067.20093  
10043.02559  
10078.07764  
10041.95124  
10094.53488  
10081.75406  
10092.55666  
10070.43049  
10071.58567  
10033.43437  
10057.11702  
10048.47896  
10056.60748  
10044.64801  
9972.176361  
10036.03531  
9990.237349  
9981.975569  
9995.244775  
9974.49703  
10021.45067  
10037.35316  
9971.23763  
10042.23109  
10053.20886  
10064.42577  
10022.977  
10008.6473  
9976.628564  
9988.866486  
9992.365068  
10045.16628  
10042.99787  
10159.49558  
10116.45992  
10058.90135  
10008.07815  
10003.88391  
10004.37183  
9998.376638  
10051.58746  
10022.13681  
10013.1573  
9967.484507  
10049.46952  
10008.78135  
9997.025492  
10027.40414  
10061.75891  
10086.22001  
10064.19338  
10059.13008  
10068.02969  
10080.8251  
10110.48304  
10156.79574  
10088.20461  
10026.05396  
9930.852668  
9967.282688  
9976.589817  
10040.44344  
10022.74074  
10007.39217  
10023.67821  
10094.03258  
10123.99785  
10085.3065  
10097.7279  
10014.22442  
9954.302216  
9912.58237  
9901.061123  
9943.226864  
9923.413534  
9954.435808  
9960.808472  
9988.541609  
10004.68774  
10039.49346  
10026.22947  
10040.5433  
10027.7144  
9987.515018  
10085.39458  
10128.65622  
10169.17205  
10192.0688  
10094.02657  
10017.37436  
10070.22904  
10073.80784  
10056.08924  
10025.45801  
9942.415422  
9954.179942  
9916.281718  
9897.444719  
9979.677087  
9979.379757  
10005.09892  
9996.156372  
9986.954254  
10020.10081  
9978.985097  
10037.87672  
10041.00597  
10035.33708  
10039.4385  
10010.74  
10045.26837  
10063.30634  
10057.44837  
10076.17751  
10062.41777  
10026.83959  
10056.8679  
10028.54383  
10061.20626  
10045.25368  
10019.92016  
10008.50611  
10070.30852  
10084.02422  
10045.05721  
10062.87853  
10012.99613  
10006.81788  
10082.6519  
10106.53229  
10122.45575  
10143.91902  
10052.90044  
10030.12776  
10032.03148  
10002.2308  
10016.79498  
10058.18203  
10117.17398  
10016.74563  
9938.642507  
9893.565921  
9825.2264  
9769.036028  
9881.725416  
9894.357493  
9962.08509  
9992.223596  
10013.50148  
10081.46229  
10073.49558  
10095.3764  
10096.43949  
10083.44906  
10081.12726  
10011.26671  
10057.33077  
10033.99997  
9988.458384  
10005.09656  
10001.47217  
10024.09948  
9988.166602  
10058.73865  
10002.15629  
10015.26203  
10022.2132  
10023.02695  
10044.8305  
10040.19234  
10089.9767  
10108.21391  
10072.35401  
10041.0115  
10021.99715  
10056.78294  
10042.43627  
10067.88422  
10097.60328  
10109.49672  
10133.80568  
10087.85563  
10069.42434  
9983.980655  
9969.764737  
9983.211544  
9958.236348  
9980.603577  
9991.728227  
10026.53753  
10036.18289  
10039.95184  
10057.21424  
10112.82335  
10097.41679  
10092.21689  
10129.81688  
10116.83857  
10066.45492  
10048.60921  
9991.396281  
10032.72049  
10025.96125  
10004.03155  
10026.0506  
9986.767273  
10031.78529  
10031.71749  
10052.9487  
10004.20438  
9983.215508  
9957.971035  
9942.233446  
9990.02909  
10017.97376  
10064.1042  
10065.60993  
10059.51402  
10054.97542  
10037.88366  
9986.709802  
10030.74615  
10024.57442  
10044.20219  
10053.0495  
10072.31308  
10053.22892  
10016.98359  
10048.64785  
10008.31246  
10032.69579  
10029.97875  
9984.514998  
10042.71783  
10050.59484  
10048.67482  
10041.73347  
9981.909136  
9975.231981  
9981.25158  
9982.448015  
10012.36733  
9970.22031  
9999.478685  
10019.03752  
10052.70752  
10049.98264  
10011.27464  
10055.31112  
10084.13517  
10101.89328  
10078.96641  
10018.97836  
10011.97844  
9948.080241  
9949.472026  
9998.19027  
10045.20093  
10052.61956  
10035.01054  
10075.01068  
10108.654  
10110.61916  
10112.94376  
10125.09237  
10122.92204  
10082.86663  
10074.35403  
10033.64824  
9978.642829  
9981.275133  
9932.669881  
9968.807312  
9977.39487  
10014.65874  
10069.80895  
10067.67853  
9993.854292  
9980.410692  
9962.38127  
9972.636417  
9964.604865  
9963.633213  
10008.1055  
10008.03174  
10048.49632  
10064.55595  
10087.31107  
10082.50149  
10065.15905  
10028.9786  
10056.47902  
10037.51959  
10049.1096  
10005.76578  
10045.41461  
9997.316911  
10001.44253  
10004.53956  
10028.52296  
10052.66099  
10035.79815  
10014.66542  
10062.98962  
10048.84519  
10041.63349  
10035.09087  
10015.88948  
10058.00484  
10049.34495  
10084.58343  
10022.37575  
10030.99715  
9985.525286  
9986.135912  
9948.068203  
9980.885305  
9940.645501  
9950.336778  
9939.626404  
9990.603394  
10033.83142  
10065.86943  
10075.67509  
10110.86384  
10138.28342  
10151.85826  
10092.35971  
10067.86195  
10077.7438  
10088.04495  
10053.81502  
10032.25877  
10044.57616  
10034.72981  
10034.90927  
9960.362671  
9948.163439  
9960.493937  
9968.302599  
10034.00758  
10067.04912  
10077.82531  
10008.6593  
10006.45339  
9930.898183  
9929.236911  
9853.390567  
9888.864499  
9937.417145  
9986.333354  
9994.780477  
9998.187673  
10053.7786  
10042.81895  
10027.54683  
9971.064267  
10011.40382  
10012.6888  
10059.24546  
10085.79865  
10095.82455  
10086.82315  
10066.58983  
10120.03589  
10079.2349  
10090.12784  
10002.00084  
9975.501373  
9946.93594  
9934.80738  
9959.633097  
9970.954736  
10085.91594  
10144.5064  
10147.80701  
10140.92248  
10087.02199  
10048.04156  
10093.3069  
10120.25457  
10091.35438  
9957.470622  
9924.95088  
9936.429955  
9907.633993  
9954.068349  
9971.345557  
9956.290239  
9974.931678  
9993.691705  
10011.291  
10010.48065  
9999.462484  
10046.57012  
10040.51297  
10129.91195  
10106.46548  
10104.74648  
10130.89303  
10012.28702  
9995.201955  
9957.436022  
9991.711731  
10058.24933  
10069.94349  
10078.22089  
10039.22093  
10027.8786  
9998.840959  
9935.59156  
9986.08964  
10027.58846  
10092.79708  
10113.42275  
10163.06705  
10143.36958  
10154.93927  
10111.276  
10122.37117  
10082.6546  
10098.62097  
10012.70737  
9939.552277  
9961.388831  
9986.745616  
10026.59074  
9995.274872  
9986.44044  
9947.322005  
9913.989441  
9891.940959  
9919.568773  
9926.76103  
10005.20655  
10017.09078  
10087.75729  
10147.00613  
10160.15758  
10100.06244  
10081.90157  
10032.90017  
10018.09035  
10044.28343  
10019.54085  
10017.04947  
10012.60353  
10048.01949  
10048.89963  
10036.64264  
10001.23456  
9995.080532  
10015.5021  
10080.88575  
10056.0463  
10060.50933  
10098.09951  
10051.47238  
10089.7515  
10025.78689  
10013.59552  
10003.11968  
10004.66068  
10008.59218  
10031.4504  
10048.28419  
10072.19728  
10049.72853  
10064.01352  
10108.65343  
10054.3704  
10016.66853  
9988.959754  
9965.768982  
9958.799388  
9982.136051  
10013.62845  
10034.88613  
10004.06719  
9960.418176  
9947.878245  
9979.49134  
10040.01681  
10071.89984  
10088.2832  
10066.03978  
10074.33356  
10066.45085  
10078.13023  
10089.72642  
10168.44734  
10120.29185  
10149.54812  
10110.18875  
10050.1792  
9966.436384  
9893.605852  
9856.964918  
9810.089081  
9896.837189  
9960.529314  
9960.202284  
9995.666182  
10004.47753  
9995.13052  
9979.622281  
9904.39801  
9992.761492  
9976.621223  
10001.97721  
10004.58754  
10026.65215  
10053.87488  
10098.41015  
10153.43108  
10150.96395  
10107.05538  
10109.6273  
10076.9298  
10061.86008  
10073.55191  
10094.57343  
10065.43486  
10086.59552  
10052.43831  
10082.85464  
10005.62189  
10010.30712  
9947.527242  
9835.967638  
9799.050907  
9867.160801  
9927.818993  
10002.26071  
9989.780087  
9992.897946  
10079.79184  
10119.1968  
10159.30557  
10195.38318  
10160.68209  
10036.87384  
10051.21568  
10090.05958  
10052.85912  
10040.9292  
10030.39551  
10048.84489  
10011.38097  
10058.57556  
10070.84637  
10076.86949  
10067.12013  
10021.12538  
9991.425829  
9966.165053  
9988.101098  
10019.6747  
10051.41281  
10019.70863  
9981.104584  
9920.317139  
9975.111325  
9969.608666  
9970.481496  
10070.57657  
10036.18867  
10049.26367  
10049.97021  
10045.29046  
10047.25792  
10008.79546  
10046.32655  
9990.26727  
10033.79265  
10017.82439  
10049.1548  
10050.73787  
10088.96786  
10086.1902  
10069.02806  
10079.70483  
10073.78745  
10056.14172  
10015.65212  
10029.51072  
10034.70401  
10074.68664  
10077.31825  
10109.33889  
10106.60268  
10028.16001  
9997.322968  
9968.939935  
9977.850386  
9979.421326  
9970.231517  
9984.069933  
10029.57456  
10071.90286  
10132.34845  
10098.2499  
10091.27763  
10016.34387  
10043.28283  
10039.59086  
10023.16823  
10019.28072  
10040.48581  
10069.70078  
10014.84983  
9984.576891  
9923.664646  
9876.56821  
9942.117093  
9934.165765  
9967.627306  
9960.864956  
10018.80875  
10000.72222  
10034.72984  
10102.77525  
10119.30404  
10104.72751  
10070.87064  
10146.03067  
10092.46352  
10098.28008  
10095.40251  
10134.66202  
10077.63931  
10103.06029  
10084.43297  
10006.65169  
9959.589878  
9893.493262  
9922.356554  
9891.454078  
9873.269362  
9966.347436  
9984.523454  
10053.60442  
10037.56946  
10044.90662  
10058.80194  
10041.25148  
10052.5372  
10111.87843  
10112.18564  
10086.59277  
9969.481567  
9937.267514  
9915.770796  
9974.345937  
9961.977102  
9940.851335  
9969.426968  
9964.653849  
10024.34452  
9988.277768  
10062.99814  
10117.84846  
10101.9246  
10069.42776  
10091.94725  
10112.6825  
10141.49734  
10098.2983  
10058.09325  
10029.38102  
9947.197401  
9950.67866  
9961.937408  
9957.098928  
10016.84039  
9965.958527  
10016.67841  
10032.36014  
10088.90694  
10127.95192  
10159.46718  
10134.32751  
10097.64624  
10031.53216  
10005.10141  
9963.77927  
9945.409017  
9999.263824  
10025.1141  
10034.77533  
10041.00112  
10045.14681  
10069.48883  
10058.17892  
10036.24215  
10014.34574  
10012.81391  
10061.63248  
10048.59624  
10076.87862  
10093.9497  
10088.8526  
10063.34017  
10060.79835  
10063.60447  
10061.60052  
9993.148298  
9988.11712  
9955.736433  
9967.557061  
9980.502441  
10015.64799  
10013.394  
10070.93678  
10029.4831  
10023.95727  
10006.00696  
9976.804331  
9991.216529  
9981.165809  
10011.94969  
10040.32705  
10009.28037  
10031.28833  
10002.05571  
10036.41874  
10034.94705  
10026.2072  
10035.40565  
10072.6617  
10079.64609  
10046.86671  
10023.55479  
9972.609114  
9944.440782  
10027.43043  
9996.409916  
10002.93015  
9995.148577  
9963.048347  
9980.759325  
10042.45088  
10026.26334  
10026.6972  
10030.05636  
10043.20538  
10035.80422  
10054.21943  
10031.5833  
10039.33902  
10000.56805  
9980.074029  
10002.35025  
9999.067796  
10022.42253  
10044.23574  
10081.20908  
10095.89368  
10029.33032  
10041.99388  
10015.66103  
9980.518046  
9998.600484  
10033.55057  
10029.88339  
10030.97409  
10028.23844  
10003.63889  
9995.7278  
9947.13638  
9984.54046  
10004.9179  
10001.91021  
9956.431003  
9909.554728  
9896.434374  
9889.060506  
9908.403035  
9921.210225  
9937.077162  
9933.237807  
9929.342638  
9972.114858  
9983.792914  
10015.09742  
10001.63796  
10008.14768  
10311.06864  
10213.75298  
10095.35598  
10050.1521  
10115.35872  
10176.00798  
10113.30329  
10074.60224  
10045.9522  
10058.65108  
10040.58439  
9992.906823  
10029.88528  
10019.34859  
10051.73253  
10041.10831  
10041.79559  
10023.55206  
10013.6876  
10039.22905  
10059.93239  
10075.91846  
10107.43223  
10098.34554  
10115.75653  
10113.87726  
10071.18081  
10101.42492  
10087.56848  
10019.46785  
10002.54385  
9973.955248  
10012.46868  
9943.950595  
9936.628764  
9873.949972  
9914.311639  
9956.148224  
10038.33049  
10128.2137  
10207.93461  
10180.00452  
10127.36544  
10057.04416  
10109.77941  
10042.61043  
10085.87721  
10078.76055  
10083.98345  
10077.47356  
10066.36394  
10037.47161  
10052.86938  
10009.48205  
10018.97238  
10013.7661  
9998.289168  
9987.319739  
10014.37681  
10040.47849  
10117.64137  
10158.50862  
10069.56328  
10014.40648  
9974.02144  
10018.20707  
9994.109734  
9993.108256  
10037.21394  
10051.24585  
10071.07591  
10099.91014  
10028.13562  
9982.56351  
9933.86635  
10026.22667  
10063.9595  
10140.15835  
10160.93998  
10160.71535  
10148.9318  
10159.97903  
10157.28251  
10103.70404  
10101.84408  
9968.529104  
9982.318088  
9921.780769  
9907.540568  
9931.616557  
9938.518684  
9880.370887  
9878.007853  
9874.646579  
9897.747328  
9958.703084  
9971.993011  
9954.612162  
9977.249566  
9994.498884  
10052.0525  
10079.88438  
10086.69586  
10089.0939  
10067.79893  
10093.66207  
10130.73661  
10115.80108  
10029.598  
9952.372864  
9975.370602  
10006.07658  
10023.20624  
10081.09455  
10057.14079  
10035.54867  
10024.85483  
10043.93411  
10057.06689  
10028.28702  
10043.95547  
10026.80109  
10008.86478  
10002.96652  
9977.335036  
10021.23166  
10074.08193  
10041.23417  
10046.13092  
10008.97229  
9966.034895  
10002.77  
10061.15771  
10017.25828  
10039.81407  
10003.20904  
9923.090105  
9940.365492  
9982.138831  
10033.74729  
9982.451291  
10051.83904  
10023.34616  
10037.39997  
10035.9412  
10029.24205  
10020.97024  
10059.85456  
10040.05032  
10071.47316  
10062.61017  
10035.56352  
10009.90334  
10054.68222  
10040.43367  
10050.76262  
10023.623  
9997.617113  
10010.50406  
10011.96044  
10045.15697  
10093.90134  
10128.39764  
10095.40012  
10050.62671  
10067.20263  
10016.24205  
9911.548533  
9923.414717  
9979.396508  
9983.308899  
9999.570099  
10030.4557  
10032.52024  
10059.95324  
10101.20776  
10052.12205  
10004.14195  
9975.066084  
9955.728699  
9997.43633  
10029.18256  
10072.45805  
10116.44786  
10164.67239  
10110.77765  
10069.77465  
10029.11495  
9966.086734  
9955.520925  
9937.92806  
9980.10003  
10062.54438  
10032.9777  
10066.95588  
10057.25955  
10067.60619  
10045.94443  
9982.19062  
9926.488803  
9977.437069  
10057.9435  
10104.83162  
10141.75778  
10068.86495  
10050.27139  
10018.86678  
10011.13468  
10059.86926  
10010.7958  
10022.89497  
10022.43769  
10025.27757  
10037.01315  
9940.269352  
9961.310886  
10000.90606  
10010.9398  
10006.791  
10038.32041  
10067.19989  
10030.15598  
9993.626953  
9996.815918  
10050.30908  
10049.70983  
10077.34422  
10118.46752  
10068.49246  
10032.99554  
10033.50506  
10044.80694  
10063.08273  
10050.05147  
10010.29198  
9941.631188  
9919.610731  
9953.442295  
9933.953383  
9948.903859  
9992.462138  
10085.18991  
10099.12155  
10131.28728  
10099.1299  
10076.5269  
10018.62286  
10025.69554  
10024.51068  
9966.880646  
10020.74973  
10026.7602  
10038.82056  
10021.93938  
10085.08382  
10055.57458  
10090.18109  
10066.1433  
10026.54621  
10013.30864  
10017.3188  
10036.1761  
10049.3902  
10025.18206  
10055.7716  
10054.27219  
10129.55044  
10092.41687  
9989.760973  
9928.43417  
9909.765689  
9940.048075  
9970.714389  
10010.43032  
10071.45752  
10056.30502  
10019.33127  
10018.15312  
10033.6943  
10100.98691  
10048.0623  
10017.38768  
9973.913862  
9928.270854  
9976.130296  
9994.579146  
10024.53033  
10050.09572  
10031.80492  
10029.24186  
10011.43649  
10019.98871  
10045.97569  
10151.25965  
10126.0353  
10097.02233  
10086.20418  
10001.68143  
9980.233351  
10011.05737  
9981.880422  
10028.21494  
9989.149597  
10055.45786  
10069.19993  
10107.53417  
10095.40591  
10097.26832  
10042.47508  
10007.12945  
9953.421933  
9897.756517  
9930.898302  
9884.065457  
9930.15803  
9997.822293  
10039.92744  
10023.61487  
10052.34026  
10085.01028  
10023.49434  
10053.45004  
10086.59269  
10108.45713  
10100.88394  
10035.56173  
9951.79836  
