10657.50387  
10627.36911  
10645.24514  
10616.8991  
10591.80406  
10613.54645  
10650.97164  
10633.91717  
10613.44572  
10669.27153  
10618.81126  
10666.84724  
10690.45365  
10645.02467  
10611.1898  
10590.405  
10628.8441  
10614.97821  
10637.13805  
10657.21292  
10634.16261  
10622.78474  
10613.38474  
10633.25243  
10603.50787  
10629.95307  
10623.89699  
10617.24177  
10648.31582  
10655.61999  
10676.87233  
10672.96126  
10666.6832  
10648.90189  
10658.18103  
10622.46883  
10668.5352  
10666.26679  
10613.68806  
10609.16104  
10632.61976  
10635.53547  
10642.78793  
10593.51508  
10669.85261  
10709.3121  
10662.3747  
10607.80107  
10600.46921  
10595.26536  
10639.619  
10654.53156  
10604.34381  
10610.45594  
10599.32847  
10624.01932  
10585.16458  
10630.58599  
10634.30819  
10688.9451  
10604.88062  
10690.71995  
10704.50083  
10638.48307  
10661.88292  
10596.09246  
10632.86202  
10631.81311  
10644.49008  
10617.25967  
10591.86863  
10607.13663  
10610.74575  
10620.13747  
10638.87378  
10662.97446  
10705.7671  
10711.02658  
10682.04426  
10591.7616  
10593.91556  
10586.21914  
10619.52547  
10627.55554  
10642.08373  
10627.7292  
10635.27232  
10624.8206  
10614.34519  
10600.10113  
10579.08477  
10592.44827  
10605.6807  
10589.35073  
10624.43775  
10591.17529  
10688.51477  
10654.81189  
10630.26636  
10630.74907  
10627.41488  
10615.79573  
10588.55455  
10579.0164  
10619.77148  
10661.72908  
10644.23662  
10689.93617  
10658.5128  
10756.19016  
10660.37047  
10620.11717  
10624.83104  
10574.64736  
10572.90893  
10595.97574  
10604.31933  
10616.8534  
10571.14679  
10584.55909  
10603.47106  
10630.84771  
10634.57768  
10620.68336  
10637.43202  
10617.52223  
10622.63596  
10577.35368  
10609.88425  
10603.08121  
10630.15495  
10592.42544  
10612.84602  
10619.52842  
10643.93883  
10642.04931  
10648.28308  
10649.62224  
10629.86592  
10699.11253  
10691.00899  
10633.94018  
10639.38335  
10630.92619  
10646.29953  
10697.23269  
10627.22875  
10617.04868  
10595.28921  
10581.26467  
10581.25907  
10611.22316  
10630.33918  
10625.50659  
10596.96237  
10603.28932  
10601.93584  
10647.51413  
10586.40939  
10659.07393  
10694.26853  
10663.56606  
10664.27146  
10625.81456  
10638.31665  
10628.77947  
10647.02691  
10598.09088  
10591.00274  
10586.34378  
10595.18782  
10622.03083  
10658.4407  
10628.08415  
10609.51815  
10595.82994  
10688.23314  
10695.49915  
10610.63605  
10598.5751  
10580.86129  
10571.33283  
10588.26727  
10633.24056  
10602.61148  
10627.25236  
10575.01258  
10576.71156  
10630.12755  
10590.85531  
10614.29597  
10571.94006  
10610.94041  
10626.03193  
10646.50706  
10673.19382  
10617.60679  
10641.44966  
10693.3924  
10676.77266  
10678.70584  
10620.41778  
10643.56462  
10625.42916  
10614.04046  
10599.05583  
10637.22875  
10655.4954  
10652.54505  
10568.69137  
10599.79054  
10611.69416  
10611.00828  
10613.56406  
10620.39273  
10617.83992  
10696.67011  
10680.9439  
10655.99667  
10641.51104  
10657.47658  
10721.54996  
10705.16194  
10650.16071  
10597.75478  
10615.64617  
10576.33173  
10647.69338  
10632.31257  
10662.63165  
10665.45289  
10637.58211  
10600.84973  
10625.2996  
10655.67586  
10642.69019  
10623.47788  
10638.77814  
10623.28575  
10603.46806  
10595.12127  
10635.45135  
10642.11689  
10601.24521  
10602.92041  
10646.96781  
10629.45865  
10628.1563  
10624.15541  
10601.49577  
10610.42703  
10557.72094  
10687.58545  
10685.96648  
10631.80692  
10628.58331  
10651.77259  
10628.43992  
10583.27439  
10596.96876  
10617.45247  
10710.07799  
10706.80611  
10647.93476  
10635.63364  
10572.99765  
10626.39619  
10665.11647  
10647.66492  
10638.2192  
10590.45102  
10579.56187  
10576.22677  
10566.05674  
10588.39804  
10597.15009  
10617.19703  
10612.38214  
10603.86256  
10625.87439  
10613.11305  
10577.97489  
10625.78791  
10605.98231  
10654.67336  
10656.67398  
10655.24094  
10622.74416  
10698.62764  
10724.78593  
10706.26533  
10624.21846  
10628.94035  
10657.15145  
10629.33219  
10648.32839  
10684.75957  
10654.31122  
10646.12377  
10634.18185  
10617.91289  
10611.40401  
10604.59949  
10609.01264  
10631.75151  
10642.72141  
10587.91914  
10660.5735  
10721.55982  
10666.36668  
10691.50178  
10630.80085  
10632.1286  
10635.98596  
10606.28667  
10616.92676  
10634.60183  
10662.1749  
10611.15973  
10625.95165  
10654.44236  
10631.09601  
10607.75869  
10596.98743  
10616.8364  
10611.09932  
10611.36918  
10624.98784  
10615.74285  
10667.35674  
10634.37678  
10611.469  
10680.65468  
10664.57862  
10649.36465  
10627.13997  
10663.0194  
10629.1719  
10634.84436  
10592.63834  
10595.51734  
10586.20622  
10619.05975  
10668.80546  
10680.46268  
10676.50073  
10607.76711  
10605.37827  
10603.51308  
10571.83129  
10603.61647  
10607.19258  
10621.33448  
10648.32056  
10623.49507  
10610.8662  
10600.6111  
10667.88301  
10652.42576  
10670.59146  
10638.21035  
10614.19422  
10609.85447  
10600.19558  
10522.99014  
10586.55594  
10594.96966  
10611.17281  
10631.47629  
10580.85613  
10643.17247  
10629.52426  
10605.88039  
10619.94538  
10597.16558  
10573.4496  
10591.41206  
10655.84211  
10599.92591  
10660.13708  
10658.34787  
10678.56343  
10649.43844  
10660.205  
10630.79641  
10666.78971  
10691.60581  
10654.43131  
10667.32675  
10671.48778  
10679.75637  
10647.55945  
10655.34747  
10677.94414  
10705.06575  
10667.28569  
10606.4229  
10611.81896  
10605.87466  
10652.69571  
10699.76254  
10663.96323  
10643.57454  
10619.6286  
10559.60016  
10578.00486  
10609.87658  
10569.32706  
10600.24796  
10614.11009  
10616.86691  
10602.8963  
10587.54943  
10647.90169  
10574.24941  
10642.99797  
10631.91308  
10684.80931  
10695.49655  
10683.16386  
10674.2871  
10620.67803  
10605.87065  
10572.24519  
10628.79885  
10608.95251  
10595.31125  
10643.65184  
10626.91069  
10620.54004  
10619.03869  
10639.63208  
10687.87981  
10638.90932  
10601.53026  
10664.24686  
10628.12832  
10650.98489  
10632.77233  
10665.05102  
10711.77832  
10713.10656  
10735.4762  
10658.06455  
10643.82956  
10651.26554  
10579.12635  
10584.12922  
10609.95081  
10585.01481  
10578.29777  
10599.86565  
10592.40285  
10590.80685  
10604.57447  
10583.58562  
10627.41323  
10677.42929  
10695.11238  
10668.20652  
10734.84795  
10611.69108  
10633.22788  
10600.84671  
10613.49029  
10562.77818  
10614.57381  
10638.09148  
10590.0476  
10620.71472  
10601.30794  
10632.69335  
10625.27486  
10631.20406  
10640.77293  
10651.60813  
10626.41404  
10643.84366  
10716.42436  
10703.7429  
10668.69409  
10663.90732  
10688.30386  
10647.60682  
10664.74096  
10614.62915  
10588.8588  
10585.00257  
10613.14571  
10640.40339  
10611.20452  
10592.10103  
10630.12493  
10627.1746  
10588.95414  
10636.89785  
10635.0022  
10641.81094  
10623.72321  
10632.12481  
10668.55945  
10660.38454  
10688.54615  
10632.55524  
10614.34321  
10611.29478  
10614.10891  
10596.79839  
10612.78066  
10584.98607  
10648.03908  
10624.50612  
10621.20528  
10634.83073  
10592.11763  
10584.33904  
10603.48794  
10695.90378  
10665.5412  
10619.31949  
10616.35288  
10592.31129  
10624.76071  
10632.77103  
10597.99578  
10638.8296  
10616.12336  
10579.7853  
10622.66511  
10704.75907  
10707.19601  
10707.53556  
10632.64766  
10615.34715  
10599.13323  
10594.99428  
10631.32981  
10644.81042  
10607.33563  
10598.12011  
10593.2835  
10614.7222  
10707.46424  
10710.24954  
10603.35927  
10639.51401  
10586.16074  
10611.86427  
10605.97176  
10614.80873  
10611.22471  
10603.4601  
10616.34695  
10552.88798  
10619.96972  
10640.7478  
10637.7613  
10664.84151  
10640.24434  
10598.64147  
10620.85518  
10635.51936  
10654.4059  
10637.0046  
10590.15655  
10599.68781  
10626.79822  
10594.39758  
10709.08344  
10653.43083  
10564.29108  
10558.13636  
10627.73639  
10587.93678  
10565.21931  
10617.74749  
10604.35209  
10570.09128  
10640.59272  
10590.92353  
10610.02066  
10597.17746  
10594.18593  
10611.76481  
10625.06514  
10581.97983  
10594.60353  
10635.85844  
10661.92346  
10675.32297  
10628.05393  
10669.55594  
10676.02115  
10699.19558  
10682.89595  
10665.15527  
10662.06422  
10709.81111  
10675.09823  
10688.33489  
10642.93434  
10675.14671  
10681.2909  
10680.63734  
10652.14097  
10607.38022  
10579.97503  
10609.51868  
10633.04632  
10682.66471  
10640.74885  
10642.72868  
10664.84626  
10608.22947  
10630.22275  
10624.09605  
10619.28739  
10654.74879  
10654.10446  
10621.76994  
10555.99477  
10617.31666  
10632.5685  
10640.49628  
10566.40437  
10609.15763  
10638.49569  
10694.87398  
10687.81355  
10650.90762  
10642.42245  
10605.35035  
10578.53262  
10651.05589  
10654.83955  
10642.5389  
10593.92614  
10620.47523  
10642.34891  
10640.69127  
10626.37177  
10606.50956  
10620.1315  
10698.15084  
10648.52508  
10632.15592  
10603.10787  
10591.63595  
10559.57878  
10660.78996  
10612.97785  
10636.77219  
10657.08992  
10641.13897  
10588.41123  
10611.93073  
10683.52931  
10638.44987  
10593.58849  
10603.51482  
10650.5894  
10690.99597  
10662.9833  
10625.17196  
10630.99177  
10601.23399  
10572.54987  
10569.02443  
10632.2026  
10615.58366  
10616.35654  
10599.98403  
10678.04911  
10670.45465  
10645.85552  
10637.03914  
10585.13045  
10627.98539  
10692.9692  
10712.3498  
10683.43341  
10673.3891  
10622.9738  
10625.51204  
10637.68604  
10624.66299  
10632.92879  
10632.69576  
10586.12626  
10552.41683  
10595.82862  
10619.27998  
10634.40935  
10611.07535  
10662.06462  
10640.30118  
10627.81994  
10623.20457  
10582.25569  
10602.16935  
10596.75935  
10644.11708  
10621.97097  
10669.2263  
10682.21214  
10654.94097  
10611.32811  
10562.36503  
10596.73024  
10597.83137  
10604.36801  
10604.69185  
10608.8522  
10646.68642  
10642.98687  
10641.62408  
10623.59069  
10654.85874  
10611.66981  
10659.09169  
10692.48765  
10630.02643  
10668.62974  
10652.10236  
10633.97053  
10586.33043  
10591.69769  
10620.51643  
10599.20827  
10582.60726  
10590.23576  
10602.12307  
10588.58184  
10607.54284  
10623.51423  
10618.61557  
10601.95434  
10585.58377  
10572.78377  
10654.84597  
10627.81774  
10631.73792  
10702.57703  
10713.38163  
10674.11718  
10639.91608  
10627.30573  
10646.57842  
10652.72109  
10603.75831  
10629.58132  
10591.41484  
10615.29041  
10618.97589  
10648.0854  
10672.8688  
10614.56684  
10568.35534  
10630.56108  
10622.06103  
10663.26922  
10726.46447  
10677.89534  
10702.72854  
10692.22764  
10684.05157  
10662.69435  
10641.62022  
10572.64367  
10585.63751  
10589.47144  
10586.39401  
10590.23288  
10591.24888  
10605.74955  
10639.52238  
10584.29174  
10576.74572  
10588.94304  
10626.66978  
10593.24794  
10655.74187  
10639.94286  
10591.66902  
10644.99587  
10617.25684  
10569.91546  
10629.06573  
10611.1319  
10683.96872  
10699.08652  
10653.29733  
10679.474  
10717.02915  
10654.22583  
10642.77182  
10664.38875  
10583.7707  
10635.32988  
10642.80071  
10585.26391  
10635.8637  
10705.91247  
10676.17767  
10702.69617  
10668.0543  
10626.01235  
10570.06965  
10549.97304  
10562.86499  
10561.57688  
10543.47245  
10607.10803  
10641.81359  
10653.61026  
10644.35561  
10609.08587  
10598.91522  
10596.81507  
10609.87367  
10666.28973  
10688.56038  
10667.58432  
10672.93088  
10660.42717  
10672.48422  
10654.92139  
10670.27895  
10661.66928  
10706.80337  
10677.27133  
10665.32052  
10649.61459  
10669.01332  
10662.34431  
10690.13409  
10645.94381  
10625.41036  
10541.22103  
10591.76716  
10624.90539  
10595.70457  
10641.80758  
10595.92615  
10573.30126  
10575.90928  
10613.2129  
10658.80841  
10694.404  
10671.51536  
10662.62611  
10610.8388  
10622.17476  
10653.9872  
10631.38571  
10617.9418  
10578.1728  
10592.95389  
10614.99295  
10590.61409  
10556.89878  
10605.68975  
10623.30962  
10647.73484  
10676.98209  
10721.42043  
10656.03774  
10666.32331  
10599.20953  
10629.39178  
10608.15911  
10587.74102  
10638.97521  
10682.57954  
10676.69042  
10653.71842  
10693.92708  
10657.62196  
10564.9528  
10561.62565  
10595.37358  
10637.66609  
10678.44121  
10643.6666  
10648.47997  
10647.0028  
10605.50871  
10650.78534  
10709.28007  
10676.04553  
10663.23514  
10616.98317  
10631.95327  
10652.37579  
10606.91072  
10628.46279  
10621.61461  
10663.94137  
10635.78622  
10655.3968  
10640.93568  
10626.36047  
10570.01297  
10612.1264  
10636.28293  
10605.10009  
10643.36573  
10645.60939  
10667.69552  
10669.78344  
10680.20959  
10637.24136  
10618.04933  
10624.3628  
10586.068  
10547.71751  
10580.95447  
10610.12054  
10599.96008  
10649.33374  
10688.29841  
10653.66418  
10685.32282  
10621.27892  
10582.72974  
10664.61177  
10624.01106  
10619.0784  
10624.02553  
10593.55615  
10638.21459  
10586.30279  
10598.11964  
10618.76365  
10671.30295  
10653.52847  
10620.30933  
10601.40468  
10634.2916  
10601.06859  
10621.05853  
10625.00742  
10586.13182  
10605.14443  
10604.37791  
10589.89242  
10548.57103  
10587.27121  
10648.2027  
10660.65773  
10660.3632  
10604.64657  
10610.19879  
10622.15373  
10642.67379  
10635.90087  
10647.74742  
10657.13119  
10677.1195  
10603.49356  
10579.77164  
10570.82539  
10569.3329  
10589.84721  
10584.78464  
10567.53185  
10581.16399  
10629.80119  
10669.02486  
10712.72544  
10662.45593  
10634.02768  
10579.25664  
10588.09933  
10614.64299  
10623.63368  
10638.5227  
10665.80939  
10658.87611  
10666.98403  
10703.18703  
10664.70243  
10686.37402  
10666.67296  
10651.75971  
10590.11401  
10556.43757  
10563.52887  
10584.44457  
10576.56154  
10568.35339  
10566.26826  
10532.22719  
10570.9098  
10559.73186  
10626.51693  
10639.23313  
10627.30192  
10644.54347  
10640.89596  
10667.06798  
10631.35192  
10634.04307  
10660.1643  
10660.16341  
10650.31413  
10664.28023  
10641.06889  
10686.72945  
10684.37864  
10655.4676  
10662.15017  
10670.72409  
10629.06418  
10677.25389  
10630.29303  
10625.67453  
10585.9802  
10620.27699  
10634.2069  
10611.3769  
10610.87712  
10608.82452  
10612.10141  
10628.46478  
10610.9296  
10655.91301  
10641.69463  
10668.46827  
10621.62657  
10631.94456  
10649.66154  
10658.41477  
10653.25929  
10678.9352  
10691.16291  
10723.48169  
10688.18895  
10680.93774  
10687.35881  
10683.5565  
10693.96162  
10625.139  
10615.6135  
10648.93858  
10651.8046  
10589.60017  
10574.79059  
10617.10423  
10651.63026  
10626.835  
10615.03498  
10622.44717  
10596.4039  
10614.17499  
10607.43461  
10622.0815  
10615.47551  
10558.69723  
10622.5494  
10613.43547  
10618.55002  
10649.07174  
10611.33215  
10618.749  
10628.76484  
10604.98798  
10659.5574  
10647.61252  
10655.0717  
10630.93949  
10653.43693  
10622.64482  
10664.21176  
10601.65949  
10636.22103  
10607.12915  
10675.21782  
10724.82945  
10758.36104  
10544.56811  
10734.60123  
10599.81292  
10576.90413  
10583.61889  
10538.40212  
10512.59644  
10590.37436  
10600.74674  
10573.691  
10612.07863  
10607.60674  
10633.07057  
10649.38522  
10665.51168  
10646.14108  
10656.85617  
10638.98953  
10697.44963  
10645.52238  
10666.96552  
10647.27574  
10639.06644  
10629.32124  
10589.36142  
10599.56169  
10620.06092  
10643.52006  
10661.3127  
10653.06066  
10638.82806  
10647.40603  
10604.35949  
10610.28075  
10657.4124  
10579.63004  
10577.76961  
10569.81436  
10614.78918  
10659.94006  
10630.19902  
10641.60362  
10638.52452  
10653.95215  
10641.37366  
10571.82104  
10596.44276  
10555.32816  
10557.31922  
10676.42224  
10576.87356  
10592.84575  
10570.66283  
10577.9495  
10593.49915  
10607.38257  
10643.31345  
10651.66781  
10657.82931  
10646.24262  
10665.8556  
10627.84857  
10626.16117  
10659.62856  
10558.40566  
10603.05862  
10609.26675  
10598.44989  
10599.91527  
10626.27272  
10647.74143  
10612.73183  
10640.34658  
10641.62771  
10595.60091  
10692.24872  
10639.38151  
10693.30404  
10696.60325  
10659.77087  
10697.14657  
10660.74484  
10592.05118  
10635.87415  
10585.51688  
10600.29954  
10614.27697  
10586.37142  
10641.93744  
10656.33726  
10688.49561  
10652.44024  
10662.69651  
10678.09165  
10703.42418  
10651.36149  
10597.30396  
10592.9296  
10629.45146  
10628.96357  
10617.99113  
10614.2492  
10572.05045  
10571.27642  
10573.22736  
10646.57761  
10642.31582  
10607.2031  
10713.2565  
10703.67189  
10696.97866  
10684.24224  
10652.14433  
10628.01874  
10646.97383  
10590.28336  
10655.19388  
10605.53458  
10593.03626  
10564.42713  
10555.82075  
10628.14352  
10544.54715  
10613.97291  
10591.76689  
10622.13159  
10595.77041  
10604.73572  
10583.99746  
10632.71556  
10651.70753  
10647.7031  
10640.98868  
10663.70524  
10688.19555  
10689.84332  
10678.30485  
10647.6359  
10620.04671  
10625.64444  
10631.75758  
10664.7283  
10640.51397  
10658.93279  
10647.96905  
10658.17046  
10701.96711  
10702.16324  
10693.57969  
10672.94728  
10650.93929  
10629.67136  
10654.31532  
10721.40003  
10652.39436  
10646.22142  
10621.25348  
10636.202  
10612.67989  
10653.37206  
10641.60476  
10627.51022  
10603.50321  
10599.91746  
10565.32143  
10601.11304  
10629.0827  
10618.5055  
10600.52164  
10593.31466  
10740.3053  
10597.97147  
10650.46295  
10679.0736  
10698.84421  
10612.41269  
10693.09571  
10607.24508  
10555.32079  
10602.94332  
10598.3829  
10591.3905  
10589.81901  
10661.87861  
10652.22222  
10687.33367  
10645.03474  
10633.55136  
10649.03158  
10645.93577  
10627.57911  
10626.82976  
10618.12253  
10610.9118  
10636.96791  
10615.26639  
10592.4264  
10589.1925  
10631.11213  
10650.78015  
10667.88675  
10688.61211  
10662.45503  
10662.15071  
10599.31069  
10568.11608  
10589.61926  
10597.41356  
10622.60168  
10606.13166  
10645.449  
10585.52573  
10638.27778  
10604.29332  
10650.83547  
10644.63315  
10573.34299  
10583.6723  
10621.11321  
10631.18555  
10677.57476  
10644.24679  
10645.12044  
10682.16479  
10720.0368  
10719.08648  
10655.38845  
10636.69565  
10603.58148  
10619.49465  
10608.71985  
10580.59261  
10657.27692  
10623.17045  
10579.85358  
10557.54793  
10600.97488  
10604.34332  
10670.52607  
10654.46843  
10663.14097  
10661.13724  
10609.39769  
10613.53919  
10605.7578  
10617.7074  
10633.43054  
10630.47584  
10563.38192  
10603.53857  
10626.82761  
10599.67407  
10589.56696  
10621.27665  
10589.78726  
10594.31331  
10582.65812  
10595.2247  
10618.95652  
10626.86295  
10657.00011  
10674.0136  
10707.65383  
10579.6933  
10582.62098  
10597.44415  
10569.89296  
10559.6016  
10619.58699  
10599.80387  
10617.73061  
10584.35911  
10615.03777  
10637.76834  
10649.87476  
10620.34288  
10650.8213  
10666.43505  
10618.08737  
10622.39131  
10604.48691  
10625.78701  
10599.1117  
10621.53129  
10628.74649  
10643.87114  
10622.11563  
10630.4969  
10579.69901  
10648.77938  
10679.38716  
10745.06761  
10725.55764  
10646.8708  
10629.95806  
10614.578  
10599.37828  
10611.83119  
10632.95605  
10671.05131  
10636.30459  
10628.88694  
10597.26809  
10574.98067  
10572.58944  
10585.47498  
10630.26031  
10611.3843  
10603.6521  
10668.68115  
10626.51685  
10629.97755  
10581.69066  
10657.77482  
10667.62625  
10660.75926  
10671.84476  
10675.53936  
10634.82476  
10605.56018  
10671.29929  
10708.61336  
10679.76967  
10661.58041  
10648.79766  
10591.35773  
10626.13972  
10635.57483  
10597.55465  
10595.89473  
10576.94269  
10574.08464  
10611.00051  
10632.39565  
10656.99204  
10627.60474  
10630.38689  
10643.41569  
10648.89142  
10645.88923  
10649.6412  
10615.30575  
10619.20914  
10708.63537  
10667.37256  
10613.78936  
10651.15252  
10619.16272  
10650.66215  
10579.36737  
10613.11596  
10593.52944  
10625.65864  
10673.83516  
10717.16002  
10721.40241  
10659.66973  
10663.84431  
10620.85944  
10622.26542  
10612.7687  
10643.33378  
10627.72051  
10598.72718  
10605.21219  
10616.98042  
10640.85604  
10642.84126  
10620.72373  
10622.96303  
10621.90541  
10634.77497  
10650.19127  
10654.27374  
10692.61595  
10704.62792  
10640.55486  
10663.0459  
10678.26106  
10656.13134  
10600.48723  
10642.63632  
10602.94226  
10560.83761  
10582.52824  
10563.4509  
10578.73156  
10589.37121  
10524.80409  
10586.84698  
10640.81853  
10595.79637  
10599.91164  
10575.23658  
10630.59213  
10639.68656  
10614.94981  
10681.84999  
10701.08878  
10606.01924  
10644.48901  
10663.78518  
10687.90077  
10648.88407  
10666.61097  
10588.35366  
10613.42692  
10637.0961  
10679.18134  
10676.97307  
10666.04246  
10653.8353  
10650.31246  
10665.57014  
10591.67418  
10638.10627  
10603.18666  
10570.09297  
10637.79083  
10683.47394  
10644.064  
10598.17015  
10608.8839  
10626.81851  
10570.10568  
10636.96926  
10618.46232  
10657.15852  
10634.49135  
10631.06598  
10621.58729  
10601.49747  
10603.72728  
10606.79299  
10562.27866  
10600.98813  
10640.46493  
10642.02056  
10631.42646  
10657.37332  
10685.2792  
10719.52776  
10671.54223  
10720.83615  
10656.73922  
10592.6861  
10578.35601  
10685.29641  
10651.97113  
10665.38922  
10633.384  
10627.0819  
10631.8448  
10584.09508  
10599.98216  
10620.85123  
10621.78155  
10598.87765  
10616.26357  
10588.33597  
10630.69359  
10632.31745  
10636.18657  
10604.19281  
10627.95332  
10607.54699  
10679.61995  
10694.7263  
10710.24877  
10677.16294  
10643.83551  
10627.0926  
10619.12742  
10581.4271  
10618.4524  
10574.61379  
10628.38565  
10589.8935  
10581.04621  
10585.72859  
10561.58987  
10594.44296  
10588.5074  
10609.33062  
10630.62759  
10637.02823  
10621.66971  
10613.09901  
10617.25862  
10624.71953  
10640.78133  
10592.31021  
10647.69902  
10682.61754  
10720.33807  
10706.76763  
10681.4555  
10649.83967  
10647.55613  
10593.24748  
10596.18954  
10626.33742  
10601.10732  
10646.65524  
10630.763  
10614.48864  
10614.69138  
10630.21564  
10628.01053  
10571.69258  
10622.7538  
10605.19009  
10676.7764  
10664.55907  
10731.84497  
10639.62988  
10570.20979  
10629.09381  
10620.17975  
10588.21969  
10612.79681  
10665.33291  
10700.88361  
10650.50117  
10589.2201  
10622.48843  
10583.32288  
10642.55036  
10653.58212  
10657.04879  
10595.53364  
10611.28182  
10616.0966  
10592.71247  
10621.34233  
10632.11077  
10600.70336  
10626.19804  
10658.1058  
10605.3649  
10633.82751  
10613.38296  
10598.81019  
10640.57172  
10648.57078  
10617.50091  
10602.03613  
10621.72913  
10658.30749  
10662.16706  
10636.60642  
10630.03094  
10614.01234  
10667.51478  
10647.77663  
10662.22007  
10644.87021  
10698.23999  
10648.81092  
10639.86614  
10629.04507  
10616.12454  
10611.30742  
10592.11181  
10642.80083  
10631.72089  
10606.42768  
10593.37022  
10628.55423  
10642.94531  
10639.35125  
10644.39222  
10593.33358  
10574.86108  
10617.35929  
10657.12408  
10646.42927  
10627.76071  
10638.66848  
10628.7367  
10670.48965  
10643.64719  
10667.81349  
10627.06166  
10611.72669  
10574.74806  
10569.90245  
10636.87253  
10691.21082  
10702.89751  
10669.31858  
10593.29483  
10604.38666  
10627.82693  
10689.23472  
10681.19924  
10667.57593  
10623.96815  
10587.68485  
10568.78391  
10536.79805  
10558.12783  
10612.9754  
10695.01449  
10675.63313  
10616.98004  
10610.52827  
10617.61229  
10642.00772  
10637.63847  
10613.0079  
10659.00776  
10659.01257  
10640.44137  
10665.02851  
10661.54784  
10633.18131  
10556.38764  
10621.15701  
10684.90916  
10696.24293  
10678.74952  
10651.44947  
10598.85124  
10579.47517  
10601.44638  
10632.88595  
10564.76526  
10618.53064  
10572.59917  
10596.964  
10623.35488  
10619.90255  
10602.39772  
10632.31627  
10563.83984  
10585.143  
10618.70491  
10643.048  
10657.00181  
10612.56826  
10649.34073  
10636.05172  
10646.89993  
10670.44329  
10680.06552  
10673.0288  
10599.7353  
10634.0931  
10645.09361  
10683.44882  
10664.43592  
10587.63046  
10629.72735  
10660.63712  
10617.85891  
10623.66712  
10631.74334  
10635.6135  
10679.94346  
10667.60507  
10644.97918  
10635.67201  
10623.50233  
10630.16527  
10623.68427  
10617.06325  
10620.97262  
10677.53699  
10620.96758  
10627.57576  
10598.08896  
10600.79329  
10618.13902  
10650.83908  
10677.23913  
10629.30641  
10633.24059  
10655.36409  
10611.48397  
10626.81384  
10627.4738  
10592.35869  
10596.48826  
10640.37004  
10608.16384  
10606.58662  
10593.31618  
10591.89413  
10613.40681  
10626.78398  
10643.02681  
10680.35335  
10649.30691  
10627.29267  
10661.67477  
10595.24772  
10667.60446  
10694.56749  
10720.94254  
10686.09794  
10612.95268  
10632.12611  
10586.07964  
10575.54426  
10603.046  
10672.74839  
10712.54909  
10647.05797  
10625.7873  
10622.53918  
10597.68444  
10560.345  
10603.67266  
10580.21902  
10606.82225  
10632.78127  
10647.5256  
10649.68747  
10649.40067  
10656.66167  
10642.07794  
10664.25465  
10659.64237  
10631.71633  
10644.2731  
10647.98319  
10629.00893  
10611.90911  
10625.2961  
10626.08705  
10631.84947  
10653.69107  
10656.16573  
10621.69641  
10679.04153  
10668.7387  
10681.27268  
10684.75462  
10609.82838  
10581.49074  
10590.88437  
10594.12954  
10591.34575  
10563.07046  
10620.05425  
10605.56579  
10646.16338  
10651.25083  
10580.00755  
10630.24141  
10636.99149  
10655.38556  
10647.71185  
10651.82269  
10656.65728  
10624.97492  
10626.46026  
10636.06671  
10638.70483  
10609.60707  
10624.21995  
10621.35943  
10616.64068  
10587.77467  
10608.8058  
10643.055  
10638.92369  
10649.34182  
10662.40357  
10636.50818  
10622.12798  
10614.78113  
10698.36206  
10763.72379  
10647.56052  
10637.78129  
10616.58611  
10624.59056  
10610.97772  
10622.94496  
10591.16276  
10600.58145  
10652.11701  
10646.57152  
10600.1441  
10639.2763  
10646.49391  
10646.8588  
10590.68699  
10608.5651  
10558.77879  
10599.77164  
10575.72757  
10604.9941  
10580.38005  
10616.68924  
10620.83028  
10631.36542  
10651.32091  
10617.32074  
10602.8823  
10650.47343  
10636.49755  
10635.03305  
10612.72502  
10623.34508  
10605.0259  
10603.02667  
10654.1586  
10592.94343  
10657.74039  
10674.39291  
10660.9426  
10640.47092  
10576.39925  
10581.17128  
10607.5836  
10629.64614  
10604.25  
10565.15585  
10521.14882  
10570.27687  
10577.41166  
10604.02972  
10582.32843  
10620.0759  
10650.19983  
10670.31427  
10722.2373  
10685.36969  
10658.39244  
10653.96379  
10667.64185  
10611.86893  
10593.07825  
10638.99409  
10658.88208  
10689.15536  
10639.0343  
10646.11043  
10648.95621  
10609.78454  
10591.29775  
10567.8768  
10582.78819  
10588.83189  
10606.18848  
10621.4807  
10641.86824  
10614.99223  
10569.00339  
10596.52308  
10583.52576  
10620.72298  
10637.0881  
10623.14914  
10665.86214  
10637.90955  
10637.58536  
10658.78713  
10687.20016  
10664.70288  
10596.98726  
10631.94478  
10651.6243  
10653.12425  
10625.59924  
10624.64071  
10594.82903  
10619.9118  
10665.62496  
10625.91305  
10603.37242  
10672.78811  
10700.26125  
10717.28329  
10655.53081  
10638.75729  
10574.54649  
10601.06356  
10572.09959  
10550.18032  
10531.78449  
10547.88487  
10528.20562  
10614.76088  
10635.83822  
10639.94216  
10670.9503  
10615.29684  
10612.36655  
10635.12327  
10617.67282  
10618.16767  
10608.08441  
10642.83869  
10695.936  
10659.80615  
10647.36364  
10669.40675  
10650.31566  
10665.38204  
10708.71225  
10682.6324  
10676.75917  
10622.66019  
10655.56881  
10632.87653  
10620.75316  
10687.97712  
10700.63823  
10730.84813  
10732.9193  
10705.01218  
10681.24673  
10637.11783  
10631.14807  
10621.29066  
10650.41805  
10615.85053  
10635.43583  
10623.84553  
10658.79841  
10614.03071  
10608.32174  
10600.62327  
10633.8735  
10598.95993  
10572.84492  
10616.39614  
10659.37538  
10669.24279  
10704.19543  
10675.61233  
10650.34522  
10648.60471  
10597.5748  
10587.72215  
10578.04618  
10600.03347  
10658.32359  
10651.58912  
10680.16699  
10669.0925  
10633.64631  
10626.56647  
10600.71226  
10580.30891  
10596.84762  
10605.21113  
10624.45659  
10616.3211  
10623.69916  
10637.11114  
10605.80993  
10597.61944  
10598.63363  
10614.99265  
10648.90864  
10637.97579  
10669.98005  
10615.84549  
10652.48919  
10682.37906  
10640.00098  
10587.6552  
10639.69832  
10606.90781  
10641.69832  
10671.37355  
10703.19389  
10660.70901  
10624.61353  
10572.91088  
10596.83804  
10610.73576  
10642.27117  
10593.4551  
10655.74561  
10659.29145  
10683.67954  
10653.74979  
10635.01751  
10610.97467  
10643.05219  
10636.99869  
10586.91058  
10592.22604  
10558.50549  
10596.80472  
10601.57752  
10638.23601  
10620.01663  
10580.12383  
10630.23713  
10638.47511  
10629.0815  
10648.41527  
10618.11825  
10662.48673  
10649.95703  
10643.09267  
10619.2356  
10646.47072  
10632.20605  
10622.52753  
10627.44241  
10640.27505  
10637.21631  
10658.15916  
10682.72011  
10706.66089  
10652.2855  
10626.53572  
10574.07201  
10612.55331  
10609.19565  
10609.08361  
10609.58948  
10595.65612  
10602.98552  
10614.39184  
10624.95993  
10654.02882  
10600.6975  
10598.98355  
10634.68516  
10657.88229  
10606.72769  
10621.5655  
10597.30126  
10572.27627  
10576.70943  
10643.52108  
10606.97523  
10650.6241  
10582.35263  
10581.86486  
10635.17336  
10634.95695  
10637.52931  
10654.98922  
10669.31267  
10684.52045  
10640.45807  
10641.85022  
10589.12075  
10623.25225  
10607.18399  
10622.04291  
10638.54546  
10663.39506  
10625.32762  
10625.73041  
10617.00335  
10640.86453  
10662.998  
10594.57615  
10622.58925  
10603.40886  
10615.39231  
10664.3434  
10688.62077  
10651.05139  
10665.77975  
10587.33768  
10653.40596  
10694.76259  
10657.30469  
10663.13902  
10626.38756  
10623.3474  
10610.03177  
10569.67188  
10633.37672  
10624.23151  
10599.20179  
10587.97762  
10609.15642  
10652.80614  
10667.452  
10628.53609  
10604.66772  
10670.39988  
10602.66468  
10651.17126  
10638.75933  
10616.23587  
10612.38219  
10649.54576  
10615.73806  
10624.51735  
10588.91804  
10638.61782  
10590.53754  
10629.19356  
10613.60572  
10635.09999  
10635.37793  
10633.91258  
10625.63562  
10663.96773  
10657.06391  
10627.65077  
10635.28402  
10662.11443  
10621.63593  
10594.23905  
10633.26332  
10609.67271  
10626.30691  
10647.27471  
10596.47676  
10626.17649  
10602.22113  
10592.24186  
10614.95837  
10597.61683  
10617.35688  
10625.41265  
10645.90434  
10654.91249  
10644.10985  
10657.43887  
10631.06924  
10591.37582  
10610.19962  
10596.13803  
10627.80952  
10602.74629  
10680.08565  
10675.66424  
10708.36895  
10713.85833  
10698.35541  
10642.54702  
10645.70225  
10640.42299  
10631.86911  
10562.63043  
10508.08162  
10579.81105  
10634.9737  
10654.90697  
10623.03882  
10608.99914  
10636.7924  
10644.12012  
10632.8539  
10610.29603  
10606.70135  
10665.30342  
10667.44874  
10666.53988  
10639.92607  
10640.56573  
10631.62537  
10647.49819  
10640.11749  
10596.73903  
10608.74862  
10585.13822  
10650.30912  
10623.1026  
10633.96917  
10608.14674  
10617.3144  
10647.81601  
10651.73644  
10616.02999  
10586.86897  
10664.09476  
10696.66293  
10658.37198  
10658.22543  
10628.40111  
10571.5808  
10601.59417  
10615.34195  
10580.53878  
10605.22166  
10616.05662  
10637.60629  
10669.95675  
10663.57706  
10632.01062  
10644.02885  
10621.52374  
10628.58185  
10612.53378  
10632.63946  
10652.34123  
10613.85615  
10609.60496  
10610.72676  
10635.46838  
10646.57926  
10661.42568  
10652.95142  
10624.96828  
10623.95675  
10660.33146  
10634.47727  
10675.13012  
10677.45213  
10619.40043  
10658.17387  
10649.21892  
10656.89415  
10620.95554  
10601.00098  
10571.88626  
10590.47972  
10599.35672  
10567.40999  
10595.8907  
10628.94857  
10630.16304  
10566.91142  
10560.75383  
10608.17901  
10597.003  
10626.51867  
10678.68514  
10661.47633  
10676.47623  
10631.76788  
10646.07403  
10638.73732  
10615.13697  
10645.36512  
10659.66818  
10661.78022  
10659.58435  
10677.11521  
10617.69561  
10629.29216  
10633.79356  
10599.33768  
10592.85044  
10654.89665  
10672.55093  
10654.50708  
10621.91881  
10639.0339  
10640.58259  
10669.22894  
10665.60027  
10702.99784  
10706.07653  
10662.96743  
10628.05677  
10628.52525  
10583.99592  
10584.79344  
10604.17475  
10621.28794  
10674.55141  
10708.35942  
10684.58171  
10668.73134  
10642.6957  
10604.58085  
10589.2063  
10633.22738  
10655.2382  
10679.6776  
10601.01503  
10604.10492  
10601.49936  
10538.35255  
10558.8966  
10521.52792  
10520.76154  
10667.51359  
10645.1085  
10620.10901  
10648.02414  
10594.27287  
10573.01206  
10554.32622  
10599.10892  
10596.66595  
10656.2835  
10641.31611  
10674.50133  
10684.69881  
10632.14286  
10611.58951  
10624.48812  
10592.40392  
10597.5353  
10600.08386  
10565.59666  
10598.13159  
10633.14762  
10600.59731  
10627.25302  
10652.08259  
10617.77371  
10608.9477  
10646.41076  
10691.14093  
10693.9349  
10698.07449  
10622.72697  
10583.99719  
10560.15368  
10615.80497  
10627.63428  
10597.70486  
10660.6805  
10635.26491  
10637.51027  
10662.3585  
10648.91631  
10656.79101  
10692.37544  
10713.33609  
10697.55577  
10632.10944  
10607.4356  
10612.0653  
10627.19647  
10598.95657  
10625.86104  
10639.59056  
10628.39828  
10629.04413  
10688.41506  
10676.10059  
10613.81709  
10616.02347  
10618.66896  
10648.43358  
10637.71294  
10602.62089  
10594.06994  
10642.38839  
10632.76203  
10650.33866  
10656.99521  
10631.77962  
10628.56609  
10587.18046  
10580.99279  
10594.77642  
10607.90245  
10581.38118  
10561.8425  
10609.65833  
10651.96805  
10657.96036  
10675.3538  
10645.34721  
10636.5788  
10679.82857  
10653.88661  
10669.34696  
10659.20839  
10576.98172  
10612.12892  
10602.12169  
10624.0927  
10588.70327  
10634.64603  
10607.7785  
10616.75205  
10664.54991  
10631.31797  
10617.23908  
10652.27227  
10649.42769  
10639.76146  
10698.78892  
10665.89975  
10693.13261  
10654.66498  
10660.32721  
10605.24777  
10582.29224  
10583.54273  
10620.49694  
10641.77815  
10610.56746  
10635.36531  
10640.94459  
10657.81576  
10639.16815  
10621.04747  
10636.28221  
10646.39345  
10666.81501  
10642.10678  
10636.57213  
10627.18739  
10636.15224  
10664.44504  
10587.23261  
10586.56203  
10604.53459  
10564.16066  
10566.64712  
10578.19926  
10626.52808  
10605.47264  
10616.95146  
10623.24604  
10606.91194  
10617.65612  
10651.43971  
10680.86362  
10681.49055  
10631.58127  
10641.63795  
10662.13314  
10657.63024  
10661.54586  
10655.4215  
10575.58086  
10613.57038  
10612.84794  
10678.09962  
10646.56604  
10625.30149  
10686.78952  
10660.09919  
10637.01549  
10603.67685  
10609.62185  
10649.24423  
10598.96797  
10649.01737  
10597.88554  
10611.37964  
10628.48552  
10627.75186  
10624.95504  
10615.9317  
10647.33201  
10640.79585  
10581.38144  
10628.08888  
10654.16707  
10617.29175  
10645.90787  
10650.97331  
10654.60735  
10675.22675  
10643.92439  
10605.90901  
10613.59518  
10595.69933  
10633.83331  
10663.27981  
10645.56352  
10662.18628  
10606.21862  
10615.81114  
10610.36681  
10628.44325  
10577.37224  
10648.36041  
10608.98493  
10635.65282  
10631.73984  
10646.61987  
10625.45377  
10670.98068  
10652.31764  
10704.03231  
10699.66551  
10724.98382  
10665.2263  
10631.19383  
10597.91579  
10621.76659  
10625.29921  
10629.82781  
10622.33885  
10648.62475  
10655.65704  
10621.00776  
10591.66669  
10605.8697  
10609.45303  
10641.48075  
10581.47369  
10625.91156  
10605.73933  
10591.43784  
10669.10616  
10651.3768  
10604.33097  
10607.24882  
10622.61231  
10610.22412  
10588.08525  
10577.36121  
10564.65284  
10553.5578  
10733.33369  
10631.84878  
10635.13265  
10607.15141  
10610.49689  
10600.54617  
10613.21081  
10598.10696  
10642.17719  
10696.67245  
10609.34042  
10644.97636  
10605.51386  
10615.95367  
10644.72822  
10622.93278  
10611.47423  
10645.68842  
10627.9006  
10654.10126  
10639.51318  
10612.18559  
10659.95964  
10633.63689  
10633.33651  
10635.88204  
10648.48653  
10646.81429  
10626.00052  
10630.66534  
10625.1673  
10641.47281  
10632.80431  
10641.10505  
10590.23476  
10631.19861  
10635.50229  
10618.23952  
10669.64321  
10672.53543  
10629.03703  
10595.0077  
10593.32467  
10639.09991  
10626.56803  
10619.56994  
10613.38611  
10640.67613  
10613.4696  
10597.37137  
10637.10167  
10593.90025  
10610.93961  
10602.72657  
10615.62624  
10698.49355  
10636.91338  
10619.00569  
10613.12724  
10656.10419  
10656.88605  
10645.09942  
10665.00813  
10632.99591  
10630.36583  
10631.8909  
10598.20117  
10630.44481  
10618.81346  
10574.85508  
10648.45446  
10600.83758  
10587.85299  
10618.0946  
10646.89331  
10586.31134  
10601.16956  
10627.96955  
10657.54145  
10715.13233  
10639.93832  
10568.82984  
10571.45883  
10626.76256  
10645.63491  
10665.04304  
10634.06327  
10635.90969  
10652.98248  
10610.09621  
10618.15077  
10608.01903  
10603.56315  
10642.53248  
10662.82204  
10674.40307  
10648.48004  
10663.66268  
10633.09449  
10653.82419  
10662.38357  
10717.01626  
10639.7221  
10624.16332  
10612.91341  
10632.26944  
10627.82016  
10673.1383  
10637.89304  
10632.33494  
10628.64202  
10602.20075  
10636.7758  
10659.7739  
10708.62155  
10647.03419  
10572.03971  
10601.04693  
10595.08295  
10557.97224  
10616.98622  
10616.03035  
10667.77886  
10642.18021  
10603.8061  
10605.76091  
10620.1037  
10587.98033  
10618.43946  
10605.262  
10621.99815  
10652.9968  
10646.99992  
10703.77216  
10667.07087  
10657.85979  
10629.2219  
10637.20506  
10609.96556  
10625.32786  
10611.74041  
10585.36283  
10703.7215  
10646.10643  
10675.89485  
10634.77585  
10620.26897  
10559.01897  
10576.22306  
10611.36257  
10613.41315  
10647.82194  
10616.14346  
10664.93013  
10732.39261  
10745.75168  
10673.20314  
10670.97286  
10652.45269  
10604.09168  
10630.74161  
10571.81376  
10584.98122  
10608.83593  
10618.28846  
10585.71617  
10586.89105  
10600.16142  
10611.60578  
10610.0681  
10627.41122  
10646.13018  
10616.54574  
10592.19097  
10639.13678  
10663.48455  
10626.1401  
10598.46511  
10607.99089  
10641.07092  
10599.56088  
10627.21532  
10664.56215  
10652.5296  
10634.33237  
10616.296  
10634.40158  
10625.03321  
10622.13285  
10590.73403  
10620.43995  
10648.06916  
10655.79552  
10616.06274  
10609.22155  
10648.31327  
10673.1591  
10672.00788  
10662.96916  
10666.23127  
10627.37227  
10573.00071  
10608.52921  
10651.12402  
10630.33522  
10644.64871  
10653.49918  
10656.78177  
10583.8055  
10588.12733  
10641.83066  
10629.67525  
10622.54415  
10627.4041  
10624.18634  
10608.23744  
10606.34351  
10641.7665  
10600.45463  
10632.04002  
10665.78534  
10666.56766  
10618.23199  
10684.33904  
10632.3683  
10588.30428  
10643.14193  
10635.24852  
10622.16637  
10628.58294  
10640.27513  
10638.53988  
10625.03285  
10616.38592  
10625.7853  
10625.13515  
10640.62947  
10623.85022  
10634.92682  
10617.64235  
10641.79322  
10622.27103  
10646.29109  
10655.32237  
10688.52388  
10601.04527  
10660.76208  
10598.99245  
10583.47464  
10584.3933  
10599.18282  
10557.22055  
10581.42299  
10599.23464  
10564.28488  
10592.12547  
10597.3348  
10609.70073  
10603.82996  
10609.18871  
10604.57627  
10616.27587  
10656.60406  
10657.96565  
10688.13233  
10740.3126  
10662.70164  
10655.10825  
10627.77041  
10615.2318  
10616.65247  
10664.66779  
10674.15285  
10649.18632  
10627.15467  
10638.35111  
10668.90134  
10651.91644  
10672.86441  
10669.61808  
10648.1891  
10653.97776  
10631.02632  
10636.17736  
10612.52885  
10667.06028  
10603.66729  
10607.16239  
10595.45664  
10594.29198  
10623.45138  
10631.29029  
10605.39497  
10624.99004  
10634.46757  
10636.19548  
10621.58417  
10632.94948  
10605.87093  
10621.27502  
10633.81402  
10608.69101  
10616.39243  
10640.44445  
10643.54109  
10615.11449  
10615.57815  
10642.52057  
10617.15704  
10644.6679  
10600.39255  
10583.59069  
10621.10865  
10612.60007  
10645.67674  
10607.80621  
10626.80555  
10622.29164  
10646.59843  
10671.85254  
10655.11826  
10616.40042  
10684.43541  
10682.30441  
10662.75564  
10627.72479  
10639.81463  
10612.11755  
10643.43771  
10668.57201  
10640.91589  
10646.34563  
10634.26849  
10668.0787  
10613.13094  
10589.52896  
10631.28597  
10614.77281  
10633.51926  
10605.79718  
10670.12767  
10633.78028  
10624.15735  
10605.12589  
10627.35584  
10598.86994  
10650.39208  
10620.42649  
10642.56768  
10601.95963  
10601.46213  
10675.74024  
10632.33943  
10631.03164  
10619.24113  
10634.6741  
10595.90646  
10582.82887  
10583.29159  
10615.46267  
10616.94978  
10594.94959  
10593.84951  
10613.33174  
10607.73317  
10627.97568  
10624.10646  
10582.92947  
10596.68752  
10632.02494  
10639.31587  
10678.37973  
10677.97722  
10662.0484  
10688.79432  
10644.95185  
10656.23012  
10641.91047  
10619.27599  
10593.31228  
10601.33458  
10600.90955  
10637.09165  
10651.48757  
10660.01951  
10590.68339  
10630.25029  
10633.31223  
10649.52676  
10679.32735  
10642.45029  
10667.48275  
10599.00823  
10574.90366  
10595.96119  
10618.08871  
10616.42234  
10560.68586  
10609.6245  
10621.00015  
10615.59059  
10616.51504  
10636.83498  
10607.29  
10644.30331  
10683.76529  
10663.03582  
10664.1809  
10650.05124  
10616.55755  
10650.80987  
10620.62081  
10613.51229  
10608.57253  
10641.63624  
10657.53785  
10631.89632  
10591.27081  
10630.87069  
10649.68489  
10612.98594  
10624.22423  
10614.70429  
10588.04334  
10579.43075  
10591.00446  
10659.99857  
10662.90407  
10671.09229  
10656.58179  
10584.25235  
10622.1932  
10657.99695  
10702.0711  
10639.55359  
10637.84921  
10600.03484  
10611.52585  
10577.65851  
10579.51718  
10655.88332  
10647.68417  
10656.25882  
10693.55158  
10678.53502  
10684.04052  
10655.23068  
10616.02414  
10671.2053  
10631.44812  
10669.48327  
10721.35458  
10684.87411  
10633.35859  
10607.08691  
10617.02973  
10637.54155  
10582.85052  
10627.29542  
10581.13978  
10617.59115  
10639.62165  
10614.9013  
10615.43503  
10656.6418  
10629.43367  
10626.77291  
10621.62332  
10630.73289  
10612.84726  
10604.62309  
10538.82704  
10606.3575  
10635.95968  
10605.28586  
10613.3167  
10643.45967  
10651.1418  
10633.89322  
10623.64916  
10611.82025  
10601.43178  
10604.90212  
10658.5062  
10664.83656  
10642.59001  
10642.35853  
10591.89262  
10613.18439  
10690.77124  
10645.33767  
10613.8698  
10607.09981  
10596.84628  
10625.9183  
10646.88682  
10652.64698  
10644.75482  
10711.18297  
10668.54828  
10703.11424  
10647.18471  
10640.05023  
10561.50495  
10625.18088  
10582.06826  
10582.85796  
10605.99836  
10641.02887  
10620.89145  
10662.87347  
10669.77007  
10655.56753  
10640.16164  
10619.43722  
10625.10485  
10599.65493  
10580.61933  
10681.89142  
10636.39971  
10610.035  
10663.07819  
10626.8718  
10635.21663  
10631.45736  
10647.41617  
10616.17994  
10618.23019  
10590.79807  
10626.66896  
10617.42505  
10624.06896  
10601.69456  
10655.82433  
10651.99638  
10653.08178  
10645.2697  
10629.75827  
10684.24373  
10605.54692  
10602.54728  
10654.35857  
10650.67471  
10636.24756  
10660.64652  
10666.86061  
10588.16417  
10562.08568  
10601.29072  
10611.41202  
10612.34654  
10588.15736  
10611.75494  
10696.62569  
10646.67023  
10668.60714  
10618.65931  
10668.9064  
10598.26656  
10628.11617  
10650.32313  
10618.77138  
10610.55279  
10661.85012  
10652.87258  
10632.51181  
10606.93102  
10620.0334  
10616.13178  
10637.9035  
10625.33644  
10634.52061  
10632.87091  
10643.36511  
10646.9195  
10638.16546  
10635.87523  
10568.93323  
10594.00744  
10667.71561  
10643.40999  
10651.69062  
10616.61211  
10604.60385  
10594.84413  
10612.5469  
10613.96718  
10646.26966  
10636.8149  
10639.41753  
10639.31512  
10628.51276  
10621.09465  
10612.15771  
10601.76541  
10645.69294  
10644.93127  
10622.5572  
10632.8258  
10650.38489  
10661.20366  
10639.19583  
10611.31445  
10634.27405  
10652.39071  
10672.89748  
10671.2577  
10670.07321  
10616.24221  
10614.50009  
10636.47186  
10618.35051  
10559.5602  
10583.88069  
10608.29554  
10607.45802  
10655.55261  
10621.29975  
10615.50462  
10629.30756  
10626.66703  
10661.00441  
10602.73962  
10601.144  
10655.55527  
10607.70251  
10628.51243  
10581.53292  
10637.30612  
10614.66453  
10653.96744  
10629.869  
10654.85019  
10674.9644  
10648.17889  
10674.06829  
10680.71517  
10660.25475  
10658.96821  
10615.11949  
10648.97015  
10675.90964  
10662.66295  
10617.77689  
10622.81274  
10603.00147  
10620.64102  
10638.43814  
10595.14857  
10620.90358  
10658.51947  
10607.07521  
10598.99886  
10638.52248  
10633.26374  
10619.207  
10623.70865  
10595.81969  
10655.06868  
10655.50783  
10640.81573  
10625.66102  
10623.84355  
10642.31064  
10650.18246  
10634.82613  
10602.41226  
10656.82246  
10661.84288  
10627.28619  
10643.60494  
10632.58214  
10621.16772  
10575.94056  
10546.93287  
10637.33279  
10639.35441  
10611.63143  
10599.413  
10644.74409  
10647.64321  
10612.31459  
10632.60125  
10636.47923  
10634.71353  
10615.36798  
10597.22928  
10585.1581  
10582.16289  
10593.43775  
10592.60826  
10598.04518  
10605.86205  
10631.84084  
10628.66065  
10627.09387  
10635.79167  
10642.87927  
10716.70964  
10690.17823  
10703.5347  
10713.86988  
10624.91404  
10617.70165  
10608.50945  
10570.4228  
10609.91583  
10680.2551  
10640.21827  
10680.96246  
10686.48772  
10609.42507  
10599.09608  
10641.87809  
10627.05535  
10627.7008  
10645.29194  
10576.94111  
10583.31879  
10631.71575  
10637.47899  
10591.84264  
10644.95531  
10618.74552  
10618.02769  
10585.03505  
10605.29996  
10590.237  
10678.4106  
10672.88388  
10672.75129  
10654.538  
