11735.1563  
11620.09027  
11560.39577  
11602.19092  
11538.76362  
11550.63991  
11505.08017  
11487.21328  
11506.6069  
11484.48354  
11480.95551  
11503.5812  
11560.63601  
11556.93349  
11609.35366  
11577.59627  
11560.10058  
11573.85538  
11582.75198  
11634.70428  
11600.15799  
11624.70912  
11628.63991  
11596.95113  
11608.23546  
11580.32459  
11569.42301  
11586.01945  
11583.36221  
11604.43445  
11613.90158  
11658.33405  
11609.36163  
11546.56177  
11572.74393  
11511.10934  
11510.92525  
11538.29057  
11529.93252  
11483.23424  
11533.8476  
11506.50241  
11541.99097  
11538.3741  
11563.90406  
11565.96816  
11534.71281  
11523.27681  
11536.7524  
11555.72883  
11521.98303  
11569.93002  
11528.04009  
11533.92765  
11563.46954  
11558.18899  
11604.40433  
11575.79237  
11596.84775  
11563.44825  
11523.55652  
11544.02532  
11528.32432  
11549.75585  
11544.90791  
11539.89118  
11538.95344  
11553.32481  
11522.56412  
11521.84842  
11552.94971  
11605.30793  
11616.66143  
11604.29988  
11612.50412  
11633.24956  
11609.68795  
11594.97051  
11593.8268  
11595.94612  
11515.39596  
11517.44704  
11523.35694  
11542.61287  
11535.95195  
11530.54165  
11545.84215  
11582.55058  
11531.62214  
11533.5439  
11551.41867  
11597.22605  
11598.31129  
11596.78969  
11592.34154  
11526.00585  
11506.68597  
11498.23016  
11575.2458  
11547.53138  
11578.57281  
11557.08709  
11563.12775  
11581.94781  
11583.95743  
11551.66946  
11548.22833  
11539.16905  
11519.20831  
11593.15572  
11593.08256  
11579.76967  
11536.06336  
11546.77701  
11565.33995  
11596.49841  
11589.59823  
11585.79855  
11600.90484  
11579.30041  
11605.7694  
11577.70221  
11588.88587  
11621.57752  
11596.68493  
11567.86926  
11580.44345  
11573.82489  
11555.28995  
11522.61817  
11523.38869  
11530.67888  
11504.54802  
11531.21646  
11541.73288  
11554.14322  
11605.91987  
11595.7555  
11641.74334  
11631.16056  
11633.64767  
11604.24323  
11568.90466  
11464.63836  
11552.86832  
11595.26408  
11532.35031  
11530.01987  
11533.75052  
11566.55183  
11531.4113  
11545.34347  
11555.92313  
11562.63768  
11593.19414  
11564.05584  
11581.24855  
11597.17739  
11548.41756  
11532.52774  
11561.72229  
11591.84374  
11605.62654  
11613.08191  
11568.03462  
11548.79334  
11534.50363  
11560.63885  
11576.77828  
11546.6317  
11531.7847  
11559.77944  
11582.73259  
11569.28051  
11561.54462  
11599.15029  
11586.46629  
11604.35553  
11538.12072  
11561.19946  
11530.08141  
11567.0483  
11524.74437  
11545.07804  
11570.99605  
11578.85578  
11586.03899  
11566.00739  
11575.58522  
11598.00453  
11563.83965  
11579.86217  
11537.64293  
11564.57079  
11564.00022  
11582.94453  
11610.54257  
11619.22617  
11623.05332  
11578.12344  
11511.83303  
11472.546  
11448.44069  
11478.10424  
11546.20937  
11546.22595  
11541.08784  
11586.14445  
11575.50389  
11561.88038  
11571.81637  
11561.26803  
11595.70718  
11585.33998  
11558.24545  
11547.45997  
11591.42246  
11599.95545  
11587.31058  
11587.06715  
11562.72109  
11546.55859  
11565.14517  
11559.80121  
11519.24034  
11539.7658  
11540.65201  
11558.43872  
11572.96068  
11557.1858  
11588.20098  
11562.26479  
11598.29295  
11571.86627  
11602.85741  
11562.37071  
11567.70459  
11533.07472  
11524.68272  
11527.43925  
11567.87396  
11580.14175  
11597.19185  
11563.0975  
11569.46548  
11582.14525  
11524.46544  
11518.5244  
11551.52348  
11563.85668  
11566.45256  
11562.38546  
11671.49698  
11623.62295  
11596.94663  
11605.99815  
11577.3622  
11586.03907  
11608.20865  
11573.42279  
11543.62886  
11584.63867  
11611.28046  
11614.77397  
11574.87916  
11595.04583  
11553.12542  
11534.85203  
11534.2829  
11516.24726  
11535.55456  
11474.77802  
11525.00853  
11513.61045  
11539.25296  
11553.04851  
11550.04254  
11572.52376  
11512.61557  
11485.0299  
11491.65406  
11504.19294  
11533.57604  
11536.8707  
11564.51756  
11561.88822  
11571.46214  
11565.15048  
11553.43805  
11576.6103  
11610.60007  
11588.95419  
11623.18841  
11628.12925  
11610.7644  
11587.37781  
11517.96728  
11539.01199  
11536.42257  
11508.60897  
11561.82974  
11566.71336  
11585.78243  
11596.65806  
11559.66893  
11590.83048  
11587.73358  
11636.45391  
11636.01815  
11578.20545  
11572.99774  
11555.49981  
11576.974  
11513.92942  
11527.68458  
11529.96385  
11564.84253  
11570.02071  
11566.57445  
11542.58389  
11599.2134  
11576.42774  
11587.68465  
11550.00368  
11579.3624  
11583.75761  
11592.72109  
11616.70832  
11543.51117  
11498.54364  
11525.58871  
11546.0639  
11595.95711  
11551.65114  
11579.15616  
11585.99776  
11615.68005  
11578.34413  
11604.06708  
11591.62562  
11586.61477  
11595.0402  
11583.30782  
11597.20354  
11575.07869  
11626.7677  
11579.18295  
11549.82163  
11557.55049  
11552.60766  
11560.81932  
11560.44116  
11486.85877  
11484.12399  
11522.01522  
11545.85246  
11590.0658  
11542.98281  
11498.35623  
11537.30527  
11538.7118  
11519.98198  
11541.51864  
11551.04434  
11506.95493  
11506.48552  
11518.47138  
11586.11217  
11652.68161  
11591.04552  
11611.48066  
11582.61839  
11592.14597  
11603.36626  
11610.36362  
11583.32521  
11526.46053  
11518.37878  
11536.86793  
11570.59455  
11599.15139  
11633.40376  
11585.15666  
11563.83693  
11551.93072  
11566.2908  
11607.23012  
11610.44868  
11570.8827  
11588.79942  
11575.0933  
11577.49324  
11609.14419  
11598.04676  
11569.92781  
11585.47065  
11568.30171  
11633.34814  
11606.21683  
11641.76311  
11557.06563  
11524.47291  
11495.32816  
11481.85813  
11489.72233  
11509.13878  
11502.16831  
11529.17456  
11481.75901  
11509.70489  
11556.97819  
11596.95833  
11562.14008  
11557.15607  
11483.65136  
11519.95929  
11589.72814  
11583.23022  
11564.16232  
11546.93008  
11537.34456  
11552.67087  
11591.44284  
11563.66194  
11570.57433  
11581.61371  
11603.50914  
11539.41297  
11574.5648  
11599.83052  
11594.4515  
11622.84252  
11612.31969  
11546.92923  
11531.85684  
11578.19451  
11558.83429  
11566.35367  
11571.93336  
11564.61954  
11590.56768  
11620.56674  
11582.15082  
11569.05284  
11553.24425  
11523.92853  
11531.58297  
11566.60357  
11531.33486  
11529.14933  
11533.08133  
11580.42052  
11567.4095  
11576.8151  
11600.21574  
11557.59688  
11578.87147  
11585.98539  
11584.76134  
11638.83338  
11666.91642  
11629.4849  
11578.66243  
11565.4696  
11606.0645  
11519.29236  
11502.74045  
11542.63217  
11547.75248  
11550.36207  
11575.71167  
11549.60239  
11540.59346  
11483.16026  
11506.97481  
11544.71092  
11521.305  
11554.37932  
11600.05988  
11605.99369  
11563.18811  
11604.68658  
11609.83183  
11662.43619  
11622.89526  
11606.18213  
11583.84571  
11506.74991  
11556.12446  
11546.04629  
11584.81453  
11592.33738  
11553.16955  
11566.68441  
11576.01334  
11582.44722  
11605.71063  
11621.91359  
11598.98997  
11572.42734  
11607.63924  
11618.93621  
11611.54892  
11613.95601  
11555.74572  
11437.73963  
11485.94975  
11458.98251  
11479.36186  
11479.78731  
11518.67119  
11508.09514  
11523.15625  
11547.03883  
11506.06907  
11573.66377  
11589.2206  
11628.84648  
11581.12998  
11541.73616  
11533.32591  
11490.18186  
11476.47537  
11524.9871  
11542.05898  
11562.23077  
11535.73911  
11546.08559  
11573.51002  
11656.47704  
11644.99462  
11641.42516  
11583.07416  
11527.65827  
11547.40313  
11569.63754  
11576.02705  
11602.08203  
11560.49949  
11536.19605  
11587.3279  
11589.35101  
11602.78476  
11619.99378  
11607.01685  
11598.7521  
11587.31204  
11602.25913  
11603.00468  
11577.82349  
11602.22252  
11634.55949  
11558.20445  
11533.84626  
11543.36921  
11562.12861  
11552.79643  
11622.60933  
11595.19771  
11613.25588  
11616.39441  
11584.34721  
11526.50476  
11540.39112  
11605.22475  
11566.22128  
11512.41997  
11508.70524  
11484.20057  
11468.75014  
11439.8088  
11466.61876  
11456.53822  
11488.4472  
11543.54029  
11534.87148  
11495.79038  
11525.36661  
11549.30705  
11585.46499  
11583.73921  
11556.29261  
11577.20113  
11619.95405  
11612.80547  
11608.51105  
11582.92852  
11576.07348  
11596.98892  
11589.6607  
11597.71492  
11561.51551  
11560.90323  
11558.04231  
11551.43054  
11528.22708  
11585.19962  
11635.09607  
11614.0372  
11581.55915  
11620.92974  
11639.20737  
11643.55955  
11624.94026  
11547.11882  
11546.89699  
11473.50415  
11489.65313  
11511.55227  
11561.54178  
11539.32684  
11522.83829  
11581.14745  
11568.37654  
11527.42905  
11528.64475  
11574.26285  
11603.36929  
11600.22792  
11570.77228  
11539.74332  
11548.3651  
11554.49759  
11563.63737  
11530.46128  
11570.4894  
11581.17786  
11601.11221  
11604.57888  
11632.38396  
11543.53947  
11561.21544  
11547.32975  
11564.11948  
11549.87968  
11567.12575  
11549.63472  
11589.48121  
11584.12555  
11566.22487  
11564.91395  
11571.44445  
11595.76343  
11578.81131  
11556.34009  
11496.55738  
11501.02827  
11549.17737  
11565.88915  
11552.85763  
11529.41691  
11567.30127  
11576.6048  
11601.36045  
11567.1704  
11544.81059  
11552.67232  
11563.92033  
11606.25751  
11568.41472  
11564.80981  
11538.69811  
11579.27973  
11553.22697  
11543.18786  
11549.58127  
11552.56954  
11556.64152  
11576.7151  
11585.61922  
11558.9482  
11575.16867  
11547.3705  
11572.84805  
11576.49455  
11537.87649  
11585.55289  
11579.80741  
11609.75135  
11640.47371  
11664.28067  
11580.91936  
11552.03473  
11507.52899  
11530.70121  
11570.30591  
11571.26928  
11564.68214  
11575.48226  
11557.1468  
11599.38016  
11605.07865  
11602.80248  
11557.57581  
11543.80669  
11554.57902  
11560.30243  
11524.20576  
11548.13927  
11564.02555  
11577.17549  
11576.04543  
11520.90892  
11555.25354  
11551.40224  
11557.67108  
11571.74206  
11565.78324  
11511.47307  
11549.18564  
11563.1931  
11538.11572  
11584.5209  
11567.32756  
11557.21688  
11536.56892  
11579.95974  
11618.59415  
11623.09319  
11554.073  
11537.68382  
11538.91078  
11515.66584  
11487.95454  
11494.68409  
11526.51198  
11555.63398  
11539.74768  
11537.10356  
11556.5105  
11591.76727  
11546.77347  
11522.69505  
11552.77032  
11578.86019  
11578.21065  
11594.90684  
11578.85001  
11603.24613  
11597.83059  
11572.9937  
11589.01605  
11612.79069  
11633.38818  
11600.71364  
11529.43294  
11525.61659  
11552.75397  
11537.91791  
11519.52415  
11516.68072  
11558.48918  
11536.87899  
11592.50188  
11576.62584  
11593.11942  
11638.45665  
11619.50797  
11599.78697  
11601.76044  
11560.79898  
11580.27753  
11587.01017  
11578.23946  
11588.55433  
11604.23729  
11555.8364  
11515.13298  
11491.87115  
11477.92191  
11467.06528  
11531.66317  
11531.59574  
11576.64672  
11606.33041  
11561.13904  
11561.68545  
11589.90727  
11566.94872  
11603.87055  
11589.02684  
11576.09851  
11593.1275  
11596.01516  
11558.12775  
11538.83786  
11581.39959  
11517.79342  
11563.64434  
11624.03721  
11593.9772  
11569.85175  
11580.90116  
11544.08722  
11544.35963  
11509.16607  
11557.73964  
11543.79246  
11557.09215  
11503.91002  
11548.99565  
11544.85006  
11570.20962  
11567.42661  
11565.2689  
11594.87264  
11572.01639  
11576.54851  
11522.24735  
11530.21958  
11554.35264  
11620.14082  
11600.57403  
11551.83981  
11558.43366  
11546.53126  
11569.92034  
11567.19265  
11559.49074  
11597.02579  
11624.06108  
11603.28929  
11580.23119  
11649.09306  
11574.28112  
11530.07235  
11542.68903  
11492.58963  
11511.10879  
11495.01758  
11508.26943  
11538.89002  
11505.67026  
11521.08447  
11561.38574  
11564.28384  
11564.03239  
11606.26467  
11555.09827  
11566.33268  
11560.84584  
11552.93325  
11540.12296  
11550.94317  
11548.44972  
11549.38126  
11553.73135  
11564.49221  
11629.38347  
11704.64135  
11634.31928  
11578.92329  
11543.06363  
11568.65279  
11545.29437  
11579.2976  
11537.67271  
11519.49189  
11539.51021  
11555.26517  
11551.4899  
11535.13989  
11579.69238  
11568.40158  
11566.41099  
11546.61353  
11653.44773  
11596.35575  
11564.38512  
11526.16419  
11466.97235  
11495.88544  
11536.57592  
11547.20239  
11535.10511  
11561.8874  
11564.31996  
11570.38348  
11612.34998  
11582.90485  
11611.78885  
11617.10149  
11642.3541  
11622.84431  
11623.68288  
11550.23765  
11572.80316  
11594.99774  
11614.00926  
11591.7242  
11552.11519  
11544.96376  
11536.26317  
11539.28277  
11521.51772  
11524.4094  
11551.73824  
11565.00822  
11596.3076  
11557.68889  
11575.88727  
11538.49371  
11564.71756  
11537.07233  
11530.96701  
11573.24386  
11704.54693  
11560.00884  
11482.3662  
11507.89256  
11518.46494  
11526.20276  
11556.45938  
11527.87934  
11545.94663  
11502.00869  
11513.79984  
11544.14718  
11592.06872  
11633.75015  
11601.85906  
11565.31736  
11541.55271  
11539.45572  
11530.55237  
11495.31134  
11629.56853  
11624.56317  
11551.53928  
11589.67546  
11575.71849  
11547.64379  
11595.57721  
11680.87044  
11639.95516  
11635.03056  
11636.5986  
11547.80759  
11564.5565  
11582.81778  
11576.60965  
11584.73375  
11587.6523  
11530.31249  
11556.06262  
11519.5528  
11502.68695  
11565.28327  
11574.09645  
11641.77302  
11601.46871  
11635.78818  
11600.69535  
11566.34323  
11463.70236  
11534.70056  
11525.06697  
11509.66768  
11549.2744  
11498.84027  
11552.40471  
11540.15486  
11566.88549  
11614.79349  
11555.4269  
11540.51108  
11576.39063  
11546.44723  
11564.16961  
11573.93  
11601.26493  
11597.32942  
11516.76863  
11540.68688  
11512.39216  
11561.1079  
11607.58219  
11608.25414  
11604.11015  
11626.75773  
11613.32563  
11627.8874  
11593.06537  
11555.15223  
11552.29061  
11575.64491  
11538.90022  
11509.92895  
11568.83116  
11508.93937  
11546.21836  
11543.79794  
11529.48568  
11516.81332  
11541.09932  
11594.0647  
11588.79204  
11572.32032  
11562.11262  
11619.77506  
11544.99559  
11582.43325  
11604.08018  
11640.37674  
11564.49326  
11495.48805  
11482.12156  
11529.69838  
11557.69453  
11610.67754  
11565.508  
11567.37646  
11584.07382  
11574.17485  
11570.59276  
11551.51099  
11566.3503  
11572.56592  
11557.50524  
11599.45619  
11595.91916  
11586.03134  
11563.72461  
11579.5568  
11561.09246  
11574.56304  
11601.3234  
11584.20693  
11581.11255  
11554.85836  
11603.00929  
11558.94651  
11558.81391  
11584.87342  
11579.06212  
11619.28925  
11645.9527  
11635.03197  
11587.83056  
11563.16897  
11494.0338  
11492.33462  
11495.44473  
11543.35338  
11546.04338  
11535.3114  
11575.24901  
11549.11583  
11580.9145  
11569.85373  
11622.59834  
11594.18558  
11573.19426  
11582.16751  
11487.74001  
11515.32829  
11518.58902  
11501.91726  
11576.81627  
11546.30264  
11566.25682  
11527.79194  
11477.72931  
11484.74113  
11560.53109  
11525.6906  
11524.72506  
11545.34795  
11521.57852  
11536.97569  
11579.08067  
11586.24345  
11601.80937  
11598.24502  
11599.36501  
11576.10101  
11591.20947  
11645.24925  
11651.89855  
11660.84801  
11566.70282  
11570.21606  
11648.17313  
11565.54127  
11436.32174  
11488.76527  
11529.6776  
11552.4979  
11495.20484  
11540.4514  
11501.27837  
11554.47912  
11643.9925  
11573.67671  
11597.62456  
11610.81912  
11589.10189  
11563.86112  
11550.96993  
11554.36398  
11542.35344  
11545.96356  
11521.2533  
11567.02673  
11555.02135  
11545.27167  
11494.00652  
11522.7406  
11496.95031  
11566.49238  
11561.35189  
11617.55015  
11614.31937  
11634.1519  
11528.60357  
11545.73557  
11528.13335  
11568.81687  
11558.20949  
11568.73632  
11611.77733  
11547.88153  
11578.74491  
11563.08741  
11566.46899  
11510.66315  
11548.19931  
11546.76845  
11551.40562  
11555.11711  
11597.02518  
11562.46647  
11525.07815  
11526.42713  
11544.11669  
11582.45543  
11592.51349  
11606.22131  
11566.58006  
11595.27794  
11665.26945  
11582.37824  
11567.65616  
11569.31629  
11535.17832  
11508.2176  
11545.38848  
11499.73225  
11530.91582  
11555.52655  
11547.74223  
11617.19834  
11576.62765  
11614.68966  
11605.61609  
11539.53021  
11662.62642  
11593.25502  
11576.86869  
11619.81148  
11553.76704  
11572.06826  
11575.25245  
11536.87863  
11584.71376  
11564.34693  
11555.00942  
11577.00963  
11556.04991  
11606.32376  
11513.94715  
11457.03436  
11552.44319  
11553.49049  
11590.88089  
11598.20084  
11587.4627  
11572.86717  
11513.77769  
11545.6349  
11597.93528  
11565.21682  
11582.77607  
11619.61727  
11608.42338  
11588.90322  
11549.94582  
11611.62036  
11530.25445  
11587.01254  
11594.77969  
11574.90745  
11491.88158  
11559.45365  
11589.54176  
11582.75459  
11572.66621  
11549.51921  
11505.38743  
11499.83179  
11515.99851  
11519.43561  
11533.67413  
11527.99578  
11564.83854  
11556.93498  
11577.6279  
11544.76252  
11516.55349  
11531.76749  
11523.38719  
11544.18008  
11580.49541  
11610.91231  
11552.94794  
11574.12204  
11611.78176  
11560.31354  
11560.22929  
11550.83341  
11574.23646  
11587.94145  
11548.11293  
11585.68216  
11596.3244  
11601.27374  
11659.18382  
11613.93716  
11538.36388  
11510.19859  
11529.76495  
11560.95057  
11590.7716  
11561.1485  
11600.69975  
11581.33429  
11585.15283  
11558.11556  
11607.65428  
11580.54897  
11639.70066  
11636.50255  
11621.67362  
11630.01306  
11623.83678  
11601.69376  
11629.10409  
11559.02521  
11587.7784  
11595.92347  
11563.62804  
11591.63562  
11610.48327  
11572.95221  
11492.83103  
11496.85981  
11532.18763  
11488.01019  
11540.07424  
11523.07708  
11484.78138  
11516.21844  
11513.16869  
11554.55743  
11550.57394  
11594.67567  
11610.66966  
11658.54054  
11594.73216  
11507.31785  
11534.44451  
11579.06054  
11526.00454  
11595.68937  
11577.46624  
11595.23292  
11583.76479  
11567.49731  
11610.88096  
11632.36691  
11573.32442  
11605.91612  
11583.54802  
11546.16181  
11525.28862  
11531.41825  
11511.77637  
11514.27216  
11499.91863  
11487.00234  
11508.68647  
11528.56381  
11548.88163  
11579.0687  
11587.50315  
11608.63517  
11564.98741  
11601.04368  
11587.55756  
11609.94805  
11585.00029  
11550.15632  
11574.03873  
11576.31606  
11579.10503  
11563.74727  
11538.87807  
11511.1982  
11547.49493  
11563.57058  
11588.20483  
11575.25104  
11603.12758  
11570.57629  
11579.52594  
11573.76125  
11591.05029  
11560.36832  
11540.6061  
11545.05059  
11541.80727  
11585.50581  
11552.40593  
11532.09252  
11521.0247  
11521.24353  
11555.26526  
11491.46426  
11544.216  
11534.78231  
11588.96645  
11555.60906  
11557.97138  
11532.43702  
11569.70408  
11539.47882  
11579.29579  
11562.68931  
11599.71698  
11598.26294  
11604.82976  
11607.80376  
11531.32287  
11545.20407  
11590.00598  
11532.18895  
11499.25026  
11554.40916  
11581.23098  
11565.70104  
11557.11791  
11588.63755  
11603.04027  
11573.172  
11539.86727  
11550.94602  
11584.64144  
11569.95799  
11588.26654  
11584.29097  
11575.92697  
11546.80994  
11511.31032  
11529.75699  
11575.12379  
11579.3955  
11556.78086  
11565.02581  
11585.96847  
11620.21606  
11620.75024  
11610.8665  
11587.43373  
11585.91226  
11536.63815  
11528.11567  
11471.98302  
11463.25524  
11517.46946  
11562.70037  
11542.1289  
11523.34234  
11499.34066  
11542.37328  
11518.35378  
11551.65364  
11562.15342  
11567.9964  
11582.72826  
11594.82029  
11593.48543  
11581.8157  
11554.71564  
11620.71346  
11592.38001  
11597.12238  
11548.43415  
11529.9935  
11539.39966  
11634.99118  
11601.10112  
11619.21337  
11620.70132  
11587.47935  
11627.26599  
11577.11117  
11548.931  
11532.46919  
11525.97012  
11534.21963  
11524.55392  
11556.88637  
11527.81146  
11548.63049  
11542.71385  
11554.83533  
11599.24772  
11567.66443  
11590.1113  
11558.65482  
11567.22614  
11592.70183  
11608.7671  
11566.23711  
11575.4419  
11572.13566  
11590.36692  
11580.19088  
11572.09498  
11535.99591  
11523.30853  
11494.56387  
11510.91379  
11544.59542  
11535.62895  
11568.264  
11583.25994  
11593.70134  
11594.88863  
11608.10187  
11604.77162  
11571.90806  
11586.41701  
11578.66944  
11554.90198  
11568.95865  
11561.2745  
11590.33509  
11608.02187  
11609.66538  
11595.32209  
11591.36885  
11544.38402  
11549.59715  
11563.28913  
11615.13729  
11556.23677  
11604.7554  
11586.39625  
11571.18893  
11552.69139  
11561.79655  
11558.5347  
11511.5062  
11496.18134  
11557.87603  
11558.50049  
11525.88992  
11496.31156  
11533.67194  
11545.63172  
11509.25922  
11516.01413  
11539.2791  
11549.59723  
11547.73956  
11560.07207  
11608.35136  
11567.26679  
11558.58156  
11539.70814  
11552.84917  
11554.17326  
11595.6819  
11587.23796  
11595.2611  
11582.89625  
11571.3824  
11579.99393  
11585.13317  
11589.81191  
11567.56304  
11555.7081  
11577.63294  
11553.10353  
11568.31875  
11550.15952  
11566.74216  
11605.02142  
11633.69041  
11580.66608  
11609.02139  
11573.97728  
11518.02437  
11527.03421  
11510.58687  
11521.88054  
11544.39602  
11572.46447  
11639.21337  
11590.53553  
11539.76272  
11555.81113  
11579.19194  
11531.48617  
11546.82974  
11573.84183  
11581.01587  
11586.93881  
11562.1799  
11550.28379  
11564.39796  
11563.70958  
11580.11735  
11600.00856  
11614.14033  
11622.89935  
11628.74036  
11641.17391  
11554.06911  
11496.17234  
11466.87769  
11492.5602  
11551.4354  
11577.13806  
11559.54461  
11574.81242  
11568.10768  
11593.77814  
11541.22466  
11566.23184  
11616.57479  
11574.88188  
11545.70269  
11537.30225  
11566.18514  
11607.71884  
11624.51407  
11549.89157  
11557.71123  
11572.64696  
11586.42693  
11517.54182  
11506.48114  
11526.44143  
11507.07998  
11513.956  
11520.63003  
11539.07491  
11519.52955  
11552.27937  
11581.01473  
11580.01513  
11576.38122  
11586.29924  
11554.1987  
11578.07133  
11587.74592  
11574.37138  
11542.9298  
11554.56746  
11578.40032  
11587.86483  
11547.28232  
11574.99206  
11565.55878  
11558.30522  
11559.1665  
11568.64187  
11559.89431  
11530.35545  
11559.48301  
11585.30847  
11569.79147  
11559.14961  
11553.66103  
11578.4694  
11575.8184  
11595.69841  
11603.85223  
11587.77293  
11621.76753  
11596.54383  
11564.31785  
11551.20745  
11582.89043  
11559.55167  
11533.08404  
11575.72997  
11570.58059  
11533.88117  
11544.30638  
11567.36514  
11555.33457  
11514.27717  
11537.96325  
11554.70559  
11532.90642  
11555.30399  
11543.2917  
11521.63096  
11564.97476  
11544.47786  
11604.80403  
11581.9959  
11611.32586  
11609.70748  
11667.31835  
11619.01403  
11584.06628  
11515.63644  
11491.7285  
11432.27351  
11482.22327  
11480.68016  
11491.63839  
11549.86983  
11528.22177  
11560.4478  
11587.27625  
11572.98846  
11585.99414  
11588.40461  
11561.9879  
11605.65529  
11587.45775  
11574.58575  
11581.29274  
11581.93608  
11587.36019  
11551.66527  
11541.6595  
11578.68247  
11564.51085  
11588.55527  
11627.42576  
11599.17166  
11623.18576  
11589.81809  
11588.58863  
11593.99172  
11582.48261  
11582.35847  
11556.9095  
11567.62594  
11556.47392  
11552.95872  
11544.25693  
11529.98885  
11557.5707  
11560.48827  
11567.48526  
11586.23818  
11545.81625  
11538.59685  
11577.06111  
11568.91462  
11551.6196  
11525.77889  
11534.94315  
11550.8855  
11570.38611  
11560.93919  
11602.13971  
11576.11206  
11577.25668  
11553.96449  
11593.47379  
11577.31901  
11565.56508  
11579.37572  
11567.2928  
11605.77266  
11534.95651  
11530.35802  
11514.28671  
11501.90767  
11568.62949  
11588.23791  
11599.17752  
11580.61038  
11546.75365  
11544.16696  
11571.50003  
11574.67322  
11579.12315  
11634.44182  
11629.58987  
11571.4754  
11535.93463  
11470.0923  
11484.92923  
11518.07694  
11524.33716  
11552.2548  
11531.85497  
11573.99998  
11568.40138  
11648.68476  
11608.64967  
11586.15726  
11546.74869  
11522.45004  
11531.9267  
11533.91971  
11564.27922  
11569.02387  
11567.03817  
11609.89191  
11581.37212  
11548.59203  
11567.99853  
11560.51394  
11582.44568  
11595.26015  
11535.79523  
11546.16853  
11530.22063  
11531.35217  
11563.92634  
11574.50948  
11583.64377  
11570.03698  
11585.61673  
11612.82103  
11580.31752  
11598.88905  
11586.03596  
11613.4758  
11591.47421  
11591.36501  
11574.55  
11567.17123  
11588.12315  
11590.14683  
11597.61504  
11557.32547  
11578.7196  
11548.09502  
11538.03403  
11547.18714  
11548.56961  
11542.84405  
11585.30419  
11558.18159  
11565.2878  
11569.19636  
11522.85213  
11592.01603  
11583.42252  
11620.92927  
11572.52209  
11551.24425  
11522.01421  
11577.69238  
11530.52327  
11500.46331  
11513.49848  
11494.61725  
11524.03728  
11547.62923  
11493.48035  
11492.41891  
11509.38687  
11537.91864  
11597.22539  
11605.06217  
11613.92842  
11592.27589  
11596.34849  
11570.67422  
11521.27168  
11535.46985  
11559.71641  
11549.43691  
11559.71524  
11591.6413  
11611.56449  
11593.40098  
11559.43939  
11594.46476  
11580.87324  
11602.52642  
11577.54098  
11601.20823  
11578.53334  
11577.03702  
11586.62916  
11578.63973  
11587.25333  
11575.82586  
11608.27314  
11555.77073  
11603.0558  
11612.27058  
11524.55213  
11538.90387  
11526.67043  
11556.97357  
11548.66202  
11590.87078  
11546.92994  
11579.15248  
11535.18813  
11567.62311  
11576.90468  
11562.18657  
11588.99865  
11573.26355  
11516.53415  
11544.95277  
11542.24783  
11524.01921  
11514.50385  
11539.12323  
11560.41057  
11547.4204  
11541.98383  
11542.35841  
11573.32327  
11571.60978  
11609.0558  
11594.95087  
11547.32957  
11582.22541  
11611.7274  
11543.38264  
11574.75249  
11567.09036  
11578.92876  
11601.43842  
11588.81973  
11603.46242  
11628.35934  
11637.23864  
11597.31878  
11521.122  
11538.90215  
11539.65599  
11549.64611  
11557.46961  
11602.60438  
11548.79499  
11593.88125  
11546.99928  
11575.13979  
11542.50079  
11504.04251  
11557.02234  
11519.42624  
11557.45447  
11584.35875  
11576.26054  
11601.91146  
11558.3019  
11522.00775  
11535.02651  
11515.10266  
11546.7976  
11531.74278  
11557.43945  
11573.84531  
11544.11392  
11572.14879  
11623.24483  
11582.16354  
11566.82721  
11583.7316  
11526.15801  
11575.73852  
11595.0261  
11594.6615  
11572.19674  
11576.93686  
11540.83909  
11560.69279  
11605.87231  
11598.34341  
11556.94488  
11556.67032  
11486.11034  
11554.88061  
11616.82178  
11563.3257  
11529.0346  
11515.2647  
11523.70466  
11512.48424  
11542.87854  
11537.10674  
11531.61461  
11590.75322  
11548.59465  
11573.00913  
11549.9582  
11545.29616  
11578.34318  
11610.85461  
11596.47248  
11612.82668  
11607.70471  
11611.60912  
11565.70089  
11613.75759  
11603.17697  
11538.86847  
11569.38111  
11570.74011  
11552.83494  
11556.67261  
11560.71412  
11523.98418  
11544.50899  
11578.18846  
11559.53709  
11556.57446  
11575.31491  
11564.40693  
11601.84401  
11506.76265  
11549.1338  
11498.30122  
11532.91285  
11503.96572  
11530.45423  
11530.62347  
11510.8648  
11554.06794  
11582.90301  
11598.76707  
11589.23224  
11624.73913  
11603.17033  
11577.4551  
11586.74067  
11582.44504  
11572.83368  
11506.09845  
11527.44643  
11547.3767  
11551.67174  
11592.33588  
11612.20828  
11598.27901  
11619.03942  
11617.08579  
11615.49814  
11558.33057  
11522.11916  
11569.49014  
11523.29625  
11537.50856  
11542.2  
11556.99064  
11545.00775  
11549.77808  
11534.6751  
11562.69312  
11469.54908  
11472.55927  
11445.31816  
11501.63687  
11552.66249  
11517.29531  
11543.29783  
11551.17015  
11558.97838  
11590.9516  
11584.31837  
11575.00245  
11630.27045  
11601.04255  
11620.62903  
11581.2381  
11613.97623  
11603.76645  
11593.06185  
11589.85489  
11613.87474  
11624.06036  
11606.79441  
11636.09191  
11617.94724  
11606.14544  
11581.13441  
11589.30015  
11565.14291  
11536.43083  
11579.36145  
11574.06526  
11576.63507  
11547.15937  
11539.58214  
11488.99078  
11510.5463  
11520.9119  
11541.80885  
11545.19577  
11615.14905  
11552.04698  
11591.59035  
11578.93585  
11603.73457  
11616.16462  
11594.88015  
11573.99724  
11505.55983  
11507.52652  
11522.87977  
11514.09509  
11544.5859  
11567.25533  
11554.79924  
11549.07423  
11577.01722  
11521.17264  
11546.7964  
11586.88725  
11584.92149  
11589.72095  
11594.22169  
11600.35402  
11596.54695  
11570.24621  
11614.26928  
11535.12629  
11525.8754  
11546.61563  
11502.68431  
11572.05862  
11534.14202  
11569.2181  
11544.92044  
11555.02228  
11593.98757  
11567.55885  
11578.10089  
11591.09147  
11571.4334  
11567.28917  
11565.06181  
11543.76545  
11578.85179  
11560.59322  
11566.43252  
11532.958  
11554.19636  
11553.42272  
11563.36273  
11533.31542  
11557.64718  
11576.63001  
11575.32298  
11567.14968  
11619.81785  
11591.22556  
11584.41008  
11591.55968  
11530.50256  
11490.33217  
11577.81727  
11549.09117  
11594.18564  
11592.1807  
11579.38838  
11595.87986  
11568.7877  
11524.74586  
11546.95469  
11572.08453  
11575.55844  
11578.31763  
11587.10551  
11561.76941  
11574.15038  
11562.8645  
11568.45097  
11580.6754  
11582.71353  
11577.71067  
11608.95068  
11605.3705  
11624.85996  
11594.43901  
11538.54604  
11538.14973  
11495.97011  
11543.11766  
11538.70718  
11490.09359  
11506.05872  
11531.09234  
11530.73434  
11505.6289  
11548.93285  
11543.86918  
11564.49407  
11563.35775  
11541.45462  
11530.48604  
11567.22711  
11589.09485  
11558.25881  
11537.39691  
11584.32397  
11523.02886  
11552.79569  
11550.88587  
11594.96323  
11584.8151  
11574.05196  
11592.12858  
11566.31891  
11574.15758  
11576.41927  
11601.7013  
11579.73651  
11570.75776  
11575.68433  
11557.83181  
11552.67845  
11572.83422  
11611.55179  
11568.99367  
11578.40863  
11562.13098  
11545.65009  
11526.87791  
11524.34082  
11578.10943  
11573.79055  
11580.08767  
11567.80194  
11599.38994  
11604.42591  
11557.62392  
11571.48552  
11556.84651  
11574.73558  
11584.83421  
11620.9645  
11577.34133  
11573.71676  
11550.19825  
11539.61308  
11565.80374  
11585.0341  
11589.66191  
11553.15367  
11545.09529  
11528.23426  
11591.54263  
11578.60851  
11566.99203  
11553.0526  
11613.44701  
11610.86478  
11557.55711  
11529.81898  
11506.62879  
11486.91695  
11539.45218  
11552.02492  
11578.4202  
11561.90734  
11544.1073  
11546.86389  
11573.94626  
11603.72215  
11615.17558  
11646.81672  
11645.31796  
11644.04631  
11621.77932  
11556.17403  
11596.11178  
11543.59294  
11504.83153  
11528.34273  
11542.40806  
11480.44062  
11476.34048  
11481.95208  
11475.31441  
11477.16252  
11526.33358  
11571.63077  
11509.97766  
11551.25251  
11529.1826  
11550.65777  
11564.82873  
11579.73703  
11600.30798  
11605.13569  
11577.93318  
11580.10576  
11607.0405  
11563.02425  
11598.60951  
11615.25292  
11586.94424  
11592.45359  
11613.81081  
11590.803  
11571.8739  
11484.09473  
11568.39445  
11575.61604  
11523.63452  
11578.26398  
11569.29618  
11583.22421  
11573.72353  
11567.32882  
11538.23884  
11564.91107  
11530.99623  
11530.88465  
11544.10254  
11564.67065  
11592.72586  
11572.99869  
11582.49683  
11553.70192  
11571.60514  
11556.15506  
11556.86007  
11572.2384  
11590.01017  
11540.51801  
11547.9936  
11539.61434  
11534.9856  
11555.07322  
11572.58822  
11580.18008  
11607.11122  
11603.139  
11592.25308  
11606.32529  
11584.37717  
11628.59217  
11665.98309  
11623.14848  
11556.76627  
11526.27562  
11468.96754  
11483.55608  
11493.42894  
11533.25932  
11515.08933  
11580.18975  
11603.70544  
11582.29914  
11540.24309  
11576.82745  
11577.62722  
11571.23174  
11573.87138  
11517.94353  
11527.25539  
11519.99461  
11537.03671  
11546.3088  
11558.0166  
11584.30991  
11617.49542  
11594.45762  
11541.77311  
11576.85821  
11564.18549  
11599.98629  
11607.81942  
11619.74371  
11639.49364  
11574.99547  
11507.46335  
11470.48008  
11522.25355  
11509.37273  
11495.05192  
11548.12009  
11511.92672  
11533.54633  
11519.14184  
11535.25891  
11540.1491  
11502.02354  
11517.46634  
11554.49154  
11593.62673  
11569.7243  
11600.86451  
11601.96279  
11589.33928  
11600.13092  
11582.827  
11604.92067  
11559.40919  
11584.28453  
11588.90573  
11622.54851  
11575.15691  
11581.22504  
11593.15408  
11593.68178  
11619.47925  
11577.69808  
11605.16784  
11585.33385  
11624.30209  
11590.94082  
11580.05385  
11562.85596  
11591.62899  
11583.3787  
11585.5126  
11602.54461  
11642.04869  
11652.44748  
11621.33149  
11612.79549  
11520.33557  
11518.94203  
11567.76409  
11603.32064  
11546.37965  
11561.94787  
11521.95693  
11454.16461  
11473.54383  
11453.83888  
11443.03301  
11490.18109  
11516.49464  
11512.12883  
11501.21174  
11527.25637  
11550.09465  
11540.0901  
11522.77305  
11587.5311  
11552.17708  
11549.49572  
11536.51683  
11579.83495  
11570.6027  
11529.64444  
11542.91746  
11585.77618  
11605.51471  
11585.03311  
11600.8963  
11655.9418  
11593.30489  
11549.54285  
11618.43858  
11561.17595  
11597.51388  
11548.0542  
11571.1227  
11575.85757  
11563.1828  
11568.3344  
11593.17261  
11620.38265  
11629.95939  
11627.66272  
11603.24021  
11587.23082  
11590.91145  
11583.39503  
11559.4282  
11536.60906  
11519.24642  
11528.68673  
11526.48928  
11546.81697  
11527.23962  
11557.25672  
11531.39815  
11555.86591  
11565.93216  
11629.1332  
11581.37476  
11566.56484  
11604.3334  
11572.55696  
11586.01246  
11603.9141  
11581.68613  
11575.55547  
11586.73868  
11518.58508  
11568.26155  
11532.50785  
11528.0395  
11562.55341  
11551.31395  
11548.10305  
11553.46899  
11532.68214  
11571.15533  
11570.37081  
11572.14239  
11571.33664  
11566.12918  
11586.40698  
11587.22683  
11543.34766  
11564.28971  
11542.3599  
11563.73086  
11565.10908  
11503.52101  
11527.87025  
11543.03528  
11530.38789  
11581.71715  
11564.01964  
11593.93972  
11578.89029  
11566.87401  
11602.29679  
11608.465  
11595.90595  
11546.08131  
11506.92507  
11527.80072  
11541.22876  
11558.87769  
11518.86687  
11565.21154  
11546.16037  
11546.38633  
11575.56823  
11578.69776  
11552.67902  
11574.89404  
11587.01642  
11586.21719  
11582.48526  
11599.23803  
11603.68358  
11545.37254  
11561.10751  
11543.43974  
11534.64315  
11558.77275  
11538.69698  
11591.88127  
11580.46871  
11574.5045  
11567.09815  
11597.14011  
11596.26603  
11567.36494  
11596.93668  
11555.21519  
11527.63765  
11588.33102  
11614.3676  
11606.25023  
11593.2376  
11563.39036  
11517.27844  
11543.50858  
11540.97607  
11538.19047  
11555.14146  
11542.75036  
11547.10041  
11571.65005  
11588.57718  
11551.08093  
11575.94593  
11561.98897  
11548.88854  
11554.48267  
11532.91369  
11568.66388  
11590.45571  
11585.76644  
11572.42663  
11612.2183  
11537.19478  
11518.61989  
11564.38261  
11539.52377  
11566.83069  
11575.0234  
11600.2606  
11592.95478  
11573.83798  
11571.51182  
11552.43619  
11605.35323  
11626.00112  
11565.80967  
11546.47958  
11500.93984  
11535.03219  
11541.35878  
11550.53394  
11532.92073  
11511.21166  
11586.93762  
11580.88188  
11544.43883  
11581.43824  
11601.07504  
11553.52864  
11596.61478  
11601.37039  
11598.67231  
11581.99854  
11618.8598  
11586.57117  
11546.97325  
11570.93725  
11512.74565  
11557.1936  
11583.28358  
11591.83658  
11555.7685  
11528.66811  
11522.6067  
11570.20156  
11541.44902  
11575.24361  
11548.95861  
11565.70797  
11546.3786  
11554.99362  
11562.32943  
11511.11531  
11490.05517  
11528.90609  
11531.31497  
11545.00478  
11538.54026  
11561.78138  
11559.21856  
11577.90857  
11576.00132  
11612.71152  
11553.31761  
11592.61195  
11571.27741  
11584.58082  
11533.50549  
11578.93157  
11585.78817  
11596.22551  
11585.0123  
11553.87331  
11555.59315  
11561.92612  
11531.39028  
11576.4706  
11580.31524  
11638.39738  
11686.36095  
11629.46216  
11561.27783  
11540.65907  
11526.50873  
11517.65131  
11534.97942  
11518.02962  
11519.01978  
11478.74089  
11527.86942  
11520.27605  
11506.6185  
11518.20502  
11542.08067  
11539.71561  
11545.03209  
11561.95147  
11576.19906  
11562.88017  
11570.3867  
11613.50204  
11595.81715  
11602.64926  
11557.73488  
11579.65715  
11585.56523  
11559.14329  
11576.35477  
11585.18725  
11622.52471  
11598.9222  
11582.1995  
11554.75997  
11539.95396  
11517.41489  
11541.80169  
11536.20361  
11525.0213  
11619.02027  
11607.97675  
11584.31334  
11566.70207  
11606.85378  
11578.12648  
11595.6022  
11612.67591  
11616.66893  
11636.38095  
11534.1965  
11469.71207  
11531.95945  
11534.57196  
11536.57595  
11535.67467  
11561.7787  
11546.27924  
11516.24978  
11527.09796  
11528.96534  
11547.8429  
11557.60637  
11581.30792  
11572.6196  
11618.79168  
11588.9482  
11581.95495  
11559.63159  
11593.52864  
11612.14873  
11586.14159  
11615.85492  
11589.91429  
11541.76501  
11546.08974  
11579.88403  
11496.90075  
11543.63445  
11541.72567  
11595.8995  
11604.40533  
11550.87176  
11564.49281  
11580.97035  
11592.25825  
11577.19589  
11586.37637  
11569.77265  
11603.22722  
11586.35765  
11595.50321  
11569.47568  
11556.26288  
11580.37252  
11586.30101  
11555.56383  
11566.17393  
11569.54928  
11578.55187  
11544.04131  
11516.31111  
11546.54254  
11592.79905  
11570.61195  
11575.21151  
11548.42616  
11552.6348  
11601.71259  
11636.24104  
11629.24438  
11592.60629  
11552.16177  
11562.26522  
11545.37732  
11583.07446  
11552.49778  
11584.70993  
11592.32968  
11572.20848  
11561.58899  
11569.46806  
11563.46968  
11541.58748  
11548.65162  
11504.35828  
11495.15904  
11544.49771  
11521.46651  
11529.90584  
11509.19786  
11532.73185  
11497.19067  
11504.5692  
11511.21827  
11587.72974  
11621.29556  
11622.65117  
11604.06177  
11623.25902  
11599.44459  
11555.91275  
11616.91863  
11560.53732  
11545.37366  
11514.60703  
11495.17198  
11519.21789  
11541.1957  
11536.61393  
11521.231  
11573.18761  
11564.87119  
11595.22314  
11565.03551  
11541.71794  
11525.28314  
11488.59878  
11490.74139  
11524.00127  
11584.27067  
11582.87291  
11590.27918  
11619.73117  
11648.53599  
11663.9423  
11693.73721  
11583.28737  
11545.06981  
11532.99851  
11539.99694  
11556.44381  
11557.74777  
11558.55518  
11551.81455  
11595.03429  
11581.3497  
11553.72576  
11567.13079  
11565.60839  
11593.88799  
11576.5765  
11558.75723  
11553.81311  
11541.07727  
11584.40543  
11586.81647  
11505.02276  
11516.91126  
11506.12823  
11529.26621  
11570.23879  
11574.06169  
11594.41417  
11603.60732  
11561.48036  
11586.85398  
11559.63241  
11549.52655  
11548.87092  
11501.32929  
11571.12381  
11549.08025  
11576.46502  
11575.17415  
11582.53332  
11617.61024  
11620.12718  
11580.00258  
11550.59694  
11554.28813  
11568.08668  
11567.60727  
11571.34795  
11589.72787  
11609.99792  
11597.63753  
11593.03714  
11562.38651  
11543.79441  
11555.33889  
11562.36325  
11558.31623  
11537.02969  
11536.44226  
11568.94021  
11582.22597  
11592.10647  
11592.27792  
11601.98983  
11566.04162  
11549.85171  
11536.18223  
11545.28438  
11546.09535  
11556.85123  
11593.93565  
11601.48657  
11577.09122  
11548.2127  
11483.43354  
11485.61454  
11526.10748  
11531.25857  
11528.97988  
11547.16401  
11581.59868  
11583.03574  
11548.37181  
11597.21804  
11618.81417  
11607.98113  
11626.92613  
11664.32524  
11668.6346  
11613.12718  
11587.34464  
11576.60739  
11530.4189  
11515.01677  
11521.23368  
11500.76617  
11514.58516  
11521.09299  
11507.45667  
11514.47549  
11496.35729  
11549.78978  
11588.50518  
11554.67647  
11597.7795  
11569.70945  
11574.22715  
11557.47331  
11536.34593  
11562.46436  
11609.1048  
11560.65047  
11543.11969  
11559.54573  
11558.23163  
11562.69379  
11571.61347  
11535.66371  
11562.5099  
11574.29418  
11586.14707  
11574.56051  
11548.01077  
11586.18678  
11586.44975  
11561.99945  
11555.61437  
11543.57192  
11621.30503  
11611.85813  
11590.16351  
11516.77883  
11525.81932  
11497.67544  
11547.09484  
11572.23668  
11551.11351  
11607.10317  
11580.64119  
11603.71346  
11595.97477  
11598.36265  
11603.02078  
11619.73003  
11593.90676  
11532.04107  
11538.45434  
11516.97201  
11552.61554  
11546.13808  
11572.87881  
11545.79347  
11546.67894  
11553.70849  
11554.75616  
11564.93254  
11566.06229  
11567.90981  
11588.95714  
11597.61689  
11590.63541  
11569.37794  
11575.40958  
11547.25981  
11570.26397  
11583.82262  
11570.19041  
11597.1382  
11539.06085  
11536.6606  
11507.6452  
11521.73145  
11551.51372  
11545.42091  
11520.85487  
11570.97811  
11553.67736  
11601.50317  
11582.14782  
11605.13403  
11548.11661  
11564.58247  
11602.80118  
11562.17495  
11561.24311  
11552.77738  
11560.22524  
11548.71149  
11548.43012  
11570.60154  
11584.82745  
11600.70388  
11616.94161  
11586.2864  
11565.98185  
11527.86666  
11552.72314  
11551.50492  
11503.60692  
11554.11283  
11535.80428  
11546.03227  
11564.82522  
11597.79111  
11586.06673  
11557.38445  
11563.77468  
11539.40342  
11549.28998  
11562.9029  
11580.90624  
11555.28751  
11569.61479  
11553.54647  
11585.8974  
11571.97788  
11547.99844  
11541.87848  
11584.52934  
11573.60489  
11552.82214  
11575.66056  
11544.42052  
11542.83945  
11552.83357  
11552.42571  
11572.19038  
11592.5211  
11580.77189  
11529.84376  
11581.31715  
11602.63132  
11577.06132  
11589.20386  
11561.25957  
11502.15724  
11503.88483  
11499.10994  
11495.3139  
11511.16613  
11531.34225  
11582.95883  
11617.40868  
11575.14053  
11605.62807  
11593.7961  
11576.86668  
11588.85883  
11679.64051  
11603.42438  
11593.76297  
11570.07831  
11552.39376  
11574.85433  
11537.64221  
11564.74613  
11556.97752  
11493.43874  
11563.283  
11515.43272  
11475.60493  
11520.62607  
11517.46911  
11545.08286  
11538.58819  
11522.43851  
11565.47188  
11603.07607  
11596.03894  
11613.56028  
11588.6696  
11594.00717  
11581.9363  
11578.1306  
11578.33453  
11577.70633  
11607.56676  
11569.83267  
11566.57675  
11572.52412  
11533.20711  
11533.41127  
11555.90671  
11540.53904  
11553.77052  
11571.27154  
11575.42279  
11627.40461  
11650.14031  
11590.07917  
11614.00967  
11565.42772  
11568.02117  
11590.44921  
11578.49855  
11609.61815  
11549.47702  
11561.2381  
11570.60266  
11570.69557  
11578.64591  
11548.29656  
11567.76095  
11601.03217  
11577.3574  
11567.39123  
11573.29945  
11538.70217  
11594.1117  
11648.07151  
11536.39281  
11539.17663  
11552.3288  
11538.93363  
11498.00324  
11530.27225  
11512.2714  
11575.26442  
11588.71919  
11588.337  
11531.41301  
11493.80141  
11508.44901  
11544.09681  
11547.68169  
11603.11474  
11629.65039  
11650.02652  
11581.50413  
11562.93186  
11598.62647  
11597.48075  
11597.19822  
11558.98622  
11575.19596  
11573.41529  
11529.25084  
11494.83687  
11519.99081  
11520.00028  
11521.66363  
11535.08683  
11550.20469  
11553.61356  
11533.56559  
11570.52666  
11589.35954  
11596.55559  
11548.52503  
11576.11034  
11594.21138  
11582.38944  
11582.85394  
11558.89349  
11584.222  
11564.83552  
11585.14996  
11554.50015  
11505.90709  
11559.57302  
11563.26685  
11575.69509  
11538.94884  
11591.16584  
11557.81212  
11537.50348  
11567.28242  
11585.30262  
11608.49182  
11620.8427  
11582.61608  
11525.52634  
11542.37662  
11551.23283  
11579.35657  
11579.20625  
11552.33616  
11587.52048  
11545.37397  
11574.69775  
11561.80504  
11593.257  
11599.87146  
11609.97618  
11584.1846  
11511.69841  
11528.68203  
11531.12072  
11532.13477  
11506.30473  
11574.47284  
11561.43282  
11584.17042  
11557.96647  
11569.27914  
11547.88717  
11624.04987  
11609.19957  
11542.15906  
11525.31606  
11552.94244  
11567.91797  
11560.77286  
11563.9975  
11557.18369  
11569.53755  
11587.14392  
11608.81767  
11576.08846  
11570.92513  
11545.1076  
11585.73573  
11585.58559  
11580.29025  
11588.21271  
11516.59373  
11482.465  
11507.6079  
11528.38697  
11497.85848  
11566.73186  
11518.52919  
11554.75309  
11619.68996  
11552.53474  
11527.22264  
11529.9046  
11554.11411  
11542.64126  
11600.9766  
11606.48362  
11593.41593  
11640.73562  
11666.57422  
11614.45872  
11595.70266  
11561.72969  
11567.211  
11539.08586  
11559.99592  
11562.8401  
11607.38709  
11600.56055  
11606.32564  
11606.19033  
11559.98296  
11542.77941  
11492.33625  
11552.79825  
11490.88966  
11566.59022  
11571.39449  
11581.35098  
11587.44581  
11594.70118  
11585.23432  
11570.32726  
11557.75356  
11567.79755  
11554.49277  
11546.05929  
11517.64875  
11496.63002  
11500.88989  
11512.26025  
11531.49417  
11556.52063  
11589.726  
11599.68658  
11619.7811  
11560.45695  
11532.47535  
11535.74966  
11586.02561  
11570.50109  
11585.01764  
11612.22649  
11601.39804  
11579.68657  
11559.38243  
11557.7322  
11576.1109  
11563.67592  
11536.67262  
11514.03996  
11551.17329  
11558.69942  
11574.35718  
11565.42055  
11591.88932  
11608.26239  
11618.94032  
11550.47858  
11498.56135  
11523.83454  
11556.12546  
11531.32943  
11533.89128  
11575.20506  
11565.29909  
11574.02472  
11569.97505  
11566.70491  
11562.71139  
11598.86027  
11591.73714  
11569.63127  
11577.49206  
11560.94834  
11556.75728  
11571.84301  
11556.908  
11613.02492  
11562.23732  
11605.51149  
11568.13003  
11579.0258  
11530.80558  
11558.82778  
11532.84483  
11588.94792  
11596.82029  
11588.54707  
11586.03186  
11557.79172  
11596.40089  
11562.52599  
11555.13176  
11562.34992  
11565.80244  
11538.95104  
11529.37059  
11530.3306  
11529.37641  
11560.29182  
11563.80943  
11562.46276  
11589.54618  
11552.98044  
11590.24848  
11604.84389  
11632.44594  
11552.55097  
11584.71063  
11636.75312  
11531.7  
11521.88719  
11515.71721  
11543.13145  
11581.39703  
11556.31571  
11580.74563  
11613.71575  
11600.26687  
11564.51165  
11576.59725  
11535.47564  
11534.27406  
11522.43918  
11515.50623  
11491.13434  
11554.90203  
11547.57118  
11541.65919  
11586.66919  
11592.35078  
11554.93933  
11536.90498  
11586.1587  
11586.15872  
11582.24752  
11608.17232  
11625.44275  
11582.71412  
11553.30696  
11500.80483  
