10146.11257  
10052.57423  
10102.46225  
10045.93787  
9944.763884  
9926.811209  
10021.5605  
10066.56715  
10047.1529  
10002.31394  
9852.744655  
9940.971403  
10030.41217  
10046.5412  
10055.98022  
10095.47078  
10143.00541  
10094.0311  
9984.599898  
9962.736232  
9971.335398  
9937.988615  
9996.221044  
9917.525988  
9961.97874  
9978.247462  
9998.576076  
9986.270495  
10022.40433  
9977.949868  
9898.742143  
9891.767032  
9948.72096  
9938.390522  
10087.40157  
10098.06724  
10032.12461  
10009.50298  
10063.8112  
10070.07792  
10038.25191  
10024.26174  
9944.197966  
9939.312455  
10001.77939  
9887.659025  
9903.749839  
9924.527292  
9979.485801  
9962.637143  
10055.91551  
10101.61881  
10047.61278  
10020.62483  
10109.22352  
9998.235467  
10106.26985  
10127.76645  
10114.2747  
10136.21013  
10134.7793  
10094.70089  
10017.62614  
9923.428293  
9896.410484  
9987.267861  
10020.62306  
10065.01696  
10132.07246  
10083.54305  
10014.41201  
10106.07359  
9989.213443  
9952.065616  
9962.484124  
10031.24083  
9953.719585  
9996.114309  
10063.31195  
10027.59527  
10052.99313  
10016.52437  
10065.6687  
10098.23215  
10018.49129  
10041.67268  
10067.85051  
9977.35047  
9983.884245  
10084.14264  
10085.33946  
10018.53599  
10039.04257  
10102.14045  
10169.13461  
9952.375797  
9930.680478  
10049.25218  
10014.41762  
10054.4681  
10058.07905  
10037.41139  
9932.479756  
9999.150892  
9996.906738  
10135.4078  
10120.57861  
10033.88817  
9926.222007  
9996.891788  
9921.774575  
9901.206511  
9915.090133  
9931.94528  
10033.52521  
10095.85264  
10097.824  
10097.80715  
10036.226  
9968.101042  
9993.131746  
9949.625077  
10054.04414  
10161.4849  
10088.78364  
10028.62134  
9950.906263  
10012.72356  
10043.11705  
10005.0987  
9831.757247  
10091.48053  
10204.10219  
10143.55859  
10059.88239  
10010.53306  
9941.134798  
9796.107839  
9677.25079  
9745.952534  
9817.297408  
9701.889526  
9794.880365  
9914.178133  
9926.588886  
9971.080277  
9997.967645  
10026.97843  
10015.16227  
9997.784417  
10091.70022  
10039.27103  
9985.587595  
9988.877506  
9938.77435  
10096.06268  
10100.36886  
10123.04916  
10155.42881  
10226.83568  
10172.12066  
10155.5985  
10176.12679  
10118.17757  
10064.38583  
10098.62322  
10060.80282  
9996.955496  
10048.30766  
10039.01683  
10125.40408  
10176.5927  
10110.64922  
10009.11986  
10010.79389  
9920.334453  
9902.483212  
9922.777742  
9904.399735  
9984.980584  
9969.056808  
10022.67543  
10025.30792  
10021.81226  
10022.47738  
10019.95762  
9923.796258  
9913.150371  
10001.70521  
10045.4479  
10051.6016  
10022.11396  
9958.449688  
9970.168862  
10014.24481  
10035.78856  
10023.44168  
10055.52664  
10038.39715  
10033.4774  
9944.103586  
9932.365819  
9957.558613  
10026.10253  
10068.38349  
10044.26787  
10077.84031  
10118.73596  
10129.76699  
10119.14944  
10083.58592  
10088.39991  
10095.89065  
10018.47933  
9935.077052  
9931.753784  
9893.659148  
10011.12168  
10046.13426  
10092.09757  
10092.77736  
10047.44054  
9986.179238  
10047.64482  
10103.94473  
10110.07821  
10128.61624  
10059.44664  
10011.63791  
10018.67203  
10001.71609  
9984.164763  
9936.370252  
9909.49107  
9919.597753  
9998.896754  
10006.16515  
10056.91577  
10000.27465  
9947.434814  
9858.773534  
9893.732685  
10020.33356  
9886.991179  
9828.927317  
9912.251651  
9914.665412  
9864.370541  
9825.557534  
9868.443764  
9946.798301  
9964.548417  
10005.99302  
10057.58181  
10001.66542  
9986.728908  
10029.87744  
10097.63416  
10081.9839  
10173.97317  
10120.07625  
10112.56184  
10040.59135  
9964.937654  
9921.886346  
10062.11063  
10091.71927  
10077.31068  
10128.65314  
10106.4121  
10108.26624  
10149.39774  
10156.74259  
10095.0261  
10049.31109  
10073.99931  
10093.60249  
10140.81137  
10086.14551  
9992.566599  
10045.65778  
9987.678557  
9962.997199  
10015.0842  
10076.20851  
10094.4631  
10188.77292  
10075.29594  
9924.898669  
9890.951005  
9848.234581  
9886.265477  
9928.216887  
10056.50844  
10058.97011  
10068.98192  
10036.86648  
10029.62876  
10049.76539  
10053.35781  
10084.32827  
10036.85345  
9958.09517  
9918.00291  
9873.438001  
9877.947863  
9948.826268  
9968.286049  
9895.815777  
9933.344682  
9952.139578  
9922.790521  
9971.625842  
10102.91991  
10099.52787  
10119.65396  
10072.21824  
10041.2797  
10083.07865  
10040.86449  
9987.417821  
10070.17404  
10087.81186  
10041.26616  
10061.25878  
9974.619622  
9948.257536  
9940.394313  
9936.353625  
9994.57276  
10058.94408  
10149.44662  
10204.16576  
10177.1397  
10063.33932  
9975.425511  
9889.197613  
9944.729601  
9978.712685  
10008.31066  
10024.33305  
10122.11398  
10056.61202  
10043.19206  
10045.45596  
10020.44497  
9995.38005  
9944.349828  
9927.689916  
9917.560393  
9970.719335  
10011.76478  
10017.91979  
10007.13838  
10003.26246  
9983.769788  
10055.66953  
10073.50384  
10115.72159  
10194.88726  
9985.714201  
9887.134586  
9996.917217  
10015.37212  
10007.3064  
10043.88985  
10139.68872  
10079.85192  
10018.16671  
9967.930079  
9933.780196  
9961.23079  
9953.392578  
9960.651084  
9990.836066  
9968.03788  
9945.883211  
10043.57373  
10023.19254  
10037.46576  
10102.70201  
10108.25917  
10091.45677  
10085.98752  
10015.23538  
10013.94604  
9975.69183  
9970.708541  
9995.098723  
10025.63324  
10030.23709  
10004.17651  
9967.502319  
9976.204448  
9953.875244  
9984.654014  
10047.69877  
9957.220234  
10034.19667  
10021.55789  
9952.58976  
10028.40598  
10087.10598  
10006.03438  
10134.94448  
10346.70054  
10217.50173  
10194.65896  
10173.51708  
10048.76496  
9994.292609  
9954.866648  
9959.507131  
9996.761256  
9970.647487  
9893.200716  
9908.840634  
9897.371402  
9787.581305  
9845.894332  
9886.943019  
9920.652806  
9999.986527  
9990.920359  
9970.648245  
9979.663915  
10065.83508  
10071.25655  
9994.611367  
10033.10913  
10017.23743  
9964.066817  
9971.401631  
10000.81431  
9999.943128  
10020.88902  
9978.499184  
10053.44461  
10084.33113  
10059.0271  
10073.42383  
10155.43276  
10143.94174  
10083.2201  
10060.0078  
9977.950407  
10071.18794  
10071.7099  
10069.59281  
10027.08846  
10020.93817  
9968.876748  
10054.50233  
10117.32469  
10024.04892  
9967.284687  
9889.814113  
9909.266223  
10032.19601  
9992.036589  
9956.75478  
9999.608565  
10044.83192  
10030.52335  
10143.6557  
10050.30966  
9953.127968  
9910.292365  
9845.465942  
9842.859253  
9837.576011  
9872.768426  
9861.787199  
9974.221757  
9998.944477  
10046.14539  
9989.731953  
10035.7959  
10048.1757  
10059.54907  
10016.43493  
10055.98031  
10063.09321  
10082.01782  
9984.490858  
9976.567319  
10040.26868  
10029.47905  
10103.27549  
10095.74481  
10106.57872  
10090.00851  
10016.3139  
9924.925659  
9958.201352  
10050.57836  
9997.155421  
9993.974429  
9974.776984  
9950.280877  
9949.780646  
9984.89926  
10028.996  
10073.60272  
9976.408621  
10012.79962  
10041.25391  
10051.18404  
10022.94555  
10002.94058  
10089.37493  
10051.56912  
10036.32942  
10077.63827  
9983.582821  
10012.34739  
9985.511834  
9979.723427  
10029.94134  
10004.23344  
9973.202322  
10019.38214  
9941.466007  
9940.080541  
9956.248252  
10029.77759  
10009.34545  
10090.76325  
10038.20684  
10014.79238  
9954.659514  
9914.253688  
9933.517835  
9973.230038  
9960.524626  
9975.700619  
9999.726222  
9954.986315  
9972.988898  
9941.022358  
9917.049169  
10068.37943  
9983.701744  
10009.34666  
10035.85244  
10099.75595  
10176.38741  
10162.27288  
10128.07291  
10009.15549  
9992.916857  
10002.62589  
10108.01934  
10043.4627  
10018.59019  
10011.0819  
9998.546515  
10213.56458  
10068.97957  
10098.61468  
10152.48953  
10223.5642  
9964.199591  
10099.47747  
10102.15182  
10058.29741  
9984.853516  
9937.682887  
9998.076108  
10044.21971  
10063.21382  
9989.252968  
9967.051732  
9886.436369  
9782.162064  
9857.608623  
9870.924226  
9949.336843  
9833.930105  
9920.362292  
10067.37067  
10056.89839  
10035.79028  
10105.22726  
10089.31528  
10064.17522  
10043.98341  
10054.93475  
10003.07728  
9977.304366  
9974.784488  
9980.067042  
10004.69768  
10012.59312  
10025.24145  
10113.17241  
10128.74938  
10163.60645  
10140.34477  
10033.45755  
10017.77103  
10131.38631  
10209.29343  
10242.88872  
10136.99634  
10109.25675  
10078.42793  
10078.23213  
10172.15529  
9949.539602  
9815.433337  
10001.40281  
10075.74631  
9969.39466  
10011.49872  
10017.62328  
10004.15538  
9826.289249  
9621.556429  
9583.273784  
9722.17794  
9870.054553  
9853.882106  
9875.280678  
9941.077894  
9936.687898  
9968.296637  
10030.11477  
9976.558459  
10060.09459  
10033.28685  
10022.62176  
10066.93132  
10106.56606  
10077.15198  
10011.67679  
10051.28229  
9973.220517  
10016.652  
10074.586  
10055.58165  
10064.56019  
10146.59781  
10225.4007  
10176.54404  
10185.99023  
10146.82449  
10044.45546  
10024.20422  
10050.46959  
10046.11092  
10061.02797  
10056.7297  
10058.55739  
10030.39601  
10132.11802  
10040.94974  
10184.22478  
10161.43214  
10103.01475  
10001.1338  
10029.86473  
10025.63271  
9979.756341  
9998.562243  
9948.141698  
9930.030351  
9951.984902  
9927.525044  
9896.704359  
9984.950774  
10023.33934  
10035.96302  
10052.10821  
10059.85256  
10030.53404  
10054.26359  
10065.29478  
10152.31671  
10175.45807  
10174.07432  
10111.47244  
10007.62297  
9828.046027  
9943.417737  
9982.714118  
9973.423295  
9949.221082  
10128.08409  
10026.81028  
10010.59748  
10059.20582  
10019.62339  
10057.01019  
10097.28746  
10026.49323  
10065.82625  
9960.597296  
9910.166639  
9962.705348  
9970.26718  
9955.789191  
10012.37193  
10016.65931  
10033.47437  
10038.74062  
9956.885781  
9899.423635  
9923.288439  
9925.35996  
9936.276721  
9956.10791  
10016.40188  
10103.96033  
10102.70172  
10035.1301  
10017.1562  
9950.868986  
10014.46609  
9986.286525  
9978.890753  
9992.923648  
10124.18406  
10056.22661  
10079.72246  
10090.07025  
10095.54357  
10128.55389  
10013.50928  
9955.334171  
9855.041877  
9977.126741  
10001.9521  
10004.04334  
10038.01956  
10036.72845  
10077.90759  
10112.37855  
10135.71407  
10098.86284  
10082.95965  
10107.90899  
10022.99259  
9986.391383  
9889.855372  
9988.360159  
10054.54084  
9989.784501  
9998.6843  
10010.07278  
9860.370284  
9879.676276  
9926.801597  
9920.643497  
10015.98502  
10007.82529  
9906.552728  
9890.648123  
9955.643876  
9957.599719  
10074.48372  
9920.367881  
9837.696289  
9944.265554  
10024.10648  
10050.2933  
10172.20783  
10086.45107  
10013.8684  
9957.822895  
10024.32667  
10009.76132  
10061.48414  
10068.85427  
9970.39218  
9979.489084  
10112.24878  
10219.45564  
10252.00632  
10212.1654  
10084.38654  
9976.153661  
9954.087916  
9964.797434  
10000.55769  
10068.17164  
10038.98824  
10078.11214  
10011.19718  
9967.94273  
9915.289628  
9958.889289  
9994.352411  
10072.41896  
9987.854184  
9932.676796  
10047.31833  
10009.98052  
10011.25041  
10016.43199  
9991.600676  
9991.521324  
9989.839233  
10024.11604  
10088.5404  
10130.49577  
10212.16163  
10211.62391  
10172.4372  
10184.21509  
10107.78494  
10119.61585  
10137.91271  
10163.78158  
10074.92522  
10024.01403  
10259.14228  
10205.34339  
9749.775481  
10189.00231  
9913.343673  
9882.373272  
9841.105128  
9898.709582  
9872.212833  
9849.896125  
9628.763775  
9663.284212  
9723.222033  
9661.913677  
9735.7362  
9869.172087  
9917.305503  
9858.471403  
9857.064382  
9908.72522  
9993.973177  
10144.35457  
10094.03376  
10057.24838  
10121.47532  
10162.38714  
10170.90157  
10141.24307  
10009.26962  
9984.253643  
10085.13547  
10077.70618  
10031.73156  
10019.67829  
10063.56783  
10038.36476  
10065.55352  
10127.7068  
10002.78177  
9946.911146  
9983.214523  
10056.46441  
10114.01687  
10157.32777  
10067.8892  
10008.59379  
9939.940031  
9979.74001  
10033.34091  
10067.48019  
10012.17469  
9960.276027  
10045.25695  
10035.46171  
9970.179026  
9967.772172  
10088.74061  
10031.81777  
10024.44672  
10046.09397  
9928.907676  
9926.111084  
9970.280672  
10072.74386  
9977.847399  
9957.694156  
10006.70567  
10020.94224  
10073.99171  
9989.711355  
10072.18965  
10042.80189  
10049.90219  
9992.840782  
10055.41649  
10049.71552  
10047.25197  
9971.622302  
10000.81062  
10061.51555  
10101.66328  
10043.13704  
10060.74898  
10006.18925  
9998.353246  
9888.731767  
9922.491956  
9936.988519  
10015.25759  
10038.16937  
10032.07595  
10072.60008  
10016.23905  
9897.125726  
9937.770366  
9920.015072  
10032.69786  
10074.22997  
10181.53599  
10208.23091  
10152.0124  
10111.22435  
10018.90328  
9984.609414  
10020.26747  
10031.11709  
10024.48486  
10080.99347  
10031.87392  
10070.96146  
10102.55469  
10065.84435  
9978.119667  
10060.56396  
10030.08745  
10053.74864  
9983.747546  
9862.737048  
9877.813033  
9905.40077  
9884.807084  
9992.80887  
10045.93803  
10033.96134  
9986.395122  
9971.880827  
10070.163  
10013.69894  
10001.91286  
10017.19559  
10068.14904  
10005.41012  
10077.55865  
10038.96529  
10004.38753  
10059.21032  
10037.59187  
9949.241365  
9975.140394  
10054.07254  
10134.02916  
10084.74825  
9960.976562  
9931.817961  
9956.211805  
9969.049715  
10047.45179  
10011.83052  
10115.30613  
10052.51199  
10005.82841  
9968.321809  
9936.743447  
10006.3908  
10047.87988  
10071.90348  
10067.70641  
10033.024  
9993.625039  
10023.3128  
9975.876182  
9976.242618  
9990.534  
10023.13149  
9954.369276  
10085.51719  
10101.51223  
9857.980398  
9787.666009  
9952.971089  
9974.299329  
10023.98632  
10024.86346  
10066.82078  
10027.34397  
10108.08355  
10111.04461  
10107.78466  
10025.58864  
10021.45171  
9996.474976  
10113.51031  
10192.09997  
10094.94211  
10060.42901  
10004.86698  
10068.39046  
10102.45663  
10149.64021  
10077.38744  
10024.56034  
9964.584987  
9895.168708  
9960.90697  
10122.48202  
9985.384528  
10099.99428  
10083.99731  
10077.12359  
10037.31994  
9915.840049  
9906.890516  
9993.681943  
9882.93705  
9896.319754  
10014.1671  
9940.136944  
9937.675274  
9951.775911  
9932.854781  
9906.341488  
10016.71734  
10030.95334  
9998.480167  
9947.443289  
9765.34233  
9736.949328  
9879.266929  
9960.410433  
9942.905961  
9889.250199  
9906.98708  
9937.981574  
9981.429957  
10061.12261  
9998.23255  
10000.72201  
10042.12081  
10050.81497  
10065.04264  
10091.32599  
10067.08316  
10138.37861  
10102.67625  
10155.95877  
10192.09412  
10145.52386  
10083.62664  
9978.914345  
9972.688894  
9925.958342  
10122.82949  
10112.3595  
10011.0092  
9983.386892  
10018.86209  
10017.23515  
9963.988596  
10024.20581  
10021.03454  
10052.5088  
10016.48247  
9919.198737  
9940.074122  
10036.15044  
9995.520135  
10067.61784  
10027.55381  
9994.138518  
10016.89767  
10043.67672  
10097.51912  
10100.4018  
10071.8754  
10135.33662  
10116.46283  
10133.15904  
10188.76879  
10159.04221  
10187.17116  
10114.65597  
10053.3579  
9967.052355  
9835.156803  
9900.457185  
9930.001124  
9896.969836  
9852.232769  
9923.40918  
9953.576699  
9991.850991  
10126.30479  
10137.07343  
10028.96965  
10010.75036  
9956.895039  
9958.919896  
10031.62639  
9964.5871  
10011.09114  
10060.84175  
10034.38213  
10044.4217  
10005.17339  
9944.343056  
9991.328247  
10074.24981  
9998.629311  
10061.48655  
10043.18246  
10080.56932  
10104.89575  
10095.83567  
10113.41482  
10067.7523  
10010.91329  
9973.546162  
9921.313194  
9924.821912  
9878.44433  
9899.024498  
9967.698608  
10034.27282  
10088.34189  
10043.36837  
10065.07304  
10062.57845  
9985.993575  
9918.747893  
9965.810553  
9991.060219  
10045.45618  
9978.433658  
10005.14048  
9986.856612  
10039.08726  
10043.53496  
10062.52501  
10082.75001  
10072.43919  
10060.16585  
10075.59279  
10048.93783  
10037.97518  
10054.5966  
9927.978644  
9947.265728  
9901.958078  
9976.182476  
10059.94579  
9978.399774  
10047.28503  
9990.886038  
9960.65713  
9971.282908  
9997.315944  
10001.16602  
10017.743  
10026.02729  
9997.304662  
9942.798603  
9894.153102  
9924.859253  
9969.704609  
10063.52899  
10099.05398  
10075.635  
10130.6306  
10121.48444  
10017.16407  
10099.51997  
10150.61929  
10181.38522  
10167.14914  
10027.8937  
9931.431384  
9905.491121  
9911.684018  
9944.623387  
9960.875116  
10014.39984  
10096.98118  
10019.66367  
10098.62201  
10050.69153  
9974.039801  
9991.594829  
9840.45495  
9784.425132  
9808.371145  
9934.895566  
9994.685971  
10051.69326  
10078.70742  
10021.38098  
10046.93666  
10028.18154  
10100.88696  
10099.35583  
10097.1871  
10137.38214  
10130.49016  
10109.88468  
10150.92659  
10243.1826  
10304.26151  
10337.1672  
10197.35208  
10023.3595  
10045.56052  
10103.37189  
9905.927664  
10069.30921  
10098.38091  
10069.03102  
9958.537655  
10021.22818  
10028.08991  
9911.371588  
9722.609581  
9637.808876  
9708.282965  
9786.948159  
9771.165045  
9926.403532  
9936.240935  
9896.212582  
10003.70717  
10012.79815  
9939.39173  
9944.70265  
9928.312725  
9899.555677  
10025.61079  
10076.329  
10051.40678  
10057.44939  
10090.89903  
10031.05586  
9990.520649  
10084.51044  
10032.39526  
10019.71065  
10000.25779  
10062.52429  
10035.75107  
10035.60223  
10045.96324  
10084.20232  
10115.88441  
10127.38378  
10022.48764  
10005.06963  
9987.324784  
10029.63288  
10092.40594  
10085.69059  
10047.1976  
10030.45941  
10097.18655  
10145.45138  
10080.01518  
10031.87645  
9974.665617  
10046.37811  
10069.61477  
10050.98728  
10023.24659  
10031.96274  
9962.227963  
10022.92542  
10137.99406  
10119.19989  
10100.26677  
10033.91853  
9964.933452  
9971.036004  
10037.4209  
10050.33538  
10084.93317  
10114.48147  
10023.9403  
9933.082751  
9882.142141  
9891.168457  
9906.642032  
10011.16387  
10012.63384  
10049.53469  
10106.17173  
10078.77123  
10059.02962  
10027.56179  
10032.00982  
9970.683395  
9970.396523  
10055.99815  
10072.6872  
10022.1159  
9964.191599  
9952.860377  
9923.583085  
9919.138145  
9972.580489  
9948.326917  
9956.054707  
10039.19076  
10076.80308  
10032.55778  
10060.76018  
10008.48026  
9957.791915  
9945.83153  
9955.078221  
9953.713083  
9975.053409  
10011.23369  
10055.70436  
10101.578  
10080.66643  
10112.80335  
10102.01036  
10046.59263  
10076.83265  
10117.11757  
10081.78074  
10086.07327  
9981.232679  
9964.732557  
10043.18121  
10002.07662  
10021.48841  
9995.516775  
9963.508751  
10053.93789  
10134.08379  
10074.54822  
10079.40206  
10093.89673  
10057.8221  
10072.80024  
10115.71141  
10156.07341  
10027.18855  
10133.24535  
10098.24241  
9909.206421  
9885.263659  
9867.538748  
9791.994597  
9825.172755  
9875.744423  
9934.900352  
9878.645437  
9943.978361  
9977.13986  
10027.7083  
10001.28695  
10047.54781  
10047.76424  
10059.26561  
10053.09198  
9951.969939  
9856.81126  
9914.200125  
10035.42219  
10041.27094  
10101.56539  
10104.13542  
10008.65376  
10063.96349  
10030.33296  
10004.81254  
9981.212672  
10063.73443  
10019.04143  
10053.0207  
10064.95914  
10053.07864  
9977.011963  
9958.407169  
9987.701936  
10021.9904  
10138.65002  
10083.5291  
10096.75528  
10063.63344  
9987.501343  
9978.151817  
10049.42542  
10036.40651  
10042.84841  
10129.85902  
10174.2451  
10199.43574  
10078.03203  
9951.012201  
9909.8835  
9986.755981  
10091.55128  
10128.61932  
10075.36485  
10128.73516  
10025.38505  
10002.69175  
10044.01947  
9959.547305  
10058.97792  
10101.76371  
10068.95516  
9920.036236  
9870.979955  
9853.286178  
10036.45509  
9981.470022  
9891.108874  
9850.405672  
9889.000334  
9891.128187  
9958.88244  
9967.84562  
9954.064119  
9971.612697  
10054.66283  
10108.70611  
10103.06301  
10088.96978  
10069.78386  
10058.72629  
10153.50514  
10189.99084  
10110.25062  
10034.34325  
9922.283177  
9873.291003  
9892.133031  
9912.112928  
9894.575144  
9875.420063  
9968.694741  
9957.202913  
10004.8312  
10058.09961  
10047.09768  
9955.455843  
10004.91933  
10048.50549  
10104.15667  
10082.86936  
10122.02075  
10090.57653  
10064.02441  
10006.70553  
10004.10512  
10040.77244  
10033.52123  
10090.31422  
10094.8815  
10065.28665  
10057.16064  
10114.39966  
10076.43002  
10043.88678  
10021.19026  
9936.422023  
9937.400082  
9999.732493  
10129.50287  
10213.71064  
10189.47271  
9996.043174  
9853.071597  
9930.353021  
9940.788973  
9961.966508  
9978.149941  
9928.129459  
9953.90882  
9890.746492  
9892.265027  
9884.301668  
9792.424368  
9754.671143  
9860.16493  
9915.063245  
10012.17826  
9983.819419  
10072.91647  
10026.30568  
10092.19489  
10131.34456  
10079.04596  
9988.730186  
10072.24579  
10068.92934  
10057.78457  
10083.11707  
10093.99301  
10128.23697  
10098.88195  
9979.443983  
9963.302317  
10098.35059  
10080.94524  
10101.81664  
10120.89199  
10136.68887  
9979.097065  
9865.115581  
9890.904207  
9895.259766  
9953.408544  
10039.41578  
10045.68069  
10073.69732  
10116.34255  
10080.44097  
10007.26723  
9988.878534  
10002.16262  
9996.643568  
10005.32892  
9985.736225  
9953.245156  
9888.343165  
9837.050807  
9829.633892  
9978.307161  
10003.20443  
10009.20783  
9991.732403  
9947.978888  
10009.09338  
10098.06332  
10112.10824  
10173.31204  
10116.95053  
10084.69354  
10091.06777  
10022.891  
9995.557328  
10051.45572  
10018.89173  
10051.62336  
10046.2616  
10011.50152  
10097.45789  
10140.27828  
10109.8142  
10042.38204  
9979.565404  
9994.51745  
10009.23402  
10015.02626  
10011.4559  
9994.352417  
9968.731073  
9953.876182  
10003.09257  
9967.617355  
9965.553602  
9938.097483  
9990.556955  
10011.37037  
10011.50164  
9980.62703  
10060.2474  
10046.83519  
10025.08392  
10015.93956  
10028.10236  
10008.41147  
10046.92451  
10021.8245  
10012.04389  
10058.55045  
10069.69241  
10054.60495  
10059.06111  
10005.23258  
9991.573859  
9969.714934  
9971.770045  
10045.71352  
10076.1994  
10102.12076  
10102.17403  
10008.05127  
9989.775339  
9992.941683  
9987.445692  
10057.35403  
10063.73746  
10066.12305  
10034.05095  
10047.04211  
10045.79343  
10023.86764  
9958.196514  
9977.183228  
9943.672479  
9936.940012  
9922.438451  
9964.31293  
9992.388698  
10052.84146  
10065.85719  
10127.49893  
10136.11078  
10122.60561  
10033.77041  
10018.24375  
10076.71606  
9985.447677  
9943.856182  
9965.535863  
10003.3073  
9957.940475  
9922.776425  
9962.449566  
9936.228361  
10040.29836  
10105.70963  
10080.16871  
10086.48237  
9966.878283  
9881.723633  
9982.753514  
10041.90095  
10050.09379  
10137.98067  
10120.28056  
10175.59892  
10150.84656  
10059.45632  
10011.78819  
10026.43604  
9962.74301  
9983.525648  
9926.60004  
9885.375405  
9913.396266  
10024.27132  
10062.34683  
10030.09813  
9930.124017  
9911.603027  
9847.622655  
9810.834126  
9933.68529  
9916.587113  
9993.530865  
10058.34793  
10077.1897  
10055.21636  
10078.81083  
10083.91591  
10021.62763  
9952.686543  
9978.285426  
10038.46081  
10089.53572  
10098.07454  
10083.05092  
10066.73656  
10034.08266  
10029.27933  
10007.74102  
10005.57875  
9999.403519  
10074.7868  
10029.33612  
10022.65029  
10014.90919  
9982.839253  
9936.904001  
9967.284925  
9979.250199  
9968.543136  
9990.549676  
10080.86909  
10111.24172  
10062.08379  
10044.0157  
10053.58113  
10040.11254  
10082.36951  
10060.45435  
10117.26989  
10060.11797  
10076.36286  
10149.93224  
10103.07349  
10111.00103  
10115.83044  
10050.17666  
10049.09751  
10059.18415  
10079.0304  
10065.12851  
9961.342292  
9891.881026  
9882.740935  
9874.077849  
10027.61247  
10105.71074  
10121.00429  
9999.811485  
9902.090634  
9881.252493  
9842.550325  
9882.901174  
9918.16563  
9902.948075  
9969.188965  
10046.0844  
10194.70907  
10171.46664  
10077.35188  
9922.309757  
9914.892289  
10187.36813  
10153.39305  
10142.03692  
10136.83879  
10038.52919  
9969.726447  
9920.153944  
9904.748297  
9966.679475  
10015.41974  
9987.308613  
10046.96631  
10052.08899  
10092.22893  
10029.87636  
9971.3325  
10004.78382  
9993.12385  
10048.43201  
10072.184  
10064.20771  
10053.5415  
10034.71908  
10084.51114  
10073.19044  
10030.33495  
10022.67852  
9934.355013  
9925.877519  
9984.957487  
9975.202245  
9945.888466  
9995.791176  
10066.52799  
10094.13614  
10101.06408  
10092.50328  
10064.06851  
9945.639302  
9941.330566  
9906.910529  
9972.075362  
9960.98814  
9957.785445  
10053.70273  
10016.27963  
9993.096545  
10083.7669  
10068.10998  
10009.08912  
9997.721763  
10036.61656  
10012.08954  
9999.798192  
9958.058003  
9947.517103  
9929.884515  
10122.30548  
10099.68939  
10034.22006  
10005.84151  
9943.577874  
9938.0076  
10026.2864  
9956.48787  
9844.517617  
9896.956331  
9868.024671  
9968.72637  
10037.02659  
9932.667558  
9929.117573  
9999.143137  
9934.462871  
9997.28612  
10086.79971  
10019.02355  
10064.39796  
10108.0651  
10084.12834  
10106.83932  
10095.85313  
10102.1194  
10144.55794  
10072.14899  
9996.04559  
9959.815597  
10023.49441  
10044.19372  
10056.69073  
9983.650468  
9942.13517  
9993.128926  
10009.98054  
10078.05074  
10133.52855  
10184.4729  
10126.97345  
10076.16763  
10002.76272  
9989.040482  
10034.58927  
10042.48738  
10031.94385  
9972.125366  
9919.87428  
9934.887695  
9961.455881  
9965.78905  
9971.487703  
9967.104749  
10111.92266  
10136.06244  
10143.50713  
9995.931358  
9943.342793  
9887.690488  
9915.811453  
9987.748657  
10040.75565  
10056.504  
10127.88841  
10114.70864  
10082.66492  
10030.8992  
9961.937738  
10031.73533  
9970.185971  
9936.014546  
9944.672929  
9973.013106  
9905.567614  
9872.625803  
9934.572844  
9982.263948  
9997.8626  
9977.088167  
9984.476627  
10036.6936  
10037.13477  
9973.372597  
10055.89248  
10014.04068  
10037.69403  
10076.60812  
10041.21701  
10097.85352  
10122.09822  
10090.55677  
10058.92929  
10063.87012  
10121.98367  
10124.62359  
10057.40728  
10073.20952  
9974.302818  
10013.00589  
10036.80872  
10054.11471  
10039.80225  
10102.48183  
10034.81249  
10037.60774  
9979.704198  
10002.36228  
10025.37185  
9980.881534  
10026.76691  
9916.667872  
9964.554039  
9987.742624  
9958.936067  
10028.19425  
9992.71397  
9998.208413  
9974.437089  
9987.040508  
10033.78857  
9992.84632  
10045.04731  
9983.468673  
10025.73172  
9984.80436  
10004.0257  
9935.044813  
10082.5666  
10055.01699  
10087.69543  
10103.06657  
10048.8956  
9957.187802  
9984.894062  
9889.642552  
9858.756643  
9881.269326  
10008.04732  
10079.02129  
10176.34569  
10135.29018  
10048.83307  
9985.051546  
9972.927998  
10056.19518  
10044.17761  
9970.10029  
9996.197484  
9977.832654  
9984.390792  
10031.60752  
10064.7606  
10003.58448  
10041.39659  
9992.667159  
9961.204057  
9980.636455  
9968.669363  
10015.8684  
10060.50049  
9988.336529  
9987.422235  
9964.276772  
10048.79297  
10074.41593  
10049.40757  
10003.64796  
10022.16545  
9911.352333  
9950.071295  
9980.173417  
9981.857621  
9955.378624  
10018.43224  
10073.01138  
10118.80521  
10061.27382  
10037.41768  
10002.35411  
9978.650468  
10032.79488  
10024.07672  
9992.24459  
10030.06267  
9999.659976  
10089.17058  
10063.75778  
10056.76091  
10063.67686  
10066.83563  
10046.32927  
10000.54959  
9974.570865  
10023.67529  
10019.39075  
10026.52579  
10039.94073  
10020.52024  
9964.009046  
9905.160786  
9947.396799  
10022.65658  
10002.68772  
10064.79496  
10013.03855  
9949.229499  
9977.14951  
10021.36177  
10090.51749  
10138.77968  
10174.95797  
10113.24238  
10127.9098  
10019.67685  
10089.10478  
10063.99492  
10078.35695  
10107.92696  
10058.94414  
10005.92687  
10045.18345  
10101.3769  
9989.580515  
9946.634014  
9928.652601  
9965.250944  
10026.8349  
10006.9992  
10080.1694  
10012.65967  
9937.976113  
9997.208348  
9910.480225  
9942.577643  
9913.928441  
9992.197047  
10127.68152  
10076.09408  
10099.11378  
10041.26571  
10097.7512  
10098.38619  
10079.04361  
10154.20755  
9982.220639  
9968.563342  
9976.006952  
9978.160137  
9997.197446  
9956.686414  
9937.169993  
9961.602256  
9912.100342  
10015.28086  
9953.060515  
9918.701191  
9918.278552  
9869.377127  
9977.659045  
10026.24958  
10054.41591  
10031.30245  
10045.78897  
10069.03811  
10032.10426  
10060.88567  
10041.68613  
9951.839272  
9948.568025  
9876.477038  
9911.179199  
9994.433054  
10030.04049  
10159.12819  
10053.43877  
10077.16337  
10089.72845  
10066.7808  
10128.35589  
10119.72885  
10147.15265  
10116.98001  
10079.86651  
10106.00181  
10042.68881  
10116.00623  
10108.08897  
10091.33811  
10022.85168  
9922.983244  
9978.344675  
9929.471269  
9945.994295  
9870.908242  
10001.1539  
10015.45916  
10035.52472  
10070.37709  
10009.50421  
10094.80636  
10078.58888  
10051.38366  
10095.17041  
9978.16554  
9974.910953  
9970.471525  
9929.054141  
9973.046406  
9991.004523  
10086.22992  
10118.67613  
10014.07448  
9962.507633  
9983.80887  
9990.7045  
10084.11732  
9912.218801  
10086.28577  
10073.34004  
9839.147686  
9924.114046  
10051.4407  
10014.65477  
9957.713893  
9811.484112  
9755.366307  
9756.91308  
9833.772403  
9851.004741  
9879.725123  
9937.376272  
9960.022114  
9939.049124  
9998.100239  
10117.82428  
10121.2338  
10098.38509  
10104.12578  
10118.72507  
10033.35066  
10005.77251  
10091.79971  
10141.89319  
10182.2223  
10146.32642  
10087.53969  
9980.243312  
9981.170198  
9994.859548  
9979.181596  
10096.91235  
10002.37963  
10066.29641  
10069.27109  
10113.9657  
10051.3802  
10140.48957  
10056.07917  
10075.34674  
10132.70652  
9990.246865  
10028.11383  
10116.60142  
10099.98319  
10011.14917  
10006.14887  
9987.841893  
9963.496126  
9912.807296  
9871.529599  
9895.386275  
9881.442094  
9899.719823  
9971.570557  
9960.76727  
9890.140484  
9938.280299  
9962.542892  
9998.839645  
10059.16428  
10118.84081  
10081.2651  
10061.95053  
10063.02129  
10044.3319  
9949.226614  
9963.400198  
10067.84597  
10074.4964  
10101.49346  
10074.70166  
10001.66021  
9939.840692  
9949.293836  
9949.100464  
9998.033601  
10052.80422  
10158.75538  
10071.38528  
9963.842279  
9887.704147  
9997.287373  
9981.945936  
10032.39815  
9997.28655  
10006.50335  
10056.63369  
10077.40142  
10110.23986  
10062.37058  
10043.5527  
10003.55415  
10017.53762  
10103.32622  
10074.18569  
10053.81151  
9975.329365  
9995.297897  
9962.810797  
9955.538433  
10012.26704  
10073.98088  
10118.08008  
10097.55434  
10073.3466  
10022.86672  
9945.918984  
9955.64254  
9964.577714  
10086.85436  
10119.49378  
10057.53406  
10050.89569  
10042.22282  
10036.50166  
10120.5923  
10127.84964  
10078.65268  
10038.01354  
10033.86896  
10020.95682  
10026.10198  
10041.22702  
9931.853631  
9978.185868  
10064.05628  
10062.45773  
9998.408929  
10022.07581  
10009.78658  
10008.5735  
10038.26719  
9887.079603  
9860.674933  
9910.691214  
9876.369282  
9917.855559  
9932.601627  
10021.85497  
10019.73644  
10051.87179  
9997.145604  
9981.19911  
9996.906282  
10009.50833  
10038.37046  
10043.91906  
10028.09439  
10056.46641  
10012.21914  
9925.38623  
9984.70644  
10047.21215  
10027.57197  
10034.80536  
10076.13338  
10049.55461  
10067.81303  
10070.24893  
9986.087595  
9840.064845  
9821.086631  
9929.843454  
10011.69054  
9972.815057  
9928.324746  
10016.82171  
10035.24088  
10064.24627  
10036.99206  
9979.179315  
9982.873779  
9992.626067  
9943.47434  
9982.51736  
10007.59033  
10087.94204  
9978.02771  
9973.001696  
9956.3256  
9999.098151  
10065.53002  
10104.22839  
10100.04035  
10099.33979  
10060.99955  
9981.913549  
10005.83475  
10002.16657  
10043.60616  
10097.8864  
10135.57728  
10188.50122  
10127.60087  
10086.171  
10006.67015  
10086.60837  
10025.14882  
10018.94955  
10077.91641  
10100.37292  
10090.54008  
9981.57463  
9979.400481  
10001.34052  
10020.04766  
10067.62835  
10108.72329  
10115.91267  
10074.59785  
10019.15552  
9964.041318  
10091.12587  
10146.16578  
10106.88443  
10072.07202  
10039.17392  
9866.213263  
9814.02956  
9835.493479  
9885.051404  
9878.361405  
9986.334267  
9904.451403  
9897.844052  
9918.106008  
9924.049599  
9939.942241  
9990.154637  
10068.46699  
10012.56325  
9994.370361  
10039.55262  
10068.53861  
10066.37612  
10114.40161  
10061.36759  
9926.165836  
9984.057726  
10049.33807  
10051.28517  
10033.06312  
9964.52126  
9960.530222  
10038.36861  
10056.99675  
10141.65594  
10157.42496  
10068.96177  
9951.052889  
9948.14493  
9984.089407  
10031.60437  
10089.43958  
10097.73493  
10082.45454  
10032.95749  
10070.27403  
10092.79679  
10059.72343  
10094.534  
10163.95675  
10201.08454  
10184.98303  
10032.18715  
9926.180677  
9864.079307  
9890.312841  
9950.984034  
9976.157143  
9936.034167  
9945.659186  
10000.18656  
9975.628521  
10031.50137  
10011.73883  
9976.231747  
9937.322818  
9930.3394  
9999.021844  
10124.98912  
10161.90766  
10058.49686  
9911.950163  
9829.789692  
9904.627075  
9918.889488  
9900.726093  
9923.951519  
10009.57397  
10065.62504  
10111.81656  
10098.38804  
10106.57908  
10057.08644  
10012.52878  
10014.26062  
10013.43665  
9993.622501  
10129.20784  
10094.10451  
10174.72165  
10067.96857  
10049.71952  
10132.93362  
10093.19076  
10057.72679  
10079.93672  
10004.1685  
10050.88935  
10018.18312  
10082.47773  
9985.464831  
9968.837165  
9976.859067  
9961.30612  
9932.945345  
9832.521844  
9744.487279  
9920.537135  
9963.578639  
9979.612979  
9893.075105  
9926.616571  
9896.512708  
9957.288497  
10004.30761  
10084.84825  
10137.04703  
10055.25085  
10055.75572  
10020.73143  
10066.91031  
10104.26678  
9980.066406  
10082.78651  
10075.07523  
10191.9618  
10169.01691  
10056.80384  
9967.383166  
9960.354126  
9929.029914  
9855.403237  
9918.685258  
10048.24987  
10056.1654  
10066.89407  
10077.30969  
10081.50763  
10015.71355  
10016.60213  
10059.33921  
10018.42174  
10087.84032  
10087.11112  
10040.703  
10079.5174  
10093.37738  
10053.82218  
10028.60316  
9978.192241  
9912.184962  
9932.491616  
9954.182424  
9942.27338  
10024.09917  
9943.049188  
9979.602963  
10057.50958  
10036.08101  
10095.31877  
10034.13946  
9900.65343  
9939.949244  
9910.983508  
10069.5965  
10170.42032  
10050.48685  
10016.03156  
10000.00483  
9824.312372  
9868.398444  
9969.307386  
9995.707789  
9952.651631  
10054.60412  
10180.64611  
10159.85358  
10078.92325  
10043.68276  
10088.73746  
10059.15718  
10135.34216  
10099.74287  
10058.18659  
9986.751696  
9921.690076  
9890.92379  
9832.101158  
9911.103406  
9991.948384  
10065.56574  
10068.8257  
10061.29946  
10055.37443  
10034.70509  
10031.41686  
10020.07687  
10053.52932  
10022.33887  
10094.82471  
10091.78712  
10089.65061  
10067.56824  
9968.083458  
9964.565976  
10024.35672  
10016.45188  
9978.477507  
9912.799214  
9952.60428  
10007.26403  
9980.699039  
10112.85801  
10131.14783  
10078.34668  
10077.44772  
10042.41436  
9975.189575  
10002.83296  
9995.482576  
9932.293361  
9870.551674  
9908.932791  
9897.340975  
10014.02369  
9916.516846  
9873.257286  
9898.196064  
9986.529612  
10062.44098  
10123.81169  
10124.83479  
10040.31914  
10033.34672  
10081.05658  
10005.94544  
9988.524003  
9919.992297  
9963.9113  
9997.09145  
10068.2035  
10164.72579  
10042.45395  
10047.06583  
10019.27493  
10149.20582  
10115.65396  
10034.69154  
10026.86672  
10134.45474  
10029.48349  
10037.08496  
10012.63197  
10038.27545  
10020.68163  
10056.36669  
10075.77291  
10009.63611  
9952.825394  
10004.06836  
10053.05722  
9998.361457  
9960.760125  
9907.151297  
9943.925235  
9893.460372  
9947.428171  
9978.251099  
9965.895585  
10098.42227  
10044.42092  
10039.16301  
9965.714902  
9972.307996  
9913.08216  
9938.933555  
9876.731394  
10008.61916  
10032.03092  
10050.37287  
10071.40365  
10039.66514  
10094.93194  
10070.93453  
10064.75989  
10094.00123  
10111.21484  
10062.28525  
10031.27097  
10036.19983  
10019.38417  
9945.123362  
9931.58764  
10015.46964  
10201.06163  
10204.44598  
10200.33637  
10082.74062  
9994.818636  
9976.977944  
10095.96556  
10105.07881  
10059.60492  
10050.97083  
9975.64953  
9927.624203  
9950.273065  
9908.567261  
9931.952926  
9901.167686  
9918.467549  
10016.10576  
9980.005936  
9929.483521  
9952.498432  
9942.306499  
9956.910394  
9933.031321  
9981.919318  
9906.400596  
9868.705753  
9941.6613  
9975.55754  
9995.371364  
9948.842613  
9993.474108  
10038.63705  
10222.74022  
10134.46411  
10168.25084  
10028.62593  
10064.71983  
10115.91464  
10121.62859  
10180.61994  
10015.86297  
9985.594354  
9984.811157  
10039.81064  
10088.99854  
10175.3349  
10142.87816  
10095.40633  
10015.77217  
10094.773  
10099.19472  
10146.53193  
10066.86649  
9967.056975  
9962.018593  
10026.32835  
10042.89519  
10011.5304  
9988.48345  
10001.96694  
9906.667815  
9787.895951  
9710.958817  
9854.8805  
9900.569137  
9953.245278  
9991.275172  
10033.24528  
10046.18453  
10110.10664  
10078.05031  
10044.10616  
10082.59059  
9970.469007  
9983.107936  
9992.5487  
10056.08951  
10170.69963  
10151.8056  
10038.67725  
10003.39528  
10015.50914  
10005.81303  
10021.79521  
10006.25243  
10018.46502  
9954.237864  
9911.66094  
10003.03369  
9978.586683  
10044.85391  
9998.504806  
9992.907959  
10016.45916  
10055.8404  
10026.76939  
10027.45819  
10061.68947  
10061.98841  
10053.78606  
10069.3476  
10089.92673  
9985.136494  
9932.237568  
9845.491468  
9944.094283  
9980.02284  
10009.39254  
9980.377641  
10049.99641  
10046.64493  
10004.20277  
9978.572394  
10050.06759  
10108.94001  
10160.11035  
10116.64204  
10124.4058  
10070.98376  
9975.302188  
9959.687243  
10038.88597  
10036.62199  
10028.82672  
9989.154091  
9853.337608  
9798.013524  
9952.634187  
10027.38587  
10071.30874  
10064.1446  
10024.55157  
9865.143516  
9814.663381  
9943.538105  
9997.626632  
10028.61309  
10016.13225  
10011.46698  
10010.02885  
10015.08576  
10112.30388  
10100.1438  
10020.77213  
10038.92252  
10083.29103  
10110.23159  
10195.31474  
10072.81836  
10027.1685  
10027.16418  
10003.24489  
10071.03712  
10092.33253  
10077.95693  
10053.19682  
9994.583278  
9962.230745  
10110.61538  
10096.35468  
10003.5385  
9996.760164  
9994.941535  
9914.454699  
9910.737099  
10025.65162  
10062.53229  
10178.4677  
10157.07155  
10063.35138  
9937.362568  
9990.233784  
10046.60743  
10036.93009  
10004.29481  
10019.36087  
10036.50157  
10064.70767  
10099.20693  
10096.49179  
10080.49003  
10053.495  
10034.51999  
9950.272859  
9957.739939  
9938.284392  
9886.988744  
9841.071675  
9833.843281  
9902.986945  
9958.742046  
10010.97144  
9990.686408  
10017.47694  
9989.291594  
9914.907072  
9955.341842  
10010.95692  
10083.67969  
10085.37586  
10038.20887  
9944.369282  
9990.729306  
10050.29941  
10130.6236  
10138.2239  
10135.66199  
10105.99396  
10026.21557  
10060.87613  
10023.02877  
9952.548276  
9944.671464  
9883.999499  
9918.094046  
9884.829744  
9989.575761  
10020.1099  
10025.67441  
10032.25209  
10076.27285  
10082.53597  
9992.92244  
9946.767957  
9899.56577  
9976.589651  
10032.65724  
10138.67874  
10174.19267  
10153.17077  
10154.51791  
10093.38351  
10070.90111  
10008.49465  
9952.327765  
9983.77595  
9868.324322  
9969.47434  
9963.87791  
10090.13245  
10190.27041  
10246.04744  
10282.89965  
10256.16456  
10194.42781  
10202.44894  
10044.62389  
9945.131913  
9932.456954  
9823.955142  
9755.228863  
9723.961413  
9813.474886  
9810.217716  
9843.377306  
9875.108096  
9922.133275  
10060.3402  
10124.29378  
10132.75118  
10100.83455  
10075.20163  
10093.48345  
10075.54462  
10124.94715  
10104.98892  
10103.64222  
10054.65941  
9977.404875  
10023.98133  
10003.44599  
10053.2982  
10075.85156  
9990.368383  
10012.16589  
9936.952804  
9988.964291  
10005.11858  
10108.05354  
10081.20995  
10096.64889  
10169.82394  
10112.96959  
10078.91296  
10067.89538  
9974.478625  
9990.203337  
10015.51866  
10026.08505  
9973.173873  
9889.095973  
9912.982846  
9859.693051  
9824.832905  
9859.048783  
9767.823589  
9846.156873  
9826.005519  
9782.10694  
9788.065359  
9823.672132  
9870.321116  
9966.92864  
9978.702245  
9987.332121  
10030.66397  
10039.95734  
10104.03526  
10122.43366  
10160.54864  
10188.68141  
10157.84191  
10206.08267  
10123.01918  
10126.21572  
10114.37269  
10183.1548  
10182.24593  
10154.06842  
10149.49471  
10153.91739  
10117.56349  
10133.06069  
10044.18995  
10106.55232  
10074.63654  
10214.53612  
10155.32209  
10024.6415  
9961.986527  
9891.730327  
9943.129819  
10033.08673  
9989.76601  
10011.0929  
9878.982929  
9916.835006  
9866.141891  
9888.252306  
9882.441702  
9894.963989  
9934.825793  
9815.079018  
9864.504741  
9974.640548  
9917.162726  
9997.317396  
9869.245181  
9867.469328  
9965.538786  
10005.79729  
10024.50871  
9959.007594  
9966.248747  
10006.84133  
9952.318925  
10039.54765  
10069.17202  
10184.4871  
10226.93767  
10186.61101  
10171.76252  
10083.13065  
10077.97698  
10017.57288  
10059.84491  
10130.9944  
10101.21281  
10062.70536  
10079.33053  
10046.46351  
10058.7333  
10110.49449  
10169.85292  
10078.10102  
9970.017719  
9897.727687  
9947.092626  
9990.850085  
9998.558947  
9933.223132  
9925.311941  
9954.40492  
9904.608443  
9899.266993  
9974.464567  
10028.64529  
9932.60189  
9844.621608  
9763.070544  
9777.973286  
9709.798886  
9812.331061  
9874.181885  
10044.03975  
10173.37318  
10081.63087  
10052.32167  
10015.35446  
10086.09182  
10168.28179  
10265.42938  
10248.76282  
10209.42942  
10096.40255  
9979.303859  
9969.300961  
10020.3928  
10046.58641  
10086.67304  
10023.71012  
10052.18463  
9952.195621  
10002.41411  
10018.84568  
10045.56445  
10096.29342  
10140.38967  
10089.92191  
10068.76434  
10027.63245  
10039.28708  
10144.07432  
10050.40556  
10166.42645  
10058.35415  
10092.90905  
10111.84689  
10001.67134  
10033.83472  
9932.54755  
10013.63361  
10007.84195  
9898.370136  
9835.770713  
9853.351216  
9945.20157  
10139.33305  
10102.08986  
9990.992952  
10011.95139  
10066.22086  
10077.60547  
10061.61789  
9993.722643  
9994.191766  
9978.384965  
9977.396542  
10024.3434  
10011.44409  
9948.930413  
9899.827495  
9948.195814  
9935.247816  
10031.08744  
9997.537193  
10012.75786  
9967.395264  
10073.19367  
10006.32789  
9882.614797  
9929.077521  
9974.82046  
10069.54414  
10074.95517  
10033.31115  
10067.56305  
10078.49815  
9963.066753  
9894.933954  
9889.496441  
10048.16154  
10042.27941  
10087.19619  
9988.531533  
9864.319426  
9856.883352  
9854.558491  
9982.309757  
10080.91435  
10150.91463  
10225.18704  
10227.8764  
10119.67136  
10086.69592  
9885.594309  
9965.737279  
9936.602796  
10031.09609  
10089.698  
10137.81968  
10127.29969  
10118.48409  
10104.14791  
10063.93186  
10122.47981  
10101.69888  
10007.75496  
10031.93699  
10033.8195  
10077.67509  
10118.60999  
10061.61245  
10086.92145  
9967.951827  
9992.459903  
9946.677021  
9995.502094  
10040.55282  
10050.12082  
10112.35158  
10044.03351  
10004.063  
9957.389308  
9978.492335  
10041.86112  
9999.79045  
10042.93265  
9884.535561  
9944.857152  
9924.11465  
9901.228316  
9999.251927  
9971.600207  
9982.208284  
10004.86666  
10063.35851  
10053.2956  
9975.3171  
9973.170898  
9987.854961  
10024.11162  
9978.007234  
9938.256868  
9892.505191  
9839.005519  
9859.983353  
9892.003797  
9956.503071  
10100.19219  
10036.68675  
10117.01619  
10003.3369  
10097.59949  
10161.8061  
10181.057  
10287.92239  
10234.91718  
10176.23468  
10069.64505  
9974.919498  
9960.720716  
10018.8551  
10089.76888  
10136.11833  
10091.03131  
10019.68222  
9986.761622  
10015.79626  
10106.02403  
9972.482101  
9986.466354  
9960.951223  
10010.76485  
9981.997192  
10014.51738  
10031.30483  
10061.05999  
9957.916684  
10022.19364  
9925.613725  
9922.89944  
9956.245567  
9843.12128  
9968.111412  
10018.12668  
10016.66977  
9884.589953  
9727.546959  
9753.504446  
9831.756669  
9851.853233  
9879.972515  
9915.020476  
10004.4781  
10079.08032  
10050.10253  
10041.46606  
9997.587807  
10005.92537  
10097.32451  
10124.90293  
10206.06301  
10182.33458  
10188.06677  
10156.45088  
10157.2111  
9962.596834  
9912.237279  
9980.335732  
9935.299708  
9959.611739  
9910.360403  
10049.16826  
10072.31651  
10058.63874  
10105.62495  
10007.62097  
10043.10777  
9999.94201  
10081.5805  
10015.1874  
10004.52246  
10017.78203  
9973.078928  
10063.88931  
10017.57024  
10027.02346  
10111.01643  
10042.77792  
9986.918052  
9926.325934  
9919.411467  
9960.048706  
9914.053332  
10028.14945  
10021.81739  
10017.76156  
10047.61974  
9995.706883  
10082.6052  
10048.78907  
10156.51014  
10044.76252  
10016.7598  
10045.67942  
10049.93194  
10171.22774  
10107.82541  
10101.35889  
10025.90202  
9895.658576  
9971.816753  
9905.901643  
10018.97604  
10019.21515  
9995.023438  
9928.779008  
9949.231188  
10010.16154  
10017.64576  
9984.849796  
9945.463109  
10022.57893  
9998.893645  
10057.70653  
10117.55835  
10088.27132  
10089.20968  
9929.382543  
10136.82338  
10029.96231  
10081.73926  
10095.5575  
9948.815937  
10074.48792  
10071.24118  
10186.35178  
10127.31958  
10057.28922  
10017.9181  
10037.88365  
10091.75191  
10073.90838  
10103.57281  
10011.14352  
10011.53577  
10036.09703  
9935.634907  
9919.438721  
9838.845896  
9886.810348  
9828.378611  
9929.527755  
10038.99983  
10086.28816  
10026.15779  
10042.73743  
9920.735384  
9921.64518  
9969.258481  
10081.7086  
10033.07141  
10056.20554  
10042.24212  
9964.591225  
9919.039564  
9915.464555  
9971.60836  
10048.46687  
10056.0768  
10104.93394  
10066.3678  
10092.0012  
10087.44685  
10072.61399  
10036.12946  
9908.435926  
9910.456665  
9959.716193  
9977.942948  
9933.230835  
9831.489926  
9797.468795  
9769.351158  
9849.660452  
9905.663214  
9919.42458  
9908.983321  
9983.528108  
10019.73173  
10076.35387  
10115.06349  
10125.90679  
10024.09074  
10009.63425  
10016.92183  
10021.45386  
10100.08965  
10126.56348  
10115.30511  
10164.73011  
10030.37334  
10057.79391  
10015.18972  
10025.40734  
10105.83333  
10137.90729  
10169.37735  
10083.44254  
10019.72782  
10062.24291  
10043.93412  
10094.38389  
10061.22141  
10024.53967  
10021.57498  
10017.85821  
10128.04357  
10163.00848  
10118.3484  
10081.36314  
9965.95504  
9886.717067  
9920.666266  
9923.791485  
9953.72592  
10032.34504  
10096.07427  
10125.26451  
10098.67358  
10076.81785  
10106.2077  
10000.08098  
10007.61617  
9902.805002  
9915.465801  
9912.02223  
10043.01681  
10086.86872  
10057.591  
10142.79095  
10099.99647  
10157.65413  
10105.94851  
9991.389122  
10035.78897  
10001.51982  
10027.54745  
10039.8749  
9936.987382  
9949.203761  
9857.288324  
9904.997475  
9997.272056  
10051.89024  
10057.1258  
9978.285882  
10072.54887  
9986.180234  
10086.79995  
10088.03662  
10031.77474  
10017.26921  
10028.01534  
10078.16426  
10061.20959  
9971.055208  
9930.13014  
9851.887111  
10060.71943  
10005.06501  
10026.8046  
10118.75635  
10175.3194  
10098.23107  
10138.78946  
10010.5737  
9919.511944  
9819.367528  
9824.020765  
9952.697079  
10001.10853  
9965.30294  
10021.94379  
10000.37147  
9897.9106  
9881.044144  
9928.94546  
10000.97153  
10008.69081  
10054.23718  
10038.05837  
10074.1209  
10203.23258  
10157.16617  
10146.67928  
10014.29736  
10067.77724  
10089.25893  
10034.96306  
9997.214934  
10135.13547  
10020.97131  
9834.36614  
9785.371171  
9891.319901  
9934.149176  
9936.3479  
9920.55763  
9963.681994  
9943.427233  
10010.86493  
9998.866179  
10016.23653  
9998.340518  
9962.574482  
10013.40121  
9989.576095  
10054.52619  
10102.88053  
10020.71167  
10042.92259  
10059.19772  
10055.66261  
10132.1245  
10117.54897  
10062.32432  
10036.10412  
9950.538902  
10057.53733  
10071.23272  
10126.72384  
10118.43683  
10065.59397  
10063.48998  
10027.34584  
9984.760325  
9920.33135  
9918.327797  
10021.2199  
10057.49864  
10059.32849  
10030.62628  
9989.488718  
10003.27948  
9965.522332  
10037.46931  
10077.36255  
10056.74437  
10027.02846  
9890.080753  
9958.548385  
9956.738474  
10009.00198  
9890.971101  
10047.54291  
10062.35755  
10043.97593  
10131.06007  
9993.47407  
10036.72178  
9998.078048  
10030.8788  
10109.86203  
10091.15178  
10166.73574  
10104.14588  
10084.93108  
10116.71272  
10035.40097  
10043.1981  
9987.621505  
10001.16773  
9966.096243  
9975.985955  
10005.40028  
10053.4689  
10045.53292  
9986.213527  
9903.58658  
9938.372128  
9899.274845  
9968.922183  
9935.422678  
9997.21627  
10006.48703  
9969.657085  
10019.38552  
10030.96739  
10019.926  
9993.50187  
9916.904477  
9973.819085  
10053.81184  
10033.58159  
10063.12734  
9940.670943  
9928.029245  
9958.276316  
9943.724442  
10025.05159  
10028.04136  
10061.89869  
9960.022988  
9952.15104  
10013.12291  
9986.273951  
10081.45767  
10046.099  
9988.952136  
10024.63297  
9978.899825  
10148.95464  
10208.57035  
10162.99677  
10106.53613  
10029.97678  
10022.27035  
10036.43239  
9983.119764  
10038.26389  
9982.565751  
10089.37572  
10189.23349  
10092.01375  
10003.27958  
9929.028359  
9964.976582  
10025.43356  
9939.072985  
10066.93018  
9956.316406  
9925.836451  
9927.717934  
9928.784488  
9965.893028  
9954.089792  
9987.828845  
9903.16892  
10058.11311  
9976.298089  
9972.64996  
9915.500867  
10001.53645  
10018.54828  
10035.00187  
10050.09164  
9985.88138  
9980.859105  
10020.72437  
9966.445383  
9885.282901  
9920.101832  
9951.790065  
10076.41079  
10125.06195  
10168.23337  
10305.53382  
10172.13957  
10116.71421  
9963.260164  
9926.044665  
9897.544504  
9979.302844  
9982.434885  
9983.823377  
9960.86605  
9894.171515  
10005.93586  
10043.68317  
9991.612587  
10135.77981  
10089.77506  
9989.65377  
9879.443738  
9865.742355  
9994.153185  
9984.095266  
10079.76882  
10003.84284  
10044.4016  
10132.1522  
10118.52154  
10229.77602  
10160.59763  
10086.95585  
9997.825831  
9895.369738  
9885.188342  
9911.015105  
9968.012586  
10038.10968  
10036.04733  
10178.48231  
10112.29144  
10025.36571  
9966.053891  
10014.57369  
10083.6305  
10087.79717  
10076.64938  
9962.193963  
9943.867361  
9974.142244  
9970.712531  
10050.74228  
9980.229139  
9951.380043  
9970.495419  
9986.228104  
10007.45597  
9985.911929  
10071.36694  
10069.98015  
10085.43228  
10088.02182  
9984.71938  
10035.43593  
9938.915746  
10029.58464  
9918.94068  
9922.268876  
9939.189158  
10006.4392  
10053.37567  
10034.3949  
10085.85682  
10004.3582  
10016.24226  
9984.921721  
10064.90828  
10138.18348  
10117.55302  
10116.93173  
10064.5475  
9948.549316  
10016.66996  
9956.262323  
10077.66607  
10076.43953  
10064.23829  
10092.47294  
10083.70757  
10118.67065  
10021.93837  
10109.97774  
10014.85804  
10081.3171  
10071.08429  
9958.780736  
10018.39726  
9934.51037  
9981.830965  
9820.091893  
9834.001356  
