11965.12501  
11986.40841  
11977.72103  
11943.4584  
11963.5579  
11972.24142  
12007.81803  
11989.49439  
11974.06912  
11962.5834  
11969.59722  
11965.91331  
11965.90014  
11968.2491  
11969.88325  
11960.23777  
11969.08994  
11954.34085  
11981.798  
11975.94088  
11946.38523  
11958.9089  
11939.01881  
11984.11721  
11982.06557  
11991.43996  
11963.65554  
11925.48922  
11961.13321  
11966.48928  
11984.35215  
12005.20133  
11953.66783  
11968.77115  
11943.03879  
11991.11983  
11917.16211  
11946.84959  
11960.17901  
11979.85993  
11974.62617  
12009.29311  
11993.00342  
11984.21017  
11954.91791  
11995.10164  
11993.25733  
11967.7265  
11940.39507  
11972.78582  
11959.90811  
11998.75571  
12003.64669  
11950.57031  
11957.62956  
11984.15613  
11948.83666  
12006.96825  
11960.34069  
11931.28732  
11942.87847  
11946.17396  
11965.06363  
11961.76796  
11972.9107  
11959.65106  
11935.62964  
11936.22376  
11941.73591  
11998.48629  
12008.19168  
11982.84261  
11973.36393  
11982.83174  
12002.7581  
11991.87425  
11984.55263  
11995.62506  
11937.22645  
11945.60572  
11970.19741  
11989.82433  
11959.52849  
11949.19067  
12006.04178  
11979.70113  
12009.23462  
12027.71036  
12007.69278  
11983.09369  
11947.66914  
11961.33392  
11991.39217  
12010.85575  
11969.31912  
12013.51833  
11968.19326  
11954.56825  
11999.63136  
11967.43048  
11994.86493  
11973.88499  
11928.35863  
11949.97926  
11975.86621  
11954.5365  
11941.94233  
11963.27972  
11952.94899  
11962.69361  
12002.74657  
11995.01915  
11977.48819  
11981.52692  
11987.04516  
11983.69062  
11972.80347  
11965.32382  
11943.07527  
11981.50875  
11985.81336  
11961.63376  
11987.5048  
11959.78149  
11995.7267  
11982.68286  
11986.89566  
12042.10508  
11985.13357  
12017.89615  
11933.95087  
11940.42216  
11922.2433  
11913.81908  
11952.10637  
11908.67469  
11946.71776  
11946.77142  
11927.05505  
11948.74354  
11940.99519  
11929.51893  
11962.8826  
11992.67905  
11993.11573  
11931.39568  
11905.68249  
11941.57455  
11943.02837  
11960.56686  
11950.15696  
11937.48296  
11997.07421  
11964.99321  
12001.69696  
12028.49662  
11968.99776  
12002.50136  
12024.70946  
12020.93003  
12010.99057  
12011.96463  
11929.90668  
11955.29069  
12003.1006  
12002.45779  
11946.39465  
11972.33648  
11983.20735  
11988.56246  
11982.27366  
11973.09884  
11938.99261  
11972.9853  
11954.81892  
11988.28776  
11965.60941  
11946.73533  
11953.56327  
11936.8084  
11950.67776  
11982.64878  
11939.9656  
11957.2544  
11935.04092  
11973.54853  
11945.27496  
11951.99844  
11999.90989  
11994.2207  
11993.34066  
11969.5199  
12003.73613  
12050.44072  
11988.02139  
11998.9777  
11973.67565  
11942.99134  
11941.68539  
11946.81153  
11985.02159  
11968.5067  
11983.68448  
11976.08271  
12005.05203  
11994.23767  
11982.81114  
11984.42628  
11946.40836  
11948.60042  
11936.26372  
11987.65114  
11967.66529  
11985.886  
11986.28535  
11987.75916  
11971.33839  
11967.29031  
12014.76235  
11953.21668  
11977.20602  
11988.73505  
11920.26137  
11970.6495  
12002.2405  
11952.79574  
11989.75725  
11957.11895  
11988.11226  
11956.71261  
11950.65692  
11945.74977  
11949.40869  
11959.61346  
11960.20504  
12009.15841  
12002.70065  
11963.96113  
11969.41415  
11959.93561  
11955.03589  
11926.64595  
11991.21591  
12007.87478  
11990.99642  
11989.79251  
11959.09491  
11960.26733  
11973.37447  
11962.85498  
11989.28124  
11934.86095  
11946.38998  
11922.11364  
11956.43336  
11939.02547  
11966.26964  
11945.27717  
11966.95636  
11948.00843  
11984.26531  
11992.22247  
12030.13198  
11965.81657  
11983.10487  
12025.98463  
11987.43215  
11962.59582  
11984.27421  
11941.73888  
12001.05268  
11944.97169  
11986.27906  
12007.14365  
12013.946  
12008.09694  
11968.49296  
11989.40432  
11984.37904  
11983.12721  
11960.92165  
11947.7318  
11922.77423  
11990.25232  
11959.10157  
11961.20014  
11981.46403  
11980.1905  
11960.80523  
11991.67805  
11931.90168  
11987.45351  
11941.42082  
11955.92863  
11971.16904  
11983.85558  
11958.0866  
11939.839  
11955.24287  
11961.4894  
11964.10496  
11969.91545  
12011.03694  
12007.7377  
11983.75167  
11963.26058  
11972.20314  
11982.73125  
12004.20237  
11955.93824  
11985.13833  
11939.30927  
11956.22092  
11954.72322  
11985.61309  
11981.17392  
11983.15612  
11984.86729  
11998.74869  
11991.96827  
11951.45508  
11987.52876  
11940.7023  
11958.63652  
11954.53667  
11960.03581  
11972.39621  
11959.76026  
11949.78028  
11979.09322  
12007.59613  
11944.4066  
12013.36783  
11999.48619  
11987.76657  
11984.13832  
11944.81927  
11963.71092  
11980.15198  
11937.8626  
11930.36642  
11955.25883  
11959.94407  
11960.89211  
11987.6411  
11949.53539  
11965.7634  
11977.12074  
11991.81464  
11969.16946  
11969.47457  
11980.80975  
11951.89301  
11949.25549  
11964.75563  
12012.40276  
11951.2238  
11963.83282  
11983.68658  
11993.11846  
11997.72208  
11969.83007  
11945.58483  
11946.18015  
11981.64367  
11925.0489  
11946.08112  
11988.40837  
11918.6664  
11959.83041  
12003.0867  
11980.55984  
11966.73866  
11997.41387  
11987.0813  
11944.43234  
11939.85121  
11979.3113  
11988.76465  
11955.03824  
11980.23448  
11955.13673  
11977.31923  
11985.78238  
11962.78455  
11967.98648  
11957.77926  
11944.46372  
11956.62324  
11936.44755  
11987.25264  
11981.30726  
11989.56956  
11957.29506  
11916.26336  
11982.49313  
11972.382  
11994.04263  
12018.41191  
12019.50715  
12052.4587  
11996.10071  
11991.69724  
11928.97712  
11887.08195  
11944.93408  
11967.15838  
11964.24699  
11988.01741  
11936.1127  
11963.8423  
11968.29638  
11969.9647  
11969.02745  
11979.35422  
11928.45276  
11975.40295  
11947.78756  
11967.96671  
11997.23375  
11991.09582  
11960.99715  
11986.56122  
12009.52875  
12003.18189  
11978.25295  
11965.61248  
11961.13575  
11955.25101  
11976.63131  
11955.64946  
11968.32003  
12000.72797  
11980.00026  
11979.33563  
11985.32791  
11987.69274  
11980.86394  
11984.44835  
11936.46517  
11947.13983  
11954.77033  
11942.40795  
11961.13024  
11954.45063  
11934.39966  
11988.4676  
11994.38688  
12004.63075  
12021.42998  
11965.3375  
11991.42382  
12010.0613  
11972.47122  
12003.09377  
11991.045  
12024.6133  
12001.94332  
11973.62663  
11936.52578  
11946.6644  
11926.0069  
11898.0117  
11936.51347  
11990.80107  
11970.37483  
12006.95998  
11993.58012  
11961.30276  
11945.60729  
11940.84097  
11939.04645  
11912.59262  
11959.32324  
11947.40711  
11924.98333  
11974.62254  
11998.92289  
11936.55372  
11972.52324  
11923.11496  
11992.62909  
11993.33876  
12018.07014  
11989.83981  
12024.88656  
12017.94538  
11992.3802  
11982.65429  
11947.90206  
11953.13664  
11947.23666  
11981.62857  
11970.25064  
11939.06006  
11963.83262  
11982.92368  
11994.48204  
11960.83312  
11947.95252  
11954.44192  
11934.61794  
11990.40951  
11928.85092  
11958.71681  
12006.69274  
11986.23015  
11995.34305  
12006.11336  
12009.47454  
11975.42489  
11955.44373  
11968.52409  
11984.35887  
11965.46564  
11928.58737  
11955.64959  
11931.75028  
11943.13603  
11990.87676  
11981.46657  
11953.386  
11980.85666  
11937.11564  
11980.16593  
11946.62528  
11989.98847  
11976.33839  
12003.97704  
12005.92814  
12006.01446  
12009.21996  
11986.55087  
11970.43562  
11963.89762  
11969.77657  
11965.10393  
11968.00276  
11942.7858  
11940.52959  
11981.45779  
11994.05466  
11998.66898  
11984.55348  
11979.00257  
11978.93365  
11950.8604  
11959.17516  
11968.72672  
11960.22343  
11999.5386  
11976.29077  
11988.87548  
11996.24128  
11952.8486  
11947.26682  
11891.45431  
12071.6678  
11910.71725  
11924.01088  
11969.51534  
11974.9607  
11980.84902  
11964.94048  
11980.51096  
11973.54672  
11942.95678  
11945.52582  
11970.22839  
11943.8361  
11956.12524  
11936.62657  
11994.51687  
12014.72764  
11998.41622  
11977.96408  
11952.43858  
11956.71328  
11958.88956  
11938.63882  
11982.46186  
11971.01469  
11967.49743  
11944.67855  
11973.64549  
11949.66499  
12000.42616  
11984.27305  
11983.04714  
11990.47566  
11992.98621  
12003.26889  
12011.24405  
11980.97504  
11965.66491  
11964.81879  
11991.08823  
11945.49164  
11989.55316  
11966.43573  
11992.53536  
11992.91235  
12005.19808  
12004.25001  
11997.06708  
12011.6279  
11986.37279  
12002.18785  
12019.70311  
12011.38161  
11990.39666  
11945.50235  
11957.05859  
11959.07396  
11988.1821  
11991.45547  
11925.01478  
11930.41939  
11936.31944  
11925.63203  
11895.65574  
11978.62107  
11952.63436  
11978.34867  
11957.61605  
11989.06447  
11996.81445  
11998.43244  
11982.81796  
12025.53311  
11925.36997  
11967.92469  
11967.47871  
11963.33331  
11945.17091  
11948.07985  
11957.68902  
11939.18328  
11964.41982  
11977.51345  
11963.17253  
11952.22509  
11998.51332  
11984.42252  
11946.86559  
11953.8703  
11970.65228  
11992.62461  
12013.71572  
11955.80902  
11972.10914  
11955.91466  
11967.50712  
11903.11804  
11955.86353  
11970.04476  
11908.00832  
11937.1478  
11985.39905  
11975.90255  
11940.96162  
11943.05173  
11927.68588  
11965.62256  
11942.63477  
11984.70581  
11974.74673  
11944.6993  
11961.56589  
11968.11612  
11985.2119  
11992.73438  
11966.26671  
11998.57259  
11988.02666  
12015.63015  
12025.22064  
11989.87223  
11986.02722  
11985.30901  
12003.04933  
11986.4771  
12040.2039  
12019.92578  
12025.10623  
12007.3973  
11954.71043  
11967.93822  
11951.00163  
11969.54778  
11928.1282  
11952.24234  
11975.90559  
11997.82853  
11967.36234  
11961.86227  
11925.87668  
11920.10671  
11933.53168  
11986.63886  
11999.55942  
11974.83761  
11997.09362  
11938.56677  
11936.15536  
11937.18525  
11967.98518  
11937.17796  
11945.72858  
11940.44824  
11939.84828  
11972.46924  
11956.95883  
11994.87419  
11968.89879  
11999.84747  
12033.76118  
12014.98588  
11936.2139  
11962.1105  
11984.02658  
11946.87282  
11956.02084  
11980.87146  
11988.56784  
11975.991  
11953.24075  
11970.60193  
11981.73542  
11969.08824  
12034.62535  
11982.68119  
11975.03312  
11992.30237  
11946.70409  
11982.77335  
11973.61632  
11966.34573  
11973.09744  
11962.93473  
11983.26003  
11974.88835  
11999.63295  
11968.03448  
11993.38336  
11976.97461  
11960.91602  
11983.72906  
11993.95156  
11961.00613  
11975.1537  
11970.68987  
11965.73003  
11973.97484  
11976.19188  
11969.70726  
11958.33717  
11978.92124  
11971.35503  
11941.59161  
11922.77941  
11926.56484  
11930.02757  
11944.4548  
11917.34934  
11966.28301  
11969.4058  
11962.55562  
11991.22756  
11996.63652  
11966.53787  
11985.10269  
11984.1405  
11964.39599  
11963.20213  
11994.06918  
11985.45804  
11953.45831  
11953.32955  
11941.35032  
11996.89723  
11985.79755  
12041.54042  
11974.60758  
11964.09351  
11997.2782  
11971.13863  
11965.00509  
11930.94056  
11972.76607  
11948.70793  
11994.18094  
11985.74837  
11942.65101  
11952.60679  
11929.58038  
11935.51221  
11943.58403  
11973.6097  
11980.79105  
12009.10214  
12015.9848  
11996.55335  
12028.59948  
11982.68312  
12000.27036  
11978.18934  
11942.35763  
11949.06456  
11964.18573  
11928.94122  
11947.59788  
11999.91368  
11979.13584  
11957.5753  
11939.15587  
11969.11373  
12003.47758  
11977.49217  
11996.79103  
11943.59638  
11948.09034  
11968.541  
11992.41366  
11960.07218  
11934.29103  
11957.43703  
11947.09019  
11935.11258  
11945.9116  
11946.72122  
11956.20217  
11954.36663  
11980.75373  
11991.05304  
11984.04364  
11978.17893  
12002.10461  
11996.84351  
11963.88693  
11991.01633  
11985.84306  
11952.0493  
11961.35667  
11985.06927  
11911.8171  
11921.18825  
11958.79987  
12030.69301  
11975.72043  
12027.15362  
11986.81138  
11962.69839  
11961.04175  
11987.91434  
11962.9764  
11966.23734  
11991.34644  
11977.18665  
11972.48128  
11975.82489  
11978.22043  
11980.9524  
11957.53304  
11975.91805  
11972.60673  
11986.33122  
11962.28393  
11988.06503  
11961.63556  
11998.33392  
11985.51116  
11993.16074  
11966.88772  
11966.0474  
11948.64737  
11943.96568  
11946.31241  
11953.56237  
11968.56381  
11967.30928  
11971.561  
11963.14648  
11964.01822  
11980.45565  
11982.5436  
11991.22139  
11976.94119  
12024.89337  
12001.54791  
11976.30933  
12006.0132  
12006.46883  
11951.80075  
11933.56264  
11939.35457  
11947.52607  
11981.66892  
11991.06348  
11966.21838  
11978.29545  
11933.25919  
11970.47555  
11947.79681  
11956.33067  
11969.88886  
11948.8933  
11940.22215  
11962.52364  
11958.92535  
11984.11919  
11957.88961  
11999.64787  
11985.90737  
11970.02737  
11991.97893  
11970.84735  
11969.7055  
11996.40741  
11978.77661  
12033.6416  
12000.83814  
12030.96414  
11968.98127  
12001.91426  
11982.69826  
11945.80089  
11939.19054  
11951.10761  
11962.35836  
11993.62349  
11971.26874  
11954.83183  
11955.55974  
11965.68761  
11958.22125  
11942.73135  
11980.69336  
11975.8961  
11978.99375  
11958.34714  
11967.99402  
11959.98916  
11964.94624  
11988.79427  
11999.63865  
11964.58287  
11998.65009  
12011.94172  
12003.32676  
11957.21797  
11962.23546  
11953.7964  
11915.55952  
11944.52867  
11948.25871  
11984.21307  
11973.1418  
11922.26204  
11950.66801  
11922.9784  
11991.00228  
11976.48287  
11988.33983  
12013.12795  
11936.91172  
11980.7459  
12002.58645  
11929.88579  
11957.26486  
11976.81827  
11966.25515  
11969.97148  
11959.21894  
11999.73701  
12007.06075  
12021.76639  
12025.14938  
12000.60894  
11970.77933  
11956.70292  
11920.90735  
11868.12091  
11935.21227  
11940.12426  
11955.68737  
11965.48318  
11983.81  
12006.18119  
11996.8299  
11991.98456  
12000.48584  
12003.46319  
11967.1596  
11969.39397  
11945.51298  
11969.67358  
11974.26483  
11927.34503  
11973.15365  
11994.39068  
11994.65471  
11968.21548  
11964.75377  
11945.48326  
11975.29519  
11977.52058  
11948.84733  
11980.88709  
11956.10676  
11961.10172  
11956.82794  
11953.08359  
12000.56405  
11948.22029  
11965.13145  
11965.96732  
12024.02308  
12044.75922  
11983.11962  
11972.81598  
11955.10387  
11945.52807  
11967.72811  
11970.54353  
11962.48242  
11962.21597  
11969.55812  
11985.20645  
12019.65973  
12012.44106  
11977.10132  
11935.14975  
11962.20129  
11960.23432  
11914.53837  
11931.58545  
11923.16224  
11953.07165  
11932.30131  
11947.34521  
11966.47974  
12006.4711  
12010.83213  
12011.23145  
11989.88465  
11993.80968  
11947.32811  
11983.84302  
11973.3359  
11961.65509  
11981.90645  
11992.42721  
12011.3644  
11989.39033  
11989.15483  
11992.55077  
11964.39693  
11925.60956  
11927.02359  
11935.34954  
11953.43624  
11944.58398  
11965.69886  
11976.63002  
11974.7065  
11979.30864  
11974.20828  
11956.4762  
11947.41769  
11942.21761  
11935.80699  
11986.38168  
11969.5384  
11993.09857  
11961.51281  
11974.61707  
11991.87251  
12002.42897  
11950.3342  
11976.30223  
12012.16372  
11989.4398  
11975.99545  
12008.09983  
12006.04497  
12019.77069  
11996.33114  
11974.77978  
11995.19615  
12003.24774  
11971.80654  
11982.44379  
11940.41423  
11955.84026  
11947.33264  
11953.11959  
11929.81289  
11953.86096  
11916.0854  
11950.9569  
11918.93969  
11907.62441  
11942.85169  
11930.90043  
11920.43229  
11947.99004  
11951.91064  
11986.86251  
11974.91467  
11992.46512  
11972.40435  
11968.14912  
11971.57578  
12008.07693  
11994.43302  
11997.08925  
12027.69513  
12001.3315  
11971.26449  
11957.80664  
11995.0897  
11995.98554  
12009.71642  
11981.47683  
11991.45508  
11987.34626  
11954.52752  
11965.23376  
11991.56403  
11982.30832  
11977.14353  
11985.82211  
11957.93919  
11976.55552  
11965.41092  
11957.26306  
11977.33495  
11954.28408  
11954.01886  
11981.44436  
11973.14031  
11977.06267  
11966.68883  
11995.01718  
11978.31236  
11959.59408  
11937.13174  
11915.43732  
11948.38353  
11988.10151  
11994.67845  
12014.02552  
11985.9169  
11975.01173  
11968.40957  
11932.44016  
11950.59143  
11921.04442  
11928.49144  
11999.22696  
11935.98741  
11956.04664  
11955.09085  
11941.03588  
11970.49986  
11957.81144  
11990.79911  
11971.87519  
11977.65163  
11959.25667  
11969.58991  
11967.29381  
11937.98908  
11945.37257  
11955.8971  
11974.80259  
11981.26323  
12007.70099  
11985.32578  
12010.94803  
11975.67157  
11996.43929  
11985.80495  
11955.91434  
11952.30634  
11992.67518  
12017.07182  
12010.27496  
12019.50879  
11997.42367  
11966.88767  
11978.99652  
11945.82211  
11973.05662  
11960.22026  
12012.20229  
11931.3292  
11969.58229  
11939.46876  
11965.10811  
11957.76933  
12017.52633  
11959.41694  
11993.84316  
11966.58067  
11960.37948  
11962.44231  
11970.83576  
12022.93233  
12018.79386  
12007.89761  
11967.5488  
11990.52841  
12024.66255  
12059.23188  
11988.7425  
11994.56972  
11976.31662  
11927.77371  
11937.91096  
11954.62837  
11921.51813  
11943.22548  
11976.11654  
11952.46949  
11944.60675  
11920.48237  
11950.35682  
11959.56991  
11939.70958  
11965.99522  
11959.27381  
11989.91393  
12004.78819  
11973.00627  
11997.24858  
11970.88037  
11967.4313  
11914.3652  
11942.54629  
11920.88058  
11959.30102  
11977.12086  
11932.57609  
11966.21691  
12003.5167  
11983.58987  
11954.21429  
11954.5058  
11957.53553  
11980.60765  
11990.56613  
11992.07823  
11981.20563  
11966.84054  
11956.3673  
12011.74242  
11980.32131  
11979.9234  
11975.48608  
11966.46386  
11976.40337  
11995.52115  
12019.09408  
12015.54295  
11994.65249  
12006.19221  
11967.37155  
11988.96588  
11958.49891  
11942.50064  
11925.08473  
11942.99327  
11959.64274  
11962.93641  
11927.84317  
11972.0875  
11945.77896  
11997.98576  
12012.17021  
11920.21114  
11959.70073  
11959.24863  
11989.08842  
11959.01525  
12002.70774  
11972.18839  
11980.43296  
11976.7635  
11968.57163  
11923.21228  
11953.65285  
11927.695  
11935.76767  
11980.74568  
11969.32604  
11964.78782  
11969.1556  
11983.27068  
11974.50922  
12005.64672  
11984.80413  
11978.36375  
11982.69679  
11952.99141  
11971.56845  
11967.61018  
11981.06188  
11965.20299  
11928.28763  
11970.41093  
11942.86464  
12007.32165  
11984.43369  
11979.21228  
11956.18326  
11957.38841  
11944.3497  
12019.14245  
11976.24498  
12029.41754  
12003.34365  
12009.92066  
11965.80666  
12020.37858  
11993.03234  
11967.59133  
11944.83064  
11943.70959  
11929.57217  
11939.92293  
11965.79666  
12000.5982  
11947.32538  
11974.90466  
11996.67346  
11965.96244  
11968.92642  
11947.09865  
11974.19522  
11973.47557  
12019.0176  
11954.45886  
11935.03102  
11947.04462  
11968.04461  
11951.48515  
11976.93396  
11967.81696  
11961.05813  
12013.97949  
12000.99761  
12040.3777  
11952.09259  
11903.27407  
11944.73984  
11925.75813  
11999.65764  
12002.76917  
11983.7419  
11984.75589  
11990.20279  
12014.85014  
11973.38031  
11975.93166  
11984.09666  
11966.2353  
12009.28596  
11952.10183  
11983.49828  
11981.53664  
11985.05649  
11950.33893  
11968.30158  
11937.8297  
11979.65637  
11937.84609  
11904.99831  
11949.55662  
11962.66277  
11951.42818  
11975.93081  
11977.92516  
11997.00758  
11966.20133  
11919.32883  
11985.40388  
11961.65776  
11963.31947  
11958.3801  
11973.78836  
11998.00517  
12003.9378  
11950.75944  
11993.96761  
11991.46237  
11969.87349  
11919.08471  
11958.19134  
11979.41313  
11964.94485  
11974.91433  
11965.73965  
11988.4965  
11978.36369  
12002.82173  
11953.91468  
12012.13978  
11975.09863  
12001.98784  
12022.18566  
11976.1858  
11991.39666  
11995.694  
11980.74621  
11996.20608  
11996.0561  
11934.35236  
11996.84067  
11976.7189  
11955.7326  
11927.30976  
11908.00709  
11918.30357  
11922.07325  
11911.8462  
11938.67941  
11959.38552  
11992.03709  
11999.82801  
11980.1634  
11961.86325  
11902.06128  
12006.33134  
11961.79603  
11986.87697  
11995.2257  
11974.35735  
11997.31705  
11969.52627  
11981.20452  
11958.72857  
11980.50314  
12000.30459  
11981.51019  
12023.35506  
12027.74648  
12009.57987  
11958.12335  
11975.83791  
11976.26737  
11962.38625  
11948.37712  
11920.30457  
11900.27257  
11961.2551  
11956.94484  
11936.93938  
11979.32966  
11972.77817  
11961.49608  
11986.48394  
11981.9635  
11934.11309  
11947.80667  
11968.47615  
11947.9562  
11969.54225  
11937.94069  
11948.2765  
11949.69417  
11998.89959  
12010.59594  
11985.65268  
12039.60017  
12005.3152  
11984.91611  
11963.2334  
11994.05734  
11955.17001  
11974.07337  
11980.82813  
11944.38043  
11934.45287  
11965.18538  
11969.21189  
11973.75904  
11984.56957  
11965.86591  
11991.55657  
11961.64915  
11974.48701  
11992.49954  
11967.75339  
11998.43845  
11962.74762  
11953.1801  
11904.08371  
11951.30844  
11968.6961  
11955.79614  
11941.25214  
11939.18521  
12011.44011  
11975.56493  
11990.04321  
11955.19998  
11962.06939  
11977.86992  
11935.41074  
11991.15839  
11991.52004  
11987.36172  
11987.53602  
11958.39817  
11958.9435  
11956.63331  
11983.4  
11994.77633  
11960.53821  
11955.36529  
11979.58792  
11952.91445  
11940.25396  
11993.48752  
11960.64029  
12021.13034  
12030.29296  
12008.98343  
12014.45921  
11968.03141  
11966.13915  
11975.76027  
11977.74824  
11962.60838  
12010.87499  
11993.29046  
11970.16975  
11969.41842  
11931.64511  
11905.49984  
11965.53663  
11966.74471  
11974.30533  
11970.70683  
11952.64824  
11970.06255  
11979.66974  
11992.2857  
12005.51434  
11988.02627  
11988.62874  
11988.82926  
11995.26314  
11964.44425  
11977.9789  
12000.80889  
11923.48805  
11989.11047  
11967.02513  
11920.84111  
11980.31489  
11960.14465  
11928.23938  
11965.95566  
11952.87816  
11968.35322  
11939.30005  
11954.5389  
11929.38386  
11963.3463  
11959.67089  
11970.62641  
11999.29997  
12000.53515  
11972.48874  
11954.71531  
11933.18199  
11960.48818  
11963.83568  
11980.55453  
11997.00953  
11988.72718  
11969.24934  
12005.59356  
11952.42646  
11975.93982  
11956.32788  
11987.19919  
11999.29133  
11999.24598  
11996.59679  
11957.84712  
11964.81647  
11945.257  
11937.54816  
11920.30381  
11998.49093  
11962.38137  
11984.1192  
11954.07073  
11969.72688  
11969.63568  
11967.28818  
11994.24958  
12001.14261  
11995.24675  
11965.72464  
11952.79382  
11928.16326  
11929.00315  
11936.82805  
11956.92478  
11973.30775  
11943.55494  
12017.46301  
11982.8744  
12007.8546  
11996.51228  
11944.80387  
11949.69111  
11915.76788  
11954.28437  
11933.92577  
11980.08834  
11984.5276  
11976.724  
11952.17237  
11966.06871  
12008.17102  
11966.99565  
11975.41641  
11973.96307  
11991.03198  
12005.83868  
12003.68004  
12023.79517  
11990.90356  
11980.3498  
12010.13313  
11966.88136  
11956.84435  
11966.0444  
11978.47957  
11971.13627  
11956.75992  
11991.77052  
12054.3261  
12012.96456  
11970.98043  
11983.51907  
11932.57753  
11930.3294  
11922.87349  
11953.2181  
11960.4876  
11961.26998  
11933.0008  
11944.64388  
11945.64733  
11926.34156  
11918.11782  
11976.98285  
11968.44019  
11987.77149  
11996.93548  
11986.12  
11975.72116  
11973.93101  
11943.06864  
11976.76317  
11939.00542  
11972.95709  
11967.658  
12007.95885  
11996.50734  
11990.96057  
11988.29487  
12002.29315  
11956.53755  
11944.39174  
11946.56698  
11977.85828  
11963.01003  
11968.37951  
11970.34302  
11983.50244  
11932.08936  
11954.49809  
11973.67  
11963.0022  
11956.28322  
11993.8702  
11994.0338  
11969.93852  
11982.03515  
11997.9106  
12021.23614  
11999.78085  
12004.78003  
11996.58877  
11995.21065  
11997.81924  
11972.41999  
11925.55459  
11966.01765  
11978.43885  
11924.88594  
11964.60547  
11949.98705  
11951.41338  
12013.07762  
11993.67242  
11969.10201  
11918.64529  
11940.02452  
11960.27942  
11917.90003  
11955.5935  
11969.8654  
11996.83757  
11995.23688  
11935.3782  
11923.99337  
11964.88479  
11934.48135  
11947.27003  
12000.2062  
11965.29674  
11979.39704  
11997.14862  
12024.06694  
12010.78347  
11968.13728  
11985.29925  
11984.01109  
11945.6104  
12003.54992  
12016.44436  
11987.73585  
11987.37918  
11974.32576  
11993.76854  
11989.60902  
11984.91422  
12012.85564  
11970.09853  
11958.54813  
11977.21834  
11929.78279  
11977.74939  
11941.59806  
11971.32105  
11981.9237  
11960.19277  
11969.93621  
11988.88685  
11958.47615  
11943.85742  
11995.37377  
11908.45689  
11969.9638  
11983.52051  
11995.00066  
11934.08639  
11933.69965  
12002.98958  
11960.7718  
11969.05306  
11962.48899  
11987.56045  
11983.01292  
11995.43805  
11965.26903  
11953.61868  
12032.65794  
12019.04269  
11972.77404  
11970.70693  
11920.90437  
11927.68545  
11920.29469  
11945.80133  
11953.17114  
12008.62727  
11980.69183  
11952.96781  
11963.8262  
11953.23235  
11958.20575  
12002.30606  
12016.75189  
11999.53326  
11976.28998  
11943.88911  
11987.40438  
11944.3911  
11955.77787  
11922.25325  
11957.39833  
11954.34088  
11990.35099  
11984.25876  
12013.56213  
12014.72287  
11985.16784  
11990.24421  
12007.5727  
11979.95124  
11946.49777  
11984.67368  
11956.58061  
11973.80879  
11983.7829  
11951.7823  
11956.63901  
11920.82955  
11938.2325  
11925.03683  
11952.61331  
11973.59357  
11977.51348  
11993.47099  
11957.18872  
11966.58128  
11970.11462  
11981.02787  
11974.41866  
11991.45614  
11969.38024  
11941.0697  
11974.06224  
11971.80772  
11998.99434  
11946.74229  
11929.01918  
11964.01846  
11976.04757  
11994.36365  
12029.63068  
11986.3042  
11963.50135  
11975.97733  
11941.10474  
11978.14373  
11969.2972  
11967.85074  
11941.26742  
12021.15882  
11970.02173  
11991.87385  
11982.21554  
11940.61509  
11954.80743  
11972.9024  
11939.24736  
11950.94077  
11953.21433  
12000.89208  
11972.55792  
11978.18326  
11972.99749  
11979.73918  
11937.84297  
11967.90661  
11981.48022  
11953.35793  
11979.49217  
11977.3374  
11955.68545  
12012.31068  
11948.54581  
11970.83778  
11992.91914  
11969.62153  
12005.1693  
11993.91929  
11959.07936  
11979.30897  
11994.70526  
11948.78147  
11929.49226  
11935.02555  
11973.47604  
12017.54992  
11971.33228  
11997.11962  
11953.47095  
12006.99631  
11981.36824  
11961.73972  
11984.06743  
11964.57686  
11966.12232  
11979.79091  
11977.44725  
11981.16909  
11959.22567  
11936.67039  
11919.06421  
11937.92019  
11931.91521  
11960.25892  
11914.30062  
11975.32038  
11991.53458  
11987.60006  
11980.73636  
11976.3173  
11953.7639  
11958.43316  
11965.69319  
11964.28511  
12010.92253  
12066.60212  
12021.78533  
12014.89629  
11989.534  
11985.94384  
11956.82832  
11949.18405  
11995.13095  
11994.02273  
11959.47636  
11967.13233  
11932.33719  
11958.20143  
11939.16776  
11942.17734  
11953.23466  
11981.13886  
11949.50559  
11976.73299  
11996.55106  
12000.31514  
12000.25385  
11971.41166  
11945.3549  
11990.23713  
11982.29006  
11972.43498  
11988.9636  
12005.82613  
11973.02189  
11997.16124  
11975.37511  
11935.73595  
11970.66722  
11992.86006  
11975.33205  
11930.00299  
11943.16407  
11998.04649  
11944.0584  
11995.53887  
11927.70205  
11973.71886  
11976.28307  
11963.97131  
11952.39818  
11942.74452  
11941.86087  
11981.79004  
11985.82032  
11952.67319  
11969.56046  
11950.52471  
11966.48707  
11968.89994  
11954.6802  
11954.91705  
11943.87243  
11949.92709  
11975.56491  
12013.91169  
12013.55656  
11977.91555  
11977.35844  
12016.19802  
11988.66611  
11986.09831  
12013.6173  
11968.31525  
11908.30913  
11937.81222  
11927.18922  
12005.58665  
11964.9554  
11936.60068  
11943.34625  
11944.57125  
11957.72128  
12023.51082  
11959.96473  
11997.96009  
11959.04363  
12014.96097  
12006.10512  
12029.821  
12002.48686  
11991.26503  
11995.99036  
12009.07634  
12011.74014  
11975.1799  
11964.79373  
11934.6466  
11945.64932  
11954.5347  
11935.70968  
11955.96136  
11936.27615  
11974.98538  
11980.80929  
11967.40474  
11947.94655  
11949.2049  
11939.70303  
11992.7693  
11963.82065  
11956.27178  
11965.98277  
11947.33794  
11946.34405  
12006.31018  
11964.95984  
11996.24157  
11982.36233  
11958.65093  
11981.16695  
11965.85367  
11954.01539  
11938.89476  
11964.01054  
11951.65227  
11961.30774  
11980.43739  
12008.99147  
12006.33115  
11986.82791  
11956.0144  
11942.51759  
11948.74083  
11978.93258  
11998.44329  
11947.34433  
11999.13092  
11986.72477  
11989.66034  
11999.33197  
11991.14627  
11937.4895  
11960.10635  
11959.37031  
11988.48051  
11992.66607  
12007.23663  
12020.7089  
11999.03739  
11977.28373  
11973.35087  
11948.24897  
11953.73563  
11975.16582  
11982.05093  
11951.13062  
11936.91696  
12001.33514  
12009.8219  
12008.04393  
11930.39195  
11926.45767  
11954.65623  
11993.09498  
11953.83376  
11976.70232  
11935.76598  
11958.58208  
11942.13402  
11964.75596  
11910.05918  
11934.69938  
11945.52267  
11957.39565  
11953.07524  
11919.63088  
11962.26148  
11999.30498  
12004.33797  
11989.64947  
12009.19431  
12002.80429  
11990.82769  
12004.2585  
12032.4635  
12000.81037  
12020.08051  
12043.85225  
11982.34018  
12010.9926  
11971.51241  
11931.68529  
11964.19492  
11982.79179  
11946.79905  
11991.33982  
11967.0548  
11957.12096  
11959.69131  
11942.06428  
11976.31125  
11932.95934  
11920.76701  
11946.75551  
11990.80011  
11983.36928  
11972.15299  
11970.19149  
12002.03725  
11939.34092  
11964.26714  
11936.41433  
11941.00971  
11928.08126  
11943.119  
11939.34421  
11924.95983  
11958.68932  
11996.50122  
11990.64195  
12018.40238  
11951.63618  
11960.63711  
11975.50002  
11968.57427  
11955.67207  
11992.40738  
11978.66645  
11972.83934  
12011.11411  
11954.01909  
11967.05504  
11972.45257  
11966.87758  
11932.85147  
11975.63896  
11983.3237  
11961.41246  
12017.31401  
11989.48643  
12010.78788  
11974.35693  
11972.12994  
11939.7182  
11961.6079  
11970.43444  
11938.15726  
11951.06085  
11943.80013  
11970.68155  
11962.08441  
11944.95906  
11983.09415  
11992.57226  
11954.48997  
11993.16825  
11972.4359  
11968.60985  
11939.14196  
11961.15371  
11977.01439  
11973.72031  
11973.26178  
12005.07059  
11954.4717  
11952.96206  
12001.34078  
11977.75535  
12006.53581  
11979.02689  
11977.69408  
12011.18587  
11957.32616  
11981.46742  
12000.6375  
12016.67176  
12011.61679  
11975.49393  
12014.3338  
11973.25953  
11960.07643  
11973.40341  
11944.64739  
11966.78112  
11964.55006  
11982.27315  
11975.09221  
11967.02813  
11968.25651  
11979.42811  
11944.91823  
11960.22633  
11954.00934  
11967.39844  
11941.14866  
11937.81333  
11947.27909  
11961.91221  
11967.88786  
11958.18679  
11945.54079  
11918.26552  
11956.94423  
11961.8189  
11978.9457  
11961.66663  
11983.72271  
11947.91589  
11965.35125  
11960.62862  
11971.21354  
11983.56276  
12023.56479  
12000.79162  
11976.4615  
11968.10326  
11935.50788  
11948.05629  
11988.66946  
11959.09116  
11987.43257  
11957.31068  
11988.57196  
11982.488  
11965.62114  
11972.58102  
11956.91626  
11961.34322  
11966.25829  
11956.49232  
11967.22028  
12013.60201  
12000.14632  
12000.74615  
11998.79417  
12031.46027  
12047.20063  
11995.45231  
11971.96571  
11938.83147  
11980.64901  
11966.65077  
11962.52623  
11946.26482  
11972.63982  
11981.45045  
11970.81084  
11953.66847  
11927.83181  
11948.22466  
11977.25486  
11934.90879  
11955.70163  
11983.61859  
11960.42089  
11965.78397  
11913.84534  
11930.8577  
11972.28389  
11917.54748  
11953.54145  
11938.65658  
11981.17975  
11958.98197  
12007.01489  
11984.22753  
11972.85458  
11987.41691  
11994.17088  
11983.26694  
11978.24575  
11956.83177  
11968.57325  
11958.07259  
12005.23476  
11990.2167  
11992.27498  
11985.01531  
11960.2198  
11945.14885  
11961.44567  
12006.39998  
11994.52208  
12001.00174  
11967.72384  
11965.5839  
11946.60663  
11982.88268  
11999.39482  
12031.87669  
11987.37994  
11972.42231  
11977.41161  
11958.71254  
11967.22545  
11959.20759  
11933.43063  
11954.8796  
11930.95993  
11937.94499  
11966.55998  
11933.83698  
12009.48626  
11963.16177  
11927.7283  
11940.67825  
11962.99791  
11938.71171  
12000.201  
11974.86692  
12044.69329  
12020.67802  
12028.59327  
11964.44545  
11926.22072  
11974.20724  
11990.83357  
11936.15895  
11986.73863  
12028.90128  
11960.17185  
11963.87502  
12008.51261  
11985.173  
11981.75609  
11979.89315  
11969.15002  
11942.05586  
11943.20371  
11951.15945  
12010.55733  
11998.41408  
11976.37358  
11947.50946  
11983.70326  
11956.68887  
11955.77626  
11933.45742  
11933.69598  
11956.22338  
11935.77051  
11953.99204  
11949.2256  
11963.08799  
11920.00082  
11953.06982  
11980.99126  
11934.45505  
11944.34302  
12009.43884  
11980.50404  
12013.13697  
11990.68694  
11962.7737  
11992.73274  
12019.54426  
11973.99289  
11985.99791  
11977.12995  
11959.25998  
11959.23558  
11945.77901  
11975.39577  
11975.0321  
11975.98508  
11991.64786  
11979.20318  
12016.04295  
11986.99864  
11990.42389  
12056.57971  
11987.03446  
11932.85242  
11971.39233  
11972.14289  
11981.39602  
11991.01953  
12010.25406  
11976.50029  
11981.71226  
11953.8539  
11935.21978  
11940.05655  
11946.60835  
11911.91503  
11932.3096  
11942.96009  
11925.0246  
11963.88204  
11949.34353  
11946.90786  
11958.71049  
11977.71428  
11999.75558  
11991.22268  
11966.47117  
11974.32325  
11950.69444  
11983.18084  
11978.72855  
11988.16075  
11989.20316  
12025.25581  
12015.13588  
12005.42821  
11987.15271  
12000.94853  
11973.19131  
12005.84168  
12002.21572  
12001.26278  
12014.50461  
11970.02142  
11948.53304  
11945.85142  
11943.56269  
11951.80869  
11901.29311  
11932.65829  
11933.35272  
11929.87942  
11948.34764  
11987.72047  
11951.2454  
11966.59699  
11991.39268  
11995.03908  
11973.14532  
11941.05819  
11983.50715  
12011.36256  
11974.21403  
11966.96617  
11961.62714  
12001.55643  
11953.07093  
11945.41665  
11977.06705  
11957.60836  
12006.7481  
11957.03491  
11996.38233  
11990.25953  
11954.53516  
12022.55422  
12011.66558  
11964.60937  
11938.03256  
11967.5402  
11954.99651  
11960.85166  
11947.97249  
11936.6949  
11953.96192  
11947.99756  
11980.85508  
11966.5369  
11971.36235  
11988.96732  
11988.04932  
11950.343  
11974.46917  
11966.49519  
11980.95005  
11954.66824  
11985.37521  
11975.95406  
11994.30976  
12007.21255  
12006.3928  
12005.51328  
11951.52028  
11968.69265  
11963.36221  
11958.06072  
11953.56903  
11948.20774  
11954.97571  
11980.36923  
11979.49152  
11972.62653  
11993.095  
12039.75923  
11996.77535  
11948.48177  
11904.40759  
11909.4304  
11920.57903  
11969.76791  
11938.96603  
11917.32948  
11939.68402  
11952.14414  
11974.51069  
11960.86869  
12008.42388  
12001.75894  
11975.51241  
11966.22738  
11917.93731  
11913.38229  
11946.56014  
11974.81936  
11984.37739  
11972.63367  
11978.455  
12016.4966  
11964.70977  
11973.82374  
11997.56622  
11967.43653  
11992.87546  
12019.40906  
12010.79853  
11992.03124  
12013.26032  
11975.79313  
11980.97147  
11959.27548  
11947.47553  
11995.94172  
11976.98585  
11938.03011  
11973.44449  
12005.25345  
11996.39001  
11994.39581  
11994.58338  
11984.13124  
11925.72248  
11952.64392  
11965.99861  
11952.08965  
11950.44351  
11954.85591  
11957.78673  
11961.36964  
11926.24887  
11988.14209  
11995.35251  
11983.6849  
11993.91634  
12015.98999  
11954.63419  
11944.21975  
11960.48104  
11974.55515  
11949.55266  
11971.72998  
11982.70403  
12000.98165  
11989.41992  
12036.11216  
11967.84326  
11987.2195  
11976.33909  
11960.25237  
11934.76602  
11933.28524  
11946.78232  
11966.7131  
11961.69034  
11949.95507  
11947.11579  
11941.63507  
11971.30772  
11979.71212  
11972.35204  
11951.68682  
11941.87712  
11947.91521  
11927.72918  
11965.32739  
12014.49533  
11971.06595  
11996.07055  
12022.11863  
12019.92385  
12024.50947  
11982.67764  
11970.12612  
11972.91266  
11964.11387  
11955.29759  
11941.1311  
12008.96864  
11988.37839  
11980.9257  
11988.99628  
11923.10107  
11968.15323  
11975.48527  
11954.68796  
11960.23444  
11938.29448  
11963.47011  
11956.97405  
11946.81226  
11974.83411  
11980.02354  
12024.18582  
11997.44099  
12009.34878  
11981.79175  
11965.81796  
11953.32229  
11955.6856  
11963.13842  
11929.32264  
11968.99596  
11992.79004  
11975.33746  
12037.21804  
11982.60251  
11998.81698  
12041.84036  
12004.04533  
12004.7454  
11966.4485  
11958.30228  
11921.87867  
11942.02023  
11961.37667  
11960.00054  
11949.19993  
11931.65966  
11965.65078  
12005.59616  
11974.72685  
11966.6132  
11977.67592  
11956.69259  
11964.52513  
11970.84055  
11931.29918  
11992.53431  
11938.46108  
11926.6103  
11952.83335  
11951.74958  
11943.8345  
11955.13332  
11941.53079  
11987.66803  
11948.30793  
12016.83871  
11977.24784  
11968.0639  
11918.76656  
11986.46591  
11944.60358  
12015.99313  
11981.55651  
11983.08204  
11978.08553  
11960.18227  
11982.28282  
11996.14594  
11981.83467  
11988.34305  
12010.23032  
11973.9062  
11980.97291  
11962.93442  
11967.68823  
12013.57143  
11958.43898  
11949.27159  
11949.18196  
11968.66229  
11932.33949  
11983.05511  
12011.70459  
12007.46674  
11935.39321  
11947.64498  
11954.85803  
11948.04036  
11988.34871  
11981.89324  
12008.17756  
11958.69988  
11964.83057  
11977.2111  
11958.14229  
11968.95732  
11951.34492  
11960.10281  
11952.60378  
11986.89823  
11964.02435  
11996.09112  
11969.46572  
11938.94492  
11969.61132  
11953.27982  
11960.00712  
11982.4394  
11969.15288  
11965.65401  
12000.08166  
11987.32476  
11966.72575  
11965.64203  
11948.31436  
11980.5861  
11973.67487  
11951.40922  
11982.31041  
11988.95762  
11960.45834  
11969.62975  
11984.4916  
11972.82496  
11973.12773  
11960.16441  
11944.21466  
11955.21814  
11992.06769  
12002.08459  
11995.60959  
11992.45545  
12009.44577  
11960.49689  
11973.81663  
11906.68304  
11980.80179  
12002.43969  
11962.98752  
11974.52982  
11960.09767  
12021.85406  
12026.35209  
12005.11871  
12009.66279  
11973.39187  
11966.14975  
11953.88848  
11955.19811  
11922.59246  
11921.87836  
11923.37134  
11948.38396  
11950.10814  
11933.49998  
11948.46945  
11929.88213  
12016.67492  
11986.94076  
11962.98382  
11962.9686  
11970.08189  
11997.0984  
11970.47209  
11980.3578  
11958.14603  
11981.71479  
11968.98053  
11999.45053  
11998.48377  
12008.22269  
11951.71107  
11961.87748  
11962.34788  
11919.36065  
11977.28321  
11989.23866  
12013.16097  
12004.17669  
11985.48169  
11953.11447  
11979.49002  
11957.3396  
11941.25556  
11970.11927  
11972.04842  
11967.14289  
11952.95655  
11935.91835  
11935.38763  
11953.74919  
11988.11881  
12031.69706  
12041.05442  
12013.14791  
12007.52108  
11969.43936  
11995.48389  
11943.77618  
11930.74428  
11914.65122  
11960.98964  
11958.55405  
11969.11755  
11967.84642  
11946.61522  
11935.72162  
11922.90096  
11965.71273  
11974.63005  
12006.53274  
11968.35908  
11952.87885  
11967.80824  
11966.88335  
11988.72922  
11927.79453  
11959.39748  
12006.46056  
11979.78433  
12017.24321  
11988.57966  
11963.89344  
11966.97395  
12000.17397  
11965.17722  
11997.15065  
11960.36552  
11986.94397  
11971.7649  
11956.86686  
11957.78925  
11953.05044  
12004.98998  
11962.41776  
12007.43091  
11951.91242  
11959.17091  
11945.26471  
11961.04688  
11940.5424  
11963.57992  
11958.12807  
11965.11976  
11989.60389  
11954.29972  
11977.82275  
11957.21771  
11985.27872  
11966.077  
12009.06518  
11963.22789  
11956.31879  
11992.01488  
11976.22916  
11983.5968  
11996.35153  
11988.8282  
11964.50917  
11974.61907  
11944.42057  
11963.41012  
11973.3418  
11981.96534  
11988.41363  
11946.26013  
11936.0116  
11915.39679  
11979.16328  
11961.62711  
11999.97304  
11941.70663  
11958.92483  
11988.05284  
11981.06546  
11983.27138  
11991.59181  
12000.61778  
11979.57864  
11989.32419  
11979.03913  
11963.15375  
12007.38852  
12002.18478  
11930.10144  
11982.32913  
11983.69786  
11940.14279  
11959.41271  
11955.9106  
11973.29117  
11974.50371  
11988.42077  
12025.01614  
11997.75999  
11989.81315  
11989.22095  
11957.03395  
12001.42572  
12003.4395  
11992.15487  
12021.84435  
11981.09583  
11928.45289  
11919.03993  
11896.05551  
11879.09024  
11934.6104  
11954.6739  
11946.61468  
11932.21513  
11984.56336  
11991.98133  
11964.28756  
12009.69114  
11982.76071  
11970.47035  
11980.69093  
11950.01539  
11996.56451  
11958.35709  
11960.10658  
11952.781  
11961.79492  
11965.3268  
11972.36061  
11968.49938  
11967.57391  
11944.8716  
11987.97842  
12006.20879  
11952.05702  
11982.04343  
11964.39073  
11963.13815  
11981.56017  
11965.0032  
12055.68178  
12040.69345  
12008.41238  
11946.32176  
11946.43524  
11974.41355  
11978.71616  
11958.33063  
11960.23952  
11950.841  
11947.56762  
11928.17446  
11958.28222  
11973.95856  
11970.84747  
12004.48882  
11983.67224  
11975.24847  
11954.32676  
11980.48455  
12010.93036  
11943.9423  
11961.51114  
11987.59848  
11975.7732  
11936.72519  
11970.79256  
11961.92533  
11985.47613  
11951.27625  
11937.49551  
12011.441  
12012.45046  
11984.76034  
12000.08304  
11978.06828  
11982.90038  
11923.52689  
11966.42235  
11957.29848  
11923.20789  
11895.59718  
11941.37475  
11957.66389  
11930.26094  
11942.10822  
11960.53183  
11977.141  
11974.24997  
11970.98448  
12055.0034  
12028.18868  
11988.23136  
12007.05236  
12021.16458  
11973.44808  
11940.28768  
11967.19676  
11934.89212  
11964.42269  
11976.84986  
11999.47083  
12001.87894  
11973.6546  
12010.35302  
11963.43562  
11966.88004  
11954.19372  
12012.62518  
11965.3667  
12022.98384  
11967.81358  
11978.81929  
12035.75754  
12017.62479  
11989.94685  
11972.95232  
11939.78568  
11934.20354  
11923.58147  
11949.4627  
11954.24117  
11948.74382  
11934.64965  
11938.56986  
11967.25307  
11930.8531  
11936.3882  
11914.86402  
11974.37479  
11947.99716  
11943.84071  
11909.6432  
11954.83234  
11988.96779  
11985.60871  
11987.01767  
11947.28643  
11982.10665  
12017.10634  
11974.86881  
12006.39061  
12022.62615  
11975.89239  
11969.11162  
11989.54108  
11945.57734  
11938.31365  
11945.42226  
11930.60314  
11999.82277  
11961.7152  
11944.46291  
12026.8544  
11972.22597  
12010.08554  
11946.91904  
11918.30246  
11932.08936  
11986.44668  
11959.37681  
11968.70706  
11996.39847  
11984.76206  
11987.39528  
12026.2714  
12004.82393  
11987.12027  
11994.99692  
11980.47591  
12002.35674  
12001.60855  
11947.60539  
11961.75289  
11940.23724  
11949.36413  
11970.03213  
11924.39002  
11993.54637  
12003.32346  
11977.87126  
11966.74392  
11935.98459  
11924.69169  
11933.83718  
11943.64158  
11959.64855  
11972.85966  
11989.81549  
11975.78104  
11953.86256  
11971.8615  
11984.39069  
12007.71565  
11983.5868  
11970.53454  
11971.64117  
11986.67058  
11992.70202  
11980.94076  
11969.95174  
11975.18733  
12022.18964  
11953.66604  
11941.99932  
11955.77999  
11968.26392  
11964.02275  
11974.97791  
11965.60642  
11979.51575  
11936.5955  
11960.67016  
11980.70377  
11971.5586  
11984.32988  
11973.35812  
12012.35719  
11962.97141  
11984.54936  
11982.59351  
11976.03019  
11947.12943  
11933.21908  
11874.13462  
11957.47566  
11934.44751  
11996.62844  
11996.05082  
12000.82939  
11992.13905  
12006.76954  
12007.78136  
12017.01445  
12010.39286  
12004.39727  
11975.67065  
11953.76566  
11966.00064  
11989.46767  
11975.88882  
11981.29971  
11955.06982  
11954.05663  
11965.18273  
11989.80452  
11959.91966  
12003.15063  
11974.96545  
11980.4889  
11944.55433  
11929.37064  
11931.41574  
11944.93132  
11896.31494  
11993.79334  
11952.84315  
11971.01357  
12006.55328  
12002.85714  
11979.61669  
11965.39554  
11967.76484  
11971.07013  
11971.70267  
11994.92932  
11975.83542  
11947.3203  
11936.26632  
11943.61133  
11933.89449  
11964.82828  
11969.74356  
11995.82799  
12002.43259  
12026.4294  
12037.79257  
11984.12589  
11971.45325  
11980.64156  
11985.62121  
11998.30347  
11957.40052  
11962.34101  
12003.59539  
12018.83338  
11996.52574  
12001.50288  
11953.60691  
11949.30652  
11910.27925  
11939.49185  
11965.75964  
11933.39833  
11965.23359  
11912.60785  
11962.59451  
11907.58852  
11925.49831  
12001.53365  
11971.81681  
11967.3143  
11977.19097  
11955.4175  
11956.55446  
11930.52507  
11981.33818  
11989.27629  
12001.88153  
12005.01758  
11993.93142  
11973.57164  
11966.59586  
11972.25403  
11941.49402  
11940.95645  
11964.10489  
11983.00375  
11966.49028  
11953.70195  
11996.82873  
11963.50199  
11981.20772  
11944.45432  
11930.20342  
11980.8966  
11965.6342  
11970.76826  
11977.18999  
11978.74886  
12001.03159  
11969.29823  
12003.15382  
11964.08042  
11945.92224  
12008.22643  
11976.90908  
12030.38917  
12029.79245  
11986.67445  
11990.93995  
11963.35846  
11926.00345  
11912.38971  
11931.42855  
11944.53582  
11970.01265  
11964.62648  
11965.97474  
11977.03659  
11979.04919  
11995.48083  
11960.66394  
12009.96793  
11984.54695  
12006.67991  
11991.94625  
12007.79461  
11976.37055  
12003.70687  
11993.26951  
11982.52701  
11949.27514  
11938.36761  
11930.29297  
11972.79518  
11982.69831  
11974.57124  
11970.20758  
11984.52954  
11954.35362  
11929.05851  
11970.3035  
11939.79948  
11950.44644  
11957.04202  
11995.55742  
11954.55417  
11958.72896  
11990.92091  
11963.57196  
12001.29048  
11972.5879  
11991.69134  
12004.53825  
12000.22228  
11977.23719  
11973.53784  
11942.93535  
11922.71407  
11981.66694  
11982.04207  
11981.65833  
11957.8971  
12025.94156  
11927.46964  
11938.755  
11928.00222  
11965.42183  
11950.90367  
11971.83559  
11993.65401  
12005.28992  
12012.94995  
11945.1977  
11948.00386  
11945.15246  
11982.14654  
11948.11444  
12017.52695  
12022.93063  
11996.681  
11946.66877  
11934.12086  
11947.66712  
11969.93889  
11934.75416  
12003.23768  
11966.06797  
12005.95766  
11966.44487  
11949.76566  
11995.00727  
11947.23085  
11975.90576  
11964.79005  
11990.64252  
12026.21622  
12024.07573  
11970.78581  
11953.41704  
11976.04738  
11951.0616  
11977.9594  
11954.01724  
11978.66342  
11957.72404  
11927.00153  
11932.84402  
11930.85691  
11935.3108  
11960.89542  
11953.72746  
12004.43955  
11971.56152  
12027.16908  
11975.95164  
12004.7562  
11912.46535  
11923.3998  
11956.10074  
11986.30908  
11957.7976  
11953.91975  
11947.3513  
11982.84983  
11977.79177  
11994.50379  
12008.8243  
11978.29424  
11973.72967  
11987.47197  
11997.37582  
11985.26206  
11962.59024  
11982.20656  
11969.16528  
11979.85769  
12026.4795  
11996.26036  
11984.6892  
11957.71597  
11940.71097  
11957.62931  
11998.983  
11981.64102  
11982.9734  
11969.21108  
11993.51774  
11966.69088  
11984.39347  
11982.776  
11980.25286  
11969.97215  
11998.87623  
11977.03924  
11942.28804  
11967.11253  
11929.69477  
11961.78996  
11980.24478  
12010.32343  
11963.25463  
11953.84479  
11985.9284  
11960.73986  
11931.51124  
11979.93168  
12003.86089  
11973.10139  
11968.43908  
12008.2959  
11945.43549  
11949.14757  
11941.00701  
12005.89148  
11922.22336  
11992.73744  
11995.05492  
12008.60502  
11985.98035  
11972.12882  
11982.46765  
11946.69863  
11955.43012  
11982.00725  
12027.24487  
12007.84963  
11985.71426  
11997.14411  
11974.15208  
11973.26804  
11933.67586  
11917.79129  
11934.93257  
11982.19682  
12006.90808  
11998.59156  
11925.59581  
11910.104  
11895.46129  
11862.79534  
11951.66294  
11952.9628  
11956.02922  
12000.24106  
11986.86038  
11960.74503  
12003.57583  
11966.61836  
12027.6997  
11992.24226  
11981.49099  
11946.28736  
11957.97295  
11981.88157  
12001.19908  
11962.45461  
11955.72315  
11989.03894  
11926.82555  
11957.58793  
11932.16012  
11948.66282  
11958.51754  
11969.46386  
11967.05063  
11966.93848  
12004.35383  
11973.78207  
11953.60905  
11973.69811  
12007.287  
11989.87016  
12001.38182  
11986.83441  
11971.72314  
11978.16156  
11947.18789  
11973.89627  
11975.31953  
11921.37327  
11938.37875  
11957.93799  
11959.15173  
11978.88254  
11934.63931  
11971.19235  
11987.46371  
11937.33802  
11967.45684  
11980.44542  
11989.80722  
11958.8854  
11966.50962  
11972.39121  
11976.64996  
11989.36509  
11946.14493  
11971.44492  
11962.53195  
11975.41544  
11948.47504  
11976.24751  
11968.55847  
11998.06235  
12019.54065  
11999.74515  
12000.07928  
11997.0183  
11964.12037  
11971.4704  
12013.52153  
12016.56619  
12010.1945  
11980.13188  
12000.82764  
11994.97717  
11956.59626  
11931.17081  
11953.1337  
11980.10635  
11976.11458  
11956.70091  
11967.44153  
11942.64982  
11953.1711  
11922.84096  
11956.34322  
11924.10801  
11956.47591  
11982.94928  
11984.2125  
11973.02164  
11975.17083  
11969.83416  
11980.40986  
11977.68887  
11992.98498  
11971.849  
11953.29034  
11954.90081  
12002.92385  
11975.56873  
11999.28705  
11973.47023  
12009.1491  
11992.93828  
11977.83841  
11987.56277  
11928.51248  
11971.44877  
11899.49027  
11975.31923  
12007.38635  
11935.99163  
11927.62585  
11940.30525  
11936.18973  
11958.88862  
11929.91291  
11974.81112  
11985.22117  
11963.10521  
11971.77261  
11976.50931  
11983.63179  
11970.64207  
11956.67011  
11982.16789  
11985.85789  
11959.41486  
11961.25198  
11994.6333  
11969.84434  
11998.93873  
11951.56667  
11953.02188  
11963.37348  
11992.18769  
11968.99195  
11998.88085  
12002.32186  
11971.15512  
11999.81935  
11964.41118  
11983.42972  
12006.11086  
11970.20661  
11994.51811  
11953.1437  
12007.9335  
11991.77428  
11996.01708  
11896.60664  
11897.02673  
11916.57952  
11956.33096  
11977.37892  
11952.55934  
11989.60364  
11975.6698  
12001.19273  
11996.29257  
11952.56872  
11926.06975  
11978.35642  
11943.66313  
11974.51062  
11967.25557  
11968.00614  
11987.50756  
11973.71993  
11991.60773  
11987.71972  
11984.67852  
11979.04124  
11993.1399  
11970.22488  
11998.5761  
11983.46946  
11952.27709  
11984.77388  
11996.85147  
11943.18898  
11974.93188  
11988.95921  
11965.67611  
11990.93374  
11958.56052  
12001.27465  
11962.67618  
11958.22276  
11908.52866  
11957.61174  
11939.50527  
11931.28866  
11939.38138  
11960.88252  
11990.04692  
11958.08224  
11968.63466  
11953.70867  
11950.2803  
11971.24297  
11978.93416  
11963.6749  
11978.2027  
11993.05455  
11974.77173  
11969.84856  
11978.11501  
11993.31459  
11966.16611  
11942.81595  
12002.18643  
11948.64328  
11969.74338  
12013.26195  
11976.18081  
11980.98784  
11970.82999  
11965.56255  
11965.6535  
11973.31439  
12016.12865  
11972.0712  
11993.86546  
12019.30722  
11962.44197  
11974.41482  
11959.01019  
11946.34326  
11945.02783  
11995.50935  
11954.91535  
11954.02721  
11959.01156  
11976.54793  
11979.23948  
11968.70356  
12006.76086  
12012.4622  
12016.51598  
11979.64441  
11918.49116  
11929.00695  
11951.45041  
11955.9347  
12003.41098  
11980.17616  
12045.8711  
11983.89049  
11996.23747  
11959.90377  
11980.83782  
11995.50553  
11951.39954  
11950.63988  
11949.16241  
11940.92377  
11932.98004  
11958.84883  
11950.51956  
11927.73343  
11964.0569  
11969.2269  
11977.16092  
11991.5002  
12033.02297  
