9219.607719  
9171.830673  
9181.171525  
9164.627983  
9176.843495  
9146.334356  
9172.94164  
9209.132027  
9242.89433  
9303.841871  
9259.786632  
9216.466595  
9156.365107  
9165.097115  
9173.958645  
9202.016623  
9141.872007  
9123.7569  
9120.337784  
9201.436545  
9216.484078  
9246.628567  
9268.131284  
9186.214642  
9255.514786  
9175.420538  
9185.715619  
9171.187182  
9168.186322  
9206.53609  
9213.613706  
9184.7961  
9244.934454  
9229.004925  
9241.801132  
9200.28384  
9138.270242  
9174.432108  
9235.451352  
9208.850628  
9250.443328  
9202.477571  
9201.798648  
9245.830747  
9228.004915  
9161.849694  
9164.726287  
9140.182957  
9128.876751  
9126.41454  
9179.569686  
9182.877516  
9142.210789  
9169.662343  
9158.132399  
9219.125127  
9210.939092  
9165.97928  
9138.24188  
9140.622898  
9214.934358  
9212.52504  
9228.819453  
9202.579569  
9156.094514  
9192.720289  
9192.278363  
9218.984141  
9162.902238  
9172.970777  
9160.18975  
9206.608844  
9214.936311  
9233.756953  
9226.749989  
9211.993483  
9129.451766  
9147.127972  
9134.922979  
9177.351032  
9210.858006  
9236.686226  
9243.99723  
9224.349652  
9159.995998  
9141.099641  
9149.363387  
9230.819442  
9261.430324  
9264.027248  
9249.566321  
9286.385095  
9297.927108  
9287.880286  
9201.789476  
9254.476785  
9256.094111  
9285.563445  
9238.184252  
9177.734693  
9191.222752  
9165.556577  
9148.54783  
9153.066565  
9146.053339  
9141.120319  
9091.399711  
9145.510127  
9162.653448  
9196.23878  
9188.505966  
9185.399807  
9205.743705  
9249.920718  
9185.920007  
9206.119682  
9206.132133  
9191.129172  
9178.253089  
9239.774096  
9225.26243  
9236.087349  
9281.529785  
9246.14917  
9264.167597  
9275.788521  
9281.241455  
9248.863748  
9272.067584  
9203.767238  
9158.973421  
9133.903299  
9135.876125  
9132.153586  
9114.750117  
9121.126624  
9062.6402  
9087.511974  
9106.431662  
9119.942309  
9149.449293  
9145.890975  
9180.828698  
9131.571194  
9147.679677  
9129.177501  
9155.070822  
9231.664699  
9224.547077  
9189.462551  
9137.830566  
9202.420506  
9221.683721  
9255.478441  
9238.516803  
9212.385986  
9235.08926  
9254.17196  
9313.045739  
9283.812596  
9255.273926  
9202.503503  
9177.87518  
9167.296143  
9237.789137  
9191.756443  
9188.416515  
9179.824049  
9195.97859  
9215.408044  
9176.846542  
9188.946353  
9189.109343  
9145.388194  
9118.41437  
9159.486976  
9139.945408  
9177.210821  
9140.400507  
9170.538914  
9207.171546  
9206.282885  
9165.032237  
9148.415432  
9150.262419  
9151.464217  
9175.204749  
9238.879798  
9201.94717  
9250.957095  
9242.14848  
9252.381326  
9303.104015  
9277.395794  
9212.67818  
9163.904764  
9182.49068  
9183.917555  
9180.728378  
9187.016039  
9211.437978  
9169.308381  
9175.286547  
9220.2652  
9181.343654  
9163.158957  
9170.255934  
9193.771506  
9208.687627  
9180.499565  
9198.23585  
9167.538903  
9207.046779  
9242.326066  
9189.111721  
9241.456203  
9223.334069  
9243.932755  
9273.578231  
9289.183679  
9225.618918  
9171.736615  
9174.103335  
9160.513502  
9212.31422  
9197.241147  
9206.196236  
9150.010519  
9203.936279  
9206.893523  
9258.690844  
9242.932914  
9200.919752  
9170.567468  
9139.431556  
9161.269075  
9174.808328  
9190.947329  
9160.139086  
9098.591149  
9117.759564  
9151.421036  
9173.059984  
9142.847317  
9138.754065  
9205.69578  
9170.73705  
9233.697372  
9224.183774  
9240.140105  
9199.891867  
9190.418829  
9193.449293  
9221.618355  
9160.981668  
9207.446968  
9259.763863  
9247.051779  
9220.071597  
9204.95839  
9184.44873  
9188.267525  
9153.87259  
9179.636634  
9178.466256  
9250.241232  
9261.671079  
9280.266846  
9225.512982  
9211.108197  
9188.775093  
9219.444877  
9240.565546  
9223.387515  
9277.394924  
9198.45131  
9208.540623  
9251.754554  
9278.626242  
9272.799709  
9169.235532  
9149.426057  
9196.389096  
9213.784933  
9196.31388  
9204.902259  
9209.476074  
9130.144669  
9167.890296  
9176.02245  
9156.456861  
9198.134203  
9208.091425  
9285.769298  
9178.016315  
9119.670729  
9138.588634  
9144.633258  
9120.377643  
9134.870595  
9181.046981  
9171.961012  
9205.796153  
9254.448412  
9230.313328  
9223.423128  
9230.334324  
9266.591532  
9225.903012  
9181.415421  
9141.240341  
9136.679433  
9200.994374  
9143.343962  
9153.881921  
9150.092837  
9185.768714  
9176.386061  
9184.357061  
9244.199622  
9274.224079  
9246.822425  
9231.358356  
9166.808753  
9150.030825  
9187.235267  
9176.121497  
9170.612846  
9147.611318  
9231.724089  
9237.537746  
9220.746179  
9251.798743  
9245.3011  
9246.153066  
9230.484449  
9233.822467  
9214.124756  
9136.416674  
9118.857337  
9172.9539  
9129.140317  
9147.111286  
9148.81992  
9171.319803  
9186.47548  
9125.250403  
9141.017557  
9123.713156  
9193.332849  
9195.806588  
9187.412226  
9198.384564  
9186.837169  
9250.148575  
9211.297013  
9178.354333  
9274.953751  
9260.503216  
9261.964663  
9213.812882  
9202.314421  
9242.483452  
9176.224248  
9182.806322  
9162.756125  
9153.748716  
9141.666419  
9102.542311  
9189.95149  
9191.685165  
9176.299168  
9184.738324  
9187.174083  
9150.514967  
9194.269117  
9245.861169  
9196.219387  
9257.175643  
9175.222476  
9171.672607  
9178.537056  
9148.781972  
9138.871433  
9181.419529  
9174.259033  
9171.596393  
9221.699781  
9225.281239  
9176.640498  
9154.925463  
9174.681577  
9217.522896  
9235.178329  
9256.290485  
9193.266655  
9245.923775  
9214.925548  
9258.268342  
9230.098325  
9307.04075  
9288.07182  
9196.552872  
9205.78695  
9198.933435  
9234.182267  
9236.337158  
9181.522376  
9170.369321  
9160.799147  
9161.346669  
9195.761294  
9152.244257  
9154.445493  
9137.194516  
9153.250032  
9144.153628  
9102.085449  
9117.160761  
9138.636315  
9176.457339  
9179.948975  
9187.458708  
9144.569623  
9183.351191  
9206.809369  
9192.963167  
9202.990595  
9211.625934  
9256.100374  
9278.025157  
9242.407503  
9183.668722  
9169.203242  
9148.49724  
9194.727242  
9216.149754  
9247.189941  
9216.989428  
9239.53712  
9217.099259  
9221.532248  
9190.730108  
9215.893533  
9177.084791  
9226.191427  
9186.141888  
9142.163373  
9161.295346  
9218.970194  
9228.786982  
9242.824293  
9216.297427  
9253.952095  
9189.053424  
9259.512812  
9270.912884  
9287.556089  
9190.522026  
9153.427448  
9170.864099  
9183.34548  
9160.737835  
9203.172257  
9135.472126  
9174.687341  
9129.008057  
9182.830259  
9180.274096  
9177.088305  
9177.338283  
9146.70424  
9166.373121  
9189.422533  
9206.377749  
9200.577785  
9217.416886  
9202.577106  
9132.525019  
9161.55801  
9160.160931  
9210.782704  
9312.071194  
9268.331118  
9227.962381  
9132.940822  
9147.88242  
9205.907832  
9185.018183  
9137.973601  
9156.746349  
9153.033044  
9161.442149  
9147.51209  
9173.034572  
9164.461341  
9218.02348  
9208.80214  
9175.386549  
9144.983324  
9179.165793  
9166.313243  
9234.44838  
9181.490617  
9200.056014  
9230.181991  
9226.784986  
9237.999406  
9290.971446  
9233.431354  
9198.816173  
9183.145465  
9174.956639  
9129.232825  
9176.000966  
9152.185749  
9173.039296  
9189.976562  
9221.913925  
9191.440132  
9197.791525  
9158.994841  
9164.151325  
9205.245202  
9198.935144  
9236.859948  
9226.804157  
9140.250085  
9176.347019  
9189.139372  
9247.803806  
9284.718071  
9265.647556  
9182.053318  
9145.297841  
9178.938954  
9165.778809  
9176.963634  
9150.352942  
9164.355235  
9141.004469  
9081.992633  
9090.653012  
9183.004809  
9165.061131  
9174.60618  
9115.802352  
9077.453019  
9121.96824  
9103.565727  
9164.577202  
9190.973739  
9240.947223  
9217.307553  
9164.546917  
9105.596298  
9213.28677  
9370.404881  
9319.641379  
9321.532768  
9272.737835  
9286.262271  
9306.848102  
9213.075227  
9232.317765  
9180.846075  
9189.111116  
9201.212307  
9185.589324  
9182.719769  
9160.394563  
9178.239332  
9218.333815  
9226.095809  
9227.960078  
9238.34254  
9206.949081  
9237.062903  
9198.324601  
9177.391145  
9191.382919  
9170.725639  
9189.360224  
9172.455036  
9199.168499  
9261.424327  
9221.423542  
9175.057182  
9184.555707  
9174.653809  
9254.516485  
9284.632218  
9213.656006  
9210.347508  
9169.490776  
9189.596329  
9213.761092  
9217.960513  
9186.606286  
9148.916037  
9206.867633  
9254.384723  
9217.457764  
9239.282471  
9171.750138  
9171.198423  
9181.48792  
9182.604768  
9238.424561  
9245.56164  
9205.989077  
9145.516888  
9109.360405  
9109.925452  
9134.030125  
9158.492071  
9081.844758  
9090.497962  
9135.72565  
9166.007526  
9130.7317  
9202.706808  
9207.404445  
9192.673796  
9200.944824  
9169.788787  
9219.679316  
9189.160411  
9178.516591  
9195.603664  
9141.705673  
9160.633704  
9179.355341  
9158.008205  
9169.926163  
9184.606127  
9183.823985  
9192.671196  
9220.573815  
9190.506793  
9180.726308  
9198.284848  
9275.09116  
9211.73844  
9127.637441  
9121.952552  
9184.358282  
9199.160411  
9254.982496  
9230.679465  
9156.464865  
9202.79506  
9150.714207  
9231.515487  
9209.756263  
9255.715969  
9265.790655  
9265.482252  
9196.993313  
9197.711808  
9177.327711  
9186.45079  
9210.123981  
9251.238164  
9220.714026  
9202.5328  
9188.461447  
9186.262292  
9170.665527  
9188.22549  
9229.224822  
9179.138067  
9183.735139  
9163.154085  
9156.174752  
9184.555239  
9154.595523  
9169.932352  
9232.933456  
9232.876475  
9246.003184  
9270.388449  
9253.226955  
9265.365234  
9249.052766  
9175.593644  
9172.42473  
9164.731307  
9170.732655  
9204.021166  
9133.770731  
9169.393268  
9159.24499  
9250.491498  
9229.595427  
9193.413606  
9136.929953  
9173.60826  
9158.242018  
9188.266177  
9174.445121  
9163.790485  
9206.01969  
9172.579993  
9197.75224  
9152.093824  
9144.228049  
9181.690674  
9193.129044  
9210.776919  
9182.511061  
9195.15797  
9220.586978  
9250.304974  
9223.790241  
9217.366052  
9239.280815  
9252.042247  
9208.349206  
9206.474747  
9149.666854  
9182.382292  
9194.715311  
9190.735118  
9210.30663  
9199.310759  
9164.96702  
9201.747909  
9182.991009  
9128.503195  
9173.132664  
9192.457509  
9177.187893  
9203.697818  
9224.960725  
9221.988228  
9216.066565  
9234.633895  
9218.229206  
9204.144552  
9204.613334  
9211.820578  
9208.084048  
9166.151824  
9157.560303  
9175.697881  
9194.092827  
9221.67351  
9287.788617  
9257.555983  
9203.415283  
9176.125287  
9141.914137  
9157.292077  
9172.940568  
9158.617846  
9091.263056  
9094.720926  
9122.466128  
9164.25104  
9175.488812  
9163.135095  
9151.381549  
9099.500648  
9145.947128  
9208.189825  
9251.732273  
9245.846605  
9195.170208  
9236.256772  
9236.022344  
9228.771898  
9225.276707  
9242.935897  
9218.74741  
9262.970438  
9243.624278  
9255.60031  
9243.398873  
9272.731095  
9323.031016  
9289.096213  
9252.500244  
9169.133863  
9161.607093  
9166.403012  
9167.980511  
9162.808381  
9224.581968  
9186.547448  
9196.599132  
9174.611583  
9153.487697  
9139.186661  
9118.966648  
9161.557628  
9220.997219  
9180.422385  
9201.668659  
9186.980734  
9200.647026  
9204.863716  
9168.899382  
9166.918775  
9200.510371  
9268.224121  
9254.158331  
9261.349323  
9226.703401  
9300.957721  
9247.043319  
9219.171079  
9171.776813  
9185.437139  
9244.70804  
9247.704866  
9275.392143  
9310.079494  
9084.068635  
9121.783331  
9127.03211  
9125.73929  
9151.504416  
9201.354418  
9136.551535  
9099.325694  
9079.690886  
9067.507069  
9077.376815  
9102.936131  
9171.116455  
9198.203741  
9198.797459  
9162.178998  
9170.394712  
9194.464133  
9251.173297  
9217.143045  
9224.697849  
9188.841924  
9172.021867  
9188.853622  
9200.723866  
9197.711564  
9184.625074  
9108.167565  
9167.608271  
9183.144892  
9220.065971  
9261.960938  
9194.187903  
9195.58046  
9260.607719  
9217.29575  
9182.425251  
9214.346796  
9189.872463  
9193.10567  
9254.025614  
9233.386676  
9199.489322  
9209.49189  
9207.84824  
9205.974716  
9242.310536  
9277.336691  
9262.141081  
9245.504002  
9254.019011  
9230.394712  
9212.04714  
9145.115341  
9142.388927  
9126.790761  
9184.142652  
9196.134415  
9161.731997  
9145.392472  
9173.417682  
9122.695864  
9135.146304  
9165.888491  
9140.505318  
9151.702371  
9203.455503  
9174.29195  
9203.095512  
9238.920368  
9255.817521  
9285.096085  
9269.889988  
9229.201809  
9194.697966  
9152.862835  
9123.022291  
9193.728293  
9186.059676  
9170.15332  
9225.895837  
9226.004936  
9205.305781  
9141.477868  
9171.613738  
9184.581787  
9216.098272  
9237.948094  
9216.065939  
9201.785093  
9186.006953  
9182.555324  
9175.820175  
9193.662194  
9191.975045  
9174.262058  
9212.272058  
9225.948953  
9265.648883  
9219.80386  
9197.356541  
9203.566417  
9206.61464  
9245.087222  
9287.993748  
9193.21926  
9122.054677  
9125.005477  
9174.527991  
9158.184284  
9140.763736  
9140.553286  
9127.553329  
9190.016591  
9168.158415  
9196.255976  
9249.317255  
9213.979991  
9165.27193  
9157.416111  
9171.59409  
9169.446639  
9172.479991  
9174.407683  
9264.824516  
9266.734163  
9209.415952  
9169.903713  
9183.60308  
9227.874703  
9285.720395  
9222.967306  
9164.170293  
9139.915676  
9145.397822  
9229.018077  
9212.31146  
9172.017918  
9175.114141  
9148.389203  
9192.626677  
9218.230002  
9218.847529  
9183.510827  
9191.668924  
9128.461617  
9173.707891  
9176.340449  
9143.485086  
9181.119714  
9214.39883  
9181.39624  
9198.804125  
9232.32372  
9296.802798  
9269.658288  
9292.139648  
9238.735001  
9261.405507  
9305.866137  
9167.440048  
9159.441396  
9146.834887  
9137.968028  
9150.970788  
9105.550251  
9148.506082  
9128.93319  
9173.318306  
9232.5827  
9176.662555  
9153.599938  
9151.923488  
9196.994905  
9208.623365  
9223.083316  
9213.046907  
9189.253333  
9174.323444  
9177.546705  
9228.292948  
9182.724546  
9159.88743  
9176.266506  
9150.944463  
9178.308944  
9185.157545  
9200.328645  
9230.384989  
9168.679634  
9226.45994  
9272.922724  
9259.857029  
9211.502229  
9198.38553  
9168.472476  
9239.585014  
9219.404403  
9155.102306  
9213.119533  
9258.885859  
9205.222869  
9240.086012  
9199.747866  
9180.419381  
9096.020529  
9140.935833  
9121.903894  
9162.545824  
9220.706214  
9228.463496  
9162.493228  
9176.700238  
9248.016517  
9206.245414  
9161.545495  
9172.940939  
9185.508195  
9169.442245  
9204.04696  
9211.150815  
9166.025783  
9190.476796  
9183.028448  
9227.952424  
9220.533299  
9187.745478  
9199.869894  
9230.436194  
9216.357326  
9257.607719  
9190.221563  
9176.427713  
9188.215035  
9229.978579  
9286.37397  
9288.819697  
9218.154424  
9157.070238  
9112.489268  
9142.989438  
9173.921525  
9169.418691  
9170.059645  
9105.981339  
9097.938148  
9151.057331  
9157.162237  
9168.311375  
9182.558785  
9178.333549  
9144.866774  
9171.691311  
9170.655104  
9210.794943  
9203.186205  
9178.797692  
9225.21979  
9181.591256  
9198.819251  
9186.444325  
9192.610309  
9253.667342  
9250.564931  
9271.207095  
9261.20424  
9249.18837  
9222.812553  
9213.755891  
9236.135763  
9270.404934  
9244.54541  
9237.136347  
9224.738525  
9262.645349  
9216.474195  
9175.560685  
9128.299645  
9154.549688  
9204.157492  
9156.290082  
9138.337944  
9154.080216  
9149.692797  
9126.418086  
9174.845321  
9165.284923  
9190.057617  
9199.668383  
9148.429093  
9193.954622  
9196.871837  
9244.235946  
9290.010148  
9234.747612  
9178.127739  
9117.141379  
9150.942659  
9194.589716  
9215.175431  
9224.448232  
9205.896962  
9211.702223  
9163.764935  
9253.108388  
9216.794572  
9220.204484  
9169.660952  
9150.175346  
9171.667544  
9123.090937  
9151.638024  
9196.251751  
9226.146113  
9223.142589  
9218.562266  
9177.560494  
9138.575896  
9196.473909  
9186.557681  
9170.760678  
9180.697085  
9177.053286  
9175.423786  
9211.447733  
9264.694654  
9238.222285  
9175.012568  
9186.433371  
9157.731902  
9173.985574  
9180.250488  
9197.164179  
9245.283744  
9289.725819  
9244.200684  
9254.122198  
9172.043797  
9142.396283  
9158.151441  
9196.027705  
9206.257176  
9223.824357  
9175.790676  
9162.907035  
9166.71651  
9204.492474  
9210.230734  
9162.093028  
9149.550346  
9155.418722  
9138.264043  
9195.803881  
9240.226403  
9284.226923  
9257.894446  
9244.345873  
9196.10359  
9214.469854  
9185.354216  
9188.182649  
9261.413426  
9249.460025  
9252.00863  
9267.634511  
9249.631061  
9169.928191  
9187.127229  
9221.277853  
9245.898915  
9310.694729  
9196.88  
9181.709356  
9184.425569  
9201.949951  
9188.145179  
9175.596234  
9165.005732  
9164.399053  
9109.869045  
9153.408468  
9174.920782  
9123.559124  
9147.129883  
9134.357666  
9219.247155  
9222.214217  
9197.895423  
9162.708454  
9151.963252  
9197.847295  
9240.637207  
9258.077477  
9253.920325  
9210.774913  
9225.566619  
9168.946215  
9220.742325  
9180.064835  
9183.571745  
9163.745128  
9134.533734  
9112.738186  
9128.885986  
9210.184857  
9134.279223  
9066.229015  
9074.311672  
9115.913213  
9168.036557  
9161.962859  
9158.614619  
9187.119703  
9177.271537  
9247.582095  
9269.62138  
9251.646166  
9253.803775  
9320.195228  
9282.399669  
9283.798531  
9260.191831  
9197.65142  
9130.853855  
9184.040729  
9128.08943  
9152.400762  
9136.19078  
9165.050654  
9163.622304  
9185.005615  
9174.096181  
9155.871635  
9152.24758  
9152.490818  
9222.653734  
9227.805027  
9231.498822  
9161.978293  
9142.842466  
9146.517058  
9196.171185  
9213.674178  
9217.735691  
9184.266973  
9205.551906  
9282.556588  
9283.310653  
9309.611827  
9326.26536  
9275.530475  
9243.097603  
9181.708655  
9173.694803  
9196.067489  
9222.038818  
9199.182649  
9192.564559  
9164.773013  
9158.098304  
9174.579622  
9147.290315  
9156.77193  
9174.321119  
9184.117824  
9211.174932  
9211.707849  
9190.661345  
9276.523533  
9278.198338  
9247.264553  
9213.590226  
9170.962604  
9163.337742  
9143.231605  
9119.531441  
9167.348208  
9204.793754  
9197.623004  
9180.895879  
9203.834388  
9174.101488  
9242.173053  
9226.817722  
9201.746678  
9180.393725  
9172.556513  
9191.683307  
9234.966309  
9243.002866  
9235.737485  
9135.92334  
9117.942149  
9106.923085  
9104.633216  
9168.014404  
9152.466659  
9220.68128  
9221.030868  
9198.983621  
9187.996837  
9187.235787  
9158.023193  
9171.037481  
9203.083273  
9217.707774  
9247.350607  
9266.565621  
9210.949484  
9168.018735  
9154.300994  
9184.829494  
9195.101616  
9182.804709  
9211.190472  
9237.40832  
9217.631645  
9215.008725  
9174.057607  
9177.967933  
9197.636613  
9183.886082  
9275.241158  
9270.89606  
9254.70494  
9269.86568  
9189.380148  
9189.810494  
9198.867994  
9201.758832  
9211.844907  
9194.767037  
9153.121699  
9095.39728  
9111.710789  
9159.131655  
9161.012249  
9117.106753  
9117.648183  
9200.661908  
9214.61689  
9159.034063  
9188.234789  
9214.618175  
9186.249161  
9189.239385  
9214.28039  
9211.918234  
9204.295665  
9134.839345  
9171.84099  
9195.753885  
9220.452923  
9281.751316  
9270.973134  
9221.576087  
9191.048138  
9176.371295  
9160.694347  
9192.999703  
9180.401643  
9163.399096  
9162.887568  
9131.571194  
9154.312649  
9229.587965  
9233.911165  
9211.419741  
9204.614353  
9159.027418  
9213.981233  
9174.743291  
9182.576267  
9207.47479  
9246.6326  
9293.034243  
9143.171992  
9109.371486  
9105.212211  
9155.886411  
9204.061661  
9217.965438  
9238.411812  
9235.496423  
9204.684475  
9191.826703  
9225.454367  
9222.39433  
9160.686619  
9192.669465  
9254.607687  
9302.661685  
9286.221796  
9288.982379  
9212.302756  
9170.666568  
9220.873801  
9242.604184  
9239.798966  
9254.410613  
9179.404626  
9171.543521  
9186.232305  
9181.162385  
9161.914222  
9184.50967  
9160.460216  
9098.323348  
9127.285507  
9148.810982  
9175.530199  
9209.618376  
9245.714122  
9242.388502  
9181.60825  
9135.659912  
9147.255615  
9195.455397  
9192.540485  
9227.38363  
9189.173892  
9202.529435  
9165.998323  
9147.499437  
9173.715948  
9136.082594  
9174.618833  
9196.895572  
9260.029849  
9294.909307  
9207.047544  
9178.62777  
9185.300357  
9177.85308  
9256.434284  
9200.156717  
9226.259373  
9205.329176  
9229.822818  
9181.509118  
9143.497028  
9175.429327  
9163.296599  
9193.595098  
9247.823667  
9170.412916  
9211.476913  
9194.094811  
9190.537216  
9197.747208  
9199.825174  
9193.642398  
9145.891495  
9088.670219  
9114.255212  
9170.682384  
9172.067935  
9177.798733  
9198.928371  
9195.247092  
9245.044073  
9206.979758  
9239.168032  
9158.634076  
9098.617846  
9137.630891  
9151.419381  
9186.045952  
9249.783522  
9257.560292  
9249.952403  
9270.249575  
9289.269754  
9196.062956  
9196.189697  
9174.393947  
9155.825662  
9228.837031  
9259.270741  
9213.419476  
9157.046992  
9133.919635  
9093.752707  
9162.572075  
9195.547034  
9195.784413  
9252.919232  
9242.435133  
9217.224705  
9268.280327  
9258.511018  
9220.175664  
9136.727847  
9144.929783  
9178.366137  
9225.635424  
9221.961649  
9176.107432  
9146.641442  
9151.713761  
9136.410645  
9205.755743  
9209.081968  
9189.029955  
9168.348622  
9206.830662  
9239.195323  
9236.987188  
9275.345586  
9238.390551  
9217.140222  
9176.073773  
9154.994926  
9181.532248  
9183.393682  
9175.890296  
9092.194219  
9105.813593  
9203.970852  
9185.974747  
9173.770126  
9198.949972  
9176.052798  
9189.21098  
9203.02918  
9213.825822  
9221.320599  
9235.260127  
9183.310144  
9211.565313  
9221.415899  
9280.637101  
9288.057246  
9232.834972  
9157.450344  
9153.203189  
9130.410156  
9133.930186  
9191.355055  
9192.677957  
9164.741752  
9184.227826  
9189.045325  
9179.318052  
9197.41903  
9203.519775  
9208.960354  
9180.420559  
9179.737315  
9200.106647  
9229.49706  
9267.025836  
9271.796111  
9180.270349  
9149.444559  
9144.008778  
9138.616986  
9175.114948  
9198.849503  
9204.517037  
9168.477136  
9166.802448  
9130.769393  
9170.699187  
9187.931386  
9180.720289  
9189.971457  
9170.400539  
9179.113133  
9228.725681  
9235.472518  
9273.30094  
9261.326756  
9195.377176  
9187.975904  
9148.49982  
9160.42455  
9197.864205  
9179.856806  
9203.945737  
9185.449028  
9164.230777  
9181.660114  
9241.273204  
9222.691937  
9222.863547  
9244.87551  
9253.537672  
9211.822011  
9173.980256  
9128.359598  
9106.405794  
9167.039084  
9218.022556  
9209.798542  
9201.801429  
9141.333231  
9185.173032  
9167.366625  
9169.029923  
9235.686078  
9197.410581  
9201.293277  
9141.182097  
9167.067447  
9191.439687  
9234.708974  
9258.10739  
9271.670049  
9222.018587  
9174.306471  
9207.975512  
9258.191725  
9250.431545  
9208.828401  
9196.148406  
9181.998217  
9257.992166  
9235.550643  
9253.604407  
9191.28176  
9171.330057  
9182.487963  
9201.23618  
9214.303159  
9140.918361  
9138.366784  
9116.258789  
9163.646293  
9223.347306  
9227.699601  
9210.922958  
9161.525985  
9160.219886  
9086.005955  
9115.434496  
9100.123917  
9120.619629  
9111.16161  
9167.94355  
9191.196225  
9188.507653  
9191.486084  
9158.891166  
9176.407694  
9163.396442  
9160.3914  
9252.6288  
9250.673892  
9295.638109  
9305.577881  
9268.860107  
9230.065366  
9197.205014  
9180.302416  
9194.914922  
9213.494544  
9197.492463  
9220.514224  
9238.02261  
9240.802947  
9244.816534  
9191.597805  
9127.161812  
9150.336829  
9136.754681  
9184.23308  
9195.841394  
9196.130233  
9170.057681  
9154.543032  
9155.07078  
9184.66419  
9178.11723  
9219.67593  
9262.040506  
9239.319134  
9227.271909  
9274.763757  
9263.302278  
9236.933764  
9212.53798  
9277.447319  
9202.25708  
9194.921737  
9169.557341  
9163.056014  
9129.078061  
9143.868737  
9156.148735  
9193.537492  
9175.908108  
9216.936566  
9169.872293  
9173.703518  
9159.708963  
9216.054305  
9206.301737  
9208.980522  
9176.499777  
9159.494746  
9151.899191  
9178.846988  
9182.393618  
9235.169582  
9210.225597  
9194.663351  
9217.48481  
9229.163521  
9251.529881  
9195.350862  
9178.480936  
9212.442266  
9215.07389  
9197.906526  
9183.803817  
9181.407503  
9127.042258  
9122.58564  
9192.76519  
9208.87276  
9178.293945  
9173.460736  
9184.869947  
9210.542459  
9226.130605  
9204.688296  
9230.903034  
9167.761857  
9208.690366  
9249.91091  
9268.527853  
9243.920484  
9184.086872  
9179.159116  
9207.88  
9233.631762  
9264.019234  
9239.073805  
9120.462413  
9142.946629  
9170.136655  
9162.993143  
9215.245117  
9204.541684  
9215.895274  
9201.979927  
9168.876805  
9160.719589  
9159.10791  
9176.83045  
9184.619332  
9158.161642  
9156.40659  
9159.304613  
9216.484555  
9220.089939  
9237.888237  
9229.082339  
9276.070472  
9277.800335  
9236.106063  
9196.098346  
9156.233377  
9133.416589  
9211.03643  
9227.269107  
9199.878301  
9156.206033  
9180.468283  
9159.555271  
9200.127197  
9119.773236  
9084.410634  
9112.713145  
9076.744597  
9116.572234  
9181.361116  
9194.74638  
9182.018013  
9137.374745  
9171.592699  
9244.922406  
9240.286409  
9257.822106  
9216.824633  
9216.026176  
9150.119406  
9233.056439  
9252.060441  
9270.705811  
9274.454993  
9244.489088  
9265.821661  
9186.605543  
9183.329664  
9185.482517  
9196.776463  
9208.196724  
9173.764659  
9162.188646  
9158.235298  
9251.726658  
9234.164476  
9213.516612  
9184.307118  
9160.335927  
9168.94009  
9182.982825  
9210.696416  
9235.973378  
9223.235702  
9233.654424  
9246.561269  
9187.765997  
9164.242113  
9158.074675  
9115.067924  
9143.030518  
9166.212997  
9203.614937  
9233.164721  
9227.425633  
9232.08046  
9178.819612  
9160.169423  
9134.479131  
9144.838092  
9190.4615  
9166.694771  
9190.09669  
9229.975607  
9214.051535  
9219.559082  
9182.901707  
9202.716669  
9193.742071  
9221.678138  
9160.142069  
9154.54869  
9162.298711  
9160.066767  
9198.995276  
9258.563944  
9206.046174  
9167.123758  
9198.504129  
9173.986233  
9180.936969  
9176.649372  
9193.403809  
9147.209653  
9187.157248  
9156.616338  
9161.37051  
9176.770189  
9220.199102  
9223.777057  
9240.761931  
9247.482666  
9173.156377  
9169.450811  
9216.721  
9229.960768  
9203.741965  
9164.195259  
9188.919879  
9184.000276  
9197.820121  
9200.780443  
9240.972741  
9219.795856  
9209.755934  
9221.848261  
9175.211001  
9216.140094  
9221.364767  
9230.579951  
9186.949166  
9173.513672  
9228.635763  
9170.997166  
9196.581564  
9203.025221  
9183.735585  
9184.564644  
9196.52383  
9262.082403  
9272.834016  
9227.658851  
9163.486657  
9182.365776  
9160.568572  
9148.91454  
9166.86775  
9205.160093  
9173.682458  
9179.989396  
9227.600214  
9244.295208  
9249.626391  
9204.692903  
9185.223877  
9176.95667  
9224.607231  
9215.128503  
9262.833825  
9182.087381  
9110.108855  
9128.219015  
9176.5998  
9187.702658  
9196.539657  
9207.983473  
9169.558636  
9143.272164  
9179.615765  
9126.97359  
9141.13933  
9187.930738  
9212.093506  
9170.003269  
9161.292523  
9160.035422  
9203.144276  
9191.688041  
9225.77435  
9212.067754  
9143.674338  
9188.564251  
9220.025539  
9230.083528  
9224.711394  
9213.549773  
9234.319325  
9255.706012  
9253.468156  
9205.768544  
9171.774181  
9211.243907  
9198.014585  
9175.994109  
9169.435887  
9134.213782  
9158.880191  
9184.680388  
9197.792035  
9180.276739  
9158.724652  
9168.18439  
9236.986944  
9246.742379  
9185.691194  
9195.56837  
9161.072733  
9174.949187  
9222.246412  
9251.997123  
9222.398225  
9218.591797  
9258.484333  
9221.384882  
9218.120457  
9195.197499  
9180.766262  
9171.537449  
9183.424497  
9209.019287  
9152.192372  
9185.440175  
9181.713602  
9202.152174  
9205.824017  
9239.047544  
9228.041154  
9192.138449  
9201.220247  
9196.824091  
9179.262929  
9210.445642  
9182.12293  
9207.596881  
9241.848208  
9253.965619  
9256.400996  
9260.708899  
9257.200238  
9188.387249  
9209.022217  
9162.505307  
9125.718867  
9165.014181  
9096.337126  
9119.492198  
9173.760392  
9202.718272  
9209.777301  
9211.359704  
9198.30698  
9204.100851  
9208.973261  
9157.805972  
9218.246094  
9236.310027  
9221.952785  
9207.642154  
9195.384309  
9234.756008  
9229.59738  
9205.159445  
9186.231573  
9208.265105  
9215.873206  
9183.856689  
9105.77037  
9090.898204  
9105.530252  
9158.254182  
9220.709006  
9230.018289  
9278.541897  
9245.198975  
9201.515445  
9163.043245  
9215.809262  
9202.387738  
9143.119873  
9171.345608  
9126.998641  
9184.929624  
9240.96461  
9175.994226  
9224.918744  
9181.232634  
9223.202424  
9199.959016  
9195.66748  
9222.681588  
9222.238929  
9249.672767  
9185.331447  
9173.295336  
9170.86291  
9160.249522  
9137.675548  
9201.184974  
9198.072085  
9227.579218  
9191.912003  
9149.561916  
9170.297119  
9179.772673  
9212.966807  
9172.359449  
9182.121073  
9182.282354  
9176.365022  
9223.234683  
9275.153426  
9252.007091  
9226.600002  
9194.52987  
9149.926089  
9200.502335  
9164.118939  
9182.394054  
9178.874639  
9211.659615  
9150.767706  
9170.397758  
9244.363525  
9229.988844  
9173.159371  
9165.926535  
9168.518449  
9185.96841  
9214.700355  
9244.456808  
9176.921864  
9188.014075  
9169.851647  
9198.726732  
9236.427511  
9208.384713  
9232.656611  
9210.105341  
9204.543967  
9158.436184  
9198.688763  
9190.309316  
9177.774265  
9151.9867  
9133.380806  
9109.029615  
9120.593623  
9206.576151  
9176.973707  
9196.44027  
9233.095576  
9194.637058  
9216.523618  
9200.96167  
9174.209834  
9122.799476  
9167.199113  
9155.740924  
9197.504755  
9218.98221  
9236.468474  
9232.31612  
9191.080184  
9170.834505  
9200.945854  
9217.233176  
9175.510243  
9199.495011  
9222.296546  
9186.922841  
9196.055027  
9185.082466  
9215.100639  
9213.451087  
9291.994926  
9242.324611  
9303.173722  
9241.969249  
9206.329632  
9161.346627  
9166.590067  
9166.620637  
9172.22687  
9121.200291  
9178.140031  
9183.605023  
9184.503046  
9170.519744  
9157.781823  
9159.502218  
9173.759713  
9184.103346  
9199.033426  
9210.457106  
9196.69095  
9180.967349  
9163.470342  
9181.892727  
9217.219461  
9244.590926  
9226.806269  
9238.922331  
9221.163277  
9159.053944  
9201.21858  
9194.49775  
9172.293128  
9122.349631  
9182.128917  
9218.493281  
9250.669051  
9185.335343  
9196.92109  
9177.270901  
9215.609279  
9214.296981  
9179.237751  
9204.28039  
9256.644319  
9249.590608  
9243.265062  
9199.634001  
9099.81198  
9198.187564  
9188.906399  
9220.679666  
9159.553488  
9191.497346  
9199.526208  
9182.465502  
9200.093591  
9231.636719  
9203.073295  
9195.181619  
9218.526728  
9181.391432  
9171.744714  
9107.494364  
9154.677342  
9150.943444  
9211.352518  
9232.303233  
9186.324463  
9174.296843  
9168.35272  
9206.595799  
9216.362676  
9208.931089  
9219.242591  
9205.114077  
9177.852709  
9177.450004  
9167.05317  
9182.643979  
9195.048605  
9250.644882  
9234.294126  
9266.441258  
9233.014893  
9254.564665  
9190.882388  
9173.347295  
9184.786908  
9204.816268  
9149.047936  
9189.072149  
9203.72445  
9238.086075  
9270.362092  
9248.021463  
9155.89416  
9115.18077  
9126.462466  
9194.216967  
9215.549391  
9229.620881  
9200.583241  
9181.18457  
9150.877792  
9120.404955  
9114.364396  
9153.329632  
9158.357655  
9215.800675  
9223.380414  
9286.104949  
9273.007345  
9192.272663  
9151.43923  
9155.62828  
9205.193105  
9115.128843  
9173.818805  
9155.470873  
9136.767483  
9145.690058  
9205.182914  
9230.228335  
9223.907651  
9233.286908  
9234.660093  
9209.278649  
9189.499183  
9184.141145  
9191.300251  
9172.123036  
9167.754671  
9224.052841  
9248.119926  
9283.085969  
9219.9829  
9195.275698  
9169.68042  
9185.481923  
9238.718867  
9224.531728  
9181.031706  
9128.011326  
9116.594355  
9151.718676  
9219.807999  
9185.648098  
9144.706989  
9186.081278  
9191.942818  
9197.678467  
9190.653904  
9205.86896  
9210.038489  
9298.377813  
9237.925314  
9196.878354  
9202.680133  
9267.288797  
9253.706872  
9182.03539  
9146.188561  
9128.57786  
9140.438912  
9205.214823  
9147.79213  
9142.27625  
9167.821194  
9183.105649  
9147.796758  
9194.39538  
9183.431152  
9240.950068  
9197.693423  
9204.78747  
9206.031675  
9254.3358  
9250.061693  
9306.937596  
9248.968973  
9197.440653  
9154.099684  
9158.371041  
9155.835587  
9163.316449  
9151.105925  
9164.114109  
9137.864831  
9174.205428  
9197.055144  
9165.234035  
9197.583645  
9195.954091  
9113.405963  
9125.130244  
9172.832456  
9215.168754  
9204.570408  
9216.099832  
9203.239237  
9246.746041  
9297.821416  
9251.653501  
9218.567266  
9178.134872  
9143.024223  
9168.374161  
9178.413723  
9183.087646  
9213.712827  
9221.220215  
9212.004904  
9257.028968  
9219.33632  
9186.040963  
9156.380095  
9168.115946  
9247.279509  
9311.003418  
9293.664965  
9237.714939  
9184.055908  
9197.236763  
9177.762791  
9202.706819  
9190.037141  
9135.123684  
9150.935876  
9174.540315  
9231.727815  
9232.198624  
9215.904138  
9220.644956  
9134.755339  
9163.765147  
9137.00241  
9199.242814  
9192.711118  
9184.497346  
9205.116848  
9203.545559  
9202.583815  
9201.919752  
9212.360638  
9214.029244  
9202.101955  
9230.072244  
9211.217349  
9275.048669  
9190.421535  
9163.003227  
9127.188105  
9142.756709  
9163.724493  
9151.356424  
9149.291249  
9179.909052  
9193.391283  
9208.232019  
9234.910761  
9265.561417  
9171.740001  
9197.262865  
9167.812404  
9193.414275  
9215.737039  
9219.945652  
9184.158224  
9192.968814  
9201.507335  
9171.325429  
9281.741413  
9283.947425  
9201.688317  
9113.131953  
9169.381751  
9133.656208  
9161.14831  
9159.368069  
9146.742124  
9147.563742  
9155.292788  
9220.810186  
9208.151993  
9216.175197  
9209.996603  
9146.490776  
9160.121985  
9156.183689  
9182.81906  
9220.104588  
9203.203263  
9134.272631  
9163.686046  
9238.102666  
9241.298488  
9260.837763  
9201.618536  
9163.166196  
9151.795835  
9188.260923  
9237.540124  
9211.588336  
9211.285942  
9132.037216  
9147.735596  
9175.55957  
9181.031367  
9224.872644  
9220.303913  
9248.746486  
9226.489428  
9224.44613  
9264.097136  
9254.251178  
9253.055112  
9218.531208  
9241.102359  
9220.928637  
9139.184719  
9137.858122  
9208.303934  
9167.419593  
9161.107772  
9145.026611  
9196.488685  
9155.49569  
9209.313636  
9248.144213  
9172.916737  
9172.681152  
9184.566226  
9236.108069  
9221.699728  
9267.709483  
9229.750117  
9149.729248  
9133.213283  
9124.013385  
9124.270296  
9131.518555  
9236.670102  
9279.36395  
9261.813827  
9232.562734  
9159.821066  
9187.904828  
9183.366158  
9153.693317  
9190.260625  
9246.029127  
9242.699251  
9243.367442  
9228.195822  
9205.339377  
9142.637483  
9175.678944  
9169.323136  
9165.110341  
9122.163065  
9095.866572  
9130.838039  
9137.419837  
9145.981445  
9188.792353  
9283.474885  
9242.268788  
9220.384076  
9173.177108  
9188.85152  
9201.896123  
9190.079378  
9195.429316  
9227.972359  
9214.640583  
9229.434676  
9183.836341  
9183.654913  
9163.624883  
9152.715449  
9198.463687  
9196.468792  
9229.644775  
9217.647801  
9274.837986  
9259.156982  
9239.816714  
9169.243323  
9167.751391  
9217.354397  
9174.764309  
9198.045336  
9188.913319  
9192.860521  
9187.596043  
9201.394436  
9193.611593  
9171.993865  
9154.357061  
9159.159339  
9108.560611  
9141.486031  
9140.055006  
9149.62551  
9160.261644  
9202.376465  
9213.913065  
9156.155369  
9155.719344  
9196.602061  
9201.982666  
9227.160878  
9202.473718  
9224.634511  
9237.096818  
9234.075206  
9217.65504  
9190.493493  
9163.220512  
9191.887536  
9235.336765  
9246.067011  
9194.895922  
9242.084409  
9254.557214  
9243.520497  
9230.58201  
9203.362549  
9158.626083  
9176.595968  
9149.23394  
9145.759415  
9115.470438  
9151.802023  
9178.455343  
9162.518395  
9177.879044  
9185.225628  
9211.272875  
9225.657046  
9180.827477  
9233.898873  
9240.927331  
9209.910846  
9218.114842  
9250.928286  
9279.211086  
9246.522684  
9140.456055  
9139.503832  
9132.846584  
9192.687712  
9221.969472  
9188.264977  
9190.713411  
9200.45978  
9196.397917  
9196.730957  
9190.01623  
9205.063137  
9182.015859  
9219.613727  
9144.766442  
9177.164041  
9174.088591  
9167.989322  
9179.998822  
9202.183243  
9226.696724  
9259.836532  
9240.81457  
9260.201299  
9247.325397  
9220.917534  
9170.482783  
9245.750711  
9235.875287  
9198.948327  
9177.089876  
9187.847115  
9191.931099  
9190.4539  
9184.662269  
9175.160082  
9169.061428  
9189.808986  
9222.065005  
9213.416759  
9174.584812  
9154.078316  
9130.392716  
9156.125042  
9140.915952  
9137.319569  
9133.138417  
9151.113164  
9234.418786  
9268.253811  
9274.638322  
9227.617347  
9168.828316  
9206.459844  
9199.179072  
9198.810621  
9197.760753  
9194.827913  
9149.227444  
9156.166217  
9166.521898  
9198.333082  
9201.3144  
9191.328666  
9202.645561  
9240.574346  
9229.661462  
9279.779764  
9267.992262  
9292.415825  
9270.912428  
9207.196289  
9199.601796  
9163.161833  
9174.119236  
9135.05542  
9185.589016  
9162.969291  
9158.492559  
9156.7172  
9151.447478  
9180.581639  
9134.020221  
9138.225236  
9099.909148  
9108.947966  
9201.170325  
9213.768173  
9215.916047  
9182.260795  
9176.212562  
9169.775146  
9161.465481  
9216.531738  
9208.755456  
9175.719175  
9185.274021  
9199.126136  
9216.419678  
9223.191236  
9185.504819  
9235.025115  
9238.443529  
9255.381475  
9231.361986  
9144.15038  
9169.821883  
9181.857464  
9155.490394  
9161.006698  
9199.585693  
9223.238716  
9224.70165  
9227.991052  
9170.039169  
9210.097571  
9179.606912  
9212.983568  
9211.332626  
9212.670697  
9206.201342  
9180.582615  
9181.643682  
9205.33615  
9262.469822  
9254.412131  
9219.323964  
9190.890689  
9194.655263  
9198.390115  
9179.900709  
9182.202435  
9163.603505  
9180.637303  
9219.369555  
9253.346934  
9220.189326  
9201.915814  
9147.391145  
9147.039784  
9179.044954  
9232.898767  
9196.876093  
9221.708284  
9281.950556  
9237.372559  
9189.320153  
9144.249873  
9149.505583  
9219.690239  
9241.15539  
9210.306333  
9253.578359  
9164.08253  
9146.533522  
9132.035772  
9172.603218  
9192.812054  
9212.065674  
9123.786717  
9134.84203  
9133.134054  
9145.669635  
9161.035719  
9191.965438  
9170.508067  
9192.479662  
9191.673573  
9209.22946  
9180.903352  
9227.185929  
9208.753216  
9235.720045  
9226.478165  
9213.372007  
9217.592476  
9214.309326  
9237.187426  
9242.132133  
9236.918128  
9129.87725  
9172.411069  
9248.39917  
9265.732241  
9304.412746  
9204.632452  
9186.080375  
9175.199548  
9220.811831  
9210.707583  
9262.367761  
9202.534286  
9154.920941  
9145.563615  
9127.515307  
9160.741965  
9200.218973  
9183.147217  
9170.182076  
9138.416419  
9166.230214  
9175.210194  
9212.34082  
9183.217827  
9241.084175  
9169.308764  
9173.339048  
9198.801556  
9197.751168  
9194.828826  
9199.601838  
9162.822351  
9163.236148  
9186.474885  
9221.903957  
9218.467805  
9213.773215  
9226.946002  
9178.090937  
9155.303403  
9163.334844  
9168.849142  
9177.235245  
9200.493143  
9227.843357  
9249.032067  
9252.25207  
9219.064634  
9180.068412  
9168.454176  
9183.1452  
9209.444039  
9185.54955  
9131.073614  
9124.992145  
9133.117877  
9197.336458  
9136.63968  
9118.16178  
9154.799985  
9207.843092  
9248.773374  
9225.538351  
9172.346414  
9142.719429  
9215.248174  
9228.59738  
9245.574176  
9245.803159  
9186.17627  
9176.502017  
9181.933817  
9231.962084  
9187.34029  
9186.77901  
9217.698465  
9231.426917  
9208.289105  
9187.841616  
9172.656887  
9186.514266  
9197.219557  
9243.665718  
9235.635604  
9225.031292  
9166.11637  
9235.798276  
9183.713857  
9223.720247  
9136.40711  
9169.717041  
9140.398989  
9236.175813  
9219.424168  
9244.861052  
9269.876741  
9190.263513  
9170.57596  
9184.299985  
9222.775051  
9233.653724  
9193.355904  
9191.192691  
9185.601191  
9212.986211  
9200.425643  
9194.108696  
9223.233919  
9197.134766  
9248.179518  
9199.367389  
9180.200684  
9151.241858  
9107.82821  
9168.983324  
9124.544338  
9221.945185  
9211.893629  
9153.235808  
9162.270242  
9186.894616  
9183.76536  
9185.425049  
9223.599302  
9232.483165  
9230.440313  
9210.630711  
9179.381719  
9224.555643  
9224.528671  
9243.603229  
9176.911504  
9160.616837  
9145.960693  
9177.268916  
9201.749257  
9191.721372  
9180.615022  
9178.968368  
9201.488992  
9185.869056  
9177.578539  
9133.926025  
9209.875977  
9162.915379  
9171.12811  
9194.131815  
9245.084823  
9199.904806  
9201.790135  
9159.166663  
9179.595735  
9209.169731  
9184.244088  
9179.29989  
9165.799391  
9158.345448  
9196.333347  
9180.473389  
9209.741115  
9294.614067  
9303.142589  
9222.584823  
9175.50812  
9166.165856  
9172.268353  
9179.564283  
9220.197818  
9212.209101  
9204.70805  
9181.241444  
9187.49931  
9190.822934  
9183.984131  
9224.426429  
9218.181471  
9176.469493  
9184.481806  
9174.909817  
9131.354365  
9138.314156  
9223.271123  
9201.794688  
9175.844249  
9140.655178  
9176.593347  
9193.67023  
9159.898501  
9195.361668  
9115.381528  
9131.441481  
9187.029594  
9219.221032  
9173.098505  
9152.770349  
9152.403384  
9196.207116  
9224.252813  
9203.858982  
9207.266888  
9250.774255  
9244.774743  
9299.556991  
9253.336543  
9243.060833  
9179.324484  
9222.342115  
9177.87862  
9176.24931  
9168.357188  
9148.345862  
9199.729428  
9219.972539  
9224.032078  
9231.1326  
9179.477613  
9227.670516  
9183.866954  
9232.807097  
9272.147981  
9246.178467  
9196.795177  
9162.194623  
9198.653426  
9195.004819  
9194.351  
9141.644213  
9157.37154  
9142.398374  
9144.17145  
9076.156622  
9061.03643  
9101.584918  
9142.531579  
9121.260042  
9194.303382  
9254.948348  
9230.736647  
9299.527609  
9255.768969  
9229.620945  
9204.205195  
9264.724822  
9253.409626  
9223.987634  
9247.896739  
9221.572924  
9162.866487  
9152.739067  
9185.301036  
9211.961957  
9191.136687  
9144.876253  
9206.272652  
9194.308286  
9174.870032  
9149.170622  
9170.432851  
9177.672979  
9156.036865  
9223.323539  
9209.656505  
9206.234927  
9236.225437  
9276.452775  
9228.195068  
9245.957806  
9198.879596  
9252.314697  
9215.231764  
9212.84116  
9193.799454  
9164.59548  
9176.423478  
9176.258216  
9171.83891  
9167.705588  
9150.839154  
9183.797735  
9207.413808  
9226.305887  
9188.314952  
9282.418691  
9220.421917  
9230.743801  
9195.662046  
9187.318795  
9172.158415  
9140.422374  
9155.106912  
9117.839143  
9186.011475  
9205.322956  
9170.703454  
9171.516538  
9170.127441  
9188.517822  
9192.205853  
9154.062542  
9159.14209  
9116.595608  
9147.649934  
9193.681885  
9201.427299  
9189.582498  
9154.156208  
9176.936364  
9226.292948  
9271.566969  
9242.521155  
9265.361912  
9185.722709  
9153.49586  
9167.869597  
9183.871264  
9174.641941  
9179.019531  
9158.372633  
9137.110352  
9182.055261  
9189.861031  
9199.85549  
9222.844758  
9275.974206  
9253.528586  
9214.628046  
9241.547491  
9221.039317  
9200.024892  
9196.61533  
9224.819357  
9293.21236  
9270.540474  
9263.289912  
9197.673807  
9168.815982  
9198.721202  
9206.94475  
9144.252877  
9114.432532  
9162.043372  
9192.421705  
9195.198253  
9197.833305  
9173.015816  
9184.859343  
9219.553615  
9228.092657  
9189.142737  
9250.038765  
9170.82493  
9141.97048  
9188.062383  
9209.82459  
9197.846329  
9140.70597  
9156.099365  
9155.659392  
9167.689443  
9192.425643  
9218.560664  
9231.996603  
9182.289222  
9235.463347  
9251.0152  
9223.935865  
9218.672321  
9187.550325  
9143.059623  
9179.576437  
9193.974546  
9211.979545  
9184.040251  
9170.129479  
9184.665517  
9171.085056  
9200.167438  
9200.411759  
9166.852104  
9162.172767  
9139.491115  
9199.986933  
9202.929167  
9207.450333  
9142.053159  
9138.745489  
9185.932171  
9198.255934  
9236.334483  
9237.782216  
9230.648533  
9220.969015  
9224.173796  
9254.409381  
9258.99793  
9209.170516  
9192.94786  
9173.41281  
9191.971839  
9191.211426  
9177.456214  
9199.807203  
9182.682161  
9139.841309  
9184.066449  
9215.976892  
9237.011676  
9185.484481  
9235.588379  
9232.643268  
9191.644001  
9229.345109  
9180.73602  
9197.271559  
9166.923106  
9179.639532  
9141.165411  
9144.56819  
9217.113356  
9168.073178  
9177.34065  
9234.457689  
9218.215343  
9185.863727  
9150.040697  
9137.036993  
9166.311375  
9156.835025  
9166.709186  
9158.262419  
9194.684846  
9236.093283  
9201.692616  
9159.442871  
9214.315472  
9255.877898  
9244.758556  
9242.413765  
9240.819347  
9245.044381  
9180.603367  
9129.776739  
9177.960258  
9162.778267  
9172.811025  
9102.351562  
9196.315164  
9192.527386  
9227.019574  
9249.175176  
9189.726754  
9189.409955  
9187.772641  
9169.156982  
9189.152726  
9175.348474  
9200.037576  
9182.621486  
9177.797162  
9239.261581  
9244.897949  
9238.781335  
9227.041281  
9216.48981  
9196.929974  
9192.942298  
9195.992156  
9201.332785  
9163.305717  
9176.483579  
9164.751635  
9186.3807  
9244.468442  
9212.581193  
9241.368493  
9147.106551  
9172.423711  
9162.585927  
9193.27452  
9237.713634  
9261.862475  
9251.24827  
9190.860023  
9164.776569  
9134.507632  
9133.691056  
9178.341659  
9102.145635  
9166.707944  
9174.489438  
9185.961182  
9177.82458  
9180.687606  
9122.790963  
9164.827562  
9168.093474  
9225.166578  
9262.872092  
9258.407587  
9242.655305  
9211.538457  
9209.294243  
9196.005636  
9171.546323  
9170.935961  
9238.851711  
9209.43197  
9173.725788  
9227.66643  
9257.342243  
9270.778702  
9273.265115  
9280.476764  
9259.096775  
9236.461787  
9139.274945  
9185.22635  
9202.219376  
9142.33219  
9164.30266  
9128.30007  
9190.274786  
9193.888449  
9177.80612  
9163.292672  
9105.981403  
9175.612623  
9166.99241  
9168.886506  
9175.864077  
9209.745828  
9220.529753  
9258.259437  
9214.781484  
9229.267833  
9242.555101  
9219.154859  
9185.739969  
9212.476754  
9225.180537  
9207.405613  
9205.661557  
9204.131475  
9180.368854  
9169.103845  
9201.316183  
9198.292258  
9124.433371  
9146.562447  
9145.160093  
9210.983441  
9231.052087  
9209.475745  
9216.347104  
9133.853494  
9155.783904  
9169.53902  
9191.893544  
9163.050951  
9132.526749  
9149.334069  
9159.016761  
9165.302554  
9224.530284  
9180.222253  
9172.554433  
9207.950238  
9204.924741  
9189.423011  
9170.518533  
9214.368334  
9280.500679  
9272.848633  
9256.0271  
9180.552565  
9175.964589  
9210.141952  
9207.39796  
9131.294826  
9112.863557  
9120.601212  
9170.083592  
9223.800781  
9223.431057  
9205.693933  
9211.734853  
9215.73739  
9184.900677  
9221.044221  
9213.897801  
9273.436672  
9265.603473  
9249.618451  
9197.133885  
9216.962657  
9235.474344  
9231.404573  
9237.452764  
9170.859619  
9162.084727  
9178.680239  
9160.418425  
9180.112549  
9184.555707  
9215.013661  
9206.448656  
9191.544646  
9192.065419  
9204.469313  
9246.357931  
9159.435865  
9147.771803  
9165.902885  
9184.795495  
9216.089759  
9258.320875  
9241.77762  
9151.922958  
9181.899828  
9220.313975  
9213.114035  
9253.179114  
9228.158171  
9193.739215  
9211.429327  
9167.882812  
9194.97686  
9120.609715  
9134.471128  
9177.329569  
9192.018873  
9188.024425  
9166.34237  
9176.881337  
9212.169221  
9220.509861  
9249.03229  
9225.036929  
9252.045538  
9203.346478  
9200.933891  
9202.017037  
9159.482602  
9148.05628  
9161.586086  
9211.027928  
9294.467731  
9238.400157  
9241.518969  
9164.925261  
9139.634819  
9149.24396  
9180.378439  
9237.256157  
9234.326734  
9160.044784  
9204.730225  
9210.539699  
9180.255392  
9128.717317  
9177.86568  
9202.803085  
9171.763014  
9194.130923  
9201.101754  
9186.530581  
9209.886092  
9215.782035  
9187.170718  
9211.96529  
9157.494491  
9132.674221  
9143.166939  
9187.410315  
9208.64105  
9198.482974  
9178.411674  
9167.83149  
9166.665602  
9176.791451  
9153.576543  
9157.322234  
9152.009086  
9192.907577  
9178.540283  
9181.78694  
9198.69768  
9175.678382  
9199.990319  
9221.256878  
9243.922586  
9270.023713  
9288.388237  
9228.378259  
9178.711107  
9165.844642  
9170.551949  
9231.294126  
9177.158914  
9147.049603  
9165.829717  
9150.471924  
9146.897737  
9193.833347  
9163.027524  
9164.311003  
9149.539031  
9202.173202  
9179.53816  
9183.25069  
9207.020741  
9217.835141  
9259.681694  
9236.076936  
9229.805303  
9233.219493  
9196.376921  
9229.442309  
9161.743981  
9187.517652  
9167.730373  
9128.625414  
9166.141591  
9176.971043  
9184.413362  
9230.918117  
9218.124416  
9225.810377  
9257.0366  
9220.686789  
9172.029392  
9154.831246  
9201.629692  
9235.934082  
9246.979715  
9203.621211  
9176.834855  
9204.106201  
9204.921047  
9204.160591  
9221.982602  
9201.364873  
9164.898958  
9239.697818  
9188.367877  
9160.703221  
9125.435335  
9209.64382  
9274.160093  
9178.047087  
9237.359778  
9219.345767  
9181.925972  
9157.726265  
9126.204813  
9124.381326  
9178.700599  
9173.686948  
9195.22893  
9169.474588  
9207.482379  
9179.41886  
9283.370266  
9245.748111  
9250.778395  
9240.548329  
9234.960035  
9212.33891  
9174.144807  
9147.456766  
9146.513109  
9146.567616  
9124.350926  
9207.472497  
9169.312765  
9196.285655  
9174.85411  
9174.229078  
9180.709611  
9167.913659  
9211.43698  
9209.716362  
9215.991285  
9181.293287  
9201.945504  
9181.901261  
9282.089939  
9269.445249  
9269.437627  
9248.774552  
9231.705927  
9161.337105  
9187.852804  
9165.823624  
9213.1585  
9179.766071  
9233.528533  
9188.907534  
9227.970576  
9242.274372  
9182.226647  
9216.619268  
9134.29748  
9116.891028  
9171.262908  
9169.241667  
9135.931333  
9136.445992  
9144.428297  
9157.544646  
9135.576554  
9137.106339  
9174.988133  
9160.93301  
9193.418903  
9188.532598  
9199.732921  
9254.438922  
9251.213241  
9248.53453  
9243.6502  
9225.312362  
9217.777227  
9215.825938  
9201.590714  
9203.254246  
9208.680176  
9236.649775  
9209.572213  
9228.038532  
9228.389564  
9134.438498  
9150.857103  
9110.538404  
9156.419996  
9226.236466  
9213.157184  
9214.569368  
9179.203826  
9219.340693  
9206.135986  
9191.30197  
9174.903851  
9182.252802  
9168.637472  
9231.975957  
9209.890169  
9163.490436  
9117.571618  
9167.018969  
9146.091457  
9164.645901  
9171.752229  
9146.199813  
9191.503927  
9211.675771  
9202.411855  
9193.47894  
9206.558339  
9234.697531  
9225.754182  
9182.720141  
9202.412024  
9219.688126  
9266.009054  
9217.388077  
9193.307776  
9166.595544  
9144.463581  
9190.915909  
9155.9848  
9155.540358  
9196.478558  
9208.655719  
9213.577955  
9190.140763  
9225.495191  
9225.634277  
9267.092455  
9206.317956  
9232.643703  
9207.644775  
9176.09134  
9196.794391  
9143.169434  
9145.249246  
9151.494236  
9115.780157  
9166.201437  
9169.1288  
9225.545952  
9222.959834  
9240.834515  
9209.253259  
9210.902917  
9269.669943  
9251.080991  
9248.962615  
9224.35877  
9248.037778  
9235.563222  
9190.456501  
9173.81733  
9166.175728  
9191.356679  
9220.326862  
9201.816597  
9240.38915  
9222.926747  
9141.295368  
9176.370457  
9195.540878  
9238.960863  
9204.016517  
9255.446024  
9293.877335  
9215.024754  
9221.966669  
9185.540474  
9142.801673  
9153.107719  
9143.372304  
9195.045039  
9194.239332  
9210.812797  
9164.374915  
9128.594992  
9172.461489  
9187.288935  
