10541.49766  
10464.2323  
10680.08301  
10534.10769  
10406.73931  
10385.64062  
10156.59324  
10131.7374  
10317.09827  
10419.51655  
10328.21196  
10399.07761  
10435.33911  
10378.17292  
10461.50195  
10376.37886  
9995.754736  
10526.88958  
10577.0726  
10470.88009  
10444.73962  
10558.23041  
10598.43702  
10571.94377  
10443.30613  
10609.73179  
10810.12903  
10793.57593  
10707.35771  
10779.10503  
10728.10881  
10796.38499  
10602.45129  
10563.50706  
10342.91853  
10506.07109  
10513.83577  
10669.79478  
10318.52139  
10394.65635  
10331.52214  
10200.9718  
10092.35586  
10187.93732  
10168.68887  
10204.25878  
10338.77394  
10320.25359  
10333.83431  
10234.89994  
10265.79376  
10324.98624  
10347.2759  
10455.49351  
10524.78936  
10638.42244  
10514.38582  
10449.81721  
10516.2781  
10553.65369  
10528.97207  
10454.27021  
10509.66479  
10445.31982  
10501.02505  
10379.38545  
10317.01704  
10341.79163  
10394.60457  
10378.38555  
10380.69155  
10411.40339  
10385.85239  
10409.75156  
10427.85195  
10466.30955  
10550.80056  
10509.62461  
10510.11934  
10510.51379  
10609.58894  
10588.15105  
10364.70771  
10496.16819  
10549.3771  
10646.60078  
10649.80542  
10532.69604  
10509.39478  
10493.28103  
10548.63979  
10499.48044  
10529.58762  
10561.54006  
10448.32263  
10420.96841  
10385.18125  
10312.87908  
10305.39961  
10258.00684  
10237.57908  
10299.37949  
10340.30991  
10413.28589  
10478.72793  
10433.46267  
10437.38486  
10403.77913  
10422.7179  
10367.33494  
10425.96345  
10391.93838  
10402.12698  
10442.63228  
10407.04709  
10495.60229  
10496.44299  
10625.42373  
10631.0616  
10607.80239  
10570.89006  
10454.97476  
10436.65637  
10426.02683  
10406.52261  
10315.07339  
10410.49949  
10407.03132  
10440.09302  
10351.97175  
10365.36  
10315.81912  
10342.72319  
10343.30942  
10301.42441  
10364.10737  
10423.25095  
10393.28118  
10484.21021  
10511.4729  
10466.5582  
10469.36184  
10553.28943  
10551.80393  
10492.85088  
10422.4637  
10366.24851  
10520.09636  
10563.07788  
10437.6345  
10393.46494  
10364.30371  
10401.83916  
10372.87246  
10347.50259  
10292.89509  
10370.09625  
10446.8219  
10405.29822  
10388.53921  
10392.87554  
10364.37617  
10502.60178  
10421.08518  
10501.20955  
10431.6502  
10376.17832  
10413.02695  
10472.47847  
10528.7188  
10417.66587  
10420.50217  
10468.92415  
10628.68464  
10535.19592  
10513.28691  
10473.68579  
10464.97083  
10389.57507  
10337.03569  
10315.9343  
10298.96377  
10319.00144  
10415.88503  
10376.47629  
10437.37085  
10497.89556  
10529.02551  
10573.37971  
10498.6448  
10576.09038  
10444.2113  
10455.37837  
10551.79351  
10501.45518  
10495.13489  
10535.37305  
10524.91809  
10505.60328  
10544.46338  
10590.9875  
10560.93459  
10619.51782  
10440.39447  
10343.64436  
10683.33513  
10121.83059  
10742.78411  
10748.10054  
10414.28315  
10260.80005  
10345.60698  
10258.19783  
10284.99919  
10354.37056  
10343.85535  
10371.74561  
10264.94514  
10364.74158  
10350.44216  
10328.15818  
10380.99756  
10423.65723  
10386.18745  
10488.29346  
10628.86829  
10633.15334  
10757.45703  
10592.85447  
10498.85671  
10309.14192  
10346.66221  
10269.21069  
10242.06565  
10226.60039  
10254.44097  
10282.84448  
10281.42983  
10286.18342  
10245.19023  
10267.88101  
10325.50945  
10382.50688  
10447.09292  
10451.81782  
10481.49407  
10474.68674  
10518.98037  
10478.6585  
10503.74966  
10566.1458  
10855.80396  
10647.62617  
10608.26001  
10550.97585  
10645.89668  
10482.35449  
10195.03542  
10188.74373  
10251.40532  
10234.34211  
10290.2595  
10342.2261  
10349.43945  
10409.70186  
10439.57913  
10372.12593  
10411.7178  
10360.57681  
10433.04167  
10520.18359  
10463.40388  
10512.60991  
10563.94827  
10437.39871  
10598.70369  
10639.12903  
10690.19048  
10634.97485  
10602.43035  
10182.74517  
10492.57786  
10572.30765  
10442.10406  
10630.57556  
10557.46875  
10462.54753  
10325.50732  
10464.60139  
10607.60964  
10571.62449  
10529.5207  
10552.52412  
10275.85522  
10259.88403  
10248.18977  
10247.67222  
10276.40742  
10242.42656  
10265.53347  
10372.56086  
10336.14543  
10327.29839  
10354.73933  
10343.8272  
10375.09136  
10347.1249  
10414.08977  
10416.24211  
10383.47217  
10463.93501  
10456.37009  
10365.57246  
10431.70898  
10479.26125  
10328.48794  
10653.97407  
10494.3063  
10485.98879  
10410.89802  
10386.02686  
10456.40466  
10474.27952  
10452.67808  
10453.14185  
10434.14609  
10381.13657  
10415.30906  
10443.66609  
10635.01345  
10608.20732  
10601.46377  
10560.75803  
10548.63408  
10425.65864  
10457.66589  
10519.47478  
10536.26016  
10474.00825  
10426.22664  
10360.94797  
10283.00974  
10303.30605  
10374.04617  
10421.49404  
10277.48572  
10256.61689  
10336.5917  
10434.05488  
10347.29863  
10545.94827  
10517.29536  
10590.50767  
10541.67781  
10527.8114  
10510.99683  
10466.35652  
10362.86443  
10397.00159  
10318.73357  
10369.25  
10483.5073  
10441.73289  
10449.95581  
10347.4073  
10313.86008  
10359.02385  
10353.31162  
10314.56082  
10312.79749  
10311.91616  
10385.59741  
10499.86147  
10455.85579  
10480.56582  
10348.8699  
10364.18225  
10437.15715  
10434.08796  
10463.73992  
10586.46362  
10582.18271  
10527.1166  
10506.50649  
10349.83379  
10308.67781  
10367.6228  
10503.36704  
10573.355  
10573.89937  
10557.47764  
10539.30703  
10481.52234  
10552.95977  
10488.78848  
10422.33779  
10408.63127  
10514.93518  
10474.74431  
10543.5157  
10578.4071  
10521.57949  
10540.75403  
10409.83713  
10425.19727  
10351.93555  
10354.26545  
10409.55344  
10392.45168  
10425.19844  
10484.29829  
10410.26753  
10447.25649  
10485.79001  
10499.11384  
10477.54731  
10454.67151  
10529.38689  
10522.75669  
10475.05457  
10503.80657  
10205.61677  
10421.2022  
10301.26731  
10254.79294  
10218.05886  
10242.88881  
10326.18481  
10345.01187  
10184.79279  
10134.60742  
10372.1819  
10412.82374  
10584.29453  
10494.2745  
10517.15643  
10604.7907  
10500.91309  
10526.56072  
10529.94972  
10529.57146  
10366.52634  
10541.39102  
10423.32161  
10387.70425  
10356.98789  
10231.8223  
10308.56201  
10446.42473  
10549.73435  
10573.19521  
10345.42063  
10400.05066  
10259.34412  
10395.01709  
10479.25393  
10622.69258  
10591.1731  
10610.45776  
10529.69514  
10527.04568  
10562.48096  
10558.61606  
10508.88362  
10370.95435  
10315.60701  
10448.06985  
10519.85439  
10548.95964  
10440.50779  
10316.04434  
10370.34512  
10357.53301  
10341.11235  
10388.7106  
10415.83264  
10513.87983  
10557.17026  
10418.97527  
10324.73899  
10281.79475  
10359.4967  
10351.21541  
10464.46975  
10521.41343  
10506.75012  
10410.09185  
10501.349  
10536.04988  
10486.4293  
10473.31287  
10466.46091  
10439.68857  
10423.69426  
10407.42686  
10525.75374  
10423.41404  
10413.51064  
10413.03586  
10541.13862  
10594.38032  
10461.8187  
10474.44529  
10364.5595  
10355.33877  
10325.17563  
10344.80898  
10453.67498  
10541.74717  
10607.22546  
10561.64658  
10523.65081  
10517.82124  
10463.28335  
10515.79497  
10531.25249  
10616.34639  
10623.65151  
10281.41074  
10300.08323  
10258.54949  
10272.83728  
10180.70117  
10198.84553  
10309.06025  
10295.85127  
10318.69084  
10216.67642  
10285.42048  
10287.51191  
10299.8707  
10320.29048  
10543.91707  
10470.21228  
10543.83181  
10488.17429  
10520.67139  
10500.12534  
10467.37917  
10477.81997  
10514.7436  
10482.71943  
10602.77866  
10432.27168  
10512.50964  
10596.07102  
10440.9189  
10553.39006  
10562.22375  
10212.50076  
10389.57976  
10596.41326  
10598.88677  
10582.32742  
10537.4571  
10416.07166  
10302.13093  
10335.97239  
10380.62825  
10217.4855  
10388.0876  
10583.57075  
10491.7689  
10441.94438  
10478.58154  
10490.426  
10494.87546  
10451.16123  
10370.4075  
10373.85234  
10301.947  
10359.94973  
10386.51323  
10342.19563  
10365.27095  
10351.05547  
10421.13838  
10466.96348  
10432.04602  
10437.40605  
10399.1707  
10423.77898  
10444.05583  
10493.05303  
10571.75127  
10538.9759  
10603.24392  
10586.80544  
10576.10403  
10524.96597  
10469.60093  
10460.99656  
10507.16809  
10526.38533  
10533.25088  
10453.73567  
10439.61912  
10417.43569  
10361.85566  
10389.79082  
10262.32769  
10312.09419  
10335.01179  
10342.10566  
10408.82207  
10466.28171  
10358.87822  
10397.45876  
10460.22573  
10465.97173  
10363.98047  
10314.65481  
10391.52122  
10453.05061  
10450.61008  
10384.72053  
10409.04348  
10481.06423  
10461.45972  
10496.76707  
10573.62654  
10584.74546  
10561.07617  
10448.7719  
10364.51599  
10486.21826  
10524.93608  
10452.20452  
10461.22358  
10435.52632  
10413.8834  
10482.05139  
10328.51604  
10444.997  
10509.65974  
10480.68547  
10421.68232  
10333.09922  
10282.724  
10330.95735  
10457.69614  
10559.33806  
10444.63325  
10413.07617  
10351.31919  
10353.50413  
10303.07227  
10362.49324  
10372.7957  
10401.90493  
10427.59727  
10554.75632  
10516.06702  
10450.53547  
10414.51616  
10332.01594  
10467.18638  
10499.69512  
10450.99346  
10388.00615  
10413.31987  
10499.57585  
10527.78247  
10547.63083  
10433.58867  
10510.96816  
10496.3821  
10464.09509  
10456.74094  
10520.80374  
10481.02134  
10405.41699  
10783.89099  
10643.71599  
10608.55222  
10518.46228  
10449.71172  
10329.50034  
10349.90955  
10384.0083  
10399.31807  
10301.65786  
10165.36218  
10093.58743  
10129.97478  
10196.81082  
10304.68218  
10342.00051  
10336.67471  
10261.20256  
10354.55063  
10375.93394  
10500.6356  
10467.85122  
10447.86221  
10591.56541  
10554.97102  
10569.20955  
10499.63101  
10589.85503  
10514.05483  
10455.27317  
10470.90144  
10415.45293  
10509.3939  
10519.62629  
10377.60991  
10428.19304  
10365.44111  
10414.27041  
10315.71741  
10281.25515  
10301.18423  
10372.63535  
10413.92231  
10474.22627  
10450.67952  
10402.05393  
10484.65413  
10552.80051  
10652.58459  
10563.23506  
10472.45308  
10567.88755  
10488.81213  
10360.36143  
10294.19675  
10534.33762  
10519.78335  
10386.55298  
10288.62942  
10185.49558  
10308.38894  
10360.39885  
10409.00632  
10452.23855  
10412.69438  
10438.08669  
10396.32981  
10463.86655  
10494.57773  
10416.33313  
10504.79685  
10461.60425  
10478.03955  
10591.27966  
10556.1478  
10590.21077  
10603.68396  
10473.36001  
10405.91643  
10359.82703  
10399.53604  
10405.37849  
10429.09197  
10444.50713  
10464.23958  
10475.21152  
10476.21245  
10529.21052  
10497.61519  
10512.42673  
10561.04631  
10512.77627  
10452.45725  
10434.81179  
10375.89492  
10448.36167  
10380.65503  
10387.93232  
10409.88481  
10445.3822  
10428.14688  
10383.01541  
10453.51416  
10450.0874  
10469.37346  
10430.55837  
10340.28936  
10442.46765  
10435.69507  
10397.70439  
10487.14446  
10474.06677  
10620.6967  
10548.2249  
10437.8304  
10467.95474  
10427.5731  
10731.73784  
10433.01108  
10628.69722  
10456.49939  
10399.83762  
10234.41934  
10134.61179  
10188.58317  
10243.03125  
10250.6571  
10152.1719  
10264.37544  
10317.51416  
10330.80039  
10325.22898  
10217.76506  
10376.2209  
10424.70764  
10477.67834  
10446.38962  
10405.08083  
10512.60938  
10482.45247  
10470.50591  
10350.96951  
10431.55552  
10556.6762  
10593.01223  
10552.27026  
10589.54202  
10551.58286  
10609.84995  
10559.03918  
10553.27004  
10556.54727  
10524.88235  
10542.38208  
10510.84768  
10381.49514  
10459.31228  
10353.36541  
10441.08088  
10464.51921  
10464.49612  
10475.9292  
10390.27466  
10305.20876  
10229.31682  
10376.70898  
10472.81765  
10382.07354  
10395.6429  
10345.93647  
10351.23726  
10372.15476  
10470.15105  
10530.41821  
10429.32507  
10407.00449  
10452.43967  
10468.71289  
10485.23938  
10532.29587  
10520.29688  
10507.346  
10361.71543  
10386.11824  
10437.11672  
10385.7343  
10521.8314  
10539.00198  
10574.83254  
10601.76763  
10611.20571  
10604.28196  
10525.25686  
10374.23992  
10411.03013  
10034.13337  
10569.70334  
10534.48762  
10649.88809  
10443.38386  
10294.04421  
10289.55073  
10156.63975  
10281.83257  
10387.62061  
10338.7283  
10404.43611  
10414.90171  
10443.35422  
10435.49219  
10408.80659  
10448.20457  
10428.46086  
10420.71021  
10483.86819  
10572.53801  
10669.06772  
10677.33174  
10553.23328  
10534.83621  
10572.02974  
10553.58513  
10520.18228  
10434.67332  
10423.2635  
10482.10593  
10503.02014  
10519.31404  
10503.37454  
10324.4731  
10387.96863  
10405.44089  
10151.92766  
10240.10066  
10201.09583  
10334.25083  
10465.24666  
10433.23694  
10472.09875  
10457.53381  
10411.7229  
10583.14417  
10626.65852  
10609.50681  
10672.73359  
10470.52366  
10470.405  
10446.78318  
10271.60459  
10264.42661  
10292.0603  
10213.47417  
10255.24658  
10303.39414  
10379.38291  
10442.87209  
10368.18438  
10340.69009  
10386.12446  
10432.53772  
10434.76394  
10400.57473  
10448.12983  
10472.90933  
10374.82466  
10307.37529  
10370.25945  
10401.94387  
10481.9156  
10654.45598  
10635.48125  
10756.04785  
10662.65164  
10458.23262  
10375.37009  
10360.73428  
10417.43406  
10509.18384  
10526.49387  
10555.41003  
10569.70305  
10495.5259  
10380.62397  
10257.96064  
10268.48953  
10260.30845  
10296.04736  
10309.42229  
10348.56472  
10368.34014  
10330.91167  
10374.1845  
10450.89392  
10410.27981  
10370.11499  
10261.09673  
10366.41541  
10398.22966  
10392.79807  
10387.18247  
10409.97747  
10491.66919  
10614.75854  
10694.66335  
10705.10276  
10668.51899  
10536.36985  
10454.44214  
10375.03882  
10291.70745  
10341.32461  
10408.91885  
10354.0135  
10415.41509  
10408.36257  
10426.66196  
10309.03613  
10382.79326  
10445.87002  
10407.62842  
10523.54224  
10449.30627  
10330.34971  
10420.96091  
10384.36794  
10426.49578  
10395.50142  
10478.02183  
10538.69429  
10534.81267  
10364.71316  
10302.29043  
10328.58857  
10343.94167  
10430.65574  
10479.59976  
10492.83923  
10535.05581  
10506.35422  
10445.4478  
10539.11982  
10366.65474  
10339.46301  
10382.02681  
10427.747  
10432.38384  
10473.78123  
10612.24358  
10631.57944  
10612.61917  
10494.20278  
10474.93252  
10533.45564  
10566.86978  
10442.50835  
10253.91493  
10274.5521  
10278.56519  
10406.14377  
10579.72559  
10571.70127  
10661.06951  
10594.36501  
10387.2968  
10263.6365  
10294.96521  
10310.45168  
10347.44338  
10395.26138  
10355.74917  
10523.04431  
10560.34321  
10582.79414  
10548.121  
10424.77612  
10338.02158  
10334.34866  
10371.15732  
10463.97861  
10371.51438  
10449.79851  
10559.09028  
10596.69194  
10551.94304  
10476.91089  
10377.96035  
10368.10024  
10085.7155  
10313.22346  
10482.97864  
10510.99795  
10413.05798  
10405.14395  
10442.37959  
10456.18518  
10365.57  
10270.81199  
10288.67238  
10222.00645  
10279.71492  
10239.02328  
10200.92771  
10314.66299  
10329.35034  
10394.6002  
10420.08164  
10445.21021  
10517.1095  
10550.15896  
10631.76621  
10640.29653  
10514.50327  
10525.10334  
10450.74678  
10488.68894  
10527.1342  
10489.74175  
10517.14294  
10508.1542  
10465.91509  
10530.35488  
10578.62126  
10669.73533  
10600.71655  
10429.71602  
10420.33289  
10306.02529  
10282.14902  
10301.91816  
10177.18141  
10335.54478  
10393.39053  
10548.09866  
10769.95894  
10591.27722  
10441.25413  
10339.54783  
10254.70359  
10300.88054  
10302.39756  
10280.31584  
10397.72246  
10420.34844  
10545.31453  
10441.39236  
10515.20806  
10457.71382  
10505.9853  
10537.16899  
10478.20374  
10440.19255  
10472.22866  
10469.94624  
10492.50513  
10540.86226  
10649.80134  
10621.82646  
10562.76877  
10440.90249  
10393.61311  
10528.22292  
10510.77542  
10584.16028  
10638.52454  
10599.10068  
9955.17666  
10170.47266  
10202.31602  
10214.71946  
10287.51843  
10308.50999  
10311.31689  
10334.33005  
10353.7916  
10462.6627  
10477.16777  
10518.49585  
10504.13384  
10496.4906  
10505.94229  
10394.24775  
10428.01267  
10518.64429  
10520.32122  
10530.02969  
10522.83315  
10453.3938  
10411.16052  
10384.97361  
10444.79976  
10412.94954  
10416.65132  
10538.51997  
10481.24507  
10539.6208  
10493.31055  
10349.19707  
10403.27788  
10393.15696  
10390.40925  
10404.4594  
10383.5384  
10454.46716  
10507.33745  
10524.73687  
10490.99424  
10464.93647  
10498.04163  
10486.64971  
10491.66052  
10434.57793  
10411.91184  
10410.25212  
10489.86042  
10496.52336  
10459.59373  
10372.87266  
10300.23857  
10338.93467  
10351.03193  
10393.20669  
10375.98601  
10316.98228  
10343.54773  
10350.33601  
10404.73103  
10410.15085  
10447.24495  
10392.05449  
10482.16675  
10482.2748  
10425.33457  
10345.38425  
10410.37048  
10466.36455  
10456.87603  
10468.24128  
10497.76582  
10506.82268  
10507.25183  
10431.80798  
10499.1741  
10477.26934  
10466.71128  
10436.36301  
10436.61172  
10538.01294  
10519.49854  
10540.74646  
10587.7821  
10612.81343  
10576.37786  
10455.14165  
10307.74666  
10398.42117  
10435.74482  
10471.80081  
10395.07876  
10410.99338  
10475.74705  
10478.45684  
10507.73491  
10435.92195  
9972.418945  
10390.00554  
10410.43005  
10523.33916  
10579.81177  
10473.15627  
10375.73928  
10422.42729  
10421.20808  
10387.82126  
10390.29236  
10404.59102  
10440.84329  
10446.55005  
10459.40769  
10430.12122  
10443.79265  
10364.83223  
10375.677  
10178.20042  
10371.3583  
10581.50466  
10650.82959  
10531.86494  
10449.4751  
10421.46147  
10413.62073  
10405.02495  
10333.08506  
10267.22021  
10384.9896  
10388.44141  
10324.99749  
10331.09553  
10343.83892  
10352.2708  
10383.01511  
10496.25552  
10505.96978  
10468.41809  
10453.35686  
10421.36023  
10467.37275  
10417.84465  
10465.97415  
10467.10012  
10450.74705  
10426.49404  
10497.65554  
10468.54873  
10412.02249  
10385.68145  
10478.51904  
10463.03157  
10458.52407  
10513.52561  
10564.23486  
10525.10183  
10484.39302  
10439.57151  
10386.68994  
10369.38865  
10368.48147  
10354.36523  
10426.04084  
10419.14648  
10438.36433  
10505.64717  
10539.93635  
10475.16179  
10385.72825  
10428.05986  
10429.27288  
10450.35457  
10439.66462  
10516.48628  
10577.59131  
10551.60486  
10619.9656  
10507.56672  
10487.71782  
10374.53647  
10412.8707  
10384.35022  
10404.12976  
10523.90315  
10499.099  
10459.21953  
10392.02209  
10264.55498  
10379.949  
10319.70476  
10362.56248  
10402.97312  
10407.75054  
10391.16997  
10462.98445  
10474.12168  
10467.55251  
10347.87864  
10390.28577  
10353.00227  
10464.02224  
10409.4969  
10392.13694  
10448.40464  
10500.50811  
10532.11135  
10492.64312  
10404.06223  
10339.61226  
10359.91565  
10404.92139  
10416.15725  
10454.35596  
10451.92983  
10394.15195  
10451.46079  
10550.31873  
10471.92827  
10421.87922  
10440.7697  
10477.38706  
10486.14629  
10500.95349  
10533.81572  
10542.09993  
10541.69739  
10493.72415  
10491.48103  
10268.60745  
10265.91636  
10342.71335  
10416.57495  
10468.89712  
10460.74509  
10461.48743  
10477.5103  
10545.39612  
10557.46226  
10528.89458  
10454.45859  
10424.43882  
10435.39336  
10413.3009  
10464.67466  
10610.73157  
10559.55095  
10595.90085  
10535.14424  
10513.77397  
10543.15752  
10550.46924  
10540.64426  
10530.05996  
10504.13201  
10467.68455  
10390.63564  
10343.22058  
10314.90244  
10300.06953  
10300.18325  
10374.20967  
10380.01484  
10360.16924  
10471.86858  
10532.84832  
10497.55918  
10546.60864  
10401.13333  
10277.66331  
10214.2298  
10108.49933  
10178.31663  
10448.89271  
10385.91639  
10344.54851  
10372.27548  
10299.00753  
10185.61024  
10264.7761  
10335.14771  
10376.88625  
10410.28877  
10422.38601  
10384.41929  
10412.30994  
10375.48015  
10439.13933  
10464.14841  
10453.62354  
10526.80454  
10588.59978  
10599.83459  
10541.27815  
10546.70979  
10487.80955  
10450.72986  
10489.90806  
10481.41155  
10396.2689  
10314.58782  
10331.08174  
10438.19124  
10405.36379  
10464.85425  
10501.67234  
10473.48069  
10514.58154  
10356.65906  
10285.33203  
10311.76948  
10407.48542  
10476.25581  
10499.9186  
10478.63572  
10458.67351  
10511.36689  
10534.07136  
10482.71167  
10382.71799  
10464.84016  
10502.6499  
10476.14287  
10491.35564  
10521.16953  
10502.19685  
10490.58022  
10457.63391  
10466.32161  
10522.68398  
10505.34556  
10401.94268  
10397.69131  
10476.30471  
10386.75522  
10423.26672  
10511.86289  
10452.0303  
10376.95833  
10336.00188  
10361.52275  
10364.50667  
10397.50203  
10460.51118  
10502.41035  
10437.145  
10395.41541  
10421.18909  
10317.47338  
10267.26643  
10359.14021  
10425.5615  
10469.88794  
10474.23428  
10434.77754  
10479.09043  
10471.32537  
10413.5072  
10434.19868  
10427.37385  
10326.40852  
10448.08748  
10438.53501  
10438.16191  
10468.94583  
10489.54021  
10486.46887  
10499.39792  
10397.58738  
10407.195  
10436.56997  
10457.45979  
10378.79072  
10413.60601  
10462.51655  
10477.49531  
10475.00715  
10409.98682  
10465.37485  
10410.8353  
10410.63687  
10448.93445  
10379.56865  
10507.61575  
10492.82251  
10467.48389  
10447.12473  
10471.20161  
10553.95576  
10541.37546  
10543.71433  
10513.41582  
10532.08516  
10504.15559  
10394.18262  
10376.93794  
10296.8592  
10240.02908  
10375.84961  
10402.85017  
10418.3832  
10484.49004  
10438.17122  
10540.92786  
10581.23577  
10677.43694  
10619.60168  
10552.50825  
10441.76052  
10263.07703  
10219.74365  
10209.02906  
10196.77739  
10265.16875  
10405.06819  
10456.2947  
10497.5896  
10532.52886  
10487.43909  
10369.85535  
10325.34805  
10326.48264  
10405.71277  
10338.05952  
10399.93164  
10434.83311  
10435.17166  
10461.01204  
10415.1532  
10457.7853  
10393.50781  
10300.52393  
10315.15747  
10404.57854  
10433.85911  
10456.34033  
10417.09231  
10434.98459  
10462.38921  
10557.69722  
10557.06565  
10543.29592  
10544.84485  
10582.33369  
10472.49558  
10477.38022  
10480.8396  
10481.71265  
10476.22964  
10519.53914  
10472.82747  
10514.63694  
10521.58335  
10508.30828  
10436.63918  
10494.4926  
10572.54385  
10595.14194  
10582.47742  
10579.46477  
10531.32578  
10538.27087  
10609.63899  
10515.65686  
10415.24277  
10471.14724  
10447.62278  
10319.51228  
10507.48372  
10096.82183  
10521.48927  
10527.91771  
10500.6566  
10336.41017  
10245.92776  
10181.16633  
10102.93617  
10250.9542  
10319.48346  
10275.05625  
10376.61082  
10396.80601  
10352.05454  
10440.95652  
10505.75942  
10479.59338  
10454.09524  
10335.21213  
10401.72283  
10391.33271  
10371.27122  
10492.92896  
10500.64531  
10555.5803  
10641.33289  
10568.31062  
10479.38179  
10396.63538  
10437.99653  
10422.03708  
10527.13735  
10536.41807  
10610.55588  
10546.14788  
10546.26248  
10608.22622  
10569.21018  
10508.7186  
10461.94202  
10398.60881  
10548.59329  
10254.78806  
10447.38362  
10466.95164  
10505.07939  
10420.0155  
10382.10564  
10405.09792  
10390.18093  
10466.61272  
10462.52688  
11102.57251  
10319.87344  
10225.4637  
10227.8583  
10276.58577  
10480.05371  
10494.15078  
10456.13184  
10433.4811  
10401.04487  
10383.57278  
10416.49612  
10366.99233  
10401.3365  
10353.81543  
10275.52217  
10241.3866  
10347.79006  
10408.47375  
10403.68694  
10426.2197  
10362.8957  
10289.35544  
9845.355884  
10367.54421  
10378.54932  
10395.05669  
10355.89243  
10360.88459  
10487.11729  
10491.08921  
10449.65354  
10486.95225  
10439.36621  
10411.50471  
10412.36855  
10430.06411  
10479.48901  
10492.93884  
10557.73333  
10537.06001  
10509.77847  
10517.14402  
10470.50894  
10335.81833  
10287.40811  
10411.03508  
10475.6699  
10443.05203  
10529.27356  
10605.30813  
10601.66045  
10625.91782  
10471.58022  
10436.93992  
10532.12771  
10510.8554  
10383.72583  
10303.89536  
10264.42993  
10269.64473  
10313.81272  
10453.71074  
10466.33435  
10304.62117  
10255.42427  
10345.89976  
10432.18352  
10410.06946  
10475.13086  
10388.38096  
10458.98765  
10520.82756  
10333.51169  
10439.88086  
10404.49888  
10384.26853  
10372.57683  
10382.23457  
10442.2707  
10496.50889  
10540.91316  
10541.80078  
10478.73718  
10469.51196  
10368.66052  
10389.87976  
10551.78845  
10581.43882  
10587.1387  
10550.79202  
10059.85476  
10882.29924  
10469.99648  
10528.2709  
10519.35315  
10469.63987  
10380.13169  
10305.50925  
10333.90168  
10346.53586  
10485.74429  
10479.71177  
10405.06206  
10347.77546  
10255.12736  
10255.3058  
10338.18523  
10425.12146  
10438.19741  
10432.17952  
10480.7322  
10419.71084  
10366.02847  
10357.90437  
10463.15066  
10413.45181  
10436.44092  
10511.51646  
10465.81033  
10453.89263  
10403.6583  
10327.99119  
10341.10854  
10418.14399  
10395.00762  
10410.10286  
10401.33237  
10468.23542  
10497.70081  
10504.10212  
10441.25654  
10433.23398  
10375.76746  
10431.0876  
10438.00105  
10521.04771  
10474.24231  
10526.25334  
10513.07686  
10528.97888  
10456.78625  
10481.56404  
10541.39285  
10555.07212  
10529.13953  
10455.38938  
10455.2238  
10455.029  
10492.51421  
10443.74375  
10447.42542  
10376.64609  
10421.75564  
10458.65354  
10476.76643  
10486.72588  
10453.15825  
10495.2811  
10466.71204  
10412.13467  
10502.59641  
10382.48474  
10452.49346  
10459.01907  
10449.04456  
10543.63503  
10593.27156  
10636.41978  
10527.93284  
10434.92007  
10337.86831  
10357.52148  
10326.49727  
10288.44199  
10259.81426  
10253.99299  
10394.75161  
10471.23022  
10478.93486  
10415.56436  
10340.6291  
10325.16243  
10214.6699  
10316.15171  
10422.24529  
10537.38818  
10497.27808  
10545.85625  
10461.63826  
10395.6416  
10367.93032  
10413.59392  
10408.52678  
10540.73113  
10510.60996  
10405.28516  
10393.71794  
10353.6835  
10384.05901  
10491.27258  
10512.92031  
10538.38352  
10487.49866  
10486.67749  
10333.02339  
10394.15701  
10327.86123  
10324.27568  
10299.50776  
10423.97212  
10511.1095  
10535.57651  
10616.24485  
10552.13259  
10381.16047  
10451.60986  
10408.65586  
10491.55388  
10550.83391  
10527.32588  
10655.19563  
10625.60251  
10656.41875  
10537.2145  
10478.10234  
10426.17417  
10291.98955  
10282.04126  
10360.37275  
10410.42434  
10380.75322  
10336.93831  
10310.66223  
10375.22363  
10346.70017  
10369.52151  
10397.79536  
10333.55618  
10334.53481  
10336.32871  
10421.77871  
10483.1019  
10399.71079  
10453.44084  
10550.249  
10539.84946  
10564.25994  
10365.63184  
10351.32808  
10439.8988  
10439.56765  
10418.03655  
10447.69575  
10515.33042  
10587.97393  
10531.49102  
10601.92004  
10601.9665  
10527.04124  
10413.10515  
10330.08721  
10435.45491  
10348.19653  
10406.00112  
10477.48401  
10472.77329  
10476.67991  
10381.60435  
10284.57937  
10301.38616  
10299.56985  
10450.21868  
10412.10842  
10430.72234  
10506.41309  
10471.2595  
10492.56843  
10349.76602  
10264.96431  
10277.12058  
10338.23579  
10405.75962  
10522.41721  
10607.5873  
10557.93875  
10599.0844  
10529.0179  
10557.64988  
10512.90942  
10477.60417  
10532.88186  
10461.04883  
10409.08506  
10510.353  
10442.4842  
10499.16145  
10386.15403  
10366.53232  
10408.88821  
10333.83364  
10379.96052  
10445.19692  
10415.38855  
10389.21868  
10391.50645  
10443.74355  
10488.28274  
10345.5071  
10344.65134  
10322.96411  
10389.93286  
10494.96787  
10492.70422  
10590.59238  
10575.41926  
10535.22913  
10524.69023  
10541.99028  
10556.20696  
10525.55669  
10463.52107  
10427.26033  
10299.83406  
10234.01311  
10275.19048  
10306.22217  
10479.82002  
10531.90344  
10487.71306  
10448.47183  
10355.02737  
10385.39067  
10390.27861  
10344.98989  
10427.44087  
10461.93096  
10462.18989  
10485.58105  
10516.99832  
10430.10027  
10365.58257  
10448.2551  
10494.22017  
10525.69255  
10471.00256  
10418.49609  
10536.13152  
10522.73406  
10385.70186  
10393.54104  
10535.80964  
10525.38979  
10531.09312  
10479.9311  
10451.15411  
10427.83242  
10429.79716  
10537.1844  
10419.74321  
10515.92405  
9701.497681  
10702.14216  
10563.47727  
10490.6969  
10429.102  
10452.72947  
10447.68657  
10381.28838  
10300.00732  
10364.653  
10383.6188  
10345.85808  
10378.01663  
10291.00669  
10309.63306  
10310.87383  
10347.07805  
10394.56108  
10346.83215  
10480.90376  
10511.92588  
10460.91125  
10408.97061  
10509.7571  
10402.81084  
10447.0811  
10335.29634  
10314.67852  
10393.71587  
10464.10889  
10446.08831  
10425.68108  
10513.83787  
10554.37383  
10501.64473  
10381.04827  
10439.6084  
10447.34551  
10438.00342  
10409.92437  
10375.02771  
10388.19309  
10490.36636  
10456.63547  
10394.75217  
10308.93215  
10344.33743  
10366.58232  
10423.81538  
10371.42869  
10389.73267  
10466.7364  
10577.31682  
10480.82109  
10424.99272  
10491.36279  
10505.33816  
10497.77329  
10438.54658  
10312.24639  
10333.36909  
10383.55422  
10568.68718  
10494.97187  
10556.1272  
10652.63386  
10551.66252  
10472.43999  
10377.00144  
10288.57021  
10413.19126  
10532.86904  
10512.1918  
10405.11116  
10410.74324  
9969.777051  
9677.217578  
10250.16416  
10541.701  
10510.77487  
10455.72379  
10376.26562  
10407.02649  
10495.94666  
10538.41943  
10495.56831  
10526.84424  
10472.3311  
10442.50088  
10467.9199  
10441.84321  
10394.4549  
10488.76885  
10570.4811  
10549.58125  
10410.47405  
10432.70571  
10422.13879  
10448.71362  
10471.54705  
10443.91165  
10487.2085  
10432.95852  
10355.5353  
10497.41199  
10560.34226  
10531.99172  
10578.99995  
10486.10547  
10452.48528  
10419.75103  
10368.40996  
10334.04839  
10357.90499  
10361.54468  
10470.27366  
10472.59343  
10488.17224  
10589.22109  
10543.13269  
10527.92378  
10482.20901  
10353.80869  
10321.89055  
10417.44539  
10486.58674  
10433.39189  
10538.42634  
10500.35166  
10414.0873  
10457.9384  
10486.80259  
10443.09653  
10481.48767  
10444.22681  
10566.23147  
10584.06853  
10478.22161  
10508.65217  
10389.9759  
10471.43179  
10600.28452  
10542.57786  
10596.1741  
10439.12646  
10361.70508  
10268.37556  
10209.34076  
10225.96686  
10239.13987  
10354.1614  
10462.84063  
10553.47817  
10577.2062  
10549.63386  
10466.86553  
10457.2761  
10524.72554  
10498.35076  
10441.99016  
10375.87576  
10361.97722  
10146.63644  
10329.31128  
10410.46794  
10353.75146  
10496.24697  
10429.68376  
10518.6946  
10611.6064  
10499.96311  
10439.98652  
10439.72273  
10383.17917  
10404.24751  
10367.12102  
10378.69744  
10394.25234  
10333.65894  
10445.6248  
10497.62825  
10451.3479  
10520.66665  
10448.89441  
10465.19355  
10387.66189  
10307.20239  
10389.00608  
10376.32693  
10533.04741  
10497.6041  
10426.66233  
10412.06169  
10319.20837  
10337.09502  
10406.4623  
10360.31157  
10413.69531  
10470.4197  
10396.74668  
10466.5073  
10392.68435  
10531.4116  
10521.95488  
10454.90283  
10435.46414  
10435.15833  
10374.90449  
10526.61782  
10430.62656  
