11413.30364  
11336.79973  
11365.55633  
11343.14136  
11333.87446  
11262.86135  
11232.61456  
11178.35153  
11154.95736  
11117.11169  
11163.83434  
11137.1174  
11126.91852  
11130.59193  
11230.85575  
11059.49547  
11186.47489  
11287.44513  
11228.85413  
11232.22909  
11292.51332  
11267.14019  
11190.11311  
11217.13561  
11320.99611  
11387.24708  
11361.76135  
11308.25449  
11323.70669  
11286.0142  
11269.07674  
11328.21258  
11213.71871  
11222.0555  
11196.42107  
11355.0071  
11328.16065  
11143.83079  
11371.797  
11296.18125  
11250.20276  
11222.50815  
11263.45488  
11235.29676  
11212.16136  
11213.8068  
11211.64884  
11209.78535  
11213.70244  
11207.15717  
11203.77376  
11211.49494  
11257.74238  
11204.43097  
11154.60841  
11155.51121  
11190.66042  
11242.52706  
11216.83372  
11196.68436  
11199.8108  
11212.75595  
11201.10869  
11219.5584  
11141.06983  
11155.42464  
11126.88071  
11213.39927  
11220.74524  
11216.22058  
11210.63938  
11222.65753  
11243.29868  
11222.221  
11187.7376  
11231.91669  
11219.22551  
11198.21963  
11191.31594  
11209.82027  
11312.79159  
11216.34906  
11230.66596  
11239.8526  
11335.80283  
11291.58661  
11225.10186  
11233.43464  
11209.51571  
11175.73666  
11188.58587  
11160.51193  
11238.67672  
11210.63601  
11187.15871  
11198.62182  
11161.10609  
11199.36426  
11183.48318  
11179.15233  
11172.82856  
11216.03475  
11184.81303  
11177.71024  
11176.87756  
11144.76565  
11167.40503  
11185.15726  
11177.08719  
11228.12527  
11220.84667  
11260.94593  
11280.52024  
11266.85196  
11267.33119  
11245.52778  
11226.54672  
11264.30471  
11248.93114  
11239.61573  
11206.34777  
11203.88109  
11249.6316  
11275.04648  
11228.88569  
11219.31358  
11153.64967  
11204.53121  
11205.78436  
11246.78033  
11267.26884  
11175.83611  
11220.95032  
11203.07532  
11208.49831  
11186.79999  
11222.44164  
11219.0601  
11226.4513  
11247.9746  
11233.57953  
11194.0418  
11244.94653  
11192.36108  
11203.17635  
11222.34885  
11212.15467  
11249.60214  
11269.40089  
11239.81609  
11262.42069  
11210.47533  
11202.24695  
11159.22813  
11200.69165  
11164.17015  
11237.4242  
11218.21707  
11190.42801  
11217.84972  
11225.61737  
11238.62359  
11265.77333  
11249.48637  
11225.61668  
11273.61777  
11199.32936  
11221.04178  
11284.42193  
11248.2822  
11246.44516  
11242.29752  
11231.81589  
11256.31137  
11215.25332  
11234.93953  
11263.40486  
11299.20382  
11255.63281  
11212.39797  
11174.69593  
11156.5118  
11194.78803  
11227.95631  
11242.61576  
11167.09978  
11212.86482  
11215.11641  
11207.16916  
11210.36539  
11219.41059  
11277.81963  
11231.25373  
11272.23096  
11288.87221  
11276.13899  
11229.09841  
11221.89223  
11258.58724  
11223.29685  
11187.65092  
11234.66511  
11158.01136  
11207.20663  
11196.67714  
11247.99369  
11267.03277  
11281.73618  
11252.14631  
11351.65262  
11167.62632  
11202.01668  
11185.09247  
11142.01714  
11154.13827  
11108.04649  
11152.90943  
11183.38783  
11207.94896  
11229.08311  
11246.55528  
11230.22947  
11189.9845  
11174.52277  
11106.44725  
11359.07115  
11227.48407  
11241.96168  
11185.91559  
11212.76156  
11183.56264  
11162.99962  
11180.47782  
11188.52191  
11167.5017  
11164.09315  
11182.93583  
11188.8024  
11165.37753  
11185.44466  
11210.56387  
11228.70935  
11181.15952  
11245.70095  
11177.19747  
11163.18005  
11170.70074  
11201.81643  
11253.49572  
11232.77358  
11091.59377  
11273.50303  
11172.893  
11199.30512  
11129.38298  
11164.97346  
11149.64034  
11129.31467  
11167.07857  
11108.36009  
11175.7333  
11164.74635  
11187.13765  
11210.08096  
11230.81958  
11209.29092  
11222.22945  
11227.2218  
11201.56544  
11204.2053  
11219.84525  
11188.4463  
11181.38222  
11147.44239  
11184.26062  
11212.668  
11217.60733  
11184.54352  
11224.02544  
11241.83375  
11137.05702  
11385.14557  
11345.71746  
11307.60742  
11290.14431  
11236.03571  
11245.78573  
11253.48979  
11243.01489  
11216.14379  
11170.62663  
11171.57548  
11222.1162  
11181.739  
11136.98882  
11129.57413  
11129.49487  
11137.79802  
11145.41966  
11297.86953  
11185.68174  
11208.5089  
11173.47674  
11122.83013  
11160.74844  
11151.54302  
11184.81673  
11172.12985  
11192.99699  
11208.13969  
11238.53831  
11222.10093  
11217.47139  
11244.69078  
11243.9492  
11199.82706  
11318.74277  
11316.52747  
11252.2548  
11277.81155  
11215.09326  
11234.11414  
11246.94057  
11201.21099  
11199.69059  
11197.55407  
11212.36727  
11187.89556  
11216.18778  
11226.1061  
11264.31546  
11223.11347  
11234.12001  
11270.50371  
11308.7494  
11278.2069  
11206.89805  
11183.77362  
11256.66863  
11190.09637  
11191.44479  
11213.76347  
11247.54423  
11244.03227  
11257.18825  
11185.03063  
11231.86157  
11203.56837  
11213.77648  
11197.23128  
11264.85841  
11235.50197  
11230.73148  
11226.45318  
11188.71891  
11218.11113  
11196.48654  
11209.99585  
11156.02883  
11136.84122  
11140.43815  
11221.60485  
11218.46084  
11198.1815  
11218.55995  
11215.23041  
11225.65262  
11236.06209  
11191.44484  
11216.02669  
11174.45837  
11162.59151  
11181.99494  
11228.63865  
11164.96561  
11178.03685  
11153.70172  
11199.98626  
11207.14778  
11243.72315  
11276.90441  
11267.04883  
11223.16539  
11223.82841  
11157.9726  
11226.19161  
11230.55487  
11234.51007  
11225.41119  
11248.32984  
11264.07617  
11258.70366  
11248.31486  
11272.34656  
11232.54895  
11232.67402  
11245.8099  
11260.49163  
11222.92505  
11240.7838  
11226.16518  
11230.13907  
11225.95266  
11247.51254  
11274.13035  
11215.96843  
11195.96353  
11210.21985  
11209.46186  
11230.3993  
11232.30802  
11255.81645  
11236.46634  
11271.54385  
11222.83409  
11230.43192  
11189.552  
11171.21204  
11194.21209  
11215.43124  
11246.31834  
11238.08892  
11296.78019  
11252.13153  
11223.13236  
11232.25149  
11213.74266  
11226.29668  
11192.62972  
11195.97335  
11211.55911  
11190.41121  
11260.86037  
11221.51688  
11177.05952  
11168.42418  
11238.71039  
11149.01889  
11167.34766  
11184.36945  
11124.65076  
11051.817  
11204.97132  
11294.7244  
11247.09376  
11175.5387  
11292.13596  
11258.30409  
11260.83665  
11213.84738  
11192.02835  
11213.42236  
11190.82133  
11178.34266  
11172.67298  
11182.46299  
11171.74828  
11178.84604  
11170.99208  
11141.7503  
11141.52778  
11189.02575  
11183.49478  
11166.55443  
11176.54744  
11204.11187  
11208.52831  
11259.8942  
11248.95182  
11207.58509  
11217.29473  
11183.85776  
11173.09463  
11197.45095  
11182.36306  
11181.48578  
11212.49098  
11202.18313  
11214.22677  
11249.74127  
11254.74832  
11238.00811  
11218.54402  
11257.35904  
11266.36166  
11265.16759  
11226.96555  
11217.74099  
11240.80866  
11222.70605  
11249.81851  
11234.61221  
11249.98292  
11261.16671  
11242.26223  
11285.00909  
11278.51112  
11255.57419  
11235.16577  
11257.68618  
11228.22858  
11201.26507  
11210.59375  
11208.23249  
11185.4232  
11191.76059  
11202.56536  
11152.0423  
11217.9984  
11220.53743  
11184.37334  
11204.70596  
11179.31366  
11174.10046  
11143.65184  
11203.53103  
11237.67776  
11222.37109  
11227.99706  
11193.72403  
11168.09988  
11200.95013  
11229.33321  
11184.43447  
11127.66131  
11229.79708  
11170.73914  
11193.66817  
11200.6062  
11207.57302  
11177.68209  
11217.88427  
11192.39695  
11229.75005  
11169.76175  
11175.1939  
11228.84971  
11166.73111  
11225.65771  
11236.89946  
11217.51941  
11216.48888  
11237.95345  
11191.05858  
11196.34693  
11189.7286  
11229.20519  
11204.27372  
11147.93528  
11075.90769  
11185.75933  
11161.58311  
11198.59936  
11213.62275  
11204.65194  
11275.45098  
11244.42516  
11237.01616  
11253.01219  
11318.10467  
11251.03892  
11281.6785  
11254.36003  
11232.08324  
11247.24764  
11213.79776  
11225.79468  
11252.60958  
11180.36218  
11205.28553  
11230.45826  
11175.35125  
11166.85918  
11202.59718  
11191.28339  
11221.8  
11230.62435  
11248.02708  
11236.27704  
11181.72553  
11228.04466  
11169.36021  
11194.98313  
11231.33196  
11183.08749  
11251.53742  
11205.59268  
11221.07987  
11195.12728  
11210.6662  
11207.68314  
11205.27515  
11245.51966  
11280.4106  
11230.16516  
11252.28358  
11231.50066  
11255.20388  
11201.49554  
11220.37501  
11237.50889  
11239.62347  
11221.02179  
11209.57286  
11185.53336  
11218.34006  
11226.57005  
11212.91138  
11222.3996  
11158.05864  
11182.86041  
11226.41659  
11244.76409  
11221.41244  
11200.71461  
11218.47213  
11181.46802  
11231.4001  
11244.69652  
11194.41473  
11230.80644  
11232.15746  
11266.6133  
11198.75422  
11216.69874  
11226.07665  
11224.0309  
11294.33374  
11250.13865  
11308.94469  
11241.95629  
11231.8126  
11227.41859  
11206.02169  
11239.91567  
11198.99263  
11202.52402  
11180.63246  
11219.96662  
11225.57633  
11252.99461  
11230.14175  
11250.81519  
11237.507  
11186.46948  
11206.55882  
11210.26601  
11232.233  
11214.51515  
11197.32676  
11257.07619  
11238.29722  
11245.39908  
11218.94831  
11264.57232  
11199.04221  
11221.79506  
11251.5289  
11218.41142  
11164.47167  
11170.36669  
11221.7146  
11300.44766  
11278.37783  
11218.72058  
11228.20847  
11254.0657  
11215.54253  
11145.83659  
11186.96103  
11186.53105  
11194.85159  
11273.21127  
11228.02588  
11233.72765  
11164.89957  
11189.82808  
11187.62238  
11151.01735  
11167.78995  
11200.3959  
11192.73332  
11213.56738  
11191.81474  
11172.88543  
11191.874  
11180.62525  
11218.96494  
11175.28948  
11208.64518  
11220.54269  
11208.80286  
11197.19768  
11248.83601  
11219.66414  
11279.24484  
11214.87945  
11233.335  
11234.969  
11219.72721  
11228.95726  
11234.20396  
11266.32359  
11253.24957  
11201.63132  
11262.11151  
11190.92978  
11165.26147  
11148.37579  
11149.76891  
11160.30487  
11187.9628  
11196.91288  
11181.38345  
11177.25515  
11156.14803  
11166.14352  
11176.01944  
11213.75374  
11160.10179  
11216.8819  
11218.84222  
11224.6361  
11221.04514  
11223.50452  
11169.51995  
11217.18019  
11277.64959  
11291.25401  
11242.00371  
11233.92645  
11216.24463  
11188.14089  
11258.03772  
11215.92825  
11219.84617  
11252.5008  
11223.12221  
11202.49605  
11220.78214  
11183.29998  
11227.4077  
11204.30034  
11199.65802  
11231.30175  
11234.30265  
11213.66885  
11212.3339  
11264.5215  
11213.9615  
11233.01986  
11222.72399  
11222.19247  
11236.80872  
11230.86647  
11205.84738  
11196.53433  
11207.34424  
11226.57485  
11244.90765  
11226.51896  
11222.76878  
11251.80747  
11243.5959  
11217.00813  
11269.71027  
11229.33066  
11204.78266  
11202.2524  
11208.60231  
11193.595  
11175.45332  
11226.01548  
11213.08537  
11237.39198  
11234.90937  
11208.61488  
11233.15646  
11202.03712  
11249.04366  
11251.56266  
11244.47936  
11204.42575  
11232.24407  
11236.58616  
11238.23547  
11179.91426  
11160.07191  
11224.72108  
11202.10692  
11203.27648  
11278.86182  
11182.27705  
11173.73356  
11225.94798  
11122.70547  
11134.52304  
11188.66506  
11115.94084  
11152.75788  
11141.7455  
11139.98502  
11208.92859  
11176.06515  
11197.6348  
11211.95434  
11234.75684  
11238.09224  
11236.09558  
11216.35316  
11237.16249  
11201.06587  
11151.69445  
11176.41997  
11207.09369  
11231.22512  
11259.68001  
11219.21795  
11207.84564  
11243.63547  
11192.50325  
11219.87185  
11271.21776  
11284.89656  
11254.20165  
11246.4324  
11238.44713  
11179.75621  
11208.70652  
11193.75907  
11245.50601  
11332.03129  
11323.47237  
11292.79234  
11241.9832  
11239.80863  
11212.79688  
11217.06627  
11252.02857  
11195.18187  
11222.14766  
11224.10945  
11181.17339  
11203.40547  
11214.04417  
11219.3655  
11254.84669  
11232.69449  
11247.53555  
11275.27164  
11250.08274  
11276.1209  
11323.93614  
11252.8517  
11298.28526  
11198.2245  
11214.63521  
11209.67316  
11183.95148  
11199.80477  
11184.9083  
11196.74316  
11248.97282  
11259.62839  
11238.37284  
11151.58906  
11206.65097  
11344.01026  
11358.13369  
11270.26658  
11299.26857  
11252.44775  
11251.38692  
11230.37239  
11176.27373  
11183.443  
11156.41861  
11163.72042  
11166.89042  
11163.59748  
11226.76556  
11218.44497  
11219.44441  
11215.96355  
11165.47992  
11170.89167  
11183.50042  
11166.48227  
11203.53386  
11180.56628  
11217.99448  
11217.18748  
11218.4284  
11194.51696  
11202.04064  
11155.79122  
11196.19775  
11163.00802  
11162.49258  
11228.36605  
11265.18351  
11244.21226  
11287.26472  
11191.79675  
11177.54397  
11169.94629  
11163.21456  
11231.61311  
11159.97767  
11198.36389  
11196.13554  
11213.4385  
11228.1159  
11178.86026  
11244.7743  
11174.55991  
11140.62742  
11198.97301  
11251.58905  
11205.31483  
11252.82494  
11193.37902  
11231.60427  
11213.41974  
11232.42983  
11192.95111  
11164.09387  
11180.75798  
11166.49998  
11160.16776  
11198.98989  
11213.18027  
11173.94358  
11169.0729  
11170.598  
11190.62646  
11189.19216  
11212.92934  
11179.37754  
11176.65774  
11213.38276  
11232.70378  
11240.1665  
11224.13024  
11214.05182  
11175.44309  
11195.8377  
11178.21278  
11196.26254  
11231.4803  
11196.59205  
11147.16027  
11148.98359  
11178.40208  
11173.07951  
11146.26814  
11181.00606  
11199.78576  
11211.79546  
11164.99084  
11202.1691  
11196.30201  
11183.5019  
11201.3045  
11209.25496  
11238.20452  
11233.70564  
11268.79098  
11272.22797  
11239.35377  
11226.6153  
11238.61517  
11216.60861  
11235.02572  
11225.95626  
11243.54465  
11242.67653  
11280.52471  
11247.32527  
11253.33949  
11203.9189  
11236.95144  
11195.11353  
11194.54003  
11205.47683  
11185.56941  
11172.13718  
11216.726  
11250.71656  
11232.59114  
11176.43955  
11181.18735  
11188.60781  
11239.66577  
11218.03757  
11232.39242  
11224.3524  
11265.55126  
11255.93822  
11229.50943  
11216.7312  
11182.13787  
11223.22887  
11190.14681  
11205.33619  
11206.3403  
11192.84507  
11234.03529  
11205.53764  
11218.75565  
11259.18615  
11300.07486  
11260.62766  
11269.59791  
11227.62141  
11236.5699  
11236.19668  
11205.13457  
11229.05715  
11249.25395  
11212.76845  
11223.75627  
11174.66146  
11185.04077  
11179.09786  
11186.71403  
11225.49789  
11221.14664  
11240.11908  
11192.77792  
11198.13516  
11223.72943  
11199.8299  
11278.96178  
11264.38837  
11239.96635  
11232.79835  
11229.51384  
11258.2011  
11210.50791  
11227.74305  
11224.73829  
11197.3438  
11200.48351  
11190.17998  
11190.04919  
11213.09454  
11269.69491  
11270.4763  
11263.32299  
11259.67024  
11216.41757  
11228.77184  
11217.69296  
11179.43971  
11195.36768  
11170.85709  
11139.89966  
11198.89943  
11212.97098  
11225.88151  
11208.34083  
11180.23577  
11243.82824  
11183.09293  
11218.20938  
11201.88731  
11178.03321  
11189.97148  
11183.33082  
11181.87179  
11178.89238  
11215.04349  
11230.62684  
11191.92253  
11193.44011  
11183.54003  
11200.02369  
11241.18506  
11220.43  
11235.58447  
11235.42589  
11272.69864  
11239.85731  
11237.02282  
11210.9501  
11256.68379  
11226.69108  
11240.12431  
11214.54087  
11220.83289  
11221.57522  
11226.72812  
11253.70542  
11213.33709  
11207.7076  
11249.36211  
11233.52618  
11270.61697  
11199.26569  
11193.54759  
11197.13349  
11211.78067  
11232.12802  
11190.57198  
11255.17438  
11240.14812  
11243.85645  
11221.9978  
11205.14006  
11224.18146  
11159.73173  
11197.46954  
11177.99582  
11213.63685  
11234.12  
11203.02366  
11235.8091  
11254.85386  
11266.19728  
11269.60086  
11243.83494  
11237.0244  
11192.57303  
11238.23974  
11198.57584  
11176.73779  
11249.97581  
11213.30647  
11186.28953  
11209.25436  
11227.09274  
11218.48799  
11211.46696  
11202.82306  
11199.4981  
11158.7445  
11042.17872  
11182.94723  
11187.6892  
11222.54223  
11210.47342  
11224.86431  
11172.67454  
11218.74593  
11272.44227  
11227.02407  
11272.74696  
11251.15764  
11226.24133  
11246.64004  
11215.19823  
11170.5126  
11206.95859  
11199.2069  
11249.20447  
11212.88662  
11188.98587  
11232.49523  
11179.20417  
11214.78862  
11174.58791  
11199.91959  
11218.35263  
11222.46672  
11269.43375  
11251.25505  
11264.97712  
11245.85649  
11232.45862  
11192.74338  
11180.02929  
11164.84691  
11241.27616  
11217.18982  
11237.49251  
11175.97609  
11173.71271  
11193.58749  
11136.41106  
11193.10253  
11172.05397  
11221.08761  
11220.40414  
11233.82901  
11262.60759  
11226.56513  
11222.35936  
11224.22478  
11214.17486  
11221.48164  
11222.76992  
11185.02699  
11204.13953  
11219.67528  
11241.17497  
11198.33821  
11264.70676  
11215.40998  
11232.08925  
11264.23112  
11249.21447  
11234.94758  
11199.38509  
11216.4105  
11231.11352  
11222.93275  
11212.20684  
11175.06233  
11222.90507  
11232.21537  
11214.22035  
11200.25777  
11220.55414  
11175.74869  
11206.53638  
11178.14602  
11241.34796  
11246.51862  
11206.00579  
11194.59867  
11198.86928  
11206.64199  
11191.89587  
11230.98157  
11205.24605  
11289.46444  
11233.9049  
11231.68002  
11236.71697  
11177.80557  
11191.90769  
11169.03882  
11195.81753  
11216.8892  
11279.29413  
11308.33038  
11265.71457  
11314.65997  
11268.75503  
11223.3672  
11203.47726  
11172.29383  
11180.75902  
11132.45536  
11172.93015  
11164.28761  
11210.09366  
11208.65878  
11176.30444  
11171.37461  
11184.97416  
11168.66985  
11196.59023  
11249.05629  
11257.14908  
11268.60983  
11243.99449  
11159.89835  
11194.13831  
11212.33968  
11194.00673  
11198.14357  
11230.16775  
11197.81468  
11210.3461  
11205.36252  
11174.97674  
11207.46831  
11182.56676  
11164.89783  
11163.49223  
11139.22893  
11196.26565  
11181.54432  
11236.79085  
11261.46833  
11267.09833  
11261.71462  
11304.45022  
11273.89592  
11245.79141  
11213.01306  
11206.10664  
11209.24177  
11247.86179  
11246.37153  
11214.19647  
11215.34125  
11207.61576  
11212.29766  
11208.63775  
11185.98121  
11203.57667  
11207.10977  
11228.77917  
11209.94538  
11270.99293  
11221.81684  
11252.16632  
11227.6105  
11201.07025  
11191.72503  
11183.64548  
11205.23704  
11242.37927  
11270.84187  
11230.18793  
11227.88726  
11250.96888  
11238.45491  
11253.88375  
11223.33931  
11259.56477  
11235.56965  
11244.8868  
11214.30235  
11184.28417  
11242.56912  
11230.34765  
11208.04779  
11168.3092  
11254.98016  
11194.72877  
11210.20775  
11244.80128  
11206.77566  
11222.1732  
11252.29648  
11219.25038  
11225.91387  
11176.71697  
11224.34411  
11221.01521  
11237.27559  
11282.42901  
11275.60947  
11257.49491  
11234.27842  
11244.44472  
11224.69751  
11197.78268  
11210.01844  
11197.83655  
11220.03468  
11202.23016  
11242.41686  
11215.77341  
11237.07893  
11245.85661  
11257.75124  
11244.12694  
11206.93202  
11179.13189  
11233.07624  
11218.59235  
11216.31295  
11198.64571  
11197.33052  
11225.96677  
11227.31431  
11176.71147  
11193.3625  
11195.68752  
11233.31595  
11192.52114  
11283.30397  
11227.77822  
11238.60245  
11225.52324  
11160.13239  
11156.77985  
11176.23147  
11187.57628  
11204.19591  
11149.98067  
11167.45415  
11177.48866  
11179.70994  
11208.16521  
11215.85297  
11209.38195  
11185.45619  
11222.15516  
11242.28226  
11206.91682  
11208.37014  
11191.96286  
11214.76979  
11229.89734  
11220.36924  
11219.23989  
11271.58394  
11209.3175  
11200.43994  
11199.79073  
11194.10586  
11231.2076  
11133.96772  
11115.26665  
11161.2473  
11124.72755  
11212.314  
11179.74499  
11139.76417  
11197.65715  
11202.97104  
11135.16805  
11116.7422  
11138.55601  
11136.2675  
11156.23551  
11165.13211  
11155.60863  
11128.97307  
11148.9841  
11174.51983  
11168.91093  
11197.28781  
11213.52148  
11247.85538  
11229.30406  
11247.4989  
11218.34899  
11239.46168  
11229.7729  
11227.81868  
11244.75308  
11219.3304  
11221.70655  
11191.59306  
11217.63213  
11202.23897  
11238.98398  
11239.31597  
11247.85241  
11266.13353  
11302.62273  
11260.15136  
11242.16973  
11255.32949  
11226.55807  
11239.87392  
11244.98604  
11229.71949  
11216.40742  
11249.07296  
11225.12351  
11254.2157  
11248.90535  
11210.93271  
11199.32969  
11214.89347  
11214.75797  
11258.68222  
11220.65909  
11211.06456  
11192.78867  
11179.23446  
11195.55284  
11208.32752  
11217.80316  
11235.6887  
11232.89871  
11237.44375  
11249.25574  
11266.01252  
11303.77084  
11189.60492  
11246.31473  
11208.80429  
11214.80248  
11229.1839  
11173.01264  
11191.91331  
11189.02192  
11196.14182  
11178.64285  
11207.43095  
11203.96926  
11215.93433  
11219.72496  
11187.87745  
11238.25693  
11257.03189  
11258.57722  
11219.71349  
11239.93593  
11255.57158  
11237.685  
11206.74408  
11198.34678  
11184.79923  
11180.5881  
11175.6656  
11181.76581  
11205.92939  
11256.20514  
11218.30567  
11177.56837  
11230.57973  
11216.84805  
11170.88167  
11221.75091  
11205.08367  
11209.34112  
11255.04062  
11206.78426  
11200.96128  
11229.86364  
11157.49473  
11224.00187  
11270.1791  
11299.00786  
11220.87907  
11186.70125  
11225.16754  
11155.57576  
11187.44123  
11182.21001  
11179.73414  
11192.35628  
11228.65927  
11235.51921  
11197.57971  
11188.63648  
11200.57918  
11206.89883  
11189.50742  
11224.26707  
11213.13764  
11232.85187  
11255.79949  
11214.17899  
11229.9887  
11214.72826  
11216.65872  
11203.5716  
11230.90265  
11233.02953  
11189.34569  
11249.12917  
11222.19802  
11204.77764  
11214.6317  
11222.95798  
11199.65054  
11188.1789  
11221.58114  
11227.9881  
11254.19807  
11206.00632  
11223.64075  
11212.92745  
11206.18342  
11202.08503  
11223.43124  
11194.64388  
11184.85246  
11216.81431  
11225.65092  
11205.63437  
11177.22562  
11228.75595  
11179.28923  
11243.92344  
11224.27521  
11189.09118  
11203.96512  
11193.62693  
11198.66989  
11171.34856  
11185.32715  
11249.91347  
11248.90947  
11260.92616  
11258.5426  
11254.99372  
11262.48089  
11195.13361  
11173.11315  
11192.02844  
11184.36874  
11196.59334  
11186.59516  
11165.73762  
11179.63326  
11170.20627  
11159.6251  
11178.5749  
11183.10897  
11168.36962  
11215.221  
11198.6605  
11179.9134  
11159.42522  
11168.47697  
11178.92225  
11194.55038  
11200.24892  
11177.08557  
11147.15651  
11152.08367  
11125.59554  
10508.18137  
11711.28919  
11355.99277  
11306.47897  
11316.56819  
11249.10334  
11238.25551  
11184.49156  
11169.38045  
11252.19931  
11174.96253  
11162.78496  
11186.63169  
11182.50555  
11178.09569  
11184.6588  
11184.1297  
11199.59105  
11207.06287  
11214.8339  
11237.14836  
11147.541  
11164.84338  
11192.11616  
11200.96944  
11291.22664  
11287.64732  
11262.44092  
11218.58587  
11188.87506  
11193.59706  
11200.58787  
11191.33871  
11180.75931  
11170.20228  
11198.9137  
11180.44744  
11188.28573  
11208.17738  
11224.354  
11208.39417  
11217.54442  
11188.14599  
11252.08971  
11282.08998  
11275.74466  
11216.47928  
11232.7371  
11230.20074  
11232.38079  
11242.94979  
11265.73245  
11293.7275  
10625.62773  
11699.16244  
11212.90969  
11143.88858  
11164.05207  
11216.99992  
11253.59386  
11225.89883  
11259.89611  
11284.16891  
11251.0271  
11257.83286  
11226.56221  
11216.50633  
11197.20434  
11243.87516  
11219.45848  
11247.38626  
11249.52536  
11314.49239  
11244.15917  
11280.52733  
11300.09368  
11340.94504  
11333.56631  
11301.10655  
11324.64878  
11320.85757  
11367.16259  
11309.15089  
11346.68718  
11331.40322  
11317.66945  
11330.30744  
11330.35302  
11293.20193  
11265.2818  
11219.65329  
11222.46718  
11248.79704  
11232.15946  
11241.53967  
11226.35624  
11226.67359  
11236.8312  
11252.91131  
11277.06849  
11258.07687  
11229.5783  
11199.52606  
11198.84727  
11206.73837  
11194.96803  
11209.21405  
11279.80688  
11256.10422  
11265.99681  
11268.37337  
11228.85219  
11249.53419  
11221.81174  
11286.81605  
11302.9161  
11293.9753  
11280.56092  
11237.55897  
11271.97238  
11267.5446  
11254.82973  
11263.49658  
11214.32734  
11265.0912  
11221.48789  
11220.93029  
11267.40444  
11246.9108  
11213.54746  
11201.6093  
11242.2945  
11201.54465  
11248.84114  
11296.44762  
11212.99539  
11263.91232  
11205.44053  
11252.76341  
11218.14917  
11235.0034  
11244.40967  
11210.78706  
11216.71123  
10814.95536  
11364.07231  
11302.15783  
11303.96955  
11315.17746  
11273.45671  
11243.56724  
11186.12616  
11188.83807  
11156.13662  
11134.33096  
11159.01922  
11175.51374  
11175.36355  
11228.32277  
11165.59951  
11196.86703  
11146.95448  
11149.23231  
11166.61819  
11154.86362  
11177.50774  
11191.3426  
11188.87487  
11183.76557  
11169.88196  
11164.02441  
11171.25693  
11160.55598  
11154.18307  
11148.94797  
11191.9485  
11173.75216  
11178.34706  
11189.71323  
11154.69378  
11164.88492  
11142.88095  
11139.79304  
11191.91925  
11144.93476  
11188.05944  
11193.90068  
11159.90352  
11173.26078  
11208.72704  
11172.69568  
11191.80372  
11151.56771  
11215.78427  
11185.99477  
11212.3161  
11192.97957  
11159.64717  
11185.13993  
11145.04616  
11202.48439  
11172.80104  
11245.44055  
11233.13166  
11232.50775  
11265.14167  
11267.90785  
11196.33566  
11201.43791  
11200.56273  
11187.64227  
11171.98065  
11217.49188  
11225.50766  
11199.83202  
11207.36408  
11228.53099  
11206.00557  
11205.50396  
11184.48731  
11204.56025  
11237.09435  
11247.77961  
11200.09632  
11229.79127  
11212.23936  
11190.01765  
11212.46192  
11190.63186  
11165.16367  
11210.64184  
11200.74108  
11184.75801  
11193.04911  
11178.63849  
11186.88726  
11237.68129  
11209.95054  
11230.19382  
11221.66239  
11230.58593  
11244.55441  
11198.96361  
11198.67428  
11222.37597  
11224.55489  
11234.3285  
11225.06382  
11181.81875  
11201.48712  
11214.84165  
11205.34182  
11211.19897  
11200.73314  
11172.6899  
11160.66964  
11218.61814  
11165.56743  
11208.53406  
11217.00696  
11209.44119  
11238.16068  
11202.12681  
11205.30715  
11189.42764  
11239.01166  
11218.70692  
11233.04716  
11206.43233  
11225.70652  
11242.90759  
11206.7428  
11219.24722  
11211.91084  
11220.47539  
11225.05434  
11214.10611  
11217.27384  
11260.98138  
11196.3231  
11169.79111  
11171.80063  
11240.96696  
11228.01001  
11240.63162  
11210.78282  
11236.58124  
11172.8568  
11192.03327  
11227.29051  
11273.2696  
11252.34748  
11245.28182  
11228.00786  
11202.64006  
11176.20942  
11202.14392  
11155.47106  
11184.82869  
11201.21717  
11190.19072  
11211.42565  
11218.90042  
11232.31619  
11248.66036  
11215.71163  
11210.0922  
11203.9738  
11192.32399  
11255.674  
11222.70898  
11222.36112  
11194.43627  
11201.51812  
11242.02614  
11215.50155  
11239.68321  
11209.5083  
11229.30128  
11252.53883  
11260.79925  
11245.40661  
11209.90684  
11242.76153  
11304.41118  
11263.37905  
11280.63567  
11249.98705  
11197.32099  
11179.30435  
11166.91181  
11155.51256  
11133.87468  
11181.64133  
11161.69002  
11180.20779  
11222.6272  
11210.92098  
11219.7612  
11204.64001  
11221.64327  
11189.96771  
11221.5742  
11208.97651  
11207.245  
11300.62898  
11231.38768  
11198.11555  
11186.22733  
11166.33517  
11137.43502  
11181.6115  
11184.3418  
11188.18222  
11210.00166  
11233.0018  
11210.67808  
11228.93925  
11201.41885  
11236.87319  
11204.78783  
11186.88396  
11156.20104  
11189.19619  
11203.69865  
11237.53923  
11201.61963  
11244.47511  
11186.6848  
11173.83198  
11179.62692  
11151.4416  
11169.69261  
11149.5389  
11134.18646  
11141.96825  
11139.42155  
11146.84835  
11147.7394  
11194.01726  
11257.68746  
11180.1281  
11173.76806  
11219.69658  
11184.52263  
11201.87111  
11255.51034  
11239.5149  
11265.6044  
11241.5608  
11259.13628  
11278.49763  
11247.40908  
11237.12021  
11264.3725  
11255.08805  
11235.57961  
11243.50728  
11227.91431  
11306.20858  
10434.43402  
11557.45512  
11160.57963  
11193.81953  
11169.57391  
11194.55051  
11235.16863  
11253.21878  
11247.95806  
11284.67713  
11218.40493  
11223.94888  
11282.52358  
11253.51923  
11260.94191  
11266.97965  
11321.28732  
11356.55184  
11260.56802  
11254.6706  
11253.01693  
11252.0354  
11243.36573  
11272.90403  
11241.86447  
11272.30766  
11268.34617  
11225.90786  
11272.65763  
11240.9532  
11217.57812  
11252.57819  
11276.992  
11249.6376  
11257.8193  
11208.41787  
11254.23013  
11236.95327  
11213.99171  
11227.44284  
11184.28174  
11191.99787  
11174.95322  
11171.28337  
11229.15166  
11211.36807  
11176.15415  
11214.63095  
11234.28896  
11235.92694  
11240.7816  
11265.9106  
11232.25002  
11248.81772  
11215.45195  
11210.01296  
11243.95318  
11236.0712  
11222.66774  
11167.35853  
11219.08759  
11220.1966  
11189.86725  
11196.42171  
11196.71551  
11204.38122  
11192.56221  
11205.811  
11210.48888  
11183.6521  
11222.982  
11195.64485  
11220.3055  
11212.30284  
11211.19138  
11200.45467  
11191.30646  
11195.2543  
11195.34577  
11199.89336  
11208.84609  
11171.08078  
11166.44499  
11184.11918  
11147.20734  
11180.54526  
11154.93795  
11175.31497  
11155.58127  
11168.63891  
11398.49485  
11477.97013  
11336.30247  
11335.56298  
11303.91536  
11246.44799  
11265.12183  
11287.4222  
11197.94103  
11236.2365  
11174.93824  
11154.91771  
11208.64193  
11257.7361  
11241.03551  
11261.24896  
11298.5939  
11287.19751  
11265.08591  
11204.34651  
11197.71638  
11202.10094  
11155.5776  
11215.6444  
11202.41781  
11206.70199  
11173.48136  
11162.65667  
11150.85932  
11147.42969  
11133.69156  
11168.10891  
11126.70808  
11181.36576  
11197.39866  
11200.09793  
11193.22035  
11178.32405  
11182.16979  
11193.61004  
11162.4855  
11219.69063  
11189.11542  
11223.90957  
11258.27311  
11188.71491  
11227.83187  
11228.22791  
11254.39128  
11288.27326  
11260.29229  
11256.03395  
11199.09333  
11233.80016  
11234.7034  
11243.24507  
11257.55941  
11237.13282  
11244.37953  
11218.4332  
11196.61264  
11155.04844  
11121.35267  
11121.94578  
11158.79413  
11178.58696  
11224.34088  
11222.6017  
11147.65487  
11155.13426  
11163.96465  
11217.41745  
11227.89549  
11210.76766  
11227.57255  
11225.72178  
11245.92037  
11236.33164  
11180.0404  
11162.23623  
11204.08888  
11226.74936  
11219.74444  
11211.64608  
11202.10876  
11255.40906  
11253.0518  
11256.11907  
11278.99772  
11222.95737  
11144.75634  
11186.04978  
11234.79496  
11248.72825  
11192.07316  
11231.19123  
11275.07259  
11225.99791  
11226.80076  
11193.35139  
11194.52743  
11160.22839  
11188.13352  
11158.54761  
11191.88436  
11194.29773  
11165.43068  
11210.26418  
11231.97348  
11226.11307  
11187.81338  
11179.01546  
11196.62858  
11217.59882  
11209.23076  
11216.82073  
11209.35029  
11206.82224  
11244.05486  
11244.97323  
11209.58927  
11214.92991  
11230.67264  
11220.60481  
11248.78163  
11191.5721  
11252.47529  
11253.76146  
11210.00184  
11205.31245  
11172.74444  
11191.34009  
11213.53757  
11205.20052  
