11651.27197  
11638.13668  
11578.0366  
11463.19939  
11495.61298  
11429.70115  
11430.65956  
11546.55861  
11548.53528  
11543.97221  
11543.44788  
11510.43969  
11497.89317  
11546.90489  
11639.40432  
11592.23444  
11690.8436  
11668.8967  
11599.8853  
11617.87489  
11626.49843  
11598.86419  
11653.45858  
11655.3074  
11593.66094  
11647.74314  
11695.3243  
11625.64844  
11691.40421  
11683.44631  
11673.80847  
11730.25516  
11588.91582  
11487.6726  
11541.92601  
11657.68623  
11598.29146  
11599.24843  
11617.37604  
11559.38774  
11561.5117  
11628.06772  
11469.75701  
11534.09719  
11581.48079  
11596.35594  
11601.99915  
11600.77225  
11568.86517  
11656.32829  
11639.43378  
11599.1964  
11684.68236  
11671.57447  
11673.36659  
11619.85076  
11579.44926  
11664.38803  
11602.27195  
11646.29155  
11587.12755  
11559.84844  
11622.4275  
11569.00189  
11591.82454  
11559.57339  
11613.10954  
11609.06346  
11596.89128  
11594.5452  
11626.55515  
11589.06216  
11570.01915  
11577.59708  
11592.13716  
11644.52573  
11661.59791  
11589.00885  
11645.578  
11611.99272  
11644.99395  
11576.05874  
11597.16716  
11529.41674  
11689.42897  
11749.74716  
11611.53944  
11618.17336  
11651.67154  
11670.89211  
11613.33396  
11638.81303  
11650.47607  
11629.50008  
11569.60933  
11551.03955  
11474.90574  
11489.89876  
11506.23881  
11569.98518  
11566.27599  
11600.12179  
11588.13201  
11584.90914  
11643.46726  
11571.79441  
11625.22058  
11547.45667  
11553.76546  
11579.31316  
11560.40082  
11586.28743  
11630.08827  
11648.90721  
11627.59171  
11690.80206  
11681.95213  
11642.0918  
11610.54102  
11691.80443  
11627.02728  
11627.42268  
11571.91357  
11583.52887  
11566.39258  
11572.79433  
11589.00839  
11578.54677  
11573.06789  
11514.08747  
11525.08473  
11564.23888  
11586.26605  
11583.31787  
11569.76452  
11576.22654  
11586.93716  
11563.33645  
11555.0849  
11610.91175  
11680.83473  
11643.14818  
11642.97832  
11697.50134  
11666.24036  
11608.83209  
11681.29547  
11653.05377  
11644.52202  
11588.17799  
11581.63279  
11618.5508  
11575.48353  
11558.87143  
11521.89532  
11531.40281  
11554.33556  
11544.08679  
11563.31583  
11538.49429  
11510.61538  
11628.94552  
11555.64748  
11601.26779  
11571.30704  
11609.34662  
11608.49692  
11660.48599  
11696.9112  
11622.7831  
11675.96546  
11630.52463  
11651.44907  
11643.00499  
11631.44646  
11575.44192  
11554.08861  
11594.33269  
11497.69841  
11558.92952  
11556.80333  
11490.39109  
11564.8218  
11543.54963  
11588.12368  
11602.86967  
11600.96898  
11615.52537  
11652.97293  
11615.63173  
11543.29598  
11613.90924  
11625.11269  
11601.09632  
11621.27165  
11625.85315  
11680.08462  
11583.85364  
11675.71775  
11655.47238  
11686.47703  
11812.55821  
11625.34679  
11650.3784  
11677.71056  
11447.3498  
11746.8463  
11706.46049  
11553.53127  
11579.42508  
11492.65977  
11493.12787  
11464.5386  
11471.34984  
11474.25832  
11524.71062  
11539.66621  
11545.01645  
11530.1375  
11572.4917  
11600.69763  
11593.50187  
11585.5525  
11506.17941  
11546.86143  
11647.7666  
11635.02463  
11638.46601  
11498.65561  
11583.23159  
11556.49079  
11577.47427  
11555.21134  
11538.56636  
11531.06496  
11584.25552  
11587.93508  
11591.19731  
11556.62179  
11563.13449  
11535.93848  
11606.19943  
11634.15022  
11633.24176  
11645.53632  
11644.14833  
11612.78072  
11625.8242  
11584.70531  
11681.68502  
11494.45642  
11755.16003  
11585.06501  
11581.04063  
11579.82579  
11581.10432  
11531.85173  
11482.49017  
11541.50323  
11594.87065  
11545.597  
11600.06594  
11547.76229  
11556.53146  
11528.57486  
11554.31834  
11553.7649  
11591.55613  
11533.55509  
11553.18351  
11568.47869  
11601.42075  
11609.59027  
11589.49119  
11635.64455  
11770.02664  
11664.32157  
11712.59536  
11641.61519  
11648.26556  
11492.19455  
11570.46733  
11569.34318  
11640.39026  
11705.75255  
11515.85577  
11532.068  
11530.79747  
11574.57596  
11555.4406  
11546.3525  
11583.44922  
11557.35298  
11593.48684  
11537.98567  
11582.86052  
11525.60721  
11597.83575  
11555.27949  
11572.82575  
11558.30963  
11569.72767  
11592.31012  
11606.74108  
11556.41648  
11547.49253  
11610.06757  
11533.41092  
11559.48501  
11599.89591  
11657.40075  
11559.77227  
11541.24919  
11609.96537  
11621.70733  
11555.01047  
11656.23622  
11645.9426  
11511.53562  
11572.11131  
11576.04917  
11590.73486  
11573.78974  
11612.07318  
11519.29896  
11543.05367  
11611.91434  
11662.66251  
11681.9286  
11663.91882  
11696.09806  
11659.32203  
11597.10999  
11629.02361  
11593.67676  
11608.1764  
11618.92277  
11591.87107  
11576.47582  
11503.45578  
11525.13674  
11507.66245  
11596.55732  
11551.37449  
11555.28399  
11573.49733  
11614.01267  
11644.65691  
11623.76004  
11671.12863  
11694.03242  
11703.21597  
11604.88171  
11614.13973  
11541.98017  
11530.38995  
11504.94998  
11504.82613  
11522.829  
11508.02664  
11594.05428  
11603.92973  
11560.19979  
11504.48603  
11505.86122  
11566.19657  
11554.99924  
11535.53802  
11558.12644  
11569.56369  
11555.33868  
11627.05995  
11643.64856  
11636.27966  
11574.81974  
11546.48384  
11592.81475  
11596.15362  
11621.08997  
11638.79734  
11654.75964  
11657.61135  
11614.8585  
11643.69616  
11620.99652  
11626.28995  
11622.12727  
11603.951  
11603.46497  
11550.99711  
11572.31836  
11497.20614  
11578.4151  
11545.57566  
11537.65914  
11557.93376  
11622.92393  
11618.80055  
11595.19542  
11665.44765  
11663.02078  
11619.20083  
11609.46028  
11626.10931  
11517.17555  
11558.41629  
11561.68166  
11500.94969  
11578.72187  
11588.70903  
11568.99227  
11575.00427  
11599.99856  
11676.01208  
11640.76853  
11621.96438  
11565.53853  
11588.25875  
11631.59759  
11609.72423  
11603.66421  
11518.66022  
11504.57984  
11535.27679  
11540.54231  
11563.2238  
11565.78409  
11564.32885  
11526.94678  
11530.35301  
11594.85829  
11582.34483  
11620.65691  
11638.04605  
11602.71616  
11623.36152  
11672.95701  
11702.06407  
11711.37103  
11658.1906  
11669.90958  
11636.26053  
11505.56689  
11516.86585  
11610.95346  
11536.66867  
11470.30133  
11604.89534  
11607.32706  
11577.45546  
11501.72304  
11437.87572  
11536.82492  
11561.84345  
11672.10409  
11640.18209  
11660.83558  
11619.77412  
11566.78293  
11627.35502  
11577.54392  
11629.42028  
11657.73164  
11601.17502  
11620.46387  
11617.79609  
11581.89457  
11682.96374  
11614.40648  
11599.88521  
11598.71559  
11562.67655  
11544.67776  
11603.42463  
11628.49947  
11650.55046  
11697.21453  
11666.51463  
11592.72062  
11547.19693  
11610.63506  
11579.00461  
11558.67081  
11564.30048  
11602.39905  
11616.66026  
11568.76361  
11600.25  
11583.7818  
11644.52853  
11560.51267  
11604.72686  
11622.83456  
11632.49437  
11599.16916  
11567.97767  
11517.7479  
11598.66468  
11575.83246  
11647.63504  
11603.4099  
11581.31358  
11609.97011  
11585.35969  
11591.74981  
11600.58727  
11576.65442  
11607.95869  
11592.66067  
11633.40336  
11645.65018  
11658.86543  
11575.65394  
11597.30861  
11507.80808  
11614.30891  
11661.99212  
11541.95962  
11524.38657  
11585.17151  
11551.10904  
11537.61623  
11521.72015  
11543.56214  
11520.36269  
11654.49962  
11561.56396  
11497.81216  
11545.30314  
11591.86693  
11532.92258  
11655.24709  
11628.72461  
11606.91173  
11586.23801  
11601.48348  
11653.64665  
11601.14759  
11564.36175  
11556.42383  
11545.78898  
11615.4451  
11594.62339  
11602.90493  
11655.29257  
11585.80513  
11621.68361  
11600.65338  
11743.48123  
11657.85184  
11644.6181  
11563.25505  
11593.47232  
11556.75174  
11615.80507  
11573.13237  
11589.28019  
11630.70811  
11572.13311  
11602.35012  
11681.79581  
11621.84394  
11641.95688  
11587.8349  
11623.62373  
11642.12593  
11553.0262  
11564.51036  
11588.13933  
11578.0646  
11593.85963  
11599.66873  
11589.33449  
11611.73488  
11561.40986  
11591.6692  
11585.19062  
11562.05762  
11555.6399  
11581.69266  
11625.68451  
11565.94162  
11570.90079  
11595.3401  
11547.36721  
11622.45506  
11583.59753  
11627.63848  
11548.26826  
11540.42911  
11616.37878  
11642.50146  
11676.89472  
11647.2324  
11584.97147  
11601.77384  
11605.19665  
11631.0643  
11528.37719  
11505.25134  
11576.46928  
11583.32254  
11596.58449  
11602.32993  
11498.17669  
11515.02902  
11562.79524  
11494.29997  
11589.35674  
11572.76408  
11590.8602  
11559.80186  
11566.88273  
11581.98074  
11550.20085  
11548.8912  
11560.10451  
11607.58337  
11622.40852  
11639.64742  
11671.3995  
11661.35296  
11663.9265  
11579.64895  
11626.1993  
11653.88222  
11545.84006  
11649.40217  
11623.78027  
11624.73837  
11597.43315  
11555.84579  
11564.55944  
11605.69686  
11629.6333  
11563.15761  
11535.01996  
11538.26949  
11543.28584  
11609.28679  
11702.07379  
11560.66716  
11598.73412  
11645.88903  
11596.24879  
11564.58717  
11521.49779  
11582.03322  
11532.54639  
11562.54615  
11646.54276  
11626.33849  
11573.16563  
11593.07326  
11631.07214  
11618.27998  
11559.52548  
11556.89315  
11540.20818  
11552.27974  
11619.08753  
11626.5732  
11636.33611  
11579.73873  
11651.62676  
11615.65958  
11649.13417  
11670.05864  
11581.27819  
11612.01768  
11593.24921  
11479.87249  
11598.88549  
11660.04813  
11623.67907  
11528.81002  
11503.38423  
11569.91328  
11489.0719  
11649.52407  
11544.52726  
11492.68646  
11508.59598  
11507.60821  
11544.8881  
11628.5956  
11623.22707  
11596.11948  
11567.27108  
11613.47189  
11646.72818  
11606.82008  
11618.43325  
11656.3021  
11612.62566  
11677.83125  
11642.02722  
11662.24854  
11623.38578  
11575.97724  
11592.7335  
11588.30233  
11579.83294  
11628.55129  
11561.42204  
11590.80494  
11561.43175  
11639.36872  
11603.87931  
11632.06689  
11519.00189  
11498.73571  
11484.77802  
11513.17824  
11537.78051  
11564.13755  
11543.09186  
11548.44338  
11609.88706  
11597.38619  
11665.45671  
11648.51465  
11564.02373  
11607.46569  
11572.90024  
11602.19973  
11604.72966  
11675.84205  
11567.08069  
11580.88324  
11591.03821  
11540.76303  
11585.22892  
11638.92211  
11575.6184  
11624.50771  
11538.94015  
11543.32314  
11631.6177  
11598.491  
11573.07706  
11592.44081  
11614.98198  
11610.83736  
11656.00323  
11633.97939  
11654.07084  
11638.18128  
11609.61647  
11572.67803  
11549.94956  
11543.29176  
11547.05651  
11601.43196  
11564.3532  
11495.66011  
11567.04594  
11595.30581  
11633.4306  
11640.56261  
11609.50603  
11596.12848  
11664.9882  
11611.84823  
11621.39803  
11656.26066  
11511.19794  
11556.29184  
11559.96444  
11603.96709  
11574.17128  
11549.77331  
11568.01567  
11584.09224  
11595.59108  
11671.95066  
11640.12211  
11680.82413  
11625.21317  
11564.61651  
11570.79237  
11609.32432  
11582.67778  
11642.19894  
11549.03609  
11562.11929  
11548.77615  
11550.52573  
11583.35335  
11549.65721  
11615.98845  
11615.8791  
11560.66413  
11548.18508  
11553.47106  
11460.1575  
11504.30541  
11532.58541  
11566.34515  
11579.94223  
11632.14538  
11580.37005  
11593.36205  
11575.18674  
11606.83331  
11581.3246  
11547.2148  
11581.18814  
11567.75321  
11616.8694  
11579.33657  
11527.62065  
11577.47017  
11553.94807  
11651.58817  
11655.90808  
11654.26081  
11638.37744  
11616.35521  
11637.31467  
11667.39409  
11615.3671  
11625.64568  
11549.59203  
11558.90984  
11542.54906  
11580.58965  
11551.89232  
11509.16969  
11581.29034  
11580.47011  
11599.60795  
11638.6916  
11625.90655  
11614.16599  
11531.51189  
11577.16326  
11610.8885  
11537.95474  
11525.24989  
11522.5994  
11536.95871  
11572.876  
11560.46601  
11621.75202  
11554.29469  
11567.26458  
11612.94907  
11613.9478  
11632.40907  
11701.442  
11661.45754  
11635.18939  
11607.54138  
11546.93527  
11586.58173  
11587.82199  
11615.58369  
11611.28106  
11592.09322  
11667.8571  
11679.60197  
11713.08579  
11656.00628  
11605.48866  
11558.03216  
11582.97576  
11560.66767  
11651.10704  
11636.87763  
11607.30923  
11501.97845  
11533.41234  
11512.23174  
11536.32583  
11508.80855  
11474.93234  
11516.20312  
11520.02433  
11577.36891  
11569.25792  
11587.37277  
11592.67699  
11646.5632  
11644.89727  
11709.86878  
11627.84972  
11645.73159  
11628.90808  
11611.16345  
11678.19822  
11640.15765  
11649.50002  
11634.94255  
11606.03845  
11635.00522  
11673.6267  
11632.25938  
11591.49524  
11664.51284  
11655.20312  
11599.05225  
11636.8239  
11532.2313  
11559.96183  
11560.88833  
11582.82522  
11619.9326  
11555.51949  
11620.26726  
11546.50193  
11594.78968  
11567.0391  
11494.60538  
11611.98372  
11578.17514  
11580.88054  
11598.51989  
11612.36918  
11519.107  
11598.39982  
11539.29634  
11591.99159  
11576.81524  
11540.2707  
11625.50093  
11590.28724  
11578.38026  
11502.6474  
11566.3326  
11615.55558  
11646.96703  
11600.53622  
11592.2848  
11550.22892  
11553.99527  
11604.07751  
11596.94771  
11585.01938  
11590.33186  
11653.62804  
11654.29961  
11713.07946  
11638.96911  
11543.7203  
11523.09451  
11544.36755  
11612.81641  
11655.95856  
11598.56195  
11635.32889  
11664.32655  
11670.34103  
11560.00448  
11575.51168  
11557.6895  
11559.11309  
11559.81435  
11533.1437  
11509.28008  
11562.64842  
11562.155  
11542.59587  
11559.52717  
11620.61923  
11560.86517  
11609.94671  
11587.55189  
11578.08345  
11567.02908  
11528.96111  
11576.84454  
11592.49998  
11677.4068  
11674.49236  
11650.6906  
11609.56044  
11619.7483  
11586.99756  
11566.59186  
11563.31416  
11571.09887  
11558.08193  
11556.32375  
11563.0677  
11592.47915  
11631.34755  
11563.8864  
11566.76087  
11590.71408  
11613.80889  
11621.74319  
11579.92559  
11551.04212  
11580.83768  
11589.73463  
11587.64341  
11615.42489  
11586.41999  
11651.55473  
11658.54163  
11626.75563  
11578.78066  
11590.49862  
11555.82466  
11587.6661  
11639.13517  
11656.55715  
11672.42676  
11618.77662  
11690.77127  
11621.92158  
11571.79363  
11580.3477  
11578.0197  
11606.36574  
11610.96514  
11537.8022  
11594.3395  
11546.6674  
11617.81575  
11572.73278  
11551.78055  
11599.56849  
11629.3295  
11666.03225  
11566.42659  
11504.44015  
11527.02609  
11554.14944  
11593.59651  
11626.31543  
11612.00017  
11646.32679  
11552.88878  
11519.45635  
11490.63462  
11534.87905  
11563.16884  
11566.56441  
11580.50879  
11598.46372  
11581.04409  
11646.30823  
11678.8984  
11591.14623  
11530.15341  
11512.4223  
11535.7252  
11493.10628  
11546.26429  
11613.16351  
11591.70837  
11643.01872  
11613.6122  
11584.17943  
11671.28206  
11567.50486  
11597.47034  
11595.19107  
11601.49989  
11603.98244  
11572.36044  
11549.09778  
11588.13381  
11648.09284  
11590.57976  
11610.42098  
11603.21274  
11585.3584  
11588.41504  
11553.32895  
11530.28216  
11567.67905  
11568.77809  
11602.69731  
11611.84161  
11547.30403  
11561.99159  
11529.09364  
11631.7058  
11593.81628  
11633.26267  
11633.46947  
11620.35763  
11662.16627  
11599.28027  
11617.76497  
11637.0114  
11588.06961  
11661.89525  
11610.74149  
11604.60744  
11629.34579  
11588.79503  
11643.49599  
11610.13432  
11629.4437  
11581.62228  
11515.50314  
11529.56197  
11533.47452  
11552.1972  
11606.27779  
11660.66977  
11643.20363  
11623.7959  
11606.62644  
11504.47542  
11548.78981  
11506.82919  
11520.60415  
11528.01605  
11629.71181  
11652.24091  
11641.84848  
11669.1433  
11693.44338  
11605.77023  
11628.41534  
11593.51841  
11570.04528  
11584.27836  
11595.04448  
11587.3677  
11590.95699  
11614.21172  
11614.81031  
11579.09141  
11659.02248  
11581.31188  
11607.73421  
11573.74488  
11577.52144  
11632.96928  
11612.97883  
11603.93402  
11560.69187  
11565.08999  
11582.6775  
11586.51943  
11507.1602  
11565.85579  
11601.44491  
11567.79934  
11585.25178  
11542.84895  
11592.41374  
11650.63124  
11591.2652  
11623.10787  
11607.9202  
11602.69431  
11616.7793  
11634.88056  
11616.61604  
11667.35148  
11658.6308  
11581.16402  
11583.71896  
11617.9417  
11588.87492  
11577.826  
11548.49457  
11576.74745  
11563.58844  
11579.07897  
11586.65941  
11551.7275  
11559.76276  
11590.76813  
11579.6484  
11626.50917  
11610.08076  
11578.86275  
11617.0234  
11577.25864  
11579.8442  
11590.06057  
11569.77601  
11599.3273  
11553.83602  
11544.92362  
11542.56651  
11574.62944  
11560.16536  
11558.91727  
11587.16786  
11551.87872  
11579.05556  
11587.83859  
11650.1574  
11610.08815  
11581.78271  
11596.10912  
11548.76412  
11567.21769  
11629.38632  
11583.17563  
11535.79787  
11608.70845  
11579.95716  
11605.08146  
11564.81698  
11535.24941  
11597.2634  
11591.26011  
11626.88538  
11599.34282  
11568.5946  
11559.08418  
11562.76662  
11628.69599  
11624.16175  
11601.71917  
11624.41765  
11580.31252  
11610.63929  
11615.50261  
11601.55407  
11616.03297  
11676.63716  
11639.19867  
11605.26038  
11502.77615  
11554.86649  
11542.57148  
11597.91351  
11572.99711  
11531.5203  
11591.1498  
11626.03675  
11620.34744  
11614.56305  
11617.08502  
11616.43245  
11634.17604  
11619.44512  
11624.06178  
11538.16387  
11553.23454  
11564.65795  
11561.42882  
11613.10097  
11560.11003  
11556.65056  
11573.65504  
11555.07227  
11587.19699  
11602.52218  
11618.32889  
11580.09195  
11528.83496  
11626.43746  
11590.57974  
11602.83176  
11669.40141  
11592.80488  
11556.38362  
11563.5829  
11555.6674  
11592.97438  
11543.51611  
11564.24155  
11571.61311  
11620.86048  
11584.62107  
11517.77955  
11486.15852  
11502.27144  
11564.22703  
11585.62772  
11634.40489  
11648.90842  
11631.52993  
11631.24291  
11638.77165  
11632.55267  
11608.03615  
11574.4973  
11603.49312  
11574.18884  
11588.50229  
11643.13903  
11614.32787  
11580.77204  
11593.76416  
11590.43132  
11636.62135  
11544.97941  
11628.4067  
11641.92531  
11674.62209  
11609.46255  
11576.67171  
11648.53339  
11517.31452  
11581.67483  
11598.08477  
11583.54792  
11569.05997  
11590.40593  
11591.96671  
11631.91081  
11622.8705  
11558.9948  
11593.73259  
11580.46397  
11557.18315  
11567.39498  
11596.67419  
11609.6643  
11610.15026  
11618.22779  
11579.74325  
11546.16928  
11556.03125  
11602.47669  
11598.49673  
11574.62453  
11624.91805  
11618.83957  
11558.89672  
11557.2855  
11563.3913  
11597.34282  
11510.1426  
11558.21801  
11586.73548  
11604.39591  
11575.96618  
11559.42882  
11538.21478  
11605.88396  
11622.43712  
11563.71385  
11587.36564  
11586.01535  
11542.41402  
11535.71385  
11569.44835  
11555.21062  
11597.07762  
11582.82157  
11586.41321  
11544.04063  
11559.36222  
11588.01514  
11598.21726  
11600.09492  
11599.95474  
11578.23811  
11603.85114  
11612.99454  
11596.69079  
11635.22038  
11610.92185  
11655.49476  
11635.89215  
11622.09511  
11631.50376  
11643.2448  
11667.36286  
11595.81144  
11636.85498  
11595.87252  
11638.10127  
11515.60908  
11650.4875  
11615.70111  
11584.30284  
11581.66568  
11581.84014  
11597.10326  
11610.81004  
11620.40479  
11538.66563  
11567.7058  
11567.75221  
11601.50429  
11648.02974  
11609.46975  
11654.27127  
11632.69608  
11597.53322  
11626.72877  
11604.51461  
11608.3204  
11589.92258  
11615.74762  
11617.66171  
11604.45578  
11642.85806  
11514.60029  
11524.16056  
11538.68226  
11508.23193  
11626.3664  
11486.10362  
11499.60292  
11557.89279  
11530.76212  
11625.85222  
11558.31203  
11546.15873  
11472.845  
11547.81371  
11597.29191  
11602.46712  
11683.58241  
11569.02354  
11517.48641  
11571.24675  
11519.91519  
11567.06067  
11579.73238  
11622.82626  
11671.99043  
11671.00081  
11663.26357  
11624.55707  
11625.10536  
11622.46461  
11622.48412  
11577.27276  
11601.18366  
11613.53828  
11561.44894  
11557.13001  
11640.06169  
11624.77573  
11654.35547  
11683.00193  
11666.76219  
11613.06346  
11572.1547  
11567.46177  
11612.15808  
11583.51136  
11627.33982  
11613.78838  
11671.15391  
11635.18268  
11596.62131  
11610.10761  
11542.18429  
11595.6147  
11619.36054  
11616.7366  
11559.79813  
11574.21138  
11573.07263  
11577.25231  
11617.8674  
11576.13612  
11544.13324  
11576.73225  
11603.9662  
11610.17897  
11588.59691  
11606.15929  
11627.87683  
11646.01208  
11591.28015  
11631.24807  
11598.48257  
11605.65644  
11548.30348  
11587.04896  
11569.81481  
11593.13069  
11597.65466  
11647.23043  
11619.36213  
11591.91642  
11565.33471  
11586.81891  
11569.04208  
11563.13211  
11581.43451  
11601.34802  
11604.57598  
11609.09316  
11549.29558  
11574.12438  
11510.07503  
11571.34706  
11585.68998  
11590.37878  
11555.25607  
11606.50327  
11608.3329  
11583.58203  
11588.30904  
11566.7531  
11576.5525  
11552.14833  
11557.58674  
11577.56157  
11585.15939  
11568.72516  
11584.40663  
11645.37105  
11606.97896  
11596.38477  
11577.17801  
11549.82146  
11565.51293  
11511.87838  
11580.10379  
11557.97482  
11624.50641  
11650.06658  
11548.66181  
11611.52626  
11566.76456  
11627.14406  
11594.21896  
11600.87233  
11620.38941  
11633.33142  
11629.21775  
11552.34481  
11575.30749  
11603.03006  
11588.54201  
11589.46374  
11620.05966  
11657.65559  
11653.25314  
11583.90625  
11599.4362  
11585.53212  
11574.95864  
11596.91582  
11527.90997  
11539.4147  
11594.29486  
11673.04021  
11610.45833  
11570.68512  
11599.23569  
11647.09112  
11534.39283  
11540.27817  
11545.70712  
11546.99694  
11585.91909  
11594.89956  
11563.26371  
11614.0248  
11535.06622  
11610.56246  
11592.95312  
11533.43546  
11497.50157  
11562.79772  
11601.56921  
11578.78121  
11568.93429  
11514.46361  
11591.91024  
11555.45213  
11556.8319  
11552.76503  
11579.48845  
11536.62655  
11588.99936  
11528.88561  
11544.20431  
11590.08188  
11549.44187  
11555.68064  
11600.85889  
11618.39763  
11628.08787  
11568.13317  
11605.53454  
11598.9799  
11554.34082  
11569.30172  
11584.99452  
11557.91296  
11584.72879  
11599.09893  
11608.95631  
11628.63394  
11596.19765  
11582.83413  
11597.30794  
11617.02195  
11593.07664  
11604.86417  
11574.16198  
11523.36976  
11629.05789  
11608.36114  
11589.1091  
11614.54528  
11542.46641  
11508.03395  
11458.33101  
11499.26616  
11603.21862  
11320.50618  
11879.81653  
11786.47586  
11557.4813  
11586.30832  
11588.28388  
11525.42359  
11495.82241  
11546.2634  
11588.12281  
11538.00832  
11598.5083  
11568.06426  
11579.53526  
11678.03985  
11675.8212  
11598.63672  
11620.18266  
11530.31031  
11599.26652  
11574.28647  
11612.30685  
11569.35008  
11623.46499  
11703.58683  
11676.83702  
11694.91801  
11632.79214  
11619.17247  
11690.6474  
11645.39192  
11648.32866  
11647.12976  
11634.36621  
11630.41799  
11648.71482  
11655.53987  
11658.66256  
11620.96567  
11655.66054  
11566.90016  
11573.62107  
11527.78898  
11552.24391  
11630.93548  
11612.5694  
11498.52044  
11536.88559  
11497.72722  
11549.61139  
11508.95629  
11575.77881  
11551.01259  
10865.1302  
11733.47317  
11560.28015  
11581.01151  
11576.7241  
11618.99382  
11617.00327  
11655.93062  
11768.71189  
11778.68217  
11776.85836  
11726.31789  
11580.77696  
11562.64309  
11504.91217  
11554.25626  
11575.94907  
11620.1795  
11685.85863  
11606.3899  
11626.97317  
11657.4758  
11669.46641  
11680.99079  
11630.02231  
11643.63056  
11659.44845  
11647.86532  
11656.73454  
11600.99586  
11618.25917  
11629.99081  
11669.13417  
11627.99815  
11588.35963  
11623.68502  
11612.33674  
11602.63882  
11634.45085  
11594.95425  
11627.654  
11602.29558  
11616.82991  
11607.66292  
11533.47593  
11554.06577  
11582.47406  
11530.34638  
11547.4524  
11652.69877  
11593.67372  
11590.64447  
11575.6184  
11618.56738  
11643.06571  
11555.56413  
11543.22115  
11598.16848  
11559.98028  
11521.54358  
11598.32205  
11601.74667  
11603.6323  
11643.88048  
11564.51717  
11606.02509  
11611.64931  
11583.16079  
11594.33691  
11611.08596  
11640.45644  
11643.84572  
11668.91438  
11625.6603  
11621.00121  
11631.05237  
11588.76611  
11590.30951  
11570.41737  
11579.46045  
11655.59609  
11696.65604  
11635.16035  
11611.59078  
11610.17877  
11619.17277  
11633.81577  
11658.02919  
11603.03562  
11648.39186  
11622.61014  
11146.7634  
11626.76913  
11688.39101  
11677.42447  
11677.93026  
11593.78998  
11583.1813  
11533.22883  
11490.97692  
11563.23142  
11528.63317  
11568.69209  
11574.46917  
11551.04501  
11633.76146  
11595.86891  
11593.7842  
11567.34993  
11581.2289  
11546.24868  
11550.78348  
11491.73794  
11487.25611  
11505.05135  
11563.78524  
11600.3539  
11589.25308  
11609.18981  
11593.90839  
11595.29792  
11587.54295  
11561.22593  
11534.80246  
11551.7085  
11571.54288  
11539.53284  
11571.16865  
11521.37625  
11580.18767  
11626.54651  
11579.86256  
11662.35865  
11624.49699  
11580.67083  
11609.90099  
11617.56161  
11630.39912  
11647.94525  
11541.18043  
11575.22472  
11558.18211  
11584.32212  
11627.70332  
11589.45869  
11663.43094  
11599.03197  
11628.54541  
11608.68419  
11615.77027  
11596.86795  
11589.62258  
11548.13349  
11628.36065  
11508.34787  
11542.35273  
11550.01902  
11566.19274  
11548.75607  
11549.78376  
11627.53193  
11601.5787  
11607.8695  
11647.19992  
11601.83596  
11628.06392  
11608.97646  
11643.01497  
11643.80161  
11582.34305  
11673.24161  
11620.60681  
11540.75471  
11551.19406  
11517.33617  
11537.29921  
11581.16408  
11649.76626  
11616.93119  
11574.33018  
11583.97631  
11577.99667  
11562.10647  
11553.08267  
11567.91158  
11574.63975  
11623.57082  
11629.73858  
11649.9886  
11610.20315  
11629.58396  
11588.44924  
11580.01357  
11589.39385  
11573.03333  
11542.62137  
11528.13702  
11582.44635  
11578.59275  
11622.85742  
11563.73094  
11600.10969  
11603.69983  
11592.13899  
11601.37243  
11599.68964  
11563.05912  
11522.25153  
11548.19342  
11527.58407  
11594.45287  
11582.75563  
11631.7818  
11672.41413  
11586.66457  
11631.90007  
11584.29208  
11582.88447  
11589.94206  
11557.62269  
11609.21085  
11628.31961  
11610.94253  
11622.97724  
11600.12751  
11627.06095  
11612.57025  
11609.54649  
11608.74987  
11585.23178  
11559.68977  
11554.82031  
11475.93302  
11509.41727  
11551.66608  
11563.33494  
11572.16633  
11587.81957  
11581.62326  
11614.48123  
11626.30131  
11601.17712  
11597.95476  
11546.98174  
11602.67455  
11602.10783  
11638.87041  
11613.0652  
11619.00819  
11620.7435  
11562.88428  
11613.92782  
11570.6924  
11599.19276  
11557.77736  
11594.41436  
11606.93181  
11585.51681  
11648.88871  
11613.09203  
11634.63842  
11609.43323  
11588.00501  
11581.32186  
11555.50091  
11562.01662  
11611.89462  
11659.7082  
11551.81672  
11592.41281  
11574.46484  
11602.01274  
11568.37364  
11559.70158  
11627.97098  
11547.70374  
11570.83311  
11542.58004  
11570.67228  
11540.49115  
11577.84545  
11620.79656  
11623.9254  
11595.48378  
11591.99096  
11619.06851  
11578.11738  
11597.47005  
11589.30331  
11587.50045  
11569.06494  
11552.70616  
11635.43674  
11586.58159  
11593.829  
11585.67731  
11591.31908  
11549.54225  
11630.64763  
11582.97622  
11603.52722  
11602.79507  
11605.48985  
11590.87143  
11583.92266  
11606.4616  
11590.59114  
11597.31165  
11609.35795  
11559.73162  
11562.76456  
11595.33921  
11560.42463  
11616.52059  
11594.64772  
11555.64128  
11509.63012  
11534.87946  
11507.32394  
11581.50227  
11589.65935  
11533.93204  
11555.8937  
11571.46202  
11501.48813  
11538.04851  
11583.37226  
11614.97775  
11609.05078  
11596.3791  
11647.82672  
11593.01909  
11603.2473  
11568.64958  
11591.61511  
11668.22497  
11646.6723  
11626.90714  
11665.01507  
11633.98115  
11581.47898  
11657.62905  
11644.18826  
11666.30097  
11638.14806  
11662.17092  
11677.3059  
11025.95143  
11763.44633  
11524.90812  
11486.3235  
11538.22047  
11600.15273  
11642.4264  
11675.76083  
11690.56861  
11691.63472  
11678.79055  
11585.88417  
11536.32337  
11595.83694  
11578.51263  
11602.06664  
11622.5925  
11622.4317  
11643.69285  
11647.36706  
11620.95482  
11570.42113  
11612.14937  
11613.19631  
11569.11095  
11607.18245  
11580.80679  
11612.61865  
11615.63349  
11595.10245  
11628.62613  
11559.64024  
11599.63283  
11637.92362  
11589.51974  
11535.39767  
11570.51531  
11565.5335  
11569.39158  
11559.5684  
11612.99915  
11600.3746  
11614.2051  
11610.21393  
11592.30333  
11581.17977  
11590.96922  
11591.99471  
11577.73316  
11615.83176  
11560.65188  
11567.34679  
11539.67939  
11501.72372  
11548.11337  
11604.72304  
11606.17523  
11581.67442  
11578.05791  
11568.34256  
11575.36332  
11553.94642  
11546.42833  
11545.47941  
11575.83766  
11559.73951  
11570.41126  
11562.75374  
11574.606  
11578.135  
11629.89338  
11642.55895  
11551.61487  
11527.17523  
11613.77068  
11560.34906  
11586.37557  
11534.89196  
11584.06951  
11605.30031  
11537.71913  
11581.85763  
11492.00805  
11532.81626  
11619.62559  
11617.91306  
11610.10496  
11553.8343  
11528.48244  
11539.05163  
11586.31004  
11766.87143  
11705.59048  
11680.7787  
11643.42166  
11593.17018  
11546.29898  
11595.45202  
11516.55048  
11560.94448  
11575.76431  
11605.1909  
11645.73268  
11627.23034  
11633.47249  
11667.78059  
11679.35311  
11633.37451  
11636.9471  
11598.78085  
11615.03019  
11562.23745  
11573.86543  
11589.27766  
11544.80951  
11575.93869  
11557.11417  
11587.02662  
11604.19081  
11578.04906  
11613.87432  
11617.6364  
11555.4227  
11639.58821  
11587.74909  
11563.65859  
11618.2072  
11560.29976  
11597.82545  
11593.73374  
11564.86286  
11644.56653  
11612.28042  
11548.59628  
11602.5135  
11568.83783  
11547.14814  
11637.67856  
11627.95121  
11635.13699  
11631.00236  
11588.95932  
11544.07348  
11563.61912  
11628.55343  
11563.83556  
11495.2821  
11618.85642  
11633.87262  
11659.38415  
11567.41933  
11585.33001  
11593.61523  
11634.59863  
11640.3615  
11542.82953  
11600.40854  
11614.22627  
11552.94185  
11606.48283  
11567.33887  
11596.58326  
11608.01805  
11577.02189  
11629.38691  
11658.75972  
11584.99826  
11599.95924  
11572.56851  
11581.07074  
11608.6208  
11622.83827  
11639.37971  
11566.10855  
11556.99416  
11592.66595  
11607.91101  
11524.40391  
11579.50766  
11566.96325  
11554.98892  
11641.40852  
11577.57585  
11589.26155  
11555.51743  
11583.32683  
11582.52197  
11587.19485  
11533.6917  
11565.36655  
11546.02055  
11543.83861  
11566.58413  
11561.47832  
11653.27535  
11601.20249  
11568.47344  
11558.42408  
11618.73907  
11589.26915  
11562.36521  
11597.68678  
11597.72119  
11598.60566  
11569.88632  
11562.32834  
11560.59963  
11554.88555  
11603.32218  
11565.66321  
11601.90738  
11607.10897  
11627.31428  
11615.86579  
11628.08553  
11595.13249  
11658.66979  
11571.68593  
11582.48877  
11626.5828  
11562.48261  
11571.35923  
11575.59059  
11563.9883  
