10982.7098  
10897.5629  
10895.83153  
10839.91745  
10834.68345  
10791.84005  
10772.07854  
10750.725  
10819.21203  
10729.99291  
10748.06574  
10791.54024  
10787.2865  
10855.71909  
10919.2412  
10902.95619  
10934.35655  
10926.40222  
10905.33705  
10973.50788  
10892.31238  
10893.31514  
10853.52238  
10866.60078  
10964.95721  
10885.30129  
10887.18799  
10866.96059  
10864.1029  
10970.01517  
10856.22382  
10877.83351  
10886.48912  
10879.85059  
10838.11029  
10853.74289  
10816.74391  
10837.44415  
10794.92844  
10785.7074  
10890.38639  
10797.77066  
10860.32949  
10825.05341  
10778.28656  
10864.42885  
10823.2033  
10836.64972  
10844.74289  
10905.06727  
10895.86779  
10803.8576  
10768.26425  
10858.19936  
10835.32986  
10878.86676  
10825.84111  
10875.70045  
10896.83995  
10790.30942  
10807.56456  
10784.3773  
10815.87474  
10816.81965  
10821.15592  
10773.93936  
10792.94598  
10869.95218  
10861.71541  
10845.06932  
10833.53612  
10819.5407  
10829.85658  
10803.05579  
10765.72108  
10804.21648  
10788.8054  
10787.68965  
10873.64861  
10895.808  
10898.86082  
10882.11372  
10917.66704  
10852.58502  
10862.29821  
10889.39119  
10830.64265  
10844.21018  
10864.33825  
10844.15796  
10885.33112  
10866.6195  
10918.93471  
10927.57456  
10835.68474  
10882.22131  
10829.67232  
10882.75283  
10888.73519  
10842.76001  
10864.79674  
10870.81877  
10865.74182  
10847.41233  
10875.98403  
10893.80017  
10908.29705  
10941.65741  
10872.09385  
10827.82401  
10819.36106  
10770.6936  
10836.62402  
10779.64178  
10833.84355  
10849.69558  
10855.05985  
10866.5145  
10890.00552  
10866.73773  
10872.88982  
10864.53366  
10819.13059  
10815.2806  
10817.21456  
10886.33634  
10829.27903  
10803.43688  
10850.22523  
10838.55621  
10842.03509  
10811.55262  
10780.26221  
10854.07732  
10881.72106  
10851.69697  
10854.61948  
10818.89509  
10917.98006  
10815.25328  
10777.947  
10784.85722  
10744.31408  
10830.881  
10886.23504  
10890.48555  
10937.95803  
10913.18331  
10889.01754  
10902.9779  
10890.95402  
10954.27762  
10887.99929  
10807.33758  
10820.86844  
10799.03332  
10832.62859  
10839.19558  
10812.38475  
10852.54891  
10806.08133  
10800.72244  
10812.89966  
10821.84499  
10861.18207  
10820.12426  
10874.43651  
10858.65591  
10904.15373  
10867.94248  
10897.67798  
10905.66829  
10879.34166  
10899.74888  
10859.90724  
10861.59916  
10857.99166  
10791.57409  
10841.80047  
10814.40945  
10810.88252  
10890.68628  
10846.85592  
10873.05342  
10869.39242  
10869.51481  
10873.71222  
10865.77008  
10858.26997  
10884.91893  
10897.17603  
10845.90548  
10815.37978  
10852.82702  
10813.31859  
10860.18076  
10848.39264  
10846.17721  
10829.01858  
10758.66157  
10740.96494  
10755.05899  
10762.5023  
10829.8191  
10836.48238  
10856.15432  
10859.14401  
10860.90609  
10865.98457  
10825.20092  
10789.58307  
10825.9967  
10844.41139  
10855.88718  
10834.06649  
10828.24515  
10854.18328  
10824.1657  
10874.70369  
10827.73393  
10851.90496  
10914.6126  
10898.62896  
10910.91829  
10876.19827  
10882.59674  
10880.33718  
10869.16655  
10909.06522  
10862.3801  
10864.58583  
10911.17519  
10872.90112  
10851.69363  
10832.27763  
10840.5469  
10883.08993  
10887.24871  
10885.24248  
10836.78753  
10784.67401  
10836.24469  
10831.5511  
10853.98226  
10856.06659  
10829.44392  
10850.78138  
10798.35293  
10807.05293  
10795.4593  
10817.75396  
10860.89808  
10895.84323  
10903.48741  
10884.2582  
10851.11354  
10840.8571  
10823.24311  
10812.57911  
10785.00698  
10740.48307  
10868.4255  
10852.80175  
10886.43865  
10891.07992  
10828.80966  
10895.44085  
10878.35617  
10878.05819  
10945.6183  
10860.05347  
10878.95507  
10828.32699  
10846.62092  
10840.10656  
10848.01088  
10803.62796  
10856.56335  
10764.45486  
10854.89938  
10857.07472  
10882.50037  
10990.46812  
10874.77608  
10858.93076  
10893.4863  
10808.62985  
10845.261  
10865.57879  
10878.52541  
10840.95659  
10811.80442  
10799.42766  
10855.55058  
10815.56116  
10877.68978  
10819.90584  
10829.73627  
10830.49326  
10849.65768  
10881.72421  
10854.30908  
10808.35067  
10844.16032  
10830.95753  
10853.99307  
10880.85082  
10863.29478  
10852.99728  
10856.67441  
10834.04217  
10921.16213  
10816.67515  
10768.80196  
10849.43969  
10866.68238  
10867.84732  
10829.44089  
10826.0508  
10837.86926  
10844.13082  
10868.23618  
10911.11139  
10893.64598  
10924.5377  
10879.42414  
10802.68202  
10842.7039  
10892.36342  
10879.81564  
10863.42854  
10864.73733  
10898.75716  
10824.85286  
10771.1451  
10848.12829  
10747.1721  
10796.36425  
10854.8064  
10810.76389  
10853.04074  
10852.01013  
10865.60778  
10791.61723  
10794.96718  
10795.22367  
10820.30843  
10851.01818  
10816.77501  
10833.92577  
10883.80936  
10901.20574  
10869.52634  
10858.8017  
10880.03285  
10830.08832  
10853.92818  
10893.20607  
10848.97399  
10835.22543  
10812.71376  
10866.13959  
10837.46745  
10856.75996  
10863.01508  
10961.01152  
10913.81026  
10898.93599  
10892.72681  
10845.30858  
10890.93362  
10852.98263  
10898.76785  
10880.37563  
10834.38958  
10879.22889  
10874.4463  
10824.34854  
10814.06925  
10860.38618  
10896.22563  
10912.25238  
10901.67292  
10883.80612  
10892.20129  
10859.86069  
10862.47403  
10842.98198  
10858.5687  
10802.01981  
10774.37259  
10741.02072  
10784.59347  
10827.71659  
10853.98332  
10925.10775  
10880.6685  
10858.35608  
10859.10392  
10801.77291  
10805.08586  
10869.21273  
10855.40315  
10891.37077  
10796.2065  
10800.42006  
10781.32581  
10787.80041  
10889.32173  
10855.96484  
10883.4601  
10898.35927  
10743.89475  
10733.93185  
10788.84897  
10813.67808  
10842.68022  
10874.89247  
10921.28439  
10916.32871  
10866.73025  
10885.52676  
10897.6852  
10873.54763  
10859.90881  
10864.26873  
10839.77091  
10812.90831  
10898.31353  
10920.54549  
10910.48773  
10822.3328  
10837.7715  
10862.7358  
10825.61133  
10867.55497  
10845.73405  
10861.59855  
10917.67801  
10894.33382  
10840.71168  
10800.41728  
10860.50081  
10837.83529  
10873.68472  
10858.76057  
10908.15783  
10895.15166  
10861.24898  
10829.76257  
10809.41964  
10823.86196  
10845.19591  
10824.85395  
10889.37705  
10870.75532  
10869.66745  
10862.53969  
10807.05425  
10870.65934  
10901.32181  
10880.80966  
10816.17318  
10766.87465  
10715.78563  
10726.8623  
10787.57203  
10819.81968  
10815.52687  
10762.97771  
10776.03212  
10769.90566  
10797.83101  
10845.56816  
10886.45867  
10861.68967  
10871.50342  
10866.9082  
10909.89732  
10886.67139  
10893.40633  
10935.67679  
10878.2691  
10900.22891  
10891.55788  
10870.24714  
10838.01933  
10825.76749  
10823.3412  
10922.68996  
10866.1202  
10889.53316  
10889.6227  
10882.29349  
10874.0774  
10837.69866  
10797.37656  
10820.90329  
10828.44874  
10885.95229  
10886.53308  
10816.93134  
10779.25987  
10749.37386  
10806.36543  
10814.00484  
10859.92099  
10886.77795  
10865.91346  
10847.54224  
10852.03113  
10856.81116  
10922.28882  
10863.47534  
10850.17797  
10821.80021  
10886.52886  
10893.58865  
10813.39966  
10897.144  
10915.0405  
10901.11406  
10891.44782  
10831.09813  
10845.08826  
10849.81244  
10805.14619  
10798.47919  
10870.68314  
10866.93701  
10918.48453  
10903.38249  
10898.73664  
10907.26129  
10890.05233  
10894.35676  
10904.79413  
10889.13999  
10892.84712  
10880.72833  
10768.98048  
10731.49626  
10757.99375  
10806.28663  
10827.77768  
10787.6514  
10733.22798  
10730.55163  
10765.77985  
10772.36897  
10778.63537  
10748.59899  
10852.35648  
10872.68726  
10915.28125  
10889.05754  
10827.95574  
10867.81517  
10826.21173  
10901.07871  
10870.28001  
10874.6832  
10894.02087  
10885.90572  
10928.01068  
10931.17229  
10943.62212  
10960.44521  
10883.85817  
10849.7976  
10851.40217  
10882.45561  
10910.59119  
10858.13634  
10868.42523  
10861.43052  
10825.79368  
10808.37648  
10772.9278  
10816.44024  
10867.42261  
10850.54321  
10867.92161  
10959.52018  
10865.82936  
10833.96333  
10837.29233  
10854.20918  
10878.17357  
10830.67322  
10833.59831  
10889.88336  
10885.60247  
10913.12951  
10833.99112  
10843.95815  
10832.27344  
10827.43469  
10807.06571  
10837.88857  
10844.46733  
10899.21405  
10799.25027  
10778.24963  
10720.76361  
10807.06573  
10879.5891  
10867.06369  
10887.48733  
10877.78061  
10842.86683  
10814.38416  
10855.64182  
10872.88446  
10894.37817  
10864.48689  
10849.89339  
10817.47147  
10809.63664  
10874.34666  
10852.81463  
10837.47925  
10843.20657  
10905.44126  
10878.35425  
10860.43567  
10825.53945  
10782.89458  
10776.26578  
10762.28635  
10751.91989  
10823.34153  
10880.8262  
10856.12806  
10922.41842  
10900.91624  
10888.99365  
10836.85109  
10849.32197  
10870.03806  
10844.8919  
10809.84777  
10808.70312  
10803.31266  
10878.79669  
10856.81702  
10834.5102  
10945.70337  
10898.2846  
10950.05585  
10897.74985  
10837.48955  
10846.93999  
10912.79943  
10887.40762  
10884.48054  
10878.78283  
10843.83608  
10830.71012  
10807.49548  
10833.30887  
10827.31564  
10786.64375  
10839.5011  
10893.45932  
10839.41586  
10882.06438  
10851.89447  
10857.24143  
10833.4067  
10813.87148  
10851.5569  
10765.4488  
10789.22638  
10842.5748  
10805.34926  
10866.27567  
10854.82454  
10861.19143  
10954.74378  
10949.48442  
10880.14094  
10855.20511  
10870.59488  
10803.34332  
10821.31567  
10809.94034  
10785.02518  
10788.4887  
10806.50065  
10866.87201  
10870.3827  
10866.25242  
10851.40109  
10791.1419  
10816.38573  
10849.57442  
10854.78867  
10905.82859  
10883.34699  
10864.60435  
10871.93871  
10823.32199  
10894.50174  
10863.23572  
10894.84705  
10878.78388  
10870.83339  
10875.95395  
10845.87629  
10870.14565  
10893.59783  
10900.05609  
10852.79229  
10864.28611  
10850.34802  
10876.08487  
10825.22407  
10843.04035  
10815.0558  
10820.39783  
10821.57947  
10849.50345  
10883.55455  
10920.00803  
10892.97713  
10815.53448  
10848.79377  
10810.60927  
10829.24693  
10803.27074  
10838.7888  
10800.08856  
10826.88575  
10852.89891  
10806.46938  
10778.01535  
10778.37552  
10812.88129  
10846.03727  
10867.08902  
10826.54419  
10864.77417  
10874.21696  
10864.27926  
10897.45492  
10830.8822  
10856.63096  
10856.77831  
10845.75067  
10854.92849  
10853.72175  
10865.07759  
10841.58639  
10846.37566  
10880.96606  
10900.90858  
10820.26689  
10808.45705  
10797.61792  
10801.78468  
10793.35978  
10791.94923  
10851.40877  
10891.86479  
10948.08065  
10897.25523  
10898.36909  
10906.88777  
10841.65888  
10858.24964  
10830.89564  
10857.31293  
10819.29679  
10838.08283  
10881.34532  
10897.4766  
10864.7931  
10843.97457  
10809.29949  
10869.11649  
10878.92694  
10877.85763  
10841.72095  
10860.06197  
10893.08239  
10841.43294  
10805.23979  
10824.89165  
10789.02896  
10846.26742  
10865.24922  
10911.22684  
10863.73939  
10912.19579  
10890.79724  
10849.24318  
10832.7822  
10803.03876  
10790.56357  
10793.94009  
10843.00771  
10871.69828  
10865.91049  
10873.87129  
10874.81626  
10853.98932  
10883.5984  
10877.11284  
10882.76037  
10896.73026  
10834.78619  
10797.71608  
10847.47769  
10842.74978  
10928.25893  
10911.19174  
10884.98193  
10861.31486  
10837.34564  
10903.1697  
10857.55118  
10825.29352  
10821.39817  
10862.72419  
10792.11241  
10767.04743  
10768.91109  
10788.76184  
10725.68778  
10831.85359  
10861.49055  
10865.97266  
10864.04166  
10873.75385  
10845.07222  
10881.9236  
10905.22576  
10857.89762  
10897.86932  
10872.59867  
10829.40156  
10798.53017  
10806.78405  
10807.13536  
10814.36962  
10858.41133  
10878.61029  
10894.21926  
10912.87739  
10894.9983  
10819.59633  
10789.31845  
10875.90512  
10876.57225  
10854.91824  
10878.95373  
10887.53389  
10871.35847  
10931.65587  
10917.79403  
10911.88914  
10896.73291  
10884.50337  
10904.52974  
10887.31109  
10800.02715  
10892.35991  
10914.01936  
10908.38886  
10909.17807  
10864.68771  
10863.74821  
10830.99451  
10802.0927  
10791.44123  
10820.95598  
10819.20362  
10794.47226  
10811.18666  
10867.7764  
10829.65625  
10782.32581  
10846.53723  
10822.85571  
10865.09751  
10820.11055  
10779.90644  
10786.64398  
10762.37076  
10821.46268  
10808.52195  
10770.77643  
10728.56392  
10794.08028  
10787.53198  
10790.92915  
10799.14065  
10814.8146  
10855.55394  
10880.62729  
10883.06596  
10897.14519  
10934.17151  
10911.6733  
10901.45582  
10914.12508  
10902.28995  
10954.9757  
10938.62843  
10888.00273  
10818.77411  
10889.70569  
10861.052  
10923.04232  
10921.43536  
10856.62373  
10810.89305  
10748.54383  
10753.1015  
10825.61469  
10822.6888  
10745.72299  
10779.21618  
10794.08418  
10783.46834  
10817.21523  
10848.65312  
10887.82465  
10874.38127  
10912.76015  
10925.20666  
10892.46021  
10851.07267  
10827.9876  
10855.47985  
10875.05765  
10893.03599  
10897.47626  
10856.42449  
10868.05448  
10886.4076  
10882.7507  
10818.29331  
10817.48501  
10870.74165  
10868.74412  
10914.79664  
10879.35992  
10896.496  
10871.0405  
10886.5753  
10838.4502  
10807.14798  
10802.26388  
10747.20628  
10806.77061  
10834.93857  
10868.03032  
10893.99362  
10938.11221  
10899.517  
10893.26357  
10848.03896  
10877.49011  
10891.78295  
10835.17687  
10776.52645  
10781.66411  
10799.27324  
10814.89372  
10893.4667  
10914.99012  
10879.80743  
10885.16661  
10831.74155  
10793.45807  
10815.47831  
10791.30428  
10780.21663  
10828.54059  
10855.984  
10859.39176  
10874.47916  
10907.39747  
10819.94271  
10883.17415  
10875.02634  
10867.0806  
10925.37828  
10952.13543  
10941.61342  
10931.90115  
10814.46191  
10732.35275  
10780.87862  
10812.18138  
10788.13263  
10821.79396  
10798.2834  
10801.29872  
10784.02526  
10739.13575  
10779.44238  
10806.00195  
10843.97782  
10887.91938  
10874.33122  
10881.53803  
10846.62705  
10775.30185  
10803.62579  
10805.67364  
10871.4712  
10887.36021  
10855.40413  
10940.33536  
10975.44356  
10906.4913  
10881.72475  
10888.14583  
10871.6426  
10852.94802  
10859.24158  
10879.13207  
10921.66404  
10886.43145  
10930.2802  
10939.35223  
10877.82556  
10880.79367  
10849.55291  
10856.16471  
10785.79696  
10785.79604  
10705.81832  
10806.13716  
10867.32191  
10834.59294  
10882.114  
10853.0394  
10809.45619  
10811.12793  
10842.97239  
10817.54872  
10871.24115  
10871.30979  
10811.89861  
10828.20074  
10860.81832  
10837.33667  
10868.48371  
10852.09766  
10887.73956  
10838.83115  
10887.53454  
10896.44668  
10875.30003  
10909.52469  
10857.7173  
10852.01164  
10870.22433  
10880.47339  
10887.56065  
10881.01673  
10858.83073  
10839.99895  
10825.09208  
10853.11491  
10892.70789  
10863.8584  
10823.96601  
10884.36491  
10815.97281  
10827.62038  
10817.87308  
10768.96827  
10774.07685  
10873.28082  
10867.22142  
10895.57363  
10930.82774  
10900.71061  
10869.27245  
10851.65928  
10796.45475  
10734.7735  
10735.54775  
10769.05179  
10765.70741  
10732.69613  
10807.55554  
10885.38809  
10904.61118  
10906.47097  
10867.7413  
10903.59749  
10877.21381  
10875.97481  
10862.04039  
10862.07377  
10914.92525  
10908.91582  
10886.8427  
10841.82617  
10847.33982  
10836.97756  
10809.36663  
10840.61005  
10860.44867  
10830.76958  
10888.35017  
10894.95243  
10880.80199  
10882.01903  
10890.17247  
10869.25374  
10861.18045  
10793.71868  
10720.9343  
10744.63339  
10764.78516  
10791.37235  
10807.60528  
10773.65578  
10845.18268  
10917.04132  
10951.88306  
10868.97177  
10888.75201  
10796.95042  
10754.77236  
10819.05691  
10793.42101  
10799.88829  
10858.26823  
10863.70571  
10903.50587  
10882.83396  
10840.01685  
10845.10595  
10820.83733  
10805.84671  
10863.93499  
10909.49278  
10898.45149  
10894.02738  
10934.81056  
10914.17287  
10915.21646  
10834.15635  
10905.46205  
10937.91734  
10873.7004  
10900.5035  
10901.94644  
10864.00836  
10815.51586  
10854.77913  
10857.22521  
10932.37781  
10914.50801  
10887.12791  
10853.02488  
10870.00048  
10848.42271  
10853.1665  
10910.06576  
10935.44334  
10851.6062  
10834.64079  
10836.64097  
10844.2001  
10806.22066  
10749.64719  
10730.22757  
10753.25616  
10816.04557  
10821.6411  
10766.99762  
10717.1503  
10769.98227  
10806.27961  
10809.52729  
10764.18045  
10788.84973  
10836.70056  
11129.08285  
10728.2186  
10952.8336  
10866.28042  
10851.84652  
10813.44796  
10809.12956  
10808.67525  
10784.07735  
10742.57132  
10851.26556  
10892.43002  
10828.01776  
10822.19408  
10806.53628  
10765.20328  
10830.08905  
10871.57542  
10853.49292  
10900.09134  
10894.29824  
10885.5833  
10871.53731  
10887.7291  
10824.2161  
10863.86677  
10827.94321  
10876.85994  
10899.15891  
10935.35076  
10941.7251  
10974.69709  
10936.19264  
10914.12451  
10892.7021  
10914.03031  
10957.42011  
10815.77999  
10830.04384  
10819.07287  
10823.43301  
10821.18143  
10790.59315  
10774.17294  
10838.0369  
10839.02001  
10820.8841  
10823.41209  
10820.4319  
10835.15083  
10886.5255  
10821.08816  
10891.23289  
10879.45068  
10904.56813  
10926.6295  
10814.90894  
10885.44853  
10889.93923  
10872.64531  
10880.53218  
10832.12972  
10880.52389  
10904.39946  
10886.52331  
10883.61194  
10863.20189  
10800.69407  
10795.3117  
10787.68965  
10816.26604  
10842.70149  
10889.45833  
10901.82059  
10898.25835  
10846.9541  
10794.36964  
10698.29513  
10688.59027  
10768.21622  
10787.17564  
10802.01535  
10833.35461  
10866.38607  
10876.44246  
10900.28845  
10878.5292  
10889.26729  
10847.36434  
10845.4295  
10907.48292  
10933.7796  
10948.94691  
10922.86985  
10949.89171  
10902.71034  
10903.0605  
10853.00458  
10903.58438  
10844.52741  
10855.38621  
10841.07687  
10807.20273  
10813.03273  
10871.32186  
10848.74813  
10851.70425  
10860.25287  
10833.93133  
10855.80644  
10873.71812  
10884.3087  
10860.5967  
10880.4638  
10834.64362  
10821.5702  
10807.66784  
10860.42412  
10843.52405  
10838.22324  
10845.27677  
10734.72632  
10714.64156  
10841.29068  
10835.59537  
10864.57327  
10907.29099  
10901.52808  
10884.81381  
10840.68064  
10851.06918  
10877.44691  
10876.07482  
10884.23823  
10898.50362  
10899.57962  
10812.43827  
10845.24234  
10825.2393  
10839.47934  
10798.71556  
10863.58293  
10928.91646  
10902.71005  
10888.58658  
10791.16417  
10740.70263  
10746.59504  
10749.14321  
10800.90818  
10851.02064  
10826.9274  
10827.29964  
10827.75664  
10813.7844  
10825.48191  
10859.44108  
10859.51332  
10897.14139  
10825.39152  
10839.6645  
10848.12037  
10938.63307  
10871.59537  
10916.39604  
10880.39435  
10876.72575  
10904.03581  
10871.06981  
10886.09181  
10884.38578  
10890.96165  
10792.48249  
10840.28275  
10836.06673  
10825.24791  
10839.63303  
10872.79472  
10935.98204  
10939.58619  
10831.51206  
10822.05273  
10799.95879  
10803.18072  
10838.49793  
10828.93047  
10813.2804  
10787.53821  
10808.25659  
10772.16439  
10798.71873  
10790.57435  
10780.66791  
10801.73662  
10835.21574  
10825.50756  
10842.29742  
10836.82571  
10826.82414  
10775.6464  
10806.96018  
10881.34069  
10908.34528  
10868.54685  
10891.84001  
10900.50384  
10930.96337  
10963.99354  
10920.99866  
10933.08944  
10908.71512  
10917.04133  
10886.84232  
10889.0015  
10785.86354  
10829.30013  
10840.92272  
10831.79059  
10870.67648  
10888.25673  
10884.98301  
10915.54634  
10925.84416  
10918.63024  
10902.70189  
10822.73704  
10779.77373  
10772.11091  
10872.11591  
10854.89565  
10818.42902  
10828.05816  
10862.43828  
10855.99443  
10863.5976  
10827.29971  
10817.62328  
10857.77201  
10833.84919  
10845.23088  
10875.2213  
10808.12254  
10833.3566  
10810.97171  
10799.23283  
10844.61612  
10836.63559  
10807.50359  
10783.49068  
10778.5793  
10849.96481  
10826.35813  
10804.47353  
10828.40508  
10815.62213  
10782.03603  
10816.96589  
10836.81286  
10846.60156  
10890.04801  
10928.62999  
10927.67151  
10915.00405  
10876.95439  
10854.0201  
10887.55845  
10915.292  
10855.5585  
10852.31924  
10837.77036  
10880.34742  
10906.62569  
10869.30661  
10859.1391  
10847.77484  
10865.50208  
10806.70639  
10871.26709  
10847.03076  
10867.73422  
10852.09823  
10786.88043  
10790.1809  
10780.42855  
10769.87626  
10784.03497  
10759.72783  
10835.78625  
10850.17944  
10873.79363  
10832.95294  
10804.19151  
10821.75677  
10811.34326  
10863.67069  
10918.61306  
10919.26161  
10906.7096  
10912.22276  
10987.16732  
11165.17634  
11151.2148  
10805.92348  
10784.26746  
10731.75707  
10710.56027  
10828.86039  
10835.64762  
10895.72278  
10841.0206  
10884.79269  
10849.10704  
10814.71082  
10857.86099  
10857.09556  
10873.45944  
10902.89089  
10886.61508  
10920.04152  
10863.76545  
10900.4505  
10867.30835  
10854.06667  
10872.1563  
10882.05826  
10870.43907  
10803.82106  
10776.55881  
10729.89502  
10689.95977  
10826.32172  
10993.84231  
10759.97109  
10752.68891  
10779.78427  
10744.19364  
10687.55125  
10668.20288  
10738.13693  
10741.32358  
10752.10696  
10818.32225  
10794.572  
10813.51769  
10830.96139  
10842.53177  
10818.48606  
10888.08865  
10911.17138  
10920.07702  
10927.41642  
10944.04425  
10972.92462  
10966.21811  
10930.57224  
10945.00279  
10831.71395  
10945.85521  
10905.45914  
10899.66713  
10901.54968  
10932.58209  
10904.97717  
10960.74863  
10958.49501  
10906.61582  
10877.52089  
10818.13852  
10821.77126  
10857.23029  
10769.67269  
10712.65517  
10762.80806  
10741.73338  
10789.27737  
10867.61465  
10880.61013  
10947.50837  
10898.02541  
10894.52708  
10855.94653  
10850.89451  
10819.34804  
10890.33212  
10807.96646  
10802.12855  
10836.30421  
10845.64567  
10837.48225  
10839.74104  
10864.00114  
10868.06004  
10859.06837  
10868.12536  
10922.86142  
10906.04696  
10886.25006  
10855.33589  
10860.62283  
10836.16106  
10829.23499  
10866.52122  
10875.24835  
10821.21293  
10832.64858  
10833.54469  
10831.64757  
10877.19058  
10824.9206  
10840.68713  
10853.9792  
10822.3614  
10824.81316  
10839.86336  
10824.76532  
10835.89132  
10864.90041  
10853.49815  
10837.00086  
10818.57171  
11145.77041  
10895.10684  
10374.45542  
10858.28049  
10797.4643  
10758.3987  
10781.66142  
10866.6598  
10912.26059  
10906.77432  
10792.49  
10791.42233  
10864.52155  
10833.48791  
10831.17555  
10865.81124  
10815.07537  
10839.24552  
10836.88485  
10801.79483  
10837.70374  
10910.08208  
10826.54806  
10876.67959  
10924.82204  
10902.51714  
10922.18413  
10907.19813  
10854.3088  
10806.32286  
10857.01313  
10877.90659  
10926.18231  
10888.20132  
10935.01468  
10899.23127  
10864.5614  
10912.13374  
10889.40999  
10819.18315  
10850.88145  
10769.75514  
10752.18381  
10812.86855  
10874.44136  
10878.42628  
10927.41561  
10831.90544  
10816.18054  
10880.21018  
10841.05199  
10842.62349  
10863.49387  
10831.70214  
10824.12806  
10793.38096  
10852.77987  
10919.16031  
10889.93402  
10878.57532  
10896.24586  
10860.8906  
10867.20183  
10870.50781  
10841.01535  
10838.77591  
10824.33531  
10862.46193  
10900.05718  
10898.04598  
10818.28492  
10805.82146  
10773.9169  
10826.8438  
10856.2515  
10783.90093  
10811.63334  
10833.56283  
10782.69843  
10769.30961  
10765.32046  
10792.05645  
10819.88478  
10842.52772  
10816.81367  
10779.01103  
10814.32807  
10783.19515  
10843.60829  
10923.6075  
10912.53328  
10944.68355  
10921.75607  
10834.58046  
10818.5326  
10830.94196  
10838.7735  
10874.43308  
10961.58889  
10954.21409  
10943.94009  
10879.36811  
10807.88039  
10849.82184  
10821.18924  
10792.63525  
10775.39933  
10823.41064  
10813.60333  
10881.86207  
10863.82449  
10842.72516  
10867.74451  
10888.46549  
10870.85933  
10892.42018  
10901.53215  
11022.16057  
10715.1137  
10833.67904  
10790.76621  
10870.37556  
10847.38721  
10916.56533  
10884.1202  
10879.56877  
10897.82647  
10813.74693  
10812.27325  
10820.74049  
10847.94248  
10801.83668  
10845.88528  
10800.47081  
10841.66727  
10805.80036  
10786.5494  
10830.54908  
10882.41707  
10903.62796  
10834.6818  
10901.08404  
10858.2473  
10890.67943  
10899.21369  
10833.849  
10777.70705  
10867.8  
10903.70188  
10865.12664  
10900.25053  
10918.07666  
10861.80268  
10921.42691  
10892.66689  
10856.55976  
10866.37788  
10799.7757  
10817.30664  
10765.38432  
10763.66782  
10844.63296  
10901.49445  
10827.88208  
10845.65068  
10884.40463  
10803.45176  
10795.16471  
10800.00788  
10894.2137  
10852.93763  
10852.57592  
10806.75184  
10835.87794  
10833.36155  
10846.7651  
10830.84516  
10911.15399  
10918.34147  
10902.31894  
10839.49119  
10879.73275  
10904.66743  
10904.39378  
10852.73686  
10848.67372  
10833.61797  
10904.43628  
10914.73632  
10885.29955  
10857.28469  
10805.99886  
10776.45468  
10849.0391  
10824.98493  
10854.72877  
10870.72402  
10852.5015  
10906.77894  
10813.7122  
10884.46708  
10896.89469  
10842.30126  
10868.70523  
10872.39521  
10836.90596  
10840.45003  
10820.30014  
10849.94169  
10861.76309  
10913.81141  
10898.41614  
10882.03984  
10876.7675  
10902.76233  
10921.03761  
10928.92099  
10921.36654  
10876.31514  
10820.90065  
10838.42372  
10756.22911  
10749.89502  
10699.32615  
10877.1818  
10742.85277  
10721.81895  
10813.82775  
10812.99635  
10744.18014  
10697.07839  
10748.61118  
10776.71976  
10775.53678  
10838.19539  
10895.51989  
10914.94255  
10941.28666  
10959.44736  
10839.8576  
10905.49544  
10881.44607  
10836.93927  
10897.26649  
10831.56838  
10840.69324  
10815.55368  
10838.51796  
10839.48204  
10875.76229  
10878.10968  
10775.70558  
10907.59144  
11016.81774  
10975.56616  
10917.53012  
10865.59339  
10831.93275  
10852.35507  
10795.9374  
10815.00183  
10869.20688  
10868.45991  
10845.56095  
10834.26131  
10835.64566  
10810.8388  
10880.61133  
10902.71924  
10902.13874  
10871.4387  
10866.8  
10815.77482  
10767.56531  
10763.5055  
10727.46465  
10772.98951  
10833.91572  
10879.47318  
10857.74956  
10844.61475  
10814.0178  
10894.1941  
10903.94631  
10926.393  
10934.42936  
10895.73198  
10906.40678  
10828.30379  
10800.96064  
10850.29511  
10846.81466  
10939.71689  
10915.37038  
10845.01509  
10860.92505  
10905.23591  
10870.36987  
10868.4314  
10868.39415  
10838.85422  
10911.01249  
10891.27523  
10890.64715  
10840.30935  
10834.91513  
10789.58913  
10767.40835  
10774.49169  
10832.14958  
10803.545  
10878.30191  
10900.26085  
10848.98389  
10815.7935  
10835.08616  
10857.62302  
10884.85507  
10940.09819  
10886.4487  
10835.2892  
10784.35818  
10806.44768  
10869.04739  
10867.34456  
10870.54079  
10841.98868  
10819.31303  
10834.3943  
10802.48343  
10749.98866  
10847.91085  
10740.91266  
10879.0638  
10878.12424  
10921.01274  
10878.41278  
10905.76443  
10816.66259  
10861.23632  
10860.94206  
10921.20321  
10897.08733  
10817.43766  
10861.54233  
10836.26206  
10776.10639  
10843.5818  
10819.03588  
10859.52988  
10877.30813  
10902.71802  
11108.37021  
10958.69468  
10960.97389  
10894.70145  
10902.33422  
10853.10652  
10853.35098  
10876.08341  
10884.47417  
10796.2143  
10606.9124  
10636.31851  
10607.84812  
10600.08443  
10611.91602  
10640.1731  
10661.21117  
10694.4531  
10726.99091  
10847.99134  
10859.49197  
10945.87767  
10924.97781  
10952.71427  
10955.46243  
10979.64881  
10967.62846  
10917.1374  
10956.85992  
10935.14104  
10913.83486  
10903.8166  
10907.30237  
10969.5319  
10974.90682  
10945.19187  
10918.82195  
10896.46153  
10814.76111  
10871.20004  
10838.39219  
10746.13402  
10874.8896  
10928.26795  
10972.97513  
10976.56717  
10936.89381  
10871.0319  
10838.4877  
10804.41017  
10842.40277  
10842.63686  
10815.13733  
10813.01018  
10726.79143  
10789.07188  
10811.95364  
10849.75237  
10922.17641  
10865.44534  
10820.2572  
10865.73851  
10838.60059  
10810.46477  
10840.76025  
10776.86373  
10799.61512  
10731.65402  
10757.33775  
10725.63653  
10726.79055  
10757.86068  
10804.17231  
11029.54278  
10922.15938  
10962.05637  
10855.8766  
10871.21933  
10841.05419  
10818.90276  
10859.20117  
10815.46386  
10799.35871  
10754.32742  
10781.32745  
10822.35736  
10885.16899  
10877.87891  
10890.50639  
10877.81765  
10845.15302  
10930.23095  
10886.72739  
10888.20908  
10905.28378  
10909.87581  
10889.28454  
10906.01762  
10872.02205  
10867.19768  
10910.57149  
10880.75808  
10854.93048  
10825.06442  
10798.29217  
10833.62845  
10828.63831  
10831.89877  
10859.66281  
10939.91012  
10895.38108  
10839.88202  
10883.14862  
10891.86536  
10923.24523  
10952.28288  
10892.65659  
10926.4392  
10841.12322  
10797.32488  
10742.38631  
10807.63601  
10795.23449  
10765.11702  
10730.41174  
10820.79927  
10825.5273  
10752.79456  
10766.16285  
10761.53297  
10778.25548  
10744.85615  
10796.77329  
10830.87417  
10863.75403  
10882.38109  
10886.70254  
10901.123  
10854.79882  
10896.78431  
10820.02748  
10883.05941  
10870.43057  
10937.04954  
10910.65855  
10903.54113  
10934.03037  
10908.10842  
10906.08875  
10906.98448  
10886.17172  
10902.05398  
10905.3708  
10864.05391  
10868.01561  
10861.45625  
10824.9023  
10821.3821  
10797.21209  
10801.59817  
10822.99586  
10846.55783  
10806.51068  
10775.42657  
10761.03215  
10756.3978  
10786.03967  
10797.5647  
10796.64514  
10823.60116  
10852.48243  
10862.81748  
10896.29848  
10901.05278  
10889.53923  
10906.93538  
10908.15604  
10890.22481  
10909.10972  
10892.45222  
10860.04922  
10894.2735  
10842.75757  
10863.64338  
10881.96517  
10896.38887  
10824.02747  
10845.96272  
10859.34716  
10779.43097  
10773.12091  
10836.82299  
11047.86119  
10683.95199  
10670.58519  
10921.11084  
10885.83424  
10892.34404  
10887.87752  
10833.18866  
10828.2883  
10847.19527  
10780.7736  
10726.02686  
10773.79599  
10761.50336  
10821.4224  
10809.68494  
10779.54769  
10836.62607  
10899.49936  
10902.2935  
10946.76779  
10946.28667  
10957.25013  
10981.10631  
10927.3988  
10950.0989  
10907.34764  
10872.55346  
10825.20722  
10846.58223  
10843.1633  
10865.89404  
10943.06533  
10901.60335  
10873.24793  
10808.9915  
10897.01955  
10978.11855  
10805.08996  
10838.03076  
10822.64693  
10778.1224  
10734.61391  
10717.98885  
10743.20258  
10740.96451  
10843.40305  
10861.87869  
10870.262  
10885.12623  
10888.64143  
10828.70002  
10847.47838  
10875.507  
10889.33898  
10915.12892  
10909.64578  
10913.91955  
10902.86828  
10904.66863  
10909.41474  
10837.89836  
10870.46625  
10844.23079  
10837.70023  
10821.60822  
10876.06427  
10850.44033  
10895.45454  
10821.10274  
10830.79619  
10806.66014  
10858.24899  
10859.95424  
10904.01011  
10864.97821  
10851.84596  
10830.98904  
10823.88492  
10868.28663  
10847.4706  
10813.46376  
10767.20211  
10776.70362  
10809.02116  
10839.75878  
10864.31122  
10901.64468  
10835.6076  
10814.67666  
10814.12766  
10760.01127  
10718.63336  
10723.90602  
10800.02297  
10830.06774  
10831.39204  
10830.42822  
10851.93279  
10874.51458  
10931.14065  
10859.37545  
10825.4571  
10826.47295  
10855.04315  
10822.89817  
10767.86421  
10725.84664  
10755.163  
10819.47211  
11245.39548  
10830.48789  
10914.45518  
10885.09799  
10954.04954  
10896.63198  
10935.18293  
10915.04282  
10923.5326  
10907.83614  
10843.57593  
10720.60638  
10650.65308  
10605.03389  
10669.10919  
10744.30608  
10794.16846  
10766.988  
10781.14015  
10844.02396  
10839.27208  
10896.65418  
10881.10089  
10904.33475  
10908.11642  
10885.08881  
10886.75158  
10857.59587  
10895.42578  
10939.00164  
10925.25802  
10942.70501  
10970.0276  
10931.92127  
10932.55801  
10824.72573  
10800.8393  
10820.75243  
10801.1691  
10800.99763  
10893.01289  
10854.32135  
10900.76101  
10907.85543  
10896.17654  
10909.4623  
10859.30608  
10841.20561  
10858.03654  
10831.66614  
11094.97135  
11011.40711  
10849.63623  
10820.86268  
10769.79624  
10826.087  
10776.15147  
10736.74971  
10757.07007  
10675.65691  
10822.79481  
10807.48834  
10797.92303  
10771.60683  
10759.35372  
10755.63642  
10773.77181  
10763.24164  
10759.54706  
10835.47875  
10835.03198  
10898.75335  
10892.07106  
10918.25928  
10956.06207  
10936.88367  
10954.52869  
10961.73594  
10951.81002  
10939.71143  
10904.66749  
10883.0771  
10833.95509  
10882.81528  
10888.85796  
10905.76149  
10877.3949  
10887.69575  
10912.91802  
10894.64854  
10823.23828  
10863.41674  
10829.81816  
10786.71038  
10803.56493  
10821.87297  
10802.13903  
10837.7776  
10821.37956  
10797.66293  
10831.78285  
10746.3703  
10749.19885  
10811.51866  
10833.37433  
10851.21624  
10860.96416  
10875.679  
10969.86526  
10885.0239  
10906.61733  
10875.9816  
10842.68079  
10854.46782  
10817.59487  
10850.20748  
10869.18999  
10813.45529  
10716.92995  
10844.64845  
10878.15188  
10895.51015  
11084.3851  
11226.75982  
11107.5833  
10794.922  
10779.80418  
10765.82622  
10781.62906  
10801.84732  
10852.70302  
10862.1968  
10841.93823  
10856.91431  
10791.68461  
10731.72556  
10790.37204  
10826.35761  
10827.52647  
10808.37397  
10815.08178  
10798.80119  
10789.09024  
10799.98484  
10742.75001  
10814.99999  
10786.04392  
10722.94514  
10746.25837  
10846.14308  
10812.77126  
10806.2548  
10776.61065  
10795.2622  
10893.38803  
10892.20097  
10923.6908  
10886.32685  
10944.46265  
10941.46733  
10965.18457  
10892.64254  
11007.90313  
10946.86723  
10898.40051  
10897.07745  
10870.01725  
10847.6386  
10844.6218  
10823.75979  
10847.39049  
10793.77389  
10833.71809  
10841.90127  
10816.67477  
10823.29342  
10831.41509  
10817.54508  
10841.40416  
10873.68299  
10838.33431  
10811.29084  
10840.53899  
10708.00782  
10993.45596  
10985.89076  
10991.30733  
10896.27429  
10896.0932  
10886.53303  
10779.82273  
10683.82659  
10626.31414  
10592.61876  
11156.99133  
10905.28809  
10421.75389  
10839.76776  
10825.28466  
11048.31736  
11120.74193  
10859.31178  
10937.77496  
10755.90466  
10835.72237  
10815.03548  
10779.47692  
10758.68658  
10677.42877  
10751.01373  
10685.10002  
10636.11905  
10654.99805  
10754.80365  
10744.65204  
10787.37967  
10867.10701  
10905.90408  
10977.59952  
10988.81938  
10975.59024  
11025.26041  
10970.46009  
10935.52794  
10880.40651  
10907.81446  
10918.58055  
10889.8489  
10930.45233  
10999.88015  
10973.91803  
10922.9724  
10902.80228  
10889.09347  
10892.49442  
10942.31027  
10935.1128  
10925.0683  
10951.66893  
10800.20954  
10843.14326  
10840.65824  
10902.03426  
10884.27851  
10849.03724  
10861.77533  
10850.92239  
10828.79986  
10819.36065  
10803.6681  
10815.10328  
10793.97753  
10860.27133  
10893.4122  
10845.42106  
10779.05001  
10707.30578  
10735.8333  
10792.55645  
10746.88142  
10785.12845  
10858.42192  
10847.80585  
10839.51799  
10861.67394  
10825.71942  
10892.43929  
10904.61228  
10920.89448  
10933.18536  
10950.31333  
10924.64522  
10891.13089  
10836.88077  
10842.38379  
10831.8514  
10869.46675  
10839.16092  
10782.48015  
10806.83815  
10865.30877  
10806.29912  
10853.99654  
10834.00338  
10822.7572  
10866.36414  
10892.81278  
10891.33911  
10888.87265  
10836.19594  
10905.29772  
10616.25396  
10793.05293  
10891.23082  
10853.98966  
10854.89362  
10820.95395  
10831.21588  
10849.17199  
10858.89208  
10818.28075  
10815.51366  
10854.08997  
10912.20208  
10884.86616  
11092.07959  
10740.78213  
10734.4948  
10895.51143  
10908.56932  
10831.56766  
10897.90094  
10803.43237  
10856.62213  
10841.44778  
10812.11819  
10851.51666  
10771.2256  
10841.00779  
10838.38888  
10815.75694  
10853.08776  
10870.34411  
10859.55578  
10900.89416  
10875.75402  
10853.43488  
10839.00971  
10728.2661  
10935.93245  
10905.12929  
11135.52604  
10981.96148  
10912.93873  
10948.89636  
10909.51094  
10894.41997  
10857.21704  
10810.42407  
10694.47281  
10663.54056  
10681.2962  
10673.49629  
10921.70226  
10761.29282  
10678.1646  
10803.98321  
10838.11655  
10823.30132  
11021.12944  
10894.1077  
10925.24972  
10850.37685  
10826.10599  
10761.0979  
10856.68783  
10788.3846  
10766.99006  
10775.88009  
10739.71208  
10773.37209  
10892.23894  
10861.43485  
10925.24023  
10943.37686  
10917.53022  
10875.98069  
10841.66282  
10834.69303  
10852.20129  
10907.75177  
10916.99488  
10847.80478  
10889.21045  
10922.62462  
10921.73521  
10920.69552  
10932.19386  
10914.29154  
10879.70156  
10836.13038  
10866.28147  
10830.02604  
10826.22903  
10812.65492  
10859.20004  
10862.88417  
10930.25077  
10848.96825  
10834.58696  
10835.43652  
10801.42155  
10834.25  
10849.91662  
10798.73329  
10784.31891  
10741.63379  
10739.25165  
10780.99445  
10774.84341  
10813.9784  
10871.39083  
10810.09799  
10796.07037  
10780.75505  
10808.83825  
10778.71409  
10805.85693  
10843.86482  
10832.34408  
10889.30213  
10893.30694  
10932.36306  
10902.68185  
10890.29664  
11038.14345  
11116.0548  
11094.34485  
11105.65523  
10988.32795  
10978.20779  
10991.26045  
11084.26535  
10675.9687  
10690.91031  
10673.39491  
10700.32904  
10716.44796  
10777.78775  
10836.86426  
10810.19567  
10809.64455  
10787.81015  
10791.11797  
10749.79377  
10706.71413  
10673.70918  
10725.46938  
10821.21945  
10868.32099  
10851.26347  
10873.67099  
10831.1679  
10776.30647  
10893.68962  
10782.64905  
10730.19503  
10810.15589  
10874.14259  
10867.02947  
10879.77273  
10872.09781  
10878.51111  
10921.18851  
10917.23245  
10895.39432  
10920.94549  
10864.28017  
10848.00834  
10834.92846  
10850.43261  
10813.26725  
10763.18043  
10739.44507  
10749.68398  
10794.62066  
10864.01166  
10909.45392  
10904.6773  
10893.51188  
10871.52301  
10897.6896  
10830.14439  
10872.86053  
10865.72753  
10847.48155  
10928.68355  
10862.54399  
10805.25811  
10860.57465  
10853.19455  
