11631.14559  
11593.64631  
11591.53216  
11596.82049  
11602.70618  
11601.24267  
11607.6421  
11567.84348  
11604.09359  
11620.41316  
11608.77601  
11630.77845  
11520.3366  
11548.7213  
11624.43096  
11607.87152  
11617.67802  
11642.78274  
11616.60999  
11599.58532  
11605.07388  
11589.26069  
11584.04427  
11587.41596  
11629.88306  
11621.4826  
11594.89335  
11592.6869  
11622.28874  
11586.82033  
11576.90041  
11603.9213  
11592.05326  
11589.89378  
11620.98227  
11618.55394  
11582.36883  
11619.96464  
11610.21231  
11614.46789  
11594.80437  
11571.49074  
11589.1847  
11611.23569  
11603.64459  
11597.83626  
11579.84667  
11605.53268  
11617.43169  
11608.26632  
11591.48891  
11586.66637  
11575.48548  
11569.54823  
11575.6557  
11588.52827  
11633.84993  
11593.32013  
11627.08075  
11575.90437  
11597.86654  
11592.66784  
11580.00098  
11519.37211  
11562.16241  
11605.7996  
11572.46277  
11607.09128  
11599.20363  
11594.31043  
11622.52213  
11605.51182  
11647.93339  
11646.73885  
11607.65109  
11594.0131  
11608.70635  
11637.3472  
11613.62385  
11643.78122  
11548.70538  
11577.62838  
11579.5256  
11602.9467  
11587.28351  
11568.76923  
11512.78101  
11608.38207  
11602.96885  
11614.18927  
11615.96702  
11580.47019  
11562.79419  
11626.30035  
11596.34023  
11589.09824  
11589.0965  
11560.31286  
11602.6732  
11615.42082  
11576.83353  
11592.22146  
11595.74148  
11623.96531  
11618.45727  
11630.37088  
11645.91613  
11618.98437  
11669.21711  
11644.35757  
11618.71449  
11590.23016  
11585.51495  
11610.67593  
11626.50799  
11637.14798  
11590.73926  
11556.29847  
11601.75768  
11588.68849  
11609.8839  
11632.64572  
11600.12852  
11567.25198  
11533.11859  
11580.67197  
11624.45484  
11593.41472  
11596.5981  
11568.00173  
11585.89212  
11623.61905  
11597.45923  
11588.4281  
11580.77146  
11616.24457  
11538.14611  
11566.6044  
11571.84564  
11583.7028  
11647.88316  
11609.22781  
11643.27301  
11610.90101  
11595.6382  
11534.27975  
11594.94773  
11610.77843  
11644.63831  
11560.26825  
11607.28678  
11599.61005  
11555.5164  
11599.51848  
11584.55915  
11586.60102  
11577.59328  
11641.74296  
11672.13114  
11643.63316  
11598.34123  
11564.6849  
11574.09126  
11618.0063  
11632.57996  
11604.33624  
11583.97389  
11559.78189  
11602.00629  
11606.77195  
11580.72795  
11604.81886  
11608.47503  
11607.19779  
11630.31478  
11623.77171  
11594.91358  
11614.09129  
11635.5496  
11658.75392  
11609.39069  
11534.40879  
11599.61039  
11607.47429  
11622.62868  
11581.96432  
11625.84336  
11603.83935  
11647.31625  
11632.77272  
11558.45249  
11618.23746  
11603.19349  
11572.28655  
11574.77502  
11595.16634  
11602.95841  
11630.25371  
11603.09267  
11581.29757  
11553.30031  
11550.23937  
11597.04592  
11592.75617  
11590.62408  
11588.18489  
11637.5537  
11583.84527  
11635.50136  
11636.31897  
11602.82748  
11612.51749  
11637.35732  
11645.03964  
11629.39549  
11600.53249  
11602.77366  
11562.05899  
11576.42372  
11567.12677  
11559.09297  
11582.35797  
11620.13881  
11582.23676  
11624.34248  
11573.80316  
11630.81718  
11627.44867  
11567.55043  
11587.77767  
11553.25351  
11611.69835  
11591.01866  
11639.05522  
11618.06152  
11604.02255  
11610.62151  
11602.44822  
11563.81428  
11600.10401  
11594.33744  
11575.57271  
11576.57055  
11613.30155  
11584.23234  
11618.71016  
11607.57248  
11604.43431  
11628.04665  
11573.38783  
11617.9586  
11631.55745  
11535.90046  
11590.189  
11604.75653  
11593.36024  
11625.3102  
11623.65238  
11573.33106  
11593.84376  
11614.11585  
11637.62068  
11626.1568  
11580.18976  
11634.00286  
11644.01174  
11544.77125  
11560.70639  
11556.98286  
11591.95741  
11634.74105  
11572.20699  
11582.09034  
11515.71902  
11647.87303  
11647.30716  
11586.47174  
11601.36127  
11664.17251  
11618.90149  
11643.07427  
11597.62252  
11597.14594  
11634.50366  
11597.7663  
11633.56531  
11619.23602  
11631.52193  
11594.87039  
11588.42226  
11598.45698  
11600.53809  
11584.06162  
11609.79501  
11598.38376  
11627.27378  
11568.58848  
11577.25411  
11599.50826  
11549.02387  
11553.60839  
11597.17395  
11583.1214  
11569.92764  
11607.61152  
11582.82559  
11596.97962  
11590.65948  
11591.3471  
11566.31964  
11560.57112  
11599.2452  
11643.7207  
11619.97926  
11616.1583  
11571.174  
11606.54454  
11615.18537  
11648.51838  
11648.24123  
11645.64709  
11623.27661  
11616.2803  
11599.35356  
11613.77834  
11581.31331  
11579.98931  
11576.75556  
11574.43105  
11588.75308  
11568.44282  
11566.35108  
11557.3465  
11587.52274  
11597.51835  
11566.21998  
11613.12831  
11616.93802  
11634.54083  
11598.65602  
11601.45804  
11637.46887  
11644.61753  
11582.65411  
11619.50266  
11612.21706  
11584.98215  
11638.19309  
11649.36129  
11574.63694  
11620.02151  
11579.29392  
11569.33044  
11577.82741  
11593.73558  
11556.80227  
11614.09626  
11616.728  
11614.6947  
11572.88011  
11579.53792  
11611.71447  
11619.49093  
11605.05896  
11604.64593  
11656.24583  
11600.3138  
11613.61713  
11587.56701  
11603.91715  
11582.42479  
11573.81624  
11594.40623  
11605.18192  
11584.29476  
11612.48283  
11612.65267  
11574.44766  
11598.61992  
11607.84402  
11634.37974  
11644.59206  
11582.54847  
11610.65971  
11572.09681  
11548.67237  
11567.23284  
11568.78063  
11611.04482  
11602.86072  
11582.40313  
11530.70252  
11592.0027  
11628.21032  
11613.71142  
11594.15654  
11596.6379  
11604.26102  
11644.4695  
11592.11507  
11594.34694  
11639.34365  
11581.67283  
11600.5557  
11589.33317  
11563.95326  
11591.87296  
11629.07874  
11638.95403  
11558.55729  
11595.76413  
11613.43603  
11631.50114  
11626.0723  
11614.63696  
11587.56981  
11596.8768  
11600.56337  
11613.39804  
11608.70674  
11569.87714  
11627.63749  
11603.10407  
11563.32815  
11574.14887  
11605.32168  
11674.70411  
11597.41059  
11578.33316  
11581.99902  
11600.36811  
11615.06016  
11590.16626  
11602.6488  
11558.34601  
11617.91613  
11613.4424  
11627.31711  
11626.903  
11589.5381  
11604.42577  
11641.50415  
11643.04641  
11610.93975  
11633.55978  
11549.35076  
11572.29354  
11587.99377  
11644.32427  
11624.97736  
11611.76734  
11594.78352  
11569.04885  
11516.99189  
11534.95021  
11532.97419  
11616.95239  
11570.10534  
11597.02911  
11627.63415  
11594.72984  
11602.32375  
11627.94596  
11591.68584  
11637.44297  
11615.19892  
11625.31349  
11600.45767  
11622.14338  
11588.77379  
11564.49076  
11614.23697  
11576.06688  
11615.04723  
11592.24271  
11548.44694  
11634.43224  
11602.69173  
11569.14424  
11586.12929  
11549.63492  
11572.80335  
11588.4788  
11568.10137  
11564.71381  
11600.80819  
11589.55028  
11640.80544  
11590.43568  
11623.25355  
11578.51766  
11603.26101  
11650.69199  
11579.60589  
11593.7106  
11583.5422  
11623.45046  
11648.79697  
11648.04078  
11626.01811  
11599.34515  
11596.488  
11593.5614  
11622.27673  
11647.46388  
11626.54395  
11608.53857  
11591.49005  
11612.79655  
11586.51777  
11604.00984  
11564.88352  
11577.28903  
11626.26254  
11561.87925  
11623.54658  
11604.29372  
11591.82731  
11621.00109  
11630.36042  
11592.18626  
11608.14338  
11594.9047  
11573.25279  
11588.09727  
11615.12866  
11612.96184  
11611.29093  
11557.99515  
11563.21194  
11596.3768  
11591.71563  
11622.16176  
11608.32939  
11572.54479  
11558.17051  
11589.25443  
11607.89245  
11580.95448  
11614.12262  
11563.22711  
11616.63116  
11588.33938  
11636.55347  
11599.63537  
11637.95316  
11617.79907  
11585.25929  
11587.01252  
11591.46507  
11598.82253  
11626.38194  
11656.32173  
11572.74438  
11627.14618  
11575.39701  
11592.32933  
11613.32305  
11600.62553  
11604.47065  
11616.06528  
11598.91877  
11661.83832  
11622.2965  
11608.72656  
11584.38112  
11653.84823  
11590.80703  
11578.61373  
11588.54689  
11548.13821  
11593.33659  
11554.22078  
11570.77107  
11595.47849  
11543.9207  
11551.89996  
11575.60344  
11598.35361  
11595.73019  
11603.99354  
11570.33821  
11622.90797  
11621.49264  
11621.7982  
11579.21425  
11615.59199  
11574.96129  
11615.02534  
11594.14834  
11586.41218  
11570.36995  
11566.17075  
11594.19219  
11603.42147  
11604.50954  
11573.73919  
11563.96465  
11577.63508  
11647.56891  
11652.38081  
11605.91276  
11576.07139  
11635.79323  
11623.95086  
11633.33731  
11618.2653  
11688.33562  
11643.89025  
11556.78456  
11571.44804  
11620.67618  
11627.07962  
11619.0866  
11629.0982  
11613.29388  
11616.07098  
11633.89218  
11634.64624  
11611.49261  
11615.23518  
11629.50664  
11573.2912  
11573.94774  
11568.16191  
11556.18459  
11629.45399  
11581.39628  
11558.59144  
11585.72344  
11610.15392  
11586.16002  
11634.28912  
11605.16799  
11575.4392  
11609.51456  
11642.83545  
11596.91333  
11589.91588  
11584.79472  
11615.41622  
11633.77578  
11564.69443  
11563.55061  
11579.68527  
11570.73481  
11586.80503  
11576.82941  
11610.58551  
11604.03554  
11535.46518  
11585.26589  
11562.52123  
11591.15953  
11586.83233  
11570.23275  
11615.85478  
11598.02596  
11601.09276  
11590.26518  
11625.10484  
11605.28989  
11577.93614  
11615.17977  
11670.96285  
11635.98376  
11633.19929  
11601.59447  
11594.01828  
11610.66441  
11562.98727  
11541.2774  
11602.00928  
11613.77124  
11598.76068  
11612.18026  
11635.01596  
11598.07425  
11645.90975  
11657.76395  
11596.46338  
11617.88667  
11587.15556  
11557.25906  
11584.41326  
11567.29953  
11552.2113  
11599.78262  
11556.74295  
11590.74025  
11618.24142  
11602.8326  
11609.71028  
11652.48636  
11630.39868  
11615.78483  
11635.43317  
11614.84408  
11599.62398  
11616.54795  
11612.28261  
11565.92616  
11620.59422  
11603.38304  
11582.35275  
11577.34808  
11591.67667  
11583.08027  
11567.13278  
11610.79605  
11577.67087  
11602.54484  
11568.20743  
11572.45111  
11583.08171  
11626.84798  
11612.97278  
11581.21845  
11591.66281  
11604.24828  
11598.86673  
11604.58089  
11569.41874  
11593.21797  
11605.64566  
11607.15422  
11621.05757  
11624.57402  
11624.24063  
11628.22333  
11595.00221  
11613.03824  
11610.19993  
11587.28562  
11602.56918  
11619.37481  
11619.27691  
11599.48935  
11590.69943  
11593.79049  
11574.83657  
11587.90693  
11611.96417  
11574.95011  
11589.82816  
11571.39681  
11587.83422  
11623.35931  
11592.24859  
11602.55486  
11624.60177  
11622.85449  
11610.7025  
11606.57059  
11582.54569  
11603.29281  
11563.57109  
11605.86176  
11615.00015  
11632.625  
11556.83392  
11571.54113  
11577.69517  
11614.61174  
11612.22899  
11604.26919  
11570.8028  
11576.12783  
11618.03994  
11590.85608  
11635.43875  
11612.71763  
11613.98604  
11643.60543  
11652.92292  
11596.15179  
11633.55343  
11587.28648  
11579.82527  
11552.27427  
11575.9581  
11571.14229  
11588.92719  
11602.30432  
11618.70577  
11572.01365  
11647.70334  
11600.1915  
11614.03026  
11601.9251  
11613.50969  
11580.00499  
11622.83927  
11598.15854  
11585.09428  
11618.51983  
11594.75964  
11587.64709  
11589.90427  
11577.97158  
11551.89553  
11528.54239  
11594.18778  
11657.05288  
11570.54194  
11586.73393  
11577.80494  
11531.56359  
11609.88383  
11614.28046  
11593.12539  
11601.3825  
11648.86648  
11606.44265  
11620.03902  
11621.59601  
11684.78465  
11639.01508  
11632.66205  
11599.87192  
11603.54261  
11548.13335  
11605.73253  
11561.98015  
11574.88344  
11579.01587  
11610.12095  
11602.26804  
11603.86663  
11607.57475  
11549.63386  
11599.24566  
11569.54241  
11637.78829  
11623.29863  
11567.45185  
11605.99238  
11596.77661  
11558.40925  
11627.36011  
11578.42246  
11665.91196  
11678.11538  
11610.00401  
11591.73949  
11628.51641  
11576.15042  
11600.72306  
11595.22051  
11632.26473  
11618.48602  
11643.29677  
11620.91277  
11597.08585  
11561.83599  
11596.41556  
11563.26039  
11602.09487  
11564.81006  
11586.45692  
11587.30796  
11608.15189  
11569.74622  
11619.86495  
11587.93114  
11603.30754  
11581.83358  
11596.3755  
11557.95989  
11583.0824  
11612.87012  
11639.80829  
11619.46796  
11626.88565  
11666.83064  
11665.10991  
11663.88803  
11603.64972  
11597.12684  
11610.27244  
11529.10305  
11524.87203  
11559.81163  
11579.98122  
11557.04509  
11552.80169  
11566.9087  
11586.93377  
11579.1137  
11604.79592  
11632.7628  
11659.47488  
11658.29981  
11650.9922  
11606.45653  
11569.68526  
11587.78008  
11617.19313  
11554.15911  
11570.24746  
11588.80495  
11613.84231  
11576.54321  
11598.78931  
11605.11388  
11637.40013  
11608.3507  
11637.90647  
11609.02679  
11599.80765  
11583.694  
11625.84383  
11600.64914  
11587.88596  
11572.78313  
11623.01607  
11629.12855  
11631.50301  
11567.65515  
11562.62015  
11653.74928  
11549.39177  
11603.94223  
11619.28876  
11604.33125  
11625.20975  
11670.90579  
11557.85214  
11581.62959  
11602.85335  
11599.0352  
11622.93897  
11559.71823  
11567.25438  
11597.02213  
11591.6297  
11546.62561  
11579.35814  
11592.53507  
11615.80338  
11646.16013  
11647.88507  
11605.20689  
11638.43453  
11572.61562  
11612.66951  
11563.19324  
11532.99598  
11571.48177  
11593.27504  
11561.53099  
11568.53359  
11624.69857  
11571.6845  
11587.45743  
11625.32859  
11628.23459  
11633.84789  
11605.96737  
11588.71248  
11592.56487  
11580.42491  
11609.36926  
11579.01856  
11569.88523  
11625.14436  
11637.33569  
11687.10421  
11619.10267  
11644.78988  
11617.2982  
11597.74978  
11539.5103  
11544.61752  
11536.78112  
11545.30486  
11568.88676  
11644.29829  
11622.78498  
11689.40148  
11630.25702  
11610.31302  
11555.74349  
11535.80237  
11576.16231  
11596.26217  
11610.09354  
11632.93429  
11633.40348  
11590.51991  
11657.07025  
11580.23567  
11614.14215  
11603.62252  
11589.26401  
11603.24113  
11617.03425  
11627.39668  
11567.56833  
11598.72116  
11577.52713  
11559.59385  
11579.23872  
11587.95791  
11602.1966  
11667.53229  
11618.76658  
11578.56337  
11554.59268  
11590.82157  
11642.89796  
11619.04985  
11591.82161  
11626.82185  
11649.23928  
11601.48273  
11595.35934  
11546.84912  
11572.71033  
11575.70909  
11616.83431  
11557.90979  
11612.30199  
11575.41357  
11647.86513  
11642.55875  
11592.03652  
11605.2242  
11586.06903  
11592.56108  
11613.45453  
11557.34115  
11600.33547  
11601.47747  
11607.02367  
11552.43421  
11640.03722  
11590.26534  
11626.28812  
11596.38695  
11633.33306  
11573.79976  
11621.00399  
11602.10541  
11594.8299  
11602.48114  
11618.226  
11610.0766  
11601.00531  
11569.17101  
11622.9065  
11600.56456  
11591.91706  
11563.31291  
11576.47565  
11578.33744  
11601.58987  
11606.41095  
11643.06234  
11602.37715  
11594.87225  
11625.80826  
11563.03255  
11597.31531  
11590.02164  
11622.8528  
11582.44025  
11595.65721  
11606.38263  
11628.16131  
11640.00604  
11606.55068  
11566.30811  
11626.22328  
11558.22963  
11593.03645  
11573.94389  
11575.25797  
11623.72654  
11611.59657  
11623.93304  
11589.94593  
11587.05209  
11633.79227  
11582.89382  
11568.1549  
11623.77866  
11598.21497  
11611.23  
11561.23137  
11634.03645  
11657.44554  
11648.15279  
11604.12857  
11611.00175  
11616.09178  
11562.36165  
11565.56664  
11575.25578  
11542.10544  
11594.46364  
11579.57768  
11575.20294  
11591.46651  
11637.38591  
11613.15751  
11595.18751  
11550.50915  
11620.04462  
11643.7365  
11620.67101  
11633.78216  
11587.16652  
11648.88816  
11608.38713  
11601.4521  
11581.36543  
11565.22962  
11560.17137  
11565.91692  
11579.48808  
11599.99989  
11574.79083  
11619.5819  
11621.02549  
11634.60218  
11612.88045  
11638.1374  
11614.94852  
11575.25153  
11546.8884  
11576.17914  
11596.40044  
11605.02678  
11596.96655  
11571.84006  
11647.98904  
11626.72776  
11616.65332  
11581.19979  
11625.79985  
11587.23848  
11588.17178  
11534.61387  
11531.83134  
11597.13656  
11667.98901  
11619.07374  
11615.98377  
11610.8183  
11692.77617  
11630.00568  
11627.20952  
11584.85903  
11574.18097  
11568.62112  
11585.83769  
11555.04708  
11515.8831  
11556.6666  
11575.08751  
11590.74494  
11628.80313  
11624.2661  
11601.84073  
11568.23319  
11612.17718  
11608.73172  
11576.78375  
11637.12262  
11632.3009  
11660.9999  
11610.98061  
11626.91959  
11573.70567  
11592.49758  
11596.5741  
11651.56786  
11691.35613  
11648.60496  
11663.07067  
11622.52962  
11603.39537  
11544.57399  
11584.6033  
11540.29137  
11546.05198  
11025.37493  
11573.36542  
11616.56444  
11612.91337  
11589.52526  
11594.97984  
11618.77666  
11579.1926  
11593.06285  
11615.49661  
11673.06904  
11619.71257  
11636.42955  
11678.17494  
11636.29216  
11644.88869  
11612.88735  
11632.11827  
11661.93281  
11673.36449  
11605.09795  
11573.59266  
11619.20347  
11608.07766  
11608.10833  
11602.98089  
11593.386  
11598.51074  
11649.74887  
11623.43957  
11628.95029  
11635.83946  
11592.90681  
11560.13787  
11544.11893  
11532.05202  
11578.22922  
11575.41682  
11598.1022  
11558.28935  
11605.94313  
11593.09494  
11591.05663  
11581.61605  
11599.96575  
11543.1338  
11594.46617  
11602.52138  
11580.70678  
11553.71342  
11603.94085  
11614.07621  
11622.72607  
11648.33602  
11665.84071  
11623.5195  
11585.09751  
11597.76774  
11581.76273  
11573.05498  
11594.49144  
11601.5678  
11637.91091  
11612.04206  
11642.04319  
11620.62747  
11594.45639  
11577.26633  
11642.90696  
11613.42909  
11607.18279  
11637.41128  
11597.50942  
11571.5752  
11602.62717  
11615.38365  
11556.68605  
11623.69518  
11587.38125  
11622.66286  
11638.77597  
11607.69403  
11622.53945  
11591.63548  
11585.44722  
11622.75579  
11568.51722  
11564.29304  
11558.94998  
11605.42202  
11606.58356  
11614.30767  
11631.30141  
11620.0712  
11610.63911  
11609.9645  
11600.98948  
11573.31925  
11637.26743  
11587.28969  
11587.70628  
11581.25505  
11566.55502  
11608.02993  
11572.16034  
11612.48254  
11629.05434  
11604.82133  
11651.88497  
11626.59376  
11591.04089  
11613.90251  
11595.02464  
11615.63888  
11578.9785  
11611.52528  
11580.20964  
11598.65695  
11572.51094  
11552.56684  
11582.64806  
11653.57843  
11588.827  
11645.01991  
11590.65132  
11589.26768  
11639.56929  
11588.00172  
11545.2898  
11592.62339  
11577.93404  
11618.23552  
11575.49356  
11533.98673  
11595.03844  
11597.62573  
11623.69576  
11627.803  
11581.91748  
11584.59591  
11595.24595  
11612.14266  
11599.98128  
11596.95344  
11600.2029  
11580.72039  
11564.60145  
11592.32536  
11619.54449  
11616.88873  
11628.17642  
11630.62291  
11632.67974  
11610.90103  
11598.11303  
11557.1923  
11599.72217  
11593.82617  
11592.75175  
11598.95885  
11604.3662  
11585.69534  
11606.2242  
11590.2176  
11577.51851  
11615.89698  
11657.56184  
11626.61751  
11638.56157  
11633.38001  
11589.89062  
11568.44502  
11620.51217  
11658.74547  
11557.64733  
11562.89661  
11560.25539  
11586.28373  
11576.39907  
11567.80922  
11601.77685  
11617.00686  
11658.03442  
11599.00008  
11587.55891  
11589.82385  
11590.70397  
11601.83735  
11555.76602  
11566.77805  
11590.12775  
11635.72989  
11623.98604  
11628.98464  
11592.69626  
11611.58687  
11607.95947  
11609.45081  
11609.40072  
11628.54058  
11602.77558  
11595.35377  
11603.62209  
11612.1757  
11643.69091  
11647.1182  
11604.62437  
11570.09163  
11600.47191  
11560.91533  
11575.85342  
11589.40868  
11590.06195  
11582.72372  
11618.54265  
11625.47993  
11642.64368  
11586.19042  
11576.79788  
11591.22445  
11592.04581  
11605.22548  
11571.68268  
11586.0198  
11588.43161  
11627.93147  
11617.92089  
11631.96648  
11562.27893  
11580.82638  
11575.96673  
11609.04666  
11625.59321  
11568.2157  
11596.06721  
11602.67789  
11632.93594  
11599.19206  
11585.85068  
11573.67392  
11585.54983  
11589.02661  
11575.76115  
11591.37795  
11575.90769  
11588.47082  
11575.58902  
11601.39744  
11589.25685  
11605.0157  
11615.61926  
11603.39371  
11635.38736  
11655.93404  
11642.86289  
11616.2553  
11570.70416  
11604.01003  
11592.67781  
11596.60356  
11592.3875  
11590.03625  
11597.13571  
11578.48672  
11550.64796  
11559.53635  
11572.92895  
11622.66964  
11648.22308  
11627.34906  
11638.50718  
11621.72824  
11606.03297  
11605.01253  
11602.82053  
11568.57022  
11623.60386  
11627.74049  
11655.74247  
11617.31596  
11620.00392  
11568.64884  
11587.30545  
11570.54524  
11599.87158  
11536.20053  
11578.8318  
11617.08857  
11588.91306  
11602.68533  
11633.24366  
11641.64239  
11661.34572  
11633.28164  
11629.01117  
11598.85675  
11625.03903  
11649.0254  
11622.68991  
11545.59854  
11586.9946  
11517.8282  
11530.68128  
11591.51593  
11670.13128  
11594.72898  
11609.10497  
11587.65068  
11567.79297  
11607.73979  
11604.8191  
11630.49708  
11587.9125  
11595.7955  
11556.80492  
11621.04667  
11604.27538  
11597.22312  
11608.51837  
11576.16641  
11610.99596  
11600.9483  
11556.0996  
11540.12763  
11620.33073  
11601.2968  
11607.71041  
11611.57848  
11577.84345  
11607.31982  
11610.21164  
11614.48738  
11427.47225  
11585.52298  
11584.45003  
11599.80414  
11562.46248  
11569.8576  
11580.43445  
11576.77134  
11593.05618  
11646.38834  
11611.50265  
11607.21716  
11606.13132  
11611.41802  
11585.42309  
11618.15139  
11593.16275  
11618.13366  
11588.05486  
11643.94151  
11626.31357  
11672.96857  
11625.03157  
11628.16126  
11662.10283  
11692.93541  
11640.8815  
11588.12579  
11567.95797  
11572.38205  
11625.54451  
11590.06796  
11601.28145  
11591.6667  
11602.38995  
11574.38627  
11573.9614  
11593.64673  
11606.06757  
11595.2875  
11620.59203  
11596.9574  
11644.94138  
11624.84205  
11658.43964  
11628.87396  
11588.9979  
11553.95945  
11596.26664  
11582.88708  
11603.44028  
11559.93848  
11573.82326  
11592.98533  
11558.65521  
11576.32864  
11574.98673  
11643.93068  
11636.55244  
11585.30739  
11560.97718  
11593.92796  
11631.89647  
11577.52068  
11533.50776  
11544.2606  
11560.58369  
11579.36468  
11555.26621  
11604.82006  
11600.6911  
11609.47148  
11609.55515  
11609.72264  
11570.70035  
11604.80992  
11602.67516  
11660.98468  
11615.34049  
11597.37396  
11599.09746  
11592.62424  
11595.40226  
11620.27982  
11643.53625  
11599.79219  
11590.85928  
11596.00879  
11425.39533  
11864.83781  
11608.8688  
11465.52349  
11540.09877  
11610.39167  
11588.63091  
11609.905  
11647.85497  
11600.94549  
11598.01802  
11598.23672  
11575.41076  
11577.5615  
11596.32808  
11619.56551  
11642.05584  
11629.12085  
11634.93942  
11630.31515  
11622.53285  
11642.93929  
11629.89383  
11581.87852  
11609.96664  
11547.2746  
11630.38668  
11636.92112  
11651.69489  
11615.67449  
11589.60408  
11575.74469  
11622.19223  
11598.87843  
11603.35197  
11566.6097  
11545.78142  
11538.7765  
11579.72625  
11549.88634  
11575.31268  
11592.92849  
11556.73658  
11606.69277  
11608.04465  
11595.04491  
11607.1624  
11599.51701  
11566.29794  
11584.61726  
11615.49691  
11560.92786  
11613.92397  
11613.15777  
11613.78274  
11604.89542  
11612.4771  
11595.50092  
11590.75593  
11620.02693  
11593.20892  
11598.58531  
11576.69227  
11595.19291  
11610.80541  
11641.4793  
11614.04676  
11583.80663  
11608.18047  
11562.46542  
11616.82562  
11618.47669  
11642.64765  
11616.67824  
11590.70818  
11575.80976  
11556.69586  
11615.20772  
11584.13433  
11593.29084  
11597.26755  
11596.29351  
11634.0792  
11614.96157  
11595.28579  
11597.07205  
11569.4  
11594.35056  
11632.86395  
11531.46932  
11594.85179  
11618.11523  
11628.93457  
11620.34937  
11619.37448  
11628.71344  
11572.37581  
11613.44602  
11599.42136  
11581.64605  
11606.7209  
11583.83783  
11622.01541  
11622.55525  
11640.67162  
11584.79445  
11608.89889  
11689.55431  
11677.74962  
11641.46122  
11575.42166  
11581.74377  
11628.10119  
11577.70428  
11617.46307  
11581.04971  
11602.41164  
11068.51715  
11498.30682  
11730.14377  
11595.64451  
11623.27116  
11638.1662  
11631.59388  
11584.99102  
11605.76917  
11609.73664  
11550.76607  
11584.57448  
11631.21062  
11643.90382  
11614.71182  
11582.15231  
11626.6232  
11632.02767  
11627.66907  
11589.50542  
11600.82768  
11575.22546  
11610.3492  
11612.77548  
11611.41507  
11561.28816  
11646.74543  
11652.62439  
11584.30209  
11593.1455  
11645.17271  
11642.26681  
11638.91213  
11597.44127  
11599.62592  
11584.59357  
11586.15373  
11635.37556  
11616.28392  
11605.90316  
11607.30796  
11595.52976  
11592.48507  
11539.04072  
11575.51186  
11556.70834  
11628.33338  
11593.69075  
11586.7184  
11619.95453  
11610.96194  
11625.34064  
11606.6216  
11634.73747  
11629.55554  
11607.46804  
11609.93125  
11577.63104  
11600.25435  
11612.15327  
11601.41791  
11595.36635  
11564.86207  
11598.37307  
11598.9059  
11550.56271  
11598.35068  
11632.03552  
11628.27933  
11624.36582  
11597.59826  
11578.68066  
11562.20193  
11587.86024  
11545.39964  
11572.48613  
11629.65122  
11644.96375  
11613.40365  
11564.18405  
11546.39506  
11606.07525  
11629.81721  
11634.49255  
11609.12297  
11648.26144  
11564.24822  
11614.74623  
11633.62233  
11619.99585  
11598.03056  
11588.39342  
11614.00833  
11576.76536  
11585.16274  
11573.83315  
11597.91491  
11579.18355  
11651.51997  
11623.00875  
11658.17314  
11641.097  
11627.22548  
11636.36853  
11639.83483  
11622.19788  
11607.21037  
11601.33986  
11608.71782  
11583.21592  
11608.49587  
11601.879  
11595.85741  
11592.63389  
11593.28881  
11571.28381  
11589.25314  
11597.64148  
11600.97992  
11635.96162  
11588.55896  
11600.44572  
11570.59821  
11612.35165  
11584.51069  
11557.2672  
11547.34425  
11572.57019  
11620.77975  
11636.72417  
11649.60856  
11619.14317  
11627.43324  
11640.0686  
11601.02665  
11523.74332  
11491.81583  
11583.12615  
11642.46051  
11589.36601  
11592.69122  
11629.07882  
11589.91014  
11573.02694  
11624.31041  
11593.55633  
11598.2045  
11549.56373  
11606.03172  
11585.6972  
11625.0052  
11653.02225  
11595.81338  
11597.75821  
11624.37221  
11620.75687  
11579.55279  
11629.60325  
11611.3273  
11686.31167  
11627.04854  
11599.12704  
11532.70249  
11610.00249  
11579.56792  
11582.95765  
11567.13795  
11554.78012  
11554.94152  
11563.43849  
11592.2382  
11562.18251  
11584.15278  
11558.22505  
11660.53775  
11610.1189  
11580.86441  
11597.54852  
11590.84352  
11617.9117  
11617.1985  
11589.54722  
11624.78391  
11596.2906  
11589.67342  
11575.22297  
11609.75674  
11614.71431  
11607.87678  
11623.89011  
11594.17055  
11579.84089  
11572.80848  
11644.24053  
11635.98272  
11614.14785  
11600.46363  
11547.68187  
11615.40422  
11608.44524  
11593.299  
11616.75064  
11590.92818  
11581.0501  
11607.77578  
11550.31481  
11602.61782  
11562.84659  
11573.7827  
11640.22986  
11638.78546  
11613.85003  
11600.37762  
11600.35286  
11589.06528  
11592.78357  
11587.80312  
11575.26313  
11589.4559  
11567.84484  
11584.81215  
11605.35192  
11604.18598  
11623.49215  
11576.62345  
11577.73112  
11591.36268  
11602.98223  
11615.55562  
11571.94828  
11600.77525  
11593.00724  
11605.71919  
11577.31243  
11609.47949  
11605.90162  
11731.39992  
11540.77657  
11567.43635  
11640.07284  
11600.89452  
11656.7701  
11569.60107  
11610.34249  
11502.1484  
11541.42428  
11500.53627  
11564.32285  
11604.34643  
11559.975  
11567.71842  
11567.12368  
11558.34943  
11568.86753  
11604.00546  
11578.33574  
11605.93187  
11650.00545  
11627.59123  
11608.01511  
11619.19059  
11603.74538  
11589.41542  
11546.80658  
11577.20029  
11590.99488  
11602.78786  
11653.56546  
11660.32434  
11659.44716  
11557.66792  
11625.84586  
11568.34186  
11591.50843  
11555.58795  
11594.96073  
11572.62767  
11603.33559  
11637.71279  
11634.58817  
11664.10668  
11618.52982  
11653.94441  
11642.75357  
11641.88311  
11615.3149  
11598.99396  
11604.69376  
11616.54448  
11627.0101  
11588.78425  
11546.10177  
11568.91216  
11607.04845  
11628.51462  
11585.99108  
11616.69913  
11562.94841  
11658.15996  
11658.9978  
11672.27358  
11621.01436  
11610.59765  
11563.59121  
11562.50923  
11525.2121  
11551.01263  
11523.91469  
11503.17477  
11707.85559  
11677.69476  
11623.62816  
11605.64961  
11572.67705  
11569.12713  
11582.47403  
11578.34743  
11597.30273  
11640.56971  
11622.85742  
11644.43121  
11626.68412  
11631.59226  
11595.4405  
11578.59557  
11614.5372  
11664.23382  
11617.35362  
11585.10295  
11559.07285  
11605.64187  
11589.27154  
11589.37858  
11571.44801  
11563.88356  
11578.72029  
11663.73629  
11626.59512  
11630.15381  
11556.16936  
11560.4856  
11632.08018  
11589.60116  
11597.07022  
11582.93653  
11602.23676  
11588.22504  
11607.07983  
11600.04136  
11646.72763  
11568.16656  
11547.41956  
11560.5497  
11596.98365  
11551.85186  
11587.48475  
11620.18506  
11641.23481  
11633.92552  
11631.99562  
11623.29086  
11625.09761  
11596.87186  
11578.6259  
11601.93065  
11665.33287  
11613.2041  
11637.64923  
11628.50651  
11582.03835  
11612.63563  
11571.03468  
11551.52967  
11532.11218  
11580.30688  
11615.83862  
11572.07321  
11630.99546  
11540.0577  
11552.82503  
11552.60952  
11640.82285  
11612.17083  
11602.84101  
11614.92857  
11579.62484  
11554.78101  
11619.14975  
11622.97545  
11606.06971  
11596.6851  
11562.99648  
11636.67923  
11607.6864  
11586.81655  
11603.84504  
11632.83066  
11597.61008  
11633.44133  
11643.11186  
11630.4434  
11609.99651  
11584.79427  
11587.67601  
11578.59914  
11561.03801  
11573.97465  
11592.65174  
11601.88782  
11605.85699  
11607.4947  
11590.12848  
11603.25778  
11603.45435  
11573.96157  
11589.19082  
11586.92995  
11561.33235  
11649.79745  
11635.32745  
11676.93457  
11609.88105  
11595.94399  
11623.38165  
11612.96665  
11544.42233  
11577.7211  
11549.47131  
11610.69026  
11652.05261  
11681.32896  
11652.43384  
11634.7453  
11633.67308  
11601.50781  
11649.42897  
11573.35759  
11554.28022  
11546.13907  
11485.86896  
11559.61243  
11553.47788  
11600.07335  
11600.60731  
11637.93863  
11647.56553  
11611.73384  
11578.49927  
11585.03587  
11588.1424  
11594.91992  
11596.25639  
11603.41802  
11566.45837  
11593.47105  
11609.9461  
11583.50701  
11605.36384  
11581.75847  
11597.04219  
11630.47871  
11621.53656  
11609.69309  
11627.46233  
11639.28469  
11690.0903  
11590.65573  
11615.20774  
11646.56712  
11613.57511  
11580.1119  
11564.02132  
11609.98643  
11610.8524  
11601.96117  
11614.00912  
11613.38392  
11603.99114  
11608.83213  
11618.92806  
11662.11677  
11587.08121  
11598.78872  
11537.91583  
11569.28719  
11553.36423  
11560.88191  
11533.03281  
11493.02064  
11560.19625  
11606.97443  
11607.35012  
11668.7704  
11676.64234  
11633.43958  
11605.64197  
11621.49948  
11613.91494  
11628.46904  
11636.02853  
11659.17154  
11550.37792  
11588.7817  
11603.36232  
11586.10283  
11560.18516  
11585.54383  
11593.16756  
11564.63229  
11604.24016  
11569.06789  
11560.73835  
11605.60802  
11596.12808  
11567.56007  
11565.1025  
11602.39946  
11578.06517  
11584.15559  
11594.1707  
11611.58718  
11641.89051  
11624.47253  
11608.49899  
11633.20357  
11657.39801  
11598.94995  
11652.86335  
11635.44963  
11584.35847  
11623.00393  
11625.40453  
11660.88862  
11641.78178  
11684.20159  
11673.83142  
11672.5655  
11613.97924  
11620.18968  
11657.56497  
11588.25511  
11608.05542  
11580.52778  
11566.28293  
11621.54205  
11552.14308  
11551.5114  
11472.32586  
11444.14616  
11462.39671  
11529.36804  
11477.23957  
11533.7747  
11583.26759  
11548.16613  
11557.55468  
11586.357  
11572.40887  
11575.56385  
11563.48125  
11569.06433  
11559.59293  
11611.75594  
11601.6626  
11636.64293  
11587.12516  
11585.88023  
11600.94841  
11611.47958  
11643.43797  
11663.69459  
11653.53996  
11664.95641  
11643.95923  
11654.50916  
11632.70577  
11641.43268  
11622.42453  
11605.79583  
11613.01272  
11618.46473  
11592.56914  
11613.97015  
11627.03816  
11573.74982  
11552.78009  
11583.00775  
11514.9095  
11724.70994  
11702.86636  
11471.15124  
11694.52155  
11639.68162  
11621.92793  
11515.90329  
11586.76258  
11622.4064  
11555.53538  
11621.58841  
11621.51635  
11602.69113  
11614.46997  
11623.48034  
11592.86107  
11617.69901  
11627.92627  
11615.8358  
11593.70078  
11557.62656  
11580.03615  
11568.71295  
11599.5083  
11651.90102  
11593.69418  
11614.25193  
11595.7849  
11591.57932  
11582.7972  
11581.83808  
11576.93358  
11590.13904  
11582.72759  
11602.41703  
11615.41711  
11592.90618  
11593.7287  
11599.85805  
11612.57173  
11600.2595  
11588.81217  
11632.60338  
11616.02675  
11584.06458  
11633.0113  
11631.27903  
11628.3553  
11625.29664  
11591.76859  
11604.28877  
11645.89126  
11674.28169  
11626.36388  
11598.28798  
11578.81138  
11600.41515  
11586.74224  
11608.77333  
11589.33503  
11611.79885  
11567.96104  
11613.58166  
11626.23025  
11596.98041  
11618.81763  
11606.94714  
11611.2577  
11558.22329  
11584.53568  
11577.65789  
11604.15475  
11463.47175  
11588.13743  
11569.24105  
11553.4394  
11559.71079  
11587.69927  
11618.58438  
11601.33913  
11587.65221  
11569.40911  
11611.7729  
11567.52701  
11587.34569  
11595.91007  
11580.99798  
11610.30328  
11594.01942  
11564.20309  
11595.16576  
11615.41028  
11602.91503  
11608.88367  
11577.12922  
11627.17332  
11644.02977  
11625.3541  
11621.86451  
11639.51697  
11596.89359  
11638.02552  
11608.73323  
11614.2935  
11592.96757  
11617.93064  
11624.51993  
11605.45648  
11570.25459  
11611.06355  
11707.3241  
11656.20594  
11608.04086  
11615.62894  
11639.5607  
11634.27033  
11603.25594  
11601.78592  
11596.31672  
11648.99535  
11627.10876  
11623.62973  
11574.74494  
11610.57537  
11635.51868  
11640.76794  
11670.74729  
11640.85164  
11652.57302  
11633.91345  
11588.21566  
11587.55481  
11553.1674  
11589.13726  
11626.93034  
11611.18905  
11639.2853  
11601.77979  
11619.88568  
11595.42317  
11576.33118  
11492.99964  
11538.01361  
11388.70808  
11607.94542  
11443.37177  
11617.68161  
11569.94183  
11531.83346  
11574.28425  
11628.49512  
11559.2551  
11604.24014  
11682.75863  
11671.47583  
11612.37812  
11604.5061  
11562.33842  
11473.16434  
11515.29868  
11487.99717  
11503.07052  
11517.38258  
11534.78352  
11625.25179  
11616.81077  
11608.58918  
11596.8953  
11603.04335  
11634.78455  
11605.51283  
11621.28159  
11606.88273  
11578.5542  
11606.86901  
11625.02956  
11602.9024  
11645.06256  
11612.70441  
11626.7275  
11634.98078  
11636.1593  
11642.81898  
11616.25501  
11615.11028  
11584.73767  
11561.518  
11657.05385  
11630.64315  
11652.74856  
11622.66801  
11567.23009  
11554.1837  
11575.86995  
11599.84043  
11588.67357  
11586.76345  
11590.22096  
11585.45387  
11641.59915  
11608.14959  
11639.4258  
11602.02757  
11616.20625  
11633.70972  
11598.91495  
11549.19301  
11565.11933  
11596.29636  
11630.06903  
11596.87066  
11646.86296  
11600.8447  
11626.74609  
11646.05823  
11635.86787  
11644.78769  
11594.5689  
11592.68929  
11551.42038  
11544.61269  
11583.89505  
11584.21675  
11588.22187  
11537.69699  
11589.1153  
11552.58014  
11581.87393  
11589.02711  
11658.44104  
11629.90904  
11625.33927  
11630.67849  
11629.10264  
11577.23936  
11538.87246  
11596.83804  
11592.29283  
11571.07903  
11612.50308  
11615.57193  
11529.8118  
11559.7184  
11554.3809  
11560.243  
11591.28844  
11618.10719  
11635.68791  
11632.56252  
11690.29154  
11615.38953  
11622.12441  
11660.41117  
11645.15331  
11582.05579  
11593.51928  
11603.83543  
11604.61573  
11571.93131  
11585.15768  
11626.85345  
11602.94298  
11577.56624  
11580.08982  
11611.65285  
11637.76062  
11680.70908  
11617.89497  
11630.98225  
11593.21349  
11600.50084  
11567.64963  
11622.64906  
11598.03172  
11620.6895  
11592.14898  
11587.74125  
11592.54203  
11542.93553  
11548.29528  
11580.53568  
11583.33679  
11625.48535  
11610.02239  
11563.83024  
11592.53165  
11562.40418  
11576.87616  
11529.55746  
11582.94548  
11575.28778  
11550.42275  
11543.90407  
11601.62122  
11517.91448  
11623.96872  
11572.51939  
11578.94352  
11576.41879  
11708.14594  
11645.98974  
11640.1658  
11648.36141  
11612.65479  
11598.80912  
11569.31006  
11634.2389  
11625.80261  
11615.06456  
11607.72964  
11634.82023  
11598.82365  
11603.66013  
11607.92506  
11604.21455  
11617.43148  
11630.63681  
11622.38981  
11611.50605  
11614.52081  
11656.48458  
11647.34735  
11609.79914  
11616.99414  
11599.12882  
11590.12757  
11568.10018  
11592.51009  
11596.69953  
11608.51516  
11550.22643  
11547.86283  
11592.73871  
11639.91381  
11613.57899  
11589.08335  
11570.99834  
11552.97836  
11562.52318  
11516.08361  
11555.76131  
11586.23209  
11638.75379  
11616.71057  
11619.30048  
11656.67385  
11594.86055  
11583.01798  
11553.10205  
11572.18031  
11575.93471  
11564.49108  
11605.21401  
11609.17112  
11618.12613  
11624.22105  
11589.40083  
11589.63883  
11578.0278  
11591.14647  
11637.63709  
11605.40817  
11633.78422  
11619.98645  
11603.81366  
11541.90502  
11643.77938  
11691.18915  
11651.538  
11660.39875  
11594.27442  
11658.53857  
11459.68656  
11597.2716  
11559.25049  
11574.53169  
11596.4361  
11589.20206  
11645.27888  
11597.71723  
11615.45016  
11651.60456  
11595.60815  
11586.06559  
11568.65509  
11536.29264  
11543.36251  
11579.96806  
11602.22029  
11614.5313  
11600.28101  
11614.77588  
11537.49295  
11549.49394  
11535.84084  
11616.0223  
11618.88033  
11577.32895  
11619.68725  
11616.63916  
11597.48842  
11626.62618  
11667.74429  
11692.83307  
11655.66979  
11611.18396  
11615.75928  
11572.07523  
11568.05751  
11574.70222  
11592.79038  
11614.46942  
11590.98497  
11601.2474  
11557.55148  
11587.00767  
11633.79407  
11538.3367  
11563.56991  
11565.47485  
11557.93335  
11613.1386  
11600.6609  
11547.81773  
11597.10762  
11605.10504  
11557.93123  
11613.9783  
11665.34002  
11706.17383  
