9869.551406  
9837.956328  
9802.326777  
9776.088965  
9746.426445  
9751.831494  
9785.887852  
9811.015576  
9824.456133  
9801.408877  
9786.658594  
9788.541924  
9805.827324  
9789.772539  
9771.659736  
9826.939443  
9778.882217  
9741.462891  
9790.306865  
9791.201455  
9803.221182  
9787.646816  
9786.243887  
9806.192754  
9815.938799  
9835.212627  
9753.716719  
9786.942725  
9786.140654  
9825.501689  
9824.604404  
9781.409023  
9773.405527  
9764.846963  
9740.997725  
9761.601543  
9742.776533  
9758.623379  
9742.020459  
9678.368203  
9706.579316  
9751.510967  
9725.218516  
9790.053154  
9756.150518  
9760.231318  
9766.482266  
9789.588838  
9838.988418  
9848.903457  
9834.649629  
9822.800537  
9789.471055  
9744.545303  
9748.144951  
9761.449023  
9743.494746  
9724.949072  
9763.894785  
9771.692217  
9810.69749  
9855.491875  
9900.621563  
9868.815908  
9899.562031  
9886.781504  
9859.009912  
9810.336592  
9785.899619  
9772.888701  
9749.787178  
9767.443984  
9764.002139  
9833.776592  
9812.442373  
9808.368896  
9848.155557  
9833.958154  
9856.079863  
9854.166592  
9851.301602  
9816.943213  
9798.001484  
9794.123506  
9786.611221  
9807.197686  
9814.345645  
9790.682871  
9813.6046  
9797.489727  
9787.959063  
9790.735869  
9798.090146  
9821.55126  
9769.321494  
9747.121914  
9800.658477  
9812.107939  
9783.793301  
9768.006885  
9746.669141  
9762.107324  
9748.331934  
9778.444658  
9770.348262  
9773.651367  
9804.220186  
9836.067422  
9871.037539  
9848.748643  
9800.428164  
9797.251523  
9783.330879  
9839.647373  
9847.239961  
9828.433232  
9817.939805  
9826.683457  
9779.223662  
9743.124238  
9771.093125  
9798.52502  
9785.225469  
9779.465313  
9778.546113  
9752.417725  
9743.205342  
9803.792061  
9811.583887  
9792.558428  
9778.106855  
9797.879902  
9747.115352  
9792.324307  
9813.854844  
9775.869014  
9774.518447  
9775.336504  
9793.694756  
9748.055684  
9785.229326  
9802.554775  
9839.75624  
9844.887812  
9869.726221  
9851.04957  
9825.420547  
9829.229922  
9774.172881  
9786.338428  
9764.364063  
9776.809473  
9812.791836  
9785.19918  
9795.349062  
9763.82376  
9755.75585  
9788.681875  
9770.89376  
9766.956338  
9785.55667  
9761.665479  
9780.406533  
9828.344902  
9822.204717  
9816.911123  
9757.352998  
9801.460146  
9800.055439  
9773.972617  
9812.882412  
9815.428701  
9829.169463  
9824.920908  
9811.521006  
9807.366475  
9788.843477  
9847.71709  
9874.139629  
9849.808887  
9792.305957  
9748.773408  
9804.360352  
9784.967822  
9793.788984  
9826.066328  
9823.044434  
9862.667832  
9780.946523  
9764.493867  
9766.60168  
9806.974053  
9858.751777  
9833.601123  
9816.595059  
9827.938613  
9752.491855  
9787.746279  
9755.66085  
9729.492734  
9769.873486  
9751.270488  
9766.527412  
9748.78002  
9767.457754  
9820.88458  
9791.788779  
9795.905625  
9780.776855  
9753.662109  
9763.719951  
9764.164297  
9830.420254  
9825.404258  
9808.973389  
9809.476084  
9810.610586  
9793.667646  
9836.70498  
9792.814336  
9795.009033  
9802.045137  
9853.00833  
9853.724521  
9802.381689  
9789.641641  
9778.563486  
9763.582988  
9786.242939  
9794.145215  
9787.951855  
9787.433857  
9774.907744  
9771.764043  
9758.436484  
9807.289883  
9778.008066  
9769.638242  
9765.888135  
9751.252324  
9781.782061  
9831.796592  
9837.537949  
9775.734629  
9813.021543  
9819.604609  
9858.197266  
9884.272207  
9822.799531  
9773.528984  
9751.176768  
9742.71957  
9735.3771  
9724.218242  
9787.654316  
9769.215811  
9778.522539  
9777.696094  
9777.93249  
9807.122949  
9810.045752  
9810.278711  
9798.601943  
9793.881465  
9854.009521  
9817.525566  
9817.035234  
9803.547842  
9805.934033  
9817.999102  
9825.358262  
9843.316611  
9821.047764  
9872.571865  
9794.329531  
9757.973643  
9768.471465  
9776.059307  
9827.872207  
9839.931777  
9843.457256  
9792.956094  
9849.983311  
9834.559482  
9846.27707  
9812.951855  
9822.852197  
9751.033252  
9780.061709  
9757.525986  
9757.959932  
9817.581406  
9799.301494  
9784.276357  
9761.263037  
9745.708838  
9768.306816  
9743.352842  
9823.657734  
9821.533252  
9828.538691  
9840.757187  
9811.649922  
9787.930107  
9790.343271  
9780.341533  
9718.560752  
9769.826748  
9755.420674  
9782.463438  
9796.575059  
9748.233066  
9792.006172  
9765.153105  
9760.811689  
9822.321572  
9784.942666  
9746.605156  
9853.970498  
9878.083955  
9855.963818  
9847.746689  
9828.756484  
9801.777568  
9765.157002  
9809.417207  
9795.180371  
9826.396016  
9798.092373  
9759.813984  
9783.410068  
9782.84623  
9837.50459  
9795.508076  
9758.720703  
9794.212627  
9777.732324  
9753.091689  
9784.607148  
9772.566338  
9792.108701  
9809.907002  
9829.700137  
9860.834844  
9838.991143  
9794.913467  
9791.342441  
9817.611084  
9790.268994  
9752.485596  
9761.950889  
9771.664258  
9798.021885  
9781.809375  
9827.614863  
9774.383379  
9827.349766  
9808.37583  
9834.112686  
9839.1879  
9822.013262  
9843.414326  
9790.01333  
9802.912803  
9783.851953  
9800.651729  
9770.643154  
9777.63082  
9805.795879  
9812.973643  
9798.696729  
9820.589189  
9823.335674  
9841.718525  
9791.470342  
9764.464717  
9792.588721  
9752.843271  
9769.595791  
9790.881201  
9847.274492  
9831.971924  
9787.247148  
9758.081123  
9750.43167  
9791.043027  
9804.083652  
9798.741094  
9756.86585  
9812.995391  
9783.604775  
9771.143174  
9779.402451  
9840.14334  
9837.386064  
9804.09125  
9773.374453  
9742.047617  
9785.904473  
9774.431416  
9775.952832  
9852.281787  
9849.430566  
9878.538408  
9824.833184  
9779.769756  
9769.503154  
9774.259766  
9807.058867  
9822.155137  
9819.140986  
9777.869365  
9783.411006  
9789.888809  
9792.733359  
9772.88376  
9804.20751  
9783.635859  
9784.65042  
9800.950537  
9767.09207  
9782.993887  
9760.471582  
9769.983135  
9806.955176  
9859.271211  
9824.116836  
9782.987246  
9795.315498  
9750.685566  
9813.773779  
9778.14415  
9755.938721  
9787.566992  
9731.723037  
9767.484014  
9802.764541  
9798.395  
9819.509463  
9804.136992  
9807.529961  
9824.242861  
9839.900098  
9849.184902  
9824.938389  
9816.545928  
9824.765342  
9816.201279  
9812.006416  
9862.601279  
9787.064453  
9793.849746  
9813.636992  
9816.327383  
9859.140977  
9809.419248  
9789.763115  
9818.36335  
9769.101914  
9807.202549  
9792.062529  
9810.809932  
9831.958965  
9779.089678  
9781.081104  
9784.8446  
9754.15918  
9798.095898  
9782.707686  
9787.338105  
9757.009062  
9745.512285  
9707.3721  
9743.423008  
9751.683096  
9771.196455  
9803.976797  
9826.841025  
9836.670459  
9845.288643  
9797.664326  
9823.46416  
9773.62292  
9769.888994  
9795.499932  
9745.100107  
9751.68873  
9788.459668  
9738.484727  
9780.43124  
9787.144414  
9813.697949  
9848.490146  
9897.851768  
9857.740264  
9875.10748  
9762.165225  
9841.828027  
9826.139863  
9791.866592  
9803.203105  
9792.807764  
9791.997959  
9806.020518  
9836.251484  
9844.309805  
9780.655381  
9772.479346  
9796.525059  
9785.901094  
9783.054043  
9775.888076  
9765.654336  
9792.118096  
9761.686221  
9748.688779  
9737.431807  
9772.178545  
9776.939375  
9801.958203  
9763.095732  
9760.886602  
9796.549531  
9749.537188  
9736.203506  
9807.752354  
9824.496807  
9855.137451  
9866.057051  
9873.194307  
9833.408018  
9809.50001  
9788.878457  
9804.592842  
9818.861338  
9788.535078  
9811.482783  
9855.447051  
9835.468242  
9807.384775  
9796.897666  
9774.656836  
9787.984502  
9795.839521  
9803.258896  
9773.336797  
9768.068535  
9717.422793  
9760.155547  
9811.04332  
9760.471631  
9779.052012  
9849.716064  
9815.862432  
9800.09502  
9821.972041  
9811.992637  
9842.69748  
9803.847354  
9814.430527  
9843.423174  
9845.244893  
9846.022432  
9791.315469  
9777.021885  
9798.07415  
9755.85748  
9773.935674  
9768.092441  
9783.146006  
9819.840186  
9798.999785  
9788.605088  
9738.01584  
9791.004395  
9795.438779  
9803.26708  
9804.095459  
9848.617734  
9822.573604  
9811.677402  
9822.001084  
9778.95582  
9737.606309  
9761.212764  
9748.270449  
9755.930684  
9750.873281  
9842.483486  
9812.198145  
9830.386016  
9838.771426  
9822.600547  
9809.639844  
9780.762217  
9769.970752  
9783.737646  
9824.054512  
9795.753086  
9774.138281  
9769.465234  
9806.627324  
9799.116406  
9820.086572  
9823.445986  
9816.224805  
9773.058271  
9761.377217  
9775.547207  
9788.401426  
9804.337305  
9824.155479  
9811.673213  
9822.998438  
9816.651709  
9841.63999  
9856.640908  
9837.915937  
9834.848633  
9814.066191  
9816.512734  
9818.365566  
9825.968896  
9827.520381  
9774.875859  
9792.67792  
9757.525723  
9752.389463  
9782.054883  
9802.935918  
9787.343213  
9757.894062  
9766.566396  
9776.615332  
9797.134648  
9822.625947  
9848.701768  
9809.382373  
9773.91207  
9780.480771  
9832.952461  
9792.35584  
9817.630078  
9784.987861  
9806.678711  
9785.386357  
9804.430352  
9793.089111  
9746.164238  
9759.139756  
9761.420313  
9774.147275  
9792.269648  
9772.871934  
9786.807568  
9752.756494  
9833.486592  
9857.190654  
9808.570205  
9772.312344  
9794.952109  
9807.165479  
9818.530059  
9843.381377  
9774.222256  
9761.14917  
9752.989082  
9807.386094  
9776.629971  
9787.605957  
9768.031768  
9762.530986  
9735.316123  
9764.025391  
9813.268359  
9768.375166  
9802.329287  
9816.431406  
9846.638848  
9848.706729  
9825.28459  
9791.034111  
9794.708486  
9783.023789  
9730.373574  
9753.720703  
9803.1579  
9823.128623  
9783.535293  
9770.752822  
9772.79625  
9776.827441  
9816.580205  
9860.027529  
9870.041064  
9890.408242  
9884.888721  
9877.165664  
9870.422793  
9818.60458  
9773.060068  
9774.36459  
9760.394883  
9788.738545  
9780.595713  
9749.689004  
9753.578906  
9766.689902  
9767.96541  
9768.363105  
9765.360781  
9815.149053  
9829.258984  
9859.193418  
9825.107061  
9784.72998  
9785.485928  
9793.983301  
9833.36665  
9837.317334  
9842.540254  
9795.562578  
9796.230986  
9784.780107  
9821.593496  
9828.462607  
9823.437959  
9816.835742  
9792.955635  
9783.752813  
9756.934229  
9768.092314  
9762.783115  
9768.233076  
9797.888965  
9807.277998  
9791.514824  
9761.323223  
9766.842744  
9776.863496  
9772.072969  
9761.318652  
9784.122783  
9799.527471  
9780.687217  
9788.86582  
9820.443467  
9811.121445  
9791.269688  
9839.80915  
9827.980254  
9817.612598  
9811.343252  
9809.201094  
9830.204121  
9786.344746  
9797.825293  
9771.635654  
9740.997871  
9754.422236  
9733.656826  
9751.566982  
9753.04877  
9791.991367  
9794.858887  
9784.407822  
9805.307637  
9813.527275  
9828.427021  
9829.07125  
9846.099404  
9874.281689  
9854.539678  
9822.694668  
9800.008604  
9793.932383  
9785.29501  
9736.577021  
9768.610869  
9782.113184  
9801.554766  
9827.961631  
9842.442139  
9828.073057  
9796.969277  
9821.729414  
9824.253809  
9815.899668  
9812.63627  
9821.065742  
9818.964531  
9800.394824  
9770.31251  
9778.862256  
9758.92377  
9755.716953  
9782.315088  
9795.235645  
9797.428955  
9781.953066  
9791.777627  
9776.370117  
9783.570479  
9814.662021  
9767.49248  
9770.058809  
9791.119502  
9810.40166  
9788.273789  
9736.715791  
9800.428877  
9805.464336  
9800.883193  
9803.107197  
9790.26791  
9789.262539  
9824.196934  
9814.511367  
9738.939512  
9776.512725  
9755.610459  
9769.592334  
9789.070732  
9823.625488  
9811.329355  
9785.904189  
9805.52709  
9798.779258  
9832.747588  
9848.595869  
9789.595498  
9793.635488  
9812.97127  
9840.357783  
9787.683086  
9793.752031  
9820.298408  
9823.683838  
9805.214746  
9810.34958  
9800.068838  
9778.819775  
9807.862178  
9766.586094  
9734.677266  
9725.669971  
9806.375205  
9829.46958  
9843.033789  
9806.159102  
9789.854551  
9794.190498  
9749.855713  
9757.797461  
9771.912441  
9808.814385  
9840.563955  
9839.63207  
9857.027529  
9905.369854  
9891.616855  
9908.116318  
9894.503096  
9825.013926  
9785.460283  
9760.853428  
9774.942324  
9779.417393  
9796.769268  
9819.244102  
9856.445859  
9801.965645  
9787.340225  
9796.290537  
9769.441963  
9787.264551  
9798.778623  
9787.78542  
9761.704512  
9773.939502  
9778.918916  
9787.330938  
9744.861025  
9741.578232  
9765.035479  
9733.811094  
9776.301865  
9761.868662  
9796.475684  
9818.366309  
9804.196895  
9788.457383  
9764.57334  
9774.75251  
9778.908975  
9739.296699  
9714.09292  
9771.474639  
9779.367207  
9798.708076  
9848.189551  
9846.437627  
9857.048066  
9854.594922  
9815.042139  
9807.362041  
9813.585068  
9780.784512  
9769.334326  
9798.881016  
9798.849854  
9786.091777  
9794.954824  
9757.703887  
9756.950977  
9787.515342  
9752.098018  
9803.660234  
9799.794551  
9767.408203  
9749.079971  
9734.902285  
9801.916865  
9846.004092  
9868.878145  
9885.765977  
9895.641494  
9851.135654  
9821.625244  
9826.835293  
9799.047559  
9797.479727  
9773.819111  
9781.723252  
9793.753437  
9772.406924  
9784.356445  
9791.191191  
9818.141357  
9786.840605  
9839.053418  
9853.726504  
9823.904502  
9832.424639  
9786.192051  
9775.908438  
9757.423877  
9816.432354  
9785.933135  
9780.656484  
9755.886348  
9773.030283  
9793.234014  
9753.902939  
9798.633398  
9739.571865  
9785.411885  
9841.873965  
9839.011035  
9794.054434  
9814.795293  
9782.288975  
9787.369297  
9776.751572  
9809.165918  
9833.854531  
9763.163008  
9772.662637  
9780.986172  
9836.430586  
9833.613672  
9846.039668  
9784.840479  
9804.561797  
9813.093467  
9783.55627  
9752.130059  
9737.147637  
9726.151436  
9801.739248  
9856.028281  
9818.597119  
9799.45501  
9759.425244  
9775.423184  
9809.502725  
9813.2604  
9878.388613  
9875.347168  
9894.226572  
9817.767588  
9794.45873  
9767.880244  
9800.008652  
9735.84083  
9743.124326  
9796.238164  
9765.063574  
9767.732588  
9717.671816  
9737.130215  
9778.161797  
9840.943887  
9847.585586  
9774.52998  
9780.93542  
9796.894375  
9781.53002  
9789.699961  
9749.867734  
9788.46168  
9795.785869  
9853.063857  
9851.020088  
9882.60667  
9849.479287  
9824.477637  
9795.280127  
9805.20126  
9782.85584  
9765.439912  
9774.662969  
9786.570527  
9795.503613  
9840.098389  
9821.645234  
9826.175654  
9795.859512  
9794.752871  
9805.401855  
9785.419365  
9805.787148  
9804.376748  
9802.712334  
9792.618896  
9784.544414  
9738.107295  
9728.246865  
9749.149932  
9764.765498  
9776.01625  
9792.104141  
9788.713154  
9810.305039  
9841.866426  
9800.095303  
9796.088525  
9767.29583  
9758.414873  
9758.909922  
9800.460732  
9794.60583  
9733.020742  
9800.271914  
9819.457275  
9854.050156  
9886.832637  
9852.539033  
9810.393613  
9860.03377  
9823.810977  
9792.92209  
9818.069189  
9818.602832  
9772.393848  
9798.059043  
9821.519551  
9820.875908  
9782.880625  
9773.131152  
9811.311807  
9833.289922  
9835.684551  
9817.519014  
9806.169131  
9805.896475  
9805.3546  
9849.491006  
9813.559678  
9802.159648  
9797.735156  
9790.726162  
9733.217578  
9770.08627  
9773.244463  
9760.639824  
9743.379521  
9735.286963  
9752.126943  
9760.784619  
9781.418193  
9768.452598  
9799.137549  
9810.37042  
9769.522734  
9795.768164  
9784.27124  
9802.604492  
9795.606914  
9816.922725  
9811.766455  
9811.117227  
9807.726211  
9794.360391  
9818.619229  
9789.631777  
9767.206426  
9770.117617  
9747.079004  
9799.558799  
9830.103906  
9795.460332  
9773.501846  
9784.225898  
9805.484756  
9797.995186  
9783.694863  
9779.080908  
9782.945312  
9811.904004  
9833.116094  
9809.489063  
9814.073271  
9831.258115  
9822.58543  
9825.268564  
9805.644805  
9800.80999  
9793.734795  
9816.946826  
9833.965264  
9785.07127  
9797.337754  
9774.242539  
9777.424619  
9774.06251  
9767.093887  
9808.58041  
9773.072939  
9768.579453  
9781.828477  
9841.41415  
9815.741348  
9794.710107  
9785.246113  
9768.52582  
9814.915732  
9806.041846  
9828.323936  
9836.801006  
9911.767432  
9867.779473  
9894.111572  
9812.855918  
9786.356064  
9759.840996  
9734.776094  
9766.222529  
9800.641836  
9821.47582  
9856.593809  
9815.642197  
9773.86957  
9802.837207  
9818.01626  
9841.35541  
9865.504824  
9818.223262  
9797.938984  
9769.25916  
9772.187109  
9770.10877  
9766.506133  
9743.783535  
9749.457754  
9712.051055  
9783.312158  
9805.719521  
9870.936914  
9836.188252  
9798.668955  
9744.861455  
9712.557051  
9751.480986  
9741.977031  
9831.563086  
9890.981777  
9202.443115  
9849.5379  
9942.753389  
9958.453506  
9915.943164  
9874.041943  
9854.757578  
9910.42917  
9877.244648  
9856.147207  
9808.775225  
9799.801484  
9796.714121  
9760.996641  
9785.790254  
9752.888848  
9718.917871  
9752.38418  
9789.674668  
9811.827256  
9802.849531  
9781.699414  
9771.607637  
9751.484551  
9750.647285  
9782.929736  
9842.239102  
9841.446318  
9835.413828  
9813.556338  
9788.546279  
9757.154082  
9722.890762  
9804.6825  
9882.067275  
9862.350234  
9834.385049  
9780.4746  
9798.540293  
9799.260244  
9762.407871  
9724.951074  
9799.633994  
9773.706787  
9783.795361  
9786.006582  
9756.131748  
9773.344063  
9759.6875  
9776.706357  
9771.019395  
9797.209688  
9853.61792  
9843.25291  
9821.18874  
9756.289619  
9780.39127  
9821.137402  
9821.145059  
9805.710596  
9786.779688  
9791.613975  
9752.856338  
9791.220986  
9797.444717  
9799.412607  
9790.36292  
9779.771055  
9779.149395  
9808.249766  
9835.612725  
9810.57915  
9805.577656  
9795.71583  
9787.893369  
9823.831426  
9819.850078  
9802.872812  
9801.731104  
9812.533066  
9774.201953  
9780.717549  
9779.192998  
9798.691709  
9797.170381  
9812.443789  
9836.3179  
9797.80041  
9841.565977  
9858.629932  
9877.161064  
9852.85708  
9811.725596  
9800.090078  
9772.500967  
9773.891611  
9786.972979  
9760.31917  
9786.111904  
9806.000908  
9812.879131  
9830.652539  
9817.691387  
9814.206523  
9824.319658  
9827.716104  
9769.029736  
9792.91335  
9778.910977  
9778.162793  
9783.517461  
9807.369365  
9785.475947  
9792.151104  
9762.744453  
9770.058604  
9812.881611  
9775.444277  
9778.978799  
9764.708711  
9792.265205  
9792.300361  
9755.141689  
9740.718809  
9763.562852  
9769.659355  
9770.468691  
9798.745049  
9780.792637  
9775.089746  
9742.976641  
9793.927061  
9813.387637  
9816.967275  
9814.239365  
9826.352783  
9790.094717  
9804.238457  
9770.453857  
9754.815859  
9746.744766  
9783.524561  
9797.515117  
9759.726299  
9778.393662  
9790.882627  
9819.301748  
9873.387178  
9823.345732  
9824.002666  
9832.277559  
9808.490801  
9806.30002  
9825.461104  
9784.639775  
9785.612539  
9800.398545  
9752.71874  
9812.867627  
9848.325557  
9864.349785  
9884.367588  
9861.174941  
9793.498613  
9864.180215  
9835.725117  
9809.725068  
9822.46792  
9812.791143  
9817.999258  
9840.927881  
9817.916572  
9794.875137  
9750.239609  
9788.448154  
9784.085371  
9774.639756  
9797.648203  
9787.87918  
9749.420576  
9750.8021  
9750.432725  
9721.989385  
9710.326602  
9720.759092  
9744.413682  
9746.603877  
9806.46085  
9821.496563  
9829.717354  
9842.797002  
9802.647207  
9775.569541  
9795.009297  
9784.058398  
9771.314688  
9765.382197  
9758.139482  
9768.049209  
9772.150908  
9778.246865  
9776.636523  
9770.697266  
9818.595469  
9868.434814  
9895.06668  
9890.076758  
9905.199277  
9853.635117  
9872.972588  
9816.274316  
9792.03252  
9804.867334  
9788.488955  
9829.059355  
9808.022812  
9839.675742  
9796.612744  
9804.828887  
9761.397969  
9751.930869  
9779.734463  
9742.90709  
9759.954912  
9742.10876  
9823.596113  
9783.459336  
9761.618086  
9754.525107  
9797.710283  
9809.232227  
9799.386143  
9829.582295  
9824.734365  
9857.294014  
9820.211064  
9855.496377  
9834.355078  
9817.085049  
9817.106855  
9801.738701  
9730.850488  
9827.924199  
9789.273994  
9785.86751  
9774.242578  
9764.530518  
9753.531094  
9788.513799  
9770.156748  
9795.066982  
9817.610352  
9804.643291  
9819.759463  
9808.018779  
9784.138145  
9766.8621  
9778.542715  
9806.111748  
9763.801025  
9789.473857  
9757.691318  
9764.926553  
9774.338936  
9765.801514  
9784.302822  
9800.492236  
9864.695996  
9839.641729  
9811.806943  
9796.20625  
9802.995439  
9808.722148  
9811.981514  
9813.337285  
9800.174658  
9774.842764  
9764.113867  
9747.60541  
9757.664805  
9740.906172  
9756.057295  
9779.179482  
9789.403018  
9763.504893  
9784.070762  
9768.205107  
9799.370117  
9806.149268  
9755.941074  
9747.681992  
9778.004814  
9828.05335  
9840.358301  
9834.657314  
9876.37166  
9857.522852  
9880.615645  
9826.156582  
9801.716924  
9906.542764  
9870.756807  
9897.924033  
9921.375908  
9902.854873  
9791.819844  
9757.690781  
9753.639971  
9766.566807  
9829.595576  
9800.336475  
9795.850029  
9790.300088  
9775.395605  
9800.591279  
9838.496523  
9851.808027  
9835.080352  
9809.004648  
9756.745205  
9758.793848  
9746.236357  
9691.650576  
9734.797754  
9778.405908  
9725.884365  
9761.135518  
9743.619971  
9717.220391  
9661.499844  
9742.257461  
9678.375527  
9737.302471  
9776.133057  
9803.66877  
9830.196748  
9831.002139  
9827.801826  
9793.740752  
9826.876855  
9814.897051  
9916.274795  
9904.652969  
9843.200645  
9857.674521  
9757.958848  
9808.636836  
9789.797217  
9810.946963  
9779.941709  
9784.713047  
9774.700781  
9732.589814  
9783.029727  
9841.71957  
9848.002725  
9890.402842  
9900.507842  
9814.286826  
9805.025225  
9746.813184  
9773.54877  
9756.132393  
9811.17791  
9808.509209  
9806.497881  
9767.682646  
9742.930313  
9736.196504  
9787.946807  
9781.698174  
9775.570098  
9822.635928  
9829.504297  
9822.311611  
9802.050977  
9787.424043  
9786.365498  
9788.761875  
9830.961328  
9807.733203  
9782.070146  
9770.171963  
9781.04875  
9777.903516  
9747.395342  
9790.574766  
9829.740459  
9836.235967  
9842.671396  
9866.514004  
9848.727373  
9843.711826  
9843.876172  
9804.592041  
9782.214971  
9794.793975  
9806.003506  
9788.063408  
9766.739531  
9760.246074  
9781.124697  
9790.484717  
9743.876279  
9805.827832  
9787.07542  
9793.343145  
9807.260371  
9836.334561  
9784.738018  
9778.168682  
9745.710605  
9715.994551  
9744.17  
9748.45793  
9779.365283  
9800.257031  
9788.456846  
9785.897695  
9831.359766  
9629.510459  
9872.779951  
9814.898701  
9718.090898  
9775.709219  
9822.238311  
9823.36208  
9867.126328  
9882.309863  
9763.600859  
9797.691074  
9775.914941  
9824.879473  
9763.606094  
9809.965117  
9852.023037  
9845.626055  
9842.110693  
9864.763145  
9768.337529  
9785.420967  
9793.068145  
9760.222744  
9789.17876  
9802.457568  
9837.285391  
9877.737354  
9865.213037  
9840.86623  
9856.726172  
9859.561064  
9832.211797  
9785.678262  
9749.058291  
9765.796172  
9748.147559  
9751.948535  
9738.114014  
9747.5029  
9805.26873  
9822.451855  
9797.8096  
9778.200889  
9770.287373  
9793.44498  
9796.19876  
9819.939658  
9785.808291  
9827.631777  
9837.161494  
9798.05332  
9789.51083  
9765.245996  
9791.700225  
9825.00626  
9816.986836  
9811.730889  
9752.393291  
9758.096777  
9816.983604  
9776.352725  
9791.307568  
9801.222451  
9790.730322  
9832.240771  
9826.195801  
9835.649717  
9836.192295  
9822.75125  
9803.58792  
9807.076064  
9755.143945  
9776.844453  
9772.337002  
9786.329824  
9774.252354  
9770.625469  
9779.719043  
9824.191064  
9797.619512  
9810.67085  
9785.659541  
9805.02376  
9767.751768  
9782.353076  
9797.316318  
9785.438887  
9819.719854  
9798.863232  
9822.073574  
9798.103545  
9779.383252  
9771.702686  
9804.003975  
9814.909834  
9858.494316  
9834.611016  
9789.609893  
9810.616816  
9833.781025  
9824.512812  
9779.715518  
9757.06833  
9757.108906  
9767.797773  
9785.377637  
9723.722061  
9755.367012  
9761.682783  
9788.248408  
9769.822393  
9804.224238  
9862.427705  
9876.990439  
9842.832549  
9857.011973  
9809.919717  
9559.047617  
9850.905781  
9928.420732  
9866.685508  
9845.443936  
9834.211914  
9814.458916  
9725.893652  
9790.979082  
9747.187061  
9731.693047  
9751.826807  
9745.83791  
9778.895039  
9822.098477  
9808.123623  
9789.418311  
9777.882461  
9799.994531  
9808.501172  
9802.286074  
9780.373516  
9725.094951  
9770.388145  
9793.71665  
9805.306484  
9809.313125  
9818.920186  
9803.284863  
9800.259521  
9861.516914  
9841.806982  
9837.261201  
9825.736016  
9801.873193  
9787.838389  
9782.407246  
9808.963955  
9813.375166  
9812.942881  
9763.746924  
9791.500674  
9785.717549  
9794.204063  
9768.244883  
9782.09918  
9776.108115  
9785.103945  
9815.314941  
9794.831279  
9806.481201  
9847.78708  
9823.049395  
9824.615146  
9820.968369  
9792.884004  
9721.787969  
9763.15085  
9749.456934  
9693.568369  
9745.843115  
9753.754346  
9785.852773  
9838.675234  
9831.784463  
9805.883857  
9815.419785  
9835.523281  
9832.791094  
9833.23959  
9838.281816  
9794.66374  
9804.45959  
9775.597129  
9773.156494  
9801.82502  
9829.719951  
9799.527607  
9770.403662  
9801.245527  
9800.468682  
9823.974785  
9811.141621  
9810.570508  
9824.583125  
9780.915449  
9801.981855  
9792.638428  
9799.030078  
9755.643252  
9785.031113  
9815.067607  
9796.033174  
9845.313105  
9860.859561  
9820.65085  
9834.05832  
9833.324561  
9803.613848  
9801.943945  
9811.914863  
9753.844746  
9804.187646  
9810.620449  
9776.525059  
9737.341807  
9749.333164  
9735.595576  
9745.559092  
9818.552539  
9902.249092  
9871.815488  
9877.195771  
9829.271064  
9791.548174  
9725.960371  
9745.84374  
9764.764111  
9776.956289  
9791.670928  
9784.269668  
9793.758613  
9788.040928  
9795.655381  
9749.506689  
9802.123906  
9753.931465  
9785.199668  
9760.909668  
9796.327725  
9791.6679  
9782.886475  
9837.343516  
9899.890898  
9889.173242  
9989.218477  
9448.975  
9772.264854  
9901.330332  
9873.254102  
9813.060225  
9813.15043  
9830.36874  
9767.139414  
9755.175859  
9749.220752  
9732.110244  
9709.11542  
9703.566094  
9755.08499  
9775.662988  
9783.760166  
9798.75832  
9819.294541  
9821.178828  
9871.360566  
9846.754092  
9848.850088  
9782.881143  
9768.343164  
9793.656016  
9786.45374  
9777.065771  
9784.394678  
9794.955742  
9818.428525  
9786.76041  
9781.318213  
9831.361436  
9831.913535  
9846.351396  
9831.698291  
9779.383125  
9771.428203  
9807.464531  
9795.617285  
9809.122852  
9813.614678  
9778.397676  
9826.798672  
9797.128018  
9795.009971  
9813.199385  
9759.30541  
9809.634414  
9787.793848  
9814.301865  
9799.768154  
9823.473369  
9823.875254  
9792.00043  
9786.536582  
9762.779717  
9805.530723  
9791.117529  
9795.420352  
9803.998047  
9796.520937  
9840.717881  
9850.964385  
9822.826465  
9853.583271  
9848.617852  
9812.947295  
9805.339775  
9822.471631  
9824.63998  
9755.157236  
9774.236621  
9754.622246  
9823.732773  
9785.160107  
9889.434219  
9817.983486  
9776.229209  
9746.738896  
9773.343496  
9773.479502  
9786.886865  
9784.385527  
9781.906641  
9813.525332  
9822.969502  
9864.116045  
9835.983076  
9786.792949  
9769.428203  
9807.644043  
9778.174844  
9779.98834  
9773.08376  
9748.034541  
9777.986846  
9780.563486  
9859.84873  
9778.606152  
9751.241084  
9796.79168  
9884.988359  
9875.55332  
9861.365176  
9865.510586  
9822.937959  
9761.764043  
9674.890664  
9664.846875  
9661.586816  
9696.257686  
9696.455693  
9746.023965  
9754.189365  
9797.968623  
9776.550176  
9828.696895  
9807.027402  
9771.151885  
9839.727461  
9861.090742  
9850.341992  
9883.01417  
9888.765234  
9810.871113  
9806.864951  
9811.177451  
9788.413721  
9821.159111  
9790.769971  
9737.043965  
9796.301885  
9788.75668  
9778.203057  
9843.721396  
9811.192676  
9788.398916  
9766.772695  
9812.575273  
9806.356895  
9821.168721  
9793.930313  
9821.034385  
9852.643008  
9804.641475  
9816.675918  
9832.579316  
9740.267568  
9738.276885  
9809.288799  
9835.125537  
9845.288574  
9828.986699  
9815.527539  
9801.106865  
9808.829316  
9807.137109  
9818.573799  
9825.41085  
9788.541133  
9804.947686  
9838.155586  
9843.547012  
9800.098799  
9784.792021  
9748.649883  
9727.689932  
9758.738887  
9730.07877  
9757.709082  
9833.167695  
9788.701641  
9859.638623  
9797.345693  
9761.296152  
9744.286494  
9766.528027  
9765.504854  
9766.979727  
9787.098652  
9795.556709  
9775.863506  
9764.051875  
9784.486201  
9755.150889  
9786.997822  
9773.458906  
9749.951865  
9777.436191  
9760.465273  
9797.766377  
9833.431973  
9837.80918  
9830.486729  
9818.155117  
9823.959512  
9819.147324  
9809.031406  
9790.335996  
9784.810703  
9783.536396  
9811.18708  
9834.972734  
9791.134434  
9805.046719  
9863.369795  
9867.439248  
9806.045713  
9784.902031  
9810.419746  
9777.32167  
9804.366152  
9789.904424  
9762.891592  
9787.991045  
9775.974941  
9776.871533  
9813.770693  
9812.052148  
9842.450195  
9802.183545  
9811.872217  
9803.095176  
9790.056826  
9755.938066  
9759.940049  
9779.032197  
9794.781914  
9787.916719  
9795.317305  
9812.626855  
9807.161533  
9777.619082  
9797.281631  
9808.016074  
9821.899414  
9773.413789  
9782.511055  
9815.073848  
9816.098262  
9826.957578  
9803.386084  
9803.143018  
9834.374863  
9876.987832  
9797.922588  
9805.221494  
9770.614053  
9786.045596  
9793.316318  
9772.073975  
9796.028154  
9800.317412  
9776.308311  
9795.455566  
9753.511865  
9724.965352  
9722.851221  
9771.536182  
9794.190889  
9801.490352  
9815.348867  
9828.371113  
9776.090889  
9797.004971  
9805.949043  
9807.381914  
9831.425342  
9835.756201  
9803.669609  
9795.521113  
9808.120586  
9823.275781  
9874.767822  
9856.34873  
9845.827266  
9858.076328  
9838.599609  
9804.309902  
9807.044785  
9805.513516  
9787.7446  
9756.916436  
9738.09668  
9721.798291  
9771.405361  
9785.866162  
9786.952988  
9778.211758  
9828.794619  
9805.970537  
9703.135469  
9735.111982  
9840.86334  
9784.979834  
9777.322002  
9787.951035  
9819.338232  
9829.229111  
9743.513369  
9662.001201  
9644.84498  
9643.853633  
9699.715361  
9760.422119  
9837.280703  
9864.305645  
9921.843086  
9969.549619  
9856.342002  
9825.064922  
9812.768154  
9791.391865  
9827.526006  
9785.459609  
9760.8646  
9762.149395  
9731.365684  
9755.215566  
9751.456895  
9788.666885  
9846.29124  
9860.310752  
9866.05998  
9876.120576  
9870.921377  
9829.893096  
9779.534512  
9802.102881  
9768.374072  
9843.307949  
9842.147891  
9804.493574  
9758.508418  
9762.002617  
9762.98375  
9765.6196  
9764.459326  
9790.01332  
9834.046934  
9865.593428  
9873.514219  
9886.05709  
9828.711025  
9795.144844  
9758.276289  
9804.910234  
9762.529893  
9773.123818  
9742.072471  
9779.438145  
9773.494258  
9767.06082  
9811.226113  
9809.798818  
9822.022588  
9783.271221  
9805.84168  
9790.240352  
9801.860156  
9815.589619  
9844.597686  
9869.370205  
9839.061582  
9805.587637  
9787.325322  
9754.410557  
9786.049668  
9791.135557  
9761.096924  
9759.147812  
9813.24582  
9811.195791  
9825.450547  
9832.686865  
9781.307617  
9758.00542  
9753.199707  
9717.132842  
9788.539131  
9782.843203  
9790.303262  
9789.245928  
9787.313516  
9784.023301  
9780.718994  
9811.53502  
9797.855918  
9789.923125  
9788.026777  
9817.949971  
9847.506455  
9860.304893  
9869.96167  
9859.860654  
9853.177246  
9835.685801  
9821.56582  
9819.939307  
9782.048447  
9703.46458  
9901.882012  
9812.664521  
9874.712031  
9825.347168  
9846.650156  
9784.109658  
9781.796318  
9746.051641  
9667.086514  
9631.226729  
9638.37626  
9731.446064  
9743.14876  
9773.912607  
9764.244609  
9728.353232  
9690.01125  
9734.141729  
9779.727266  
9765.915234  
9779.47165  
9816.26543  
9815.960605  
9822.32874  
9849.645049  
9872.157891  
9776.850508  
9813.695869  
9847.887441  
9813.738594  
9829.465322  
9821.697432  
9842.845469  
9835.613145  
9797.800166  
9774.176338  
9824.936826  
9798.049199  
9783.029863  
9817.676885  
9843.229443  
9855.466514  
9795.916387  
9768.295596  
9744.969209  
9747.441045  
9770.270303  
9805.158809  
9820.329639  
9746.954053  
9950.267744  
9834.866006  
9867.21542  
9911.488691  
9905.664961  
9860.930156  
9862.546924  
9796.5096  
9823.759209  
9772.025615  
9787.778164  
9768.169902  
9779.715137  
9747.447148  
9698.241455  
9722.999004  
9740.510713  
9750.95626  
9789.189795  
9767.007139  
9762.182002  
9813.733213  
9852.005869  
9885.963926  
9859.088105  
9787.407129  
9748.105791  
9784.135449  
9829.380947  
9797.761406  
9784.307881  
9792.004326  
9788.159189  
9797.535566  
9786.126807  
9756.503613  
9763.522686  
9756.250244  
9787.722432  
9792.610283  
9834.665791  
9843.475195  
9808.441152  
9780.866797  
9776.374883  
9745.548203  
9776.491279  
9768.897939  
9732.049668  
9766.118643  
9785.293896  
9847.952939  
9850.398115  
9845.745078  
9790.119482  
9744.926523  
9729.400967  
9744.123008  
9772.99501  
9759.529824  
9745.162109  
9798.963311  
9772.415303  
9831.930059  
9798.264375  
9893.371221  
9869.840967  
9830.91165  
9809.904805  
9830.997832  
9867.072969  
9796.430029  
9642.329678  
9706.692441  
9863.336152  
9922.359023  
9906.977012  
9901.434785  
9907.901426  
9843.584014  
9787.906504  
9778.209932  
9796.002031  
9800.587451  
9828.79251  
9787.638848  
9733.907354  
9700.286533  
9734.091992  
9737.831611  
9747.347559  
9730.116719  
9767.158105  
9776.59251  
9781.24835  
9808.750215  
9822.368506  
9818.008613  
9828.454785  
9783.109746  
9734.676934  
9771.117236  
9814.341143  
9822.168018  
9802.720225  
9801.846582  
9788.152344  
9769.472471  
9810.43332  
9879.114326  
9948.384727  
9907.664141  
9853.630449  
9798.694248  
9793.930605  
9793.114385  
9767.356885  
9760.473613  
9783.005273  
9804.500186  
9783.625928  
9804.418877  
9789.167646  
9823.816055  
9837.325586  
9860.676406  
9833.816387  
9843.777461  
9827.079854  
9814.710889  
9822.564668  
9845.2425  
9862.566719  
9870.305752  
9932.54043  
9858.4604  
9764.295742  
9719.56335  
9672.978477  
9656.938076  
9601.185371  
9601.50043  
9615.305918  
9509.840234  
9790.563213  
9750.064023  
9754.838457  
9814.219287  
9824.714473  
9738.710039  
9860.741318  
9771.328408  
9920.924922  
9888.867402  
9863.064209  
9763.93918  
9734.536357  
9733.013428  
9684.369932  
9711.355898  
9713.800244  
9764.679863  
9765.163447  
9793.348818  
9810.281846  
9818.920137  
9829.557012  
9828.279443  
9806.610947  
9813.819385  
9818.989658  
9823.941768  
9807.194883  
9844.480596  
9869.223311  
9909.245371  
9954.244766  
9890.038955  
9863.371289  
9784.743281  
9774.86082  
9748.392695  
9811.874893  
9788.298936  
9797.49377  
9821.836104  
9789.359561  
9829.981064  
9798.82335  
9842.614814  
9798.652949  
9809.651523  
9765.069561  
9819.13457  
9767.531943  
9799.005361  
9809.644072  
9777.991846  
9775.940801  
9808.275117  
9819.307412  
9870.296885  
9774.91957  
9777.908691  
9748.499209  
9726.561318  
9750.996064  
9771.197451  
9766.341465  
9779.280527  
9807.252354  
9833.901094  
9869.345039  
9884.719893  
9875.823467  
9904.256904  
9822.725615  
9807.027852  
9780.29082  
9799.139912  
9820.106348  
9801.86585  
9781.356943  
9830.673193  
9794.25832  
9777.135586  
9762.635498  
9757.046299  
9790.019482  
9794.916074  
9779.091523  
9851.639541  
9832.574219  
9859.911797  
9794.805937  
9776.094219  
9737.81166  
9806.343467  
9796.700518  
9783.234287  
9862.438018  
9853.520605  
9778.279727  
9731.499639  
9761.700322  
9768.255068  
9779.331201  
9764.698057  
9748.806221  
9782.390801  
9783.965107  
9822.520166  
9825.439531  
9786.383154  
9735.523369  
9871.546865  
9853.351221  
9812.449229  
9844.223379  
9762.906006  
9696.173457  
9724.927949  
9760.318857  
9789.051328  
9825.65002  
9822.023438  
9861.266592  
9847.738809  
9841.732793  
9860.242998  
9776.478271  
9736.871084  
9759.565137  
9799.035762  
9765.934082  
9716.969736  
9768.638281  
9805.512988  
9818.312275  
9814.276035  
9937.482432  
9871.398877  
9802.101855  
9732.674131  
9738.055205  
9775.639795  
9738.764209  
9777.932227  
9788.521387  
9774.247764  
9755.280703  
9741.211416  
9751.881553  
9803.289395  
9773.918984  
9826.752559  
9843.431045  
9830.111865  
9793.559463  
9913.798701  
9863.759609  
9906.719609  
9810.484492  
9781.800166  
9737.630469  
9727.241689  
9733.955615  
9746.178467  
9770.712119  
9794.010801  
9829.22751  
9767.304961  
9778.410859  
9812.726006  
9767.078633  
9816.17624  
9838.007002  
9821.746045  
9738.635762  
9748.737744  
9777.279854  
9778.652119  
9810.186455  
9833.720498  
9829.307324  
9789.863594  
9817.457813  
9839.992891  
9807.128135  
9836.516777  
9832.903115  
9829.326074  
9885.441318  
9882.821709  
9868.877979  
9792.844609  
9788.614756  
9774.087217  
9775.541582  
9733.260898  
9738.435127  
9796.16167  
9792.674805  
9805.729707  
9835.065967  
9844.052344  
9813.914336  
9739.629609  
9716.11915  
9746.372695  
9759.527305  
9802.35999  
9827.271104  
9818.450508  
9797.010234  
9791.592832  
9813.451963  
9824.754385  
9768.158594  
9805.898486  
9807.191201  
9760.089912  
9763.070635  
9803.716172  
9806.235332  
9835.050469  
9904.998701  
9843.963135  
9753.151689  
9782.940244  
9759.464551  
9735.033994  
9764.347637  
9790.107949  
9817.524063  
9835.051924  
9778.979785  
9769.352803  
9753.938984  
9728.088398  
9744.779053  
9752.424238  
9767.519316  
9762.94168  
9762.964111  
9789.280361  
9815.652031  
9815.372207  
9761.05127  
9755.074541  
9787.408477  
9827.961797  
9882.813311  
9907.013398  
9850.366016  
9936.306992  
9897.081465  
9885.81043  
9884.904189  
9855.535127  
9804.531855  
9764.228486  
9814.340303  
9788.370566  
9764.213418  
9770.38623  
9736.433271  
9765.521602  
9764.687012  
9754.187803  
9746.307559  
9766.574766  
9831.923379  
9768.24917  
9805.000498  
9816.692285  
9826.465889  
9745.03293  
9733.866963  
9773.068721  
9798.516084  
9820.828643  
9823.181035  
9869.632373  
9856.601738  
9868.292783  
9800.868652  
9758.443848  
9759.461914  
9791.383809  
