8696.558254  
8675.428807  
8685.113813  
8650.607134  
8513.590323  
8421.03275  
8262.891994  
8166.721662  
8144.857352  
8142.603385  
8107.760489  
8109.318403  
8172.0143  
8256.576189  
8326.985107  
8345.729074  
8357.801906  
8395.896258  
8415.50531  
8383.355861  
8410.156756  
8440.002781  
8489.820356  
8502.655047  
8535.047442  
8517.376465  
8543.549081  
8632.943726  
8672.218061  
8757.979693  
8643.379395  
8659.757969  
8609.860822  
8604.131077  
8510.966902  
8511.695461  
8474.268119  
8478.367519  
8474.924491  
8447.390215  
8420.017657  
8439.741961  
8424.299822  
8475.569929  
8422.583514  
8441.899144  
8362.196324  
8331.434326  
8297.633135  
8302.067845  
8242.163565  
8275.776515  
8275.004726  
8360.641488  
8358.360221  
8417.729013  
8352.436262  
8377.488935  
8421.617031  
8407.668771  
8391.002468  
8460.574289  
8482.819632  
8507.608163  
8483.866464  
8544.202157  
8511.815255  
8524.850228  
8589.006557  
8487.591649  
8564.482797  
8468.643319  
8486.606149  
8523.289124  
8431.016837  
8404.24612  
8424.977992  
8365.709281  
8325.574908  
8351.285383  
8401.58531  
8383.141445  
8419.685538  
8416.421988  
8457.401045  
8385.01239  
8400.934021  
8382.236223  
8403.156372  
8413.304121  
8403.975063  
8353.689209  
8441.134783  
8433.083697  
8404.502947  
8408.546238  
8433.941973  
8432.723816  
8446.486328  
8463.719761  
8494.66129  
8458.428196  
8447.509251  
8482.181545  
8578.747149  
8448.81134  
8664.952445  
8538.38031  
8506.724827  
8505.895054  
8460.935617  
8407.669425  
8370.462228  
8326.264605  
8310.652309  
8321.257211  
8237.37881  
8227.452615  
8182.68624  
8201.088824  
8243.496268  
8273.020508  
8276.852836  
8433.646798  
8607.181597  
8485.952994  
8514.756862  
8499.997681  
8506.406058  
8507.213981  
8418.018764  
8397.960188  
8325.243094  
8306.947335  
8307.589748  
8368.063302  
8392.742937  
8392.020264  
8485.962777  
8501.410435  
8616.212551  
8482.135699  
8506.196289  
8364.936393  
8384.871233  
8442.323478  
8460.237401  
8445.680507  
8316.975333  
8332.239301  
8295.481419  
8371.943508  
8299.031764  
8376.966518  
8368.81931  
8425.009992  
8439.016654  
8442.227391  
8442.053336  
8464.020368  
8495.829197  
8520.473136  
8525.642517  
8529.666748  
8530.634242  
8504.517343  
8456.662362  
8452.45813  
8477.786612  
8447.292315  
8508.762373  
8454.739929  
8455.894339  
8448.528852  
8384.59184  
8367.324977  
8334.583888  
8342.675537  
8287.880371  
8172.458226  
8262.348903  
8354.866621  
8497.393258  
8344.6457  
8411.97828  
8439.454023  
8391.353716  
8476.586147  
8381.724574  
8414.066493  
8465.473502  
8469.186489  
8469.398699  
8544.254778  
8531.736555  
8504.034807  
8546.271336  
8462.705715  
8484.162781  
8376.358547  
8395.356968  
8367.001901  
8292.889683  
8286.304749  
8241.643188  
8294.364659  
8314.836609  
8341.417986  
8409.415423  
8510.777919  
8464.130171  
8463.186375  
8543.706691  
8531.453212  
8496.38249  
8399.811959  
8385.87956  
8367.67048  
8391.485386  
8411.506705  
8427.331587  
8470.392325  
8414.786813  
8420.442078  
8373.661935  
8422.175494  
8417.123614  
8417.150792  
8496.211452  
8451.718977  
8428.058838  
8364.472735  
8371.561925  
8376.472578  
8459.502773  
8454.559701  
8479.84266  
8470.843323  
8442.560625  
8400.911002  
8399.830985  
8419.053903  
8475.904864  
8421.415492  
8402.190482  
8397.704939  
8391.42804  
8367.091178  
8292.664995  
8366.837864  
8389.352373  
8368.444641  
8420.005083  
8374.405579  
8412.190805  
8462.210658  
8389.679217  
8429.569536  
8483.007411  
8433.095799  
8423.785915  
8503.961452  
8508.948068  
8414.197545  
8378.22488  
8304.38848  
8234.650774  
8229.24326  
8230.866525  
8237.020652  
8306.801052  
8379.410915  
8470.226833  
8515.942915  
8574.971802  
8598.716309  
8626.130075  
8593.714809  
8619.800031  
8671.948818  
8648.674822  
8591.771388  
8573.694292  
8436.525949  
8387.286586  
8340.096157  
8202.877694  
8285.329904  
8399.106044  
8475.358494  
8448.019182  
8426.021188  
8389.383144  
8389.450727  
8366.741534  
8341.598345  
8336.893755  
8391.03302  
8453.232989  
8458.462115  
8601.842381  
8565.848982  
8636.798096  
8700.718994  
8665.47195  
8581.455906  
8495.000427  
8364.92729  
8203.771162  
8182.119864  
8208.324685  
8219.398647  
8272.687465  
8331.821254  
8212.454049  
8356.236171  
8458.497663  
8464.610692  
8464.084586  
8417.520142  
8362.716282  
8372.208906  
8379.800921  
8360.689453  
8400.626787  
8387.257098  
8326.044163  
8339.817662  
8323.986032  
8316.821681  
8400.976536  
8448.964024  
8485.30501  
8502.081482  
8590.996041  
8537.302665  
8511.340236  
8504.817078  
8441.746434  
8360.406381  
8259.41394  
8306.093558  
8350.622062  
8309.907863  
8236.230469  
8245.610116  
8290.755545  
8330.088135  
8448.307565  
8373.686802  
8325.610325  
8321.32305  
8239.239907  
8233.130702  
8343.387076  
8382.965227  
8333.916966  
8413.357823  
8426.972665  
8412.557608  
8392.322065  
8421.748317  
8357.18478  
8363.54711  
8324.610866  
8306.058358  
8405.909005  
8398.452855  
8509.674927  
8535.383458  
8577.800912  
8513.569938  
8616.413286  
8586.64168  
8517.266462  
8453.93001  
8266.529436  
8176.268402  
8300.574969  
8243.286909  
8364.853027  
8380.165754  
8467.954834  
8454.786926  
8447.720869  
8423.488813  
8457.089809  
8386.373561  
8348.443621  
8372.365644  
8384.033561  
8381.945801  
8491.112723  
8600.982309  
8598.435111  
8614.337638  
8633.528765  
8546.826015  
8561.594892  
8603.210502  
8497.067487  
8658.707057  
8661.334429  
8473.315526  
8367.843384  
8284.440552  
8170.477434  
8170.863892  
8176.156049  
8164.162048  
8242.230085  
8267.473136  
8257.545  
8348.66898  
8343.316267  
8380.733503  
8434.505572  
8442.714975  
8479.123962  
8494.630092  
8492.288757  
8623.839303  
8631.04017  
8475.752293  
8539.959682  
8564.814183  
8544.94315  
8562.027466  
8566.355137  
8692.660444  
8674.995204  
8581.215838  
8557.788653  
8477.170175  
8410.128531  
8413.34361  
8435.216762  
8387.412894  
8389.048732  
8353.32993  
8420.312143  
8375.812988  
8364.98141  
8307.512451  
8257.386688  
8298.852356  
8256.447266  
8333.246233  
8362.258728  
8443.691467  
8414.848982  
8423.260899  
8441.54718  
8365.233303  
8516.511309  
8500.238578  
8543.582711  
8647.97365  
8661.224086  
8501.457371  
8629.599313  
8635.031459  
8537.157567  
8473.553816  
8351.154515  
8407.488813  
8316.37228  
8425.380702  
8384.318412  
8381.619995  
8277.493068  
8267.376491  
8272.984846  
8290.115644  
8242.901629  
8314.368338  
8249.361032  
8275.799273  
8326.284485  
8367.631845  
8507.378348  
8508.539158  
8510.080026  
8535.349827  
8512.719788  
8514.247768  
8473.966954  
8547.623893  
8515.761684  
8469.682992  
8504.527544  
8370.086888  
8485.187038  
8457.827445  
8413.060625  
8405.726955  
8336.123683  
8413.335903  
8401.317958  
8391.845267  
8384.625026  
8454.240226  
8436.570722  
8381.996774  
8401.231794  
8405.13099  
8457.95493  
8360.278782  
8334.933062  
8334.988743  
8398.737784  
8427.364519  
8424.491769  
8302.218802  
8470.906137  
8443.671927  
8400.685093  
8438.023097  
8450.847403  
8459.819571  
8397.248117  
8444.158282  
8462.906904  
8411.700509  
8422.638681  
8391.843183  
8326.428667  
8271.455828  
8338.234637  
8377.695382  
8288.560346  
8383.085536  
8492.990836  
8488.476031  
8429.800746  
8412.376822  
8376.446568  
8363.742161  
8367.525487  
8398.451024  
8352.882682  
8294.433088  
8272.995013  
8374.42967  
8366.480573  
8451.78111  
8419.715908  
8453.501622  
8527.11656  
8475.729928  
8431.939104  
8454.92708  
8463.873012  
8484.142622  
8528.500924  
8464.170672  
8422.506426  
8334.512861  
8288.758745  
8304.994524  
8443.992815  
8500.550633  
8404.256173  
8438.404672  
8450.776315  
8451.659232  
8413.328692  
8331.840053  
8456.860378  
8410.350246  
8423.066232  
8437.528451  
8390.39263  
8350.412371  
8414.007699  
8334.686454  
8374.75422  
8433.7741  
8433.796779  
8461.054443  
8733.583374  
8628.321821  
8678.003549  
8642.333941  
8519.728289  
8369.588684  
8356.522845  
8321.1282  
8265.990496  
8288.920253  
8407.69669  
8367.631182  
8345.801793  
8317.611651  
8442.386623  
8646.034023  
8676.49258  
8555.799369  
8443.543797  
8432.040937  
8323.761021  
8201.706839  
8152.940787  
8131.969256  
8190.473842  
8166.513175  
8246.278503  
8260.722874  
8267.238499  
8277.666225  
8401.344831  
8430.021598  
8416.247419  
8503.870736  
8524.772487  
8658.524013  
8674.102801  
8625.826006  
8608.712359  
8678.568621  
8602.042498  
8607.697937  
8498.990662  
8522.455383  
8485.440587  
8411.319911  
8363.720267  
8331.620039  
8338.653896  
8299.195618  
8514.23672  
8337.810338  
8353.529628  
8377.605852  
8342.050459  
8380.141811  
8309.136056  
8303.680481  
8359.206927  
8388.670027  
8358.332999  
8303.610142  
8158.125776  
8306.068447  
8325.485509  
8381.670829  
8363.987531  
8441.245762  
8409.974243  
8373.771711  
8428.800598  
8428.851222  
8448.173758  
8472.290344  
8544.462803  
8538.850935  
8584.017814  
8535.039263  
8567.54119  
8729.913565  
8617.596898  
8600.766715  
8520.318194  
8428.058602  
8428.357352  
8354.602766  
8324.881871  
8270.048349  
8316.814628  
8360.345564  
8338.657244  
8306.708897  
8414.416129  
8402.181083  
8450.582825  
8439.526507  
8470.42198  
8430.44921  
8417.107919  
8349.512913  
8347.637085  
8345.415353  
8366.827419  
8313.179548  
8313.558629  
8426.345276  
8438.912327  
8342.463388  
8461.212777  
8404.528163  
8451.991586  
8654.604449  
8619.773272  
8435.097944  
8270.810451  
8189.132743  
8203.348598  
8173.38671  
8223.464399  
8267.14236  
8245.037929  
8212.843314  
8342.549438  
8388.452558  
8512.448635  
8384.433751  
8503.073024  
8544.977321  
8562.357561  
8607.69703  
8537.661281  
8552.281677  
8518.698268  
8524.416085  
8480.641078  
8523.34341  
8528.601118  
8503.539385  
8457.087141  
8370.281398  
8390.876674  
8388.761065  
8474.672102  
8393.806379  
8442.873762  
8567.129953  
8485.084909  
8430.038984  
8446.505641  
8383.984297  
8361.248012  
8424.630833  
8557.554496  
8532.73945  
8541.088388  
8535.496129  
8519.832694  
8418.076381  
8371.914856  
8388.642953  
8387.844918  
8359.760882  
8301.95568  
8329.749843  
8375.886414  
8327.975874  
8256.510437  
8278.765547  
8291.492763  
8328.005432  
8366.67334  
8432.376273  
8492.413182  
8462.20105  
8441.879691  
8414.293474  
8506.42579  
8456.913409  
8310.467739  
8404.013811  
8408.833182  
8445.38344  
8405.893903  
8428.559527  
8423.566755  
8484.132385  
8551.964294  
8528.990609  
8488.859881  
8483.081011  
8475.552473  
8421.2628  
8433.867807  
8401.271606  
8435.70268  
8475.543387  
8444.789124  
8434.560739  
8395.992414  
8356.327436  
8439.204511  
8458.839382  
8441.150609  
8446.727748  
8534.980277  
8431.856968  
8372.155753  
8403.033107  
8338.473432  
8228.328509  
8289.497907  
8364.986171  
8379.78738  
8356.198138  
8420.435198  
8417.124669  
8452.852905  
8492.40046  
8467.962245  
8344.669843  
8354.731628  
8357.898228  
8288.989083  
8364.241839  
8374.925267  
8369.132769  
8372.326965  
8392.366359  
8504.05705  
8523.825466  
8485.734174  
8521.309169  
8541.283334  
8571.709098  
8561.472543  
8463.744516  
8497.594413  
8671.864598  
8556.596898  
8366.587638  
8427.078762  
8370.266706  
8256.721828  
8265.903573  
8330.597988  
8325.423078  
8309.35383  
8343.155954  
8331.174988  
8282.805019  
8205.581796  
8296.477103  
8219.606123  
8319.455723  
8277.385681  
8307.435686  
8380.567566  
8338.330985  
8337.929932  
8420.337847  
8448.030526  
8479.388689  
8458.667315  
8465.806004  
8480.201494  
8421.982108  
8484.468436  
8436.738717  
8440.056309  
8417.021885  
8471.818359  
8593.148472  
8558.49646  
8562.823242  
8551.036281  
8566.952227  
8541.494777  
8548.954372  
8425.985386  
8376.156311  
8323.676627  
8342.604545  
8378.936733  
8330.107675  
8418.055638  
8507.870876  
8449.830967  
8408.254525  
8400.645726  
8432.825867  
8351.851737  
8322.369795  
8333.630232  
8344.128226  
8379.954381  
8410.243426  
8372.657514  
8294.355155  
8280.308533  
8225.322719  
8255.153128  
8265.3831  
8279.761771  
8356.467704  
8472.808925  
8499.830392  
8579.935425  
8516.31536  
8433.085231  
8536.350499  
8507.041007  
8513.722787  
8476.03098  
8462.975028  
8447.829189  
8397.019453  
8358.043649  
8356.928606  
8288.363857  
8237.072667  
8347.563232  
8355.148202  
8361.129979  
8383.602251  
8398.222604  
8352.50238  
8438.010515  
8473.958418  
8519.284389  
8481.098912  
8452.760786  
8424.53098  
8297.897365  
8334.498282  
8276.006853  
8257.338048  
8324.88671  
8392.947885  
8417.557399  
8407.949315  
8484.421683  
8615.457851  
8545.941415  
8551.176104  
8538.945644  
8524.665065  
8543.202349  
8574.604353  
8575.384992  
8534.871835  
8616.149144  
8590.242057  
8557.077131  
8490.900269  
8379.173261  
8371.504578  
8371.071184  
8328.618365  
8325.862906  
8304.407305  
8300.991316  
8405.250462  
8336.239371  
8348.089373  
8365.472552  
8331.200832  
8339.83871  
8327.254203  
8371.024022  
8399.263463  
8482.272069  
8467.422965  
8516.680838  
8585.384426  
8581.882882  
8581.181571  
8544.698478  
8443.612688  
8429.136466  
8411.422695  
8446.72263  
8452.967146  
8423.725272  
8477.241839  
8494.49489  
8486.490191  
8496.798575  
8396.378435  
8441.140023  
8613.836051  
8419.610997  
8377.879569  
8440.039777  
8464.168379  
8418.914594  
8418.02996  
8444.058341  
8386.159991  
8298.480469  
8264.688721  
8104.059256  
8034.91939  
8094.668256  
8096.115156  
8198.676043  
8214.457319  
8276.860229  
8368.113613  
8376.097011  
8496.178101  
8532.105155  
8578.510585  
8676.902832  
8729.340541  
8728.690194  
8666.296404  
8686.341448  
8648.948103  
8568.529602  
8541.458976  
8488.6489  
8473.31972  
8435.483608  
8366.304827  
8395.478394  
8352.79895  
8459.791731  
8378.122811  
8387.844543  
8370.445565  
8360.208871  
8365.551636  
8371.863159  
8350.31563  
8315.345947  
8393.673296  
8424.161979  
8363.001918  
8334.478184  
8394.012451  
8377.247689  
8462.708679  
8336.577009  
8428.258754  
8583.114659  
8422.576189  
8291.805437  
8308.182129  
8288.37003  
8303.243835  
8281.317339  
8266.824838  
8330.019461  
8328.185556  
8370.629961  
8389.381984  
8484.653887  
8495.111712  
8550.944955  
8541.524998  
8565.398516  
8512.441825  
8532.019278  
8522.220843  
8467.990461  
8437.029925  
8460.623064  
8411.369507  
8405.908604  
8321.89808  
8332.617057  
8347.957572  
8303.765608  
8253.8364  
8287.135542  
8236.240505  
8327.15979  
8431.463309  
8433.920236  
8517.343907  
8433.853341  
8416.050424  
8471.692357  
8491.470895  
8509.002154  
8542.210833  
8502.290449  
8575.68988  
8527.527387  
8451.791548  
8328.402108  
8244.098328  
8305.295689  
8347.221523  
8331.901768  
8313.838867  
8325.858241  
8311.043474  
8346.64583  
8393.481881  
8416.178589  
8364.249634  
8405.319746  
8389.431902  
8522.786377  
8542.407009  
8525.303816  
8547.907384  
8521.437413  
8505.094238  
8618.978629  
8606.34899  
8597.64822  
8504.471261  
8471.631635  
8407.254229  
8293.690735  
8289.270743  
8292.714233  
8236.709525  
8315.739781  
8407.294713  
8452.199219  
8462.736729  
8563.842747  
8634.529776  
8561.829154  
8651.191589  
8556.776742  
8566.436201  
8424.700361  
8427.32748  
8435.905169  
8412.864458  
8248.829851  
8240.491943  
8209.855922  
8273.172206  
8318.142909  
8298.841657  
8325.260332  
8249.681859  
8274.294434  
8308.480582  
8323.236415  
8315.293169  
8339.880702  
8341.397731  
8332.503924  
8379.210371  
8391.17497  
8387.199873  
8416.747759  
8375.302176  
8405.897539  
8435.587027  
8464.360177  
8539.148176  
8564.870213  
8634.81842  
8670.514736  
8626.789891  
8676.811776  
8635.96616  
8540.435355  
8557.560085  
8438.894174  
8417.140634  
8261.896763  
8174.931898  
8206.239502  
8215.56713  
8217.249895  
8297.639483  
8372.402841  
8366.42409  
8311.064479  
8338.780465  
8430.47229  
8416.507202  
8339.331909  
8398.42463  
8490.964608  
8434.86642  
8404.781712  
8444.020107  
8506.309649  
8501.431963  
8538.777858  
8575.539734  
8647.817392  
8601.0448  
8485.225813  
8402.126883  
8424.049665  
8330.373335  
8420.390878  
8390.684684  
8253.263881  
8327.419294  
8305.814357  
8237.092054  
8288.22277  
8319.016331  
8440.777893  
8502.804592  
8402.150138  
8400.395979  
8307.117789  
8484.708845  
8465.080915  
8433.474139  
8386.243103  
8374.938756  
8350.333078  
8588.983869  
8603.073565  
8534.758807  
8519.221401  
8468.342181  
8392.630659  
8518.070592  
8471.814898  
8552.404149  
8600.923628  
8569.330226  
8573.455287  
8529.946847  
8469.807818  
8419.594587  
8425.334333  
8423.847307  
8415.982204  
8519.265381  
8395.101458  
8446.428711  
8408.436462  
8316.83653  
8297.125706  
8270.731445  
8360.145307  
8353.488211  
8329.669948  
8355.390581  
8400.794416  
8411.432739  
8376.01185  
8412.633615  
8460.630859  
8405.86438  
8434.16748  
8420.004429  
8389.527387  
8355.491673  
8515.839521  
8397.153416  
8345.530605  
8360.615976  
8410.682033  
8415.553528  
8414.48359  
8446.285148  
8378.851493  
8425.934823  
8401.774248  
8334.663252  
8354.117292  
8311.421945  
8417.697484  
8508.999416  
8557.604571  
8531.094378  
8345.372559  
8278.179914  
8215.236755  
8182.848336  
8229.565805  
8262.592739  
8280.808533  
8204.028098  
8365.75095  
8302.7148  
8360.516017  
8522.114607  
8511.61125  
8526.720825  
8488.131975  
8518.967451  
8602.528643  
8593.71031  
8588.103498  
8524.747942  
8479.274501  
8443.742153  
8418.88746  
8403.612898  
8434.077785  
8517.249285  
8536.363133  
8568.083496  
8524.242449  
8566.165022  
8506.04371  
8449.426889  
8494.406477  
8574.030413  
8534.768093  
8556.967608  
8481.362148  
8433.711461  
8355.945958  
8257.508048  
8243.501639  
8294.997445  
8416.530195  
8407.196446  
8379.168623  
8228.206744  
8331.553101  
8200.092791  
8255.514278  
8268.407357  
8354.9825  
8375.620475  
8333.566677  
8399.918213  
8379.332624  
8315.534555  
8351.058236  
8404.783011  
8419.429618  
8422.223153  
8454.872794  
8484.971191  
8556.616813  
8562.886806  
8514.109166  
8533.260733  
8523.117737  
8432.547546  
8346.563154  
8409.67688  
8438.728646  
8431.548043  
8339.135175  
8366.45105  
8370.19424  
8313.483224  
8319.087036  
8320.46126  
8238.567383  
8265.376866  
8251.324454  
8315.240714  
8304.314401  
8364.19043  
8400.280265  
8444.462123  
8532.882403  
8562.96072  
8473.831386  
8463.72181  
8454.849487  
8439.068525  
8413.500087  
8478.020203  
8473.867772  
8483.281372  
8512.02914  
8517.041268  
8649.537824  
8608.207938  
8644.897949  
8615.077584  
8634.056606  
8563.617126  
8545.235221  
8487.516915  
8476.24585  
8504.854344  
8445.602304  
8423.522627  
8327.44696  
8274.859846  
8292.971287  
8253.436785  
8195.564314  
8189.929286  
8299.336618  
8192.847892  
8154.192239  
8343.347438  
8350.298366  
8395.456648  
8384.400574  
8481.918352  
8394.633092  
8435.62405  
8459.033011  
8318.398089  
8187.707511  
8186.127537  
8261.982134  
8262.809457  
8292.772435  
8294.490871  
8279.880048  
8310.957441  
8374.990522  
8385.087289  
8440.188555  
8461.013149  
8551.374512  
8743.470572  
8762.286935  
8668.249119  
8667.308716  
8711.80447  
8479.505493  
8535.170959  
8407.162153  
8443.678345  
8385.322475  
8371.277544  
8351.962019  
8427.840411  
8402.939043  
8461.762939  
8538.079851  
8556.780736  
8562.470564  
8502.981227  
8527.210676  
8405.324672  
8375.758187  
8267.215785  
8281.049116  
8234.202924  
8310.500453  
8240.46902  
8221.945007  
8331.17021  
8281.370222  
8370.045401  
8454.056231  
8491.833548  
8463.703221  
8403.25068  
8414.679583  
8481.983067  
8500.843794  
8449.341343  
8506.063485  
8553.351353  
8560.146502  
8446.445792  
8452.568787  
8562.920262  
8521.993382  
8469.315212  
8486.624076  
8454.144514  
8446.857919  
8403.731716  
8383.983895  
8422.548087  
8373.111816  
8388.92123  
8324.605495  
8312.415205  
8427.54534  
8505.046701  
8426.14624  
8524.819301  
8468.61635  
8528.811445  
8538.832799  
8442.028495  
8377.130685  
8309.560556  
8261.701233  
8296.785453  
8295.80535  
8286.935451  
8216.421849  
8302.384469  
8260.518694  
8365.179007  
8425.771615  
8423.34266  
8429.361764  
8558.05957  
8658.371041  
8524.990993  
8417.711626  
8349.155701  
8392.767857  
8322.922346  
8414.920541  
8365.45929  
8292.545628  
8374.507028  
8504.788164  
8518.511257  
8406.859235  
8381.004447  
8327.660618  
8384.903486  
8281.070051  
8382.995893  
8392.443324  
8485.471104  
8493.90577  
8525.069903  
8531.759077  
8439.548331  
8396.582345  
8396.668745  
8347.864685  
8340.490051  
8257.563119  
8302.467259  
8358.586827  
8394.691485  
8327.411307  
8502.232928  
8578.664263  
8552.057364  
8528.485055  
8421.442897  
8347.585449  
8400.419521  
8388.467154  
8403.544948  
8408.971662  
8482.105573  
8506.588056  
8477.028765  
8429.542079  
8365.094186  
8557.96698  
8443.533107  
8397.929836  
8425.298218  
8395.809579  
8451.485517  
8479.848493  
8509.027597  
8391.797982  
8443.39461  
8432.384242  
8455.954538  
8382.418335  
8300.403852  
8288.528503  
8380.185878  
8363.705906  
8410.571184  
8381.56441  
8410.228559  
8333.744184  
8407.403591  
8378.727801  
8444.97678  
8429.799264  
8394.073094  
8425.156424  
8354.436053  
8398.955279  
8352.61778  
8316.078474  
8401.198966  
8425.973005  
8460.064662  
8531.88555  
8532.81454  
8481.044277  
8520.858503  
8485.366377  
8443.928519  
8366.460842  
8319.28928  
8326.961435  
8331.768485  
8357.842407  
8366.321577  
8408.641113  
8400.057007  
8442.970319  
8445.925624  
8502.932024  
8490.171055  
8469.547808  
8543.731315  
8563.80283  
8598.446141  
8638.390529  
8618.852434  
8503.77614  
8480.250506  
8421.359785  
8374.73284  
8286.067644  
8178.859763  
8286.085005  
8258.594604  
8327.187657  
8377.310294  
8349.816014  
8360.301627  
8383.889143  
8431.422947  
8382.868243  
8372.398394  
8314.47903  
8222.619947  
8278.009931  
8238.645525  
8239.131941  
8182.92732  
8224.00347  
8258.722892  
8328.898682  
8436.360875  
8451.534816  
8442.705793  
8434.174927  
8512.146528  
8664.807565  
8724.187735  
8726.281651  
8713.761213  
8645.193115  
8551.092285  
8581.032654  
8454.431754  
8327.849261  
8343.287205  
8284.359724  
8288.505903  
8245.69526  
8315.083173  
8346.138541  
8298.293919  
8356.451817  
8413.094116  
8454.357422  
8443.348554  
8517.469831  
8510.384975  
8552.346776  
8528.124887  
8602.237444  
8615.758623  
8582.934256  
8541.714085  
8515.013288  
8514.082633  
8453.232762  
8467.134208  
8514.681989  
8478.809971  
8357.164132  
8330.73945  
8312.949166  
8228.233861  
8300.547459  
8234.49285  
8264.607073  
8260.815901  
8301.591553  
8190.81155  
8197.226916  
8208.432883  
8286.088004  
8328.126046  
8367.841989  
8508.105277  
8359.082781  
8427.140154  
8522.144357  
8512.004874  
8534.375392  
8547.895682  
8526.820435  
8508.735744  
8521.762599  
8440.756243  
8428.616159  
8448.7242  
8438.178781  
8492.463414  
8656.74108  
8561.833548  
8502.170358  
8452.800328  
8372.240836  
8301.567208  
8298.245013  
8338.13235  
8380.034677  
8323.597831  
8383.547389  
8436.552281  
8524.306536  
8548.60383  
8595.947824  
8648.990269  
8556.827837  
8510.115199  
8441.922337  
8441.406764  
8437.059108  
8298.904009  
8380.59729  
8307.797119  
8168.860696  
8128.609881  
8244.163766  
8259.672634  
8235.674674  
8203.124852  
8312.14617  
8339.228289  
8390.73652  
8417.412266  
8504.617763  
8580.715027  
8491.980634  
8516.621259  
8535.637146  
8490.990452  
8474.621443  
8500.048122  
8491.846427  
8545.258946  
8559.395028  
8564.24088  
8412.825108  
8380.216343  
8504.17341  
8488.46569  
8482.766183  
8468.859105  
8437.444475  
8566.108582  
8481.859453  
8401.219509  
8380.041277  
8351.24469  
8275.523132  
8305.610212  
8285.477766  
8325.231838  
8326.706578  
8327.966422  
8385.482117  
8392.475202  
8438.290309  
8493.283709  
8515.429007  
8443.241568  
8490.494943  
8598.262242  
8588.665484  
8568.824114  
8408.974679  
8361.074995  
8347.163461  
8312.72644  
8243.116664  
8145.823473  
8207.791364  
8218.646981  
8287.762068  
8287.101807  
8266.423933  
8327.283875  
8307.037964  
8375.989057  
8419.814296  
8402.322126  
8419.95493  
8409.304243  
8508.377694  
8518.483346  
8499.548872  
8530.450666  
8625.475446  
8641.491542  
8588.815796  
8645.57176  
8591.808384  
8615.894043  
8499.14202  
8478.950553  
8340.927612  
8510.195609  
8390.247829  
8366.040466  
8266.318229  
8339.990217  
8404.139858  
8351.566572  
8340.460563  
8356.60675  
8393.195853  
8389.605033  
8406.912772  
8414.937997  
8436.615583  
8447.983215  
8427.087446  
8408.186497  
8398.705671  
8316.317261  
8365.084263  
8276.156433  
8345.02281  
8319.615025  
8419.671064  
8413.624747  
8516.512041  
8554.881478  
8382.731044  
8523.604248  
8696.751526  
8680.0416  
8578.884199  
8547.374634  
8450.298715  
8425.674064  
8376.476109  
8409.309841  
8363.854675  
8300.032898  
8272.862366  
8211.852801  
8247.665571  
8272.191746  
8276.660958  
8169.95772  
8382.179618  
8518.22883  
8409.464783  
8385.077951  
8415.902509  
8470.879281  
8469.559579  
8501.226711  
8398.270612  
8500.261204  
8519.42749  
8531.273211  
8500.692496  
8446.317121  
8545.520796  
8612.495292  
8549.405544  
8512.313119  
8492.048226  
8476.725603  
8416.316851  
8436.497288  
8476.409746  
8365.769339  
8356.67899  
8436.159049  
8431.241708  
8454.613665  
8324.807661  
8327.158857  
8343.205758  
8339.416094  
8344.241228  
8291.228864  
8273.774327  
8273.217695  
8307.813206  
8334.080069  
8413.991795  
8367.827959  
8484.203997  
8500.118923  
8488.793597  
8593.00456  
8575.34518  
8599.730277  
8666.477277  
8598.05481  
8517.716492  
8557.811044  
8567.479422  
8595.943028  
8550.844997  
8545.352966  
8529.112828  
8661.92245  
8539.515363  
8460.731341  
8373.400024  
8390.790798  
8320.842991  
8395.857108  
8482.300058  
8568.093436  
8230.647164  
8219.093523  
8195.88092  
8089.23601  
8104.12759  
8069.181405  
8108.946141  
8163.723842  
8187.08524  
8346.12568  
8353.431684  
8476.063756  
8453.143747  
8502.892761  
8484.579119  
8441.586417  
8511.259661  
8390.808541  
8368.412685  
8397.147801  
8415.863708  
8510.138698  
8462.690578  
8469.288313  
8598.632098  
8665.67688  
8765.398324  
8709.637259  
8645.818246  
8540.687919  
8479.126038  
8469.174046  
8379.972185  
8348.301418  
8385.292236  
8297.212978  
8338.448739  
8364.143459  
8331.0546  
8283.535985  
8340.802176  
8418.516148  
8429.613647  
8285.802359  
8377.937395  
8541.596976  
8575.856088  
8606.371512  
8703.505458  
8649.17885  
8671.493443  
8638.196987  
8621.691616  
8624.299909  
8627.917419  
8530.80705  
8429.781642  
8375.076024  
8318.28139  
8295.196577  
8242.236215  
8275.671622  
8295.957432  
8237.304923  
8243.849021  
8284.625828  
8274.916827  
8319.159773  
8397.125541  
8441.648124  
8383.607404  
8413.542751  
8455.867275  
8398.712646  
8347.322876  
8415.020142  
8442.052333  
8444.194318  
8327.499346  
8255.461905  
8322.283072  
8295.262059  
8349.559448  
8193.409703  
8276.49006  
8360.834987  
8420.965332  
8551.632542  
8634.361407  
8698.972177  
8679.83701  
8629.292515  
8536.016663  
8467.537354  
8439.504665  
8335.456264  
8283.224574  
8229.567618  
8126.737553  
8203.717006  
8172.160409  
8197.71106  
8204.98965  
8235.370222  
8256.265991  
8313.345337  
8430.549177  
8460.601135  
8517.647182  
8560.37098  
8603.048662  
8483.089321  
8597.84681  
8582.433977  
8459.237183  
8419.454049  
8376.507804  
8304.469325  
8320.890965  
8407.866342  
8254.995122  
8289.889186  
8481.015268  
8419.568542  
8478.03125  
8471.536944  
8456.993635  
8555.037118  
8550.134251  
8573.097709  
8600.66823  
8460.733294  
8459.963658  
8414.416024  
8455.069693  
8280.441476  
8276.981419  
8328.893668  
8265.460981  
8245.002677  
8260.173968  
8384.795105  
8305.206857  
8359.677002  
8443.560835  
8367.066746  
8375.404515  
8330.730033  
8284.195129  
8295.10321  
8413.734924  
8416.099984  
8376.00885  
8420.267857  
8413.43103  
8534.293797  
8460.517264  
8515.267343  
8540.07496  
8508.000436  
8479.698068  
8456.648699  
8444.833723  
8447.59436  
8408.271293  
8414.845973  
8415.557617  
8385.994149  
8378.585205  
8368.889954  
8356.448068  
8339.958705  
8377.339303  
8380.423532  
8285.902082  
8298.392866  
8296.567688  
8264.447231  
8387.516523  
8381.372995  
8348.208017  
8332.967643  
8352.877415  
8340.377319  
8334.207511  
8427.765172  
8397.677316  
8480.370745  
8506.327148  
8474.278381  
8503.875462  
8465.039769  
8493.879412  
8544.702053  
8426.467904  
8463.829084  
8394.019357  
8403.33442  
8344.569842  
8312.461234  
8379.775164  
8338.709769  
8390.406241  
8524.202253  
8550.256435  
8558.043579  
8551.654916  
8444.416521  
8471.289342  
8291.441398  
8321.978132  
8275.698347  
8352.322841  
8352.195766  
8376.788801  
8338.169861  
8432.161499  
8717.284406  
8626.849705  
8518.728612  
8520.388654  
8386.325309  
8340.775469  
8337.167393  
8396.037912  
8370.540998  
8421.957319  
8377.077166  
8363.845851  
8407.121033  
8456.371068  
8471.418396  
8554.303484  
8564.903652  
8588.683602  
8590.867964  
8570.829843  
8522.246451  
8433.271048  
8496.265608  
8414.734453  
8268.900247  
8513.356027  
8571.888855  
8555.859279  
8486.815691  
8471.914934  
8429.634957  
8393.984375  
8360.560878  
8382.273621  
8352.007786  
8249.906756  
8175.597447  
8126.539943  
8125.334429  
8127.991089  
8160.562509  
8249.75865  
8322.455627  
8346.614205  
8392.230983  
8484.803807  
8514.713327  
8541.924168  
8496.610046  
8407.388715  
8439.208636  
8480.568307  
8524.136571  
8532.550014  
8519.835458  
8458.21596  
8455.82414  
8487.486058  
8498.281651  
8473.173366  
8474.987392  
8477.802543  
8590.839791  
8616.17327  
8575.518162  
8505.194284  
8332.003139  
8305.210815  
8350.095075  
8335.810678  
8337.271476  
8306.45411  
8377.498666  
8442.787057  
8414.270281  
8470.098441  
8457.719639  
8534.391837  
8468.590332  
8458.170436  
8432.727373  
8390.083679  
8394.099191  
8286.421134  
8339.173453  
8364.761222  
8283.689924  
8559.488691  
8419.997175  
8555.988508  
8388.000959  
8376.375593  
8372.315499  
8360.033037  
8375.019444  
8375.881505  
8385.578465  
8449.273629  
8481.479422  
8469.637155  
8446.004246  
8499.315456  
8463.488055  
8500.999425  
8507.429347  
8435.196865  
8611.5834  
8757.895281  
8653.757159  
8648.311628  
8664.300145  
8600.743809  
8460.32271  
8388.826765  
8243.88589  
8141.821551  
8044.699559  
8058.078731  
8048.897103  
8036.302146  
8035.028652  
8097.571228  
8145.417668  
8294.51743  
8307.665327  
8373.125401  
8338.353751  
8376.281721  
8412.495457  
8388.837821  
8443.309152  
8502.65046  
8600.033473  
8612.053789  
8600.120387  
8526.674299  
8680.721305  
8539.3076  
8593.354937  
8699.11302  
8665.978812  
8592.14747  
8541.522984  
8451.44628  
8370.348171  
8380.796701  
8282.974034  
8339.325431  
8325.716579  
8303.701041  
8263.391811  
8371.081229  
8349.397932  
8329.813686  
8230.422215  
8255.427115  
8275.44451  
8378.12888  
8439.767142  
8565.720529  
8622.694972  
8581.062064  
8578.772635  
8605.460039  
8584.255781  
8544.120353  
8490.323085  
8460.969884  
8401.527204  
8390.876535  
8399.125811  
8419.685878  
8426.95132  
8392.606393  
8371.235587  
8336.447719  
8372.451826  
8309.091326  
8392.715637  
8451.338824  
8427.936  
8383.286281  
8426.700954  
8415.411438  
8308.157785  
8345.023804  
8311.00143  
8296.421125  
8303.271615  
8231.900792  
8320.8174  
8319.57605  
8418.019374  
8395.464722  
8412.333575  
8472.307181  
8489.701085  
8482.159188  
8515.962507  
8521.759556  
8452.877842  
8453.538565  
8435.374878  
8466.308236  
8438.401951  
8454.999337  
