11513.14174  
11493.38267  
11516.15018  
11507.1438  
11524.64267  
11520.36732  
11531.23773  
11491.54368  
11500.7578  
11480.5559  
11463.14258  
11529.13226  
11512.90781  
11564.42142  
11528.79266  
11491.67573  
11515.17237  
11508.76207  
11477.50751  
11487.66173  
11488.26039  
11472.55756  
11477.8583  
11490.88844  
11508.11092  
11507.27124  
11510.78312  
11482.10809  
11524.17739  
11573.73256  
11560.98424  
11550.17964  
11544.46732  
11547.02007  
11547.6909  
11523.52009  
11511.43532  
11549.77993  
11547.70326  
11516.81181  
11498.13029  
11476.57439  
11548.82939  
11512.93263  
11518.07134  
11513.52683  
11502.48252  
11483.59806  
11462.04656  
11465.92341  
11535.77023  
11495.54161  
11497.17133  
11486.26941  
11499.96788  
11483.27188  
11504.08642  
11488.8437  
11498.17599  
11502.41046  
11501.56488  
11504.30514  
11513.70629  
11575.51498  
11548.36768  
11547.78257  
11537.76851  
11553.08522  
11587.77264  
11532.91439  
11489.51427  
11515.00435  
11510.26844  
11524.86129  
11501.80544  
11493.69882  
11464.86434  
11480.55804  
11503.85237  
11494.64552  
11544.27809  
11564.27312  
11575.52804  
11560.57112  
11533.23698  
11515.7937  
11480.46246  
11491.05174  
11450.29909  
11463.70859  
11486.03362  
11508.40198  
11517.57158  
11513.36256  
11504.89988  
11512.76552  
11533.78007  
11526.30664  
11555.85839  
11521.16006  
11507.61384  
11513.24524  
11501.25574  
11493.35159  
11528.26466  
11467.5388  
11506.97584  
11462.83236  
11494.13123  
11488.21308  
11512.97148  
11506.16258  
11509.07753  
11532.97665  
11525.41859  
11518.74836  
11506.29651  
11485.21394  
11530.14394  
11525.1657  
11513.91298  
11506.53275  
11556.46024  
11536.58737  
11528.76409  
11544.90761  
11496.77052  
11542.09506  
11500.6422  
11528.25323  
11501.5045  
11532.11151  
11495.4177  
11482.53835  
11466.51997  
11477.1668  
11482.84225  
11454.18087  
11467.39214  
11446.28616  
11504.42139  
11474.27634  
11490.62578  
11508.52193  
11514.38929  
11566.24005  
11579.12028  
11580.29653  
11552.65419  
11536.85154  
11517.29825  
11533.40517  
11573.74123  
11552.21431  
11509.30457  
11509.74752  
11518.61467  
11535.16642  
11514.19221  
11482.79058  
11477.01057  
11506.01386  
11476.56148  
11525.26546  
11524.71503  
11568.60929  
11594.05786  
11574.10666  
11554.92476  
11581.9714  
11552.2511  
11514.34361  
11470.90701  
11462.75218  
11427.67866  
11439.55862  
11459.30411  
11458.372  
11455.29236  
11492.40176  
11523.22109  
11513.04998  
11545.76537  
11522.61505  
11557.4335  
11552.3424  
11562.61414  
11524.9627  
11502.80724  
11517.78152  
11511.19271  
11501.85366  
11489.10999  
11515.13193  
11502.41047  
11530.75356  
11519.02361  
11487.06626  
11478.95841  
11503.66965  
11562.15909  
11521.04325  
11532.07416  
11462.41019  
11508.14067  
11451.40348  
11457.69277  
11475.14951  
11526.38703  
11535.03165  
11535.35397  
11514.21033  
11550.92425  
11542.61605  
11540.89333  
11506.4487  
11534.20788  
11482.14183  
11471.06724  
11503.47057  
11496.23658  
11547.56139  
11547.15637  
11524.24547  
11527.81447  
11571.35722  
11541.7637  
11548.55609  
11596.59566  
11510.00925  
11495.81401  
11469.23199  
11454.68181  
11477.76662  
11433.57746  
11463.52842  
11484.78985  
11501.72828  
11496.72341  
11510.19645  
11490.81852  
11509.74146  
11530.50019  
11527.67578  
11541.3046  
11503.56626  
11502.16131  
11496.64303  
11502.04015  
11558.9864  
11552.38187  
11523.37081  
11549.652  
11535.80314  
11583.38469  
11499.23306  
11537.5496  
11544.74617  
11502.61821  
11434.9962  
11427.54786  
11456.44083  
11471.15783  
11460.22437  
11473.22352  
11469.2794  
11500.85379  
11490.85599  
11498.42412  
11555.72147  
11571.74954  
11541.94906  
11533.95227  
11561.51113  
11531.45343  
11537.93541  
11534.42783  
11486.55199  
11487.92591  
11518.78678  
11533.50132  
11545.8013  
11543.0885  
11513.08644  
11543.66049  
11508.90604  
11475.44641  
11451.66148  
11495.1395  
11521.8142  
11460.58304  
11466.40195  
11489.41417  
11486.73771  
11484.70859  
11503.09874  
11533.80332  
11526.57729  
11532.93047  
11584.24174  
11538.61249  
11526.59712  
11536.09684  
11532.00416  
11559.30537  
11548.14089  
11539.69437  
11509.63549  
11502.2494  
11531.90493  
11510.67346  
11460.61143  
11523.37142  
11523.14727  
11530.67061  
11509.90351  
11527.022  
11541.42382  
11534.00769  
11503.02049  
11486.94053  
11484.20986  
11510.3775  
11497.33727  
11497.48092  
11532.95875  
11494.48917  
11509.89842  
11475.82151  
11516.27794  
11540.58458  
11493.43155  
11506.56399  
11498.9225  
11490.61753  
11460.30958  
11435.92198  
11472.26759  
11491.73467  
11494.44656  
11499.34267  
11504.55511  
11517.36947  
11543.59834  
11525.60452  
11552.34767  
11541.91267  
11555.20886  
11536.85776  
11562.19058  
11545.02737  
11530.11679  
11473.65907  
11487.09009  
11476.17586  
11469.09341  
11443.20975  
11470.69333  
11548.28146  
11536.61357  
11530.02962  
11525.58837  
11499.19112  
11470.93536  
11426.26136  
11416.22784  
11450.06884  
11493.70943  
11476.32571  
11497.09237  
11491.86035  
11485.06813  
11540.60708  
11537.96316  
11535.96418  
11541.90789  
11548.33042  
11542.55156  
11521.22468  
11525.46858  
11544.88507  
11542.89098  
11521.55929  
11542.82357  
11540.57037  
11513.60078  
11527.71005  
11559.31209  
11537.73028  
11522.54989  
11505.67504  
11468.06389  
11480.32638  
11514.5349  
11466.75813  
11528.48316  
11573.68596  
11560.32252  
11589.67884  
11508.43503  
11521.19803  
11575.94611  
11585.94076  
11567.45766  
11549.18661  
11496.85788  
11504.74375  
11472.13599  
11473.13109  
11480.14474  
11448.77281  
11508.07745  
11492.76185  
11488.689  
11469.6581  
11463.58632  
11497.4712  
11483.97608  
11499.82265  
11568.05546  
11529.80158  
11542.36868  
11485.39584  
11527.2338  
11515.57357  
11530.91162  
11538.86081  
11528.58002  
11537.79013  
11569.993  
11545.58799  
11519.93575  
11533.26482  
11503.9712  
11533.80824  
11541.02546  
11533.64323  
11525.72829  
11504.11077  
11523.22499  
11521.02133  
11488.39411  
11487.36943  
11492.04351  
11500.5625  
11517.46488  
11554.79488  
11557.4221  
11546.37863  
11513.08889  
11506.07648  
11495.39819  
11493.53907  
11506.88052  
11500.89704  
11536.20925  
11510.07317  
11520.7013  
11494.15327  
11535.02126  
11528.43062  
11510.20634  
11516.78392  
11523.67349  
11534.38594  
11543.63346  
11514.14764  
11507.39438  
11466.04493  
11457.0814  
11494.32435  
11495.68815  
11475.54678  
11490.40957  
11499.8974  
11468.67746  
11477.09801  
11440.88858  
11479.59621  
11491.21782  
11553.03541  
11517.42565  
11509.16685  
11494.37758  
11546.14899  
11552.15395  
11530.57707  
11499.52071  
11515.98419  
11544.6728  
11567.11105  
11520.03968  
11498.09057  
11510.55206  
11510.99194  
11501.63971  
11522.90475  
11501.20931  
11545.13238  
11527.82369  
11586.49733  
11514.43914  
11493.75653  
11498.00798  
11498.84422  
11508.15088  
11470.10797  
11493.43685  
11520.45409  
11547.72744  
11518.27062  
11512.09672  
11531.89909  
11527.1575  
11498.36321  
11530.71927  
11510.83081  
11490.18063  
11469.15781  
11471.65945  
11476.07442  
11479.69076  
11569.75072  
11537.59989  
11565.2522  
11543.23666  
11535.9964  
11513.43226  
11493.15943  
11481.14961  
11446.89019  
11505.5912  
11476.90604  
11506.29325  
11535.25193  
11526.60346  
11486.48099  
11505.43536  
11518.01494  
11528.87549  
11480.52963  
11481.41696  
11450.75826  
11481.14339  
11516.92384  
11505.36713  
11546.43413  
11556.02603  
11549.73137  
11552.53815  
11543.04242  
11513.7368  
11529.73208  
11480.61285  
11510.33046  
11552.04487  
11512.6433  
11509.17159  
11499.73791  
11503.86932  
11501.99602  
11534.66081  
11537.8008  
11530.18039  
11534.2077  
11529.6286  
11468.78482  
11485.46994  
11474.14568  
11499.32505  
11491.26825  
11503.10369  
11493.12232  
11467.84848  
11460.40451  
11475.81072  
11540.39115  
11520.01854  
11516.84745  
11552.65094  
11548.8458  
11538.1657  
11528.52861  
11536.47954  
11529.84941  
11501.91354  
11507.25013  
11523.99748  
11506.61434  
11513.95918  
11506.43727  
11512.0142  
11478.69625  
11481.23459  
11562.02488  
11538.5493  
11539.44756  
11569.49416  
11544.14399  
11553.31998  
11512.74711  
11500.34956  
11459.31887  
11446.91826  
11454.17237  
11444.69341  
11476.86364  
11487.35039  
11516.29615  
11492.55091  
11536.22581  
11525.24356  
11512.22093  
11523.2246  
11523.84151  
11544.81594  
11535.02645  
11522.02525  
11517.86416  
11542.87198  
11488.95571  
11495.77845  
11537.37912  
11534.57541  
11510.60399  
11514.90955  
11531.68133  
11504.84277  
11503.98832  
11563.02586  
11512.07729  
11532.80289  
11506.78674  
11529.384  
11516.83852  
11487.7822  
11481.11689  
11465.23882  
11496.04952  
11453.11097  
11520.26301  
11465.17117  
11492.55944  
11544.47578  
11532.23134  
11557.76028  
11519.02148  
11473.23084  
11497.25549  
11479.83239  
11479.56352  
11502.29009  
11472.18378  
11487.81743  
11477.69328  
11531.67998  
11527.78062  
11509.78289  
11528.63672  
11503.75146  
11517.0027  
11541.17934  
11577.11966  
11543.23895  
11515.16871  
11516.13638  
11471.31018  
11513.24387  
11501.55981  
11530.21709  
11552.40519  
11505.55045  
11532.4521  
11514.06657  
11583.94518  
11531.45333  
11545.31784  
11529.4378  
11505.65863  
11488.34764  
11517.48143  
11512.3028  
11518.68772  
11521.28894  
11548.57017  
11475.3476  
11492.7409  
11522.58231  
11484.38213  
11508.84262  
11522.82131  
11538.7908  
11517.28423  
11533.98008  
11490.45877  
11494.11162  
11466.50225  
11459.445  
11441.23579  
11470.5247  
11485.13128  
11467.00891  
11516.81256  
11527.9483  
11527.71979  
11559.21722  
11604.0279  
11541.87418  
11577.92269  
11555.7681  
11575.99868  
11543.36998  
11534.43431  
11527.30014  
11492.35952  
11503.15324  
11490.94074  
11443.08597  
11452.93326  
11444.43226  
11457.76944  
11468.0125  
11495.72321  
11523.87543  
11476.38503  
11548.0585  
11471.44949  
11512.97623  
11473.251  
11503.60155  
11503.52161  
11478.08716  
11547.40789  
11493.25832  
11539.66841  
11534.22138  
11578.14012  
11543.31952  
11562.83482  
11529.6748  
11531.84696  
11497.85951  
11519.5408  
11525.62042  
11553.21036  
11553.12029  
11559.64682  
11556.76646  
11549.80788  
11570.37825  
11575.64684  
11568.51804  
11596.50213  
11551.26027  
11509.17918  
11520.16675  
11505.34814  
11462.97845  
11438.85083  
11450.873  
11449.88124  
11467.13407  
11476.98647  
11481.4041  
11514.65689  
11533.30517  
11560.64482  
11559.30603  
11526.93304  
11536.89362  
11500.72999  
11497.07177  
11480.47742  
11481.42777  
11442.62445  
11500.15876  
11475.56698  
11468.68767  
11466.31824  
11445.058  
11492.51993  
11455.56842  
11523.6092  
11515.07843  
11478.43014  
11477.11154  
11532.56243  
11509.19864  
11492.44129  
11468.56975  
11484.16277  
11551.03917  
11566.48084  
11572.94606  
11576.6336  
11545.22542  
11556.56307  
11509.95326  
11555.52956  
11504.10771  
11539.28489  
11486.25946  
11506.03552  
11543.01684  
11516.6527  
11501.84722  
11479.92824  
11466.57636  
11477.55005  
11470.55044  
11517.61598  
11499.35653  
11472.31783  
11507.17405  
11523.76506  
11516.494  
11600.96535  
11531.65124  
11550.10153  
11541.73806  
11522.59203  
11513.4936  
11493.34568  
11502.78954  
11521.93035  
11525.57574  
11511.68515  
11513.36757  
11510.2525  
11474.63245  
11514.04331  
11512.70891  
11502.77452  
11545.86251  
11545.19298  
11520.728  
11510.42961  
11534.57519  
11518.24951  
11527.74068  
11521.83904  
11548.97154  
11506.10334  
11483.3682  
11492.42401  
11468.21009  
11504.51694  
11512.45566  
11488.15845  
11531.86139  
11540.80429  
11597.82496  
11555.82673  
11554.56757  
11526.28448  
11511.23274  
11501.30744  
11531.94482  
11527.2149  
11566.76605  
11568.64673  
11530.55092  
11501.97035  
11452.5697  
11453.97066  
11454.49686  
11415.83626  
11471.88674  
11451.70923  
11499.86498  
11490.08855  
11522.30844  
11534.038  
11528.11974  
11498.15651  
11538.21124  
11498.9788  
11460.2434  
11427.62426  
11473.166  
11438.6442  
11449.26529  
11513.71514  
11516.6135  
11538.62124  
11532.99048  
11501.61698  
11533.1394  
11527.78431  
11562.44634  
11574.89983  
11546.98415  
11563.98887  
11509.9382  
11512.72727  
11453.48626  
11475.22531  
11489.97613  
11446.83666  
11464.92702  
11488.49334  
11513.72521  
11525.91591  
11491.23457  
11497.47377  
11509.54425  
11460.55516  
11505.87376  
11596.66892  
11573.74854  
11530.18116  
11531.5974  
11506.91772  
11455.77578  
11474.02953  
11502.70381  
11533.06788  
11537.38938  
11517.84645  
11498.65717  
11504.05826  
11527.55282  
11500.75271  
11512.04505  
11539.41169  
11530.91025  
11525.34235  
11509.51655  
11496.73095  
11524.25709  
11505.89241  
11543.89904  
11544.22341  
11556.1767  
11516.82284  
11499.47756  
11522.31966  
11506.85472  
11484.01098  
11525.43263  
11492.92435  
11524.69216  
11520.2446  
11519.39858  
11541.49851  
11534.05962  
11487.37098  
11504.4094  
11509.78013  
11489.65628  
11495.93026  
11475.93277  
11484.6473  
11474.24037  
11486.58546  
11523.97628  
11547.63591  
11515.87087  
11556.49791  
11568.16424  
11589.46014  
11567.84508  
11523.16375  
11525.76567  
11457.2127  
11491.44255  
11461.67603  
11500.57052  
11499.80849  
11547.45695  
11538.2138  
11542.10435  
11516.5495  
11506.53448  
11507.05937  
11480.23606  
11490.32703  
11454.63597  
11487.67717  
11513.31074  
11529.20984  
11530.37747  
11514.81263  
11530.37943  
11503.06703  
11522.83473  
11521.80874  
11522.38666  
11486.95388  
11494.91172  
11480.11631  
11509.38846  
11544.6267  
11512.96549  
11538.97795  
11571.86339  
11544.33009  
11572.88214  
11599.49334  
11570.76525  
11523.25925  
11541.23928  
11500.26502  
11508.45032  
11474.20187  
11502.38723  
11504.54781  
11495.44437  
11570.70718  
11515.43547  
11535.42917  
11500.78561  
11507.70863  
11538.06186  
11460.65419  
11472.83006  
11471.08234  
11469.99316  
11463.68099  
11492.66525  
11488.87249  
11504.7985  
11494.8939  
11534.78843  
11600.23619  
11545.08477  
11568.89227  
11555.70904  
11546.50881  
11489.09473  
11431.78709  
11461.18089  
11435.396  
11462.92763  
11500.94055  
11555.65236  
11534.27641  
11536.25793  
11539.23444  
11486.97195  
11492.87664  
11514.36261  
11445.35498  
11488.14134  
11494.85888  
11554.92643  
11524.17614  
11537.87617  
11539.27093  
11499.74656  
11485.77704  
11511.12046  
11518.21398  
11471.20177  
11519.99054  
11510.67713  
11535.28126  
11564.20614  
11544.62614  
11580.46367  
11542.74221  
11549.55998  
11484.58186  
11488.10888  
11457.51252  
11460.97051  
11491.15498  
11532.75331  
11529.63105  
11543.50028  
11574.27493  
11571.88174  
11505.83457  
11496.67242  
11507.30452  
11527.38066  
11512.06362  
11535.22376  
11510.30264  
11471.23285  
11495.07416  
11481.71281  
11491.291  
11517.33892  
11536.43819  
11543.17749  
11564.73204  
11571.48594  
11545.21622  
11530.84294  
11473.31841  
11539.24819  
11530.03652  
11531.17815  
11516.89166  
11481.60789  
11461.45191  
11426.27027  
11452.92396  
11451.85491  
11478.60493  
11501.88858  
11438.60445  
11533.01532  
11486.80491  
11534.84526  
11521.77294  
11530.83118  
11564.04402  
11547.93379  
11548.54807  
11522.36942  
11547.65538  
11551.93314  
11522.51899  
11504.47162  
11520.70393  
11527.42798  
11470.99921  
11500.99226  
11507.00262  
11517.30155  
11439.12102  
11485.35774  
11467.92917  
11489.98371  
11456.38129  
11463.48284  
11474.6314  
11542.3278  
11517.55466  
11527.00604  
11544.91414  
11542.95636  
11554.59712  
11545.93114  
11522.13296  
11487.50277  
11513.82121  
11520.10297  
11517.74491  
11519.41979  
11454.78283  
11467.96469  
11503.36623  
11508.90647  
11521.83041  
11547.5764  
11546.31501  
11516.80536  
11521.86534  
11526.70627  
11501.09971  
11485.45116  
11508.17914  
11463.77326  
11502.63004  
11462.76001  
11489.51001  
11496.38402  
11525.56678  
11507.1832  
11532.30097  
11552.80618  
11561.11186  
11523.8372  
11544.96504  
11537.83656  
11536.051  
11524.80634  
11486.993  
11522.84824  
11541.35564  
11542.70866  
11526.29284  
11554.56774  
11511.94274  
11525.10953  
11524.65455  
11505.91466  
11495.53425  
11505.67672  
11476.68259  
11501.13181  
11552.03747  
11545.77974  
11541.33348  
11482.55372  
11501.61567  
11534.43269  
11492.656  
11550.99527  
11537.04044  
11528.77175  
11494.26732  
11531.5935  
11511.09774  
11469.38129  
11445.27286  
11458.50248  
11452.50342  
11501.40084  
11505.35925  
11506.54667  
11520.9816  
11550.30313  
11505.73019  
11499.05706  
11518.62478  
11582.98374  
11520.11691  
11531.07561  
11527.10879  
11544.46303  
11465.62418  
11508.51842  
11494.0016  
11524.75536  
11504.67413  
11509.22291  
11540.71994  
11526.53397  
11486.25001  
11515.51842  
11494.45334  
11517.11461  
11483.95218  
11456.40176  
11487.6362  
11490.35867  
11485.64961  
11540.76492  
11513.57145  
11531.37853  
11560.39295  
11573.36267  
11537.34447  
11533.48135  
11547.66946  
11504.33481  
11474.16391  
11497.91779  
11497.82913  
11487.61158  
11474.87124  
11475.55733  
11471.99298  
11534.85762  
11530.49831  
11539.71921  
11521.56391  
11573.75838  
11509.5878  
11474.53766  
11440.50023  
11458.27469  
11439.52503  
11445.89225  
11439.77599  
11479.47706  
11464.05054  
11464.16769  
11509.00383  
11564.7946  
11526.816  
11513.8484  
11512.8298  
11552.44281  
11533.60861  
11545.35981  
11537.95376  
11498.23698  
11484.46213  
11500.33116  
11546.64478  
11505.13993  
11517.45774  
11522.93068  
11526.40575  
11546.31838  
11527.6592  
11544.65831  
11502.09211  
11532.71655  
11495.51706  
11521.26701  
11505.60407  
11501.7343  
11524.00665  
11523.79423  
11551.8465  
11582.99473  
11545.8122  
11526.49751  
11541.42609  
11538.23596  
11574.90655  
11493.08268  
11498.62071  
11543.72597  
11504.66954  
11533.20365  
11522.12003  
11552.49415  
11539.32407  
11528.62939  
11503.32302  
11506.24501  
11485.16096  
11493.07182  
11467.10296  
11503.90075  
11475.26856  
11490.1221  
11512.06272  
11495.58521  
11500.51668  
11524.64967  
11498.27738  
11516.8861  
11511.48247  
11562.97156  
11545.38383  
11573.28279  
11538.85658  
11499.7492  
11485.32991  
11457.7433  
11456.56067  
11495.62734  
11472.03774  
11517.65093  
11485.61409  
11499.38725  
11508.94959  
11488.87729  
11479.10575  
11496.59212  
11500.5112  
11443.51312  
11473.35765  
11514.33963  
11572.46559  
11541.55045  
11508.29282  
11539.77679  
11493.97015  
11498.43822  
11487.8269  
11509.13408  
11555.00177  
11540.19714  
11530.1101  
11506.03028  
11490.34358  
11520.50117  
11525.02364  
11508.35206  
11535.89356  
11531.95287  
11512.24068  
11535.27257  
11521.94289  
11486.89976  
11511.69772  
11520.75525  
11504.81123  
11517.13792  
11541.00723  
11553.99768  
11595.57247  
11550.12088  
11553.28688  
11516.5022  
11530.16825  
11487.28255  
11453.22973  
11459.62628  
11461.48572  
11443.62467  
11393.9774  
11430.45169  
11469.17778  
11466.83533  
11505.01589  
11490.13098  
11494.25867  
11500.39508  
11512.08408  
11518.45379  
11539.47498  
11488.95685  
11547.63352  
11551.38947  
11541.31612  
11494.53055  
11510.00007  
11548.30453  
11561.28463  
11563.50537  
11532.36405  
11592.02236  
11548.64511  
11564.58818  
11525.30276  
11493.53557  
11461.95157  
11466.14896  
11489.85973  
11473.10523  
11516.24789  
11529.40688  
11495.52193  
11513.64113  
11512.61584  
11482.51913  
11463.60313  
11484.64551  
11444.89995  
11514.40211  
11532.35004  
11551.59931  
11566.54535  
11565.67845  
11556.44821  
11542.45822  
11499.13989  
11515.47749  
11477.35006  
11492.23987  
11497.62424  
11471.97155  
11475.56484  
11509.81252  
11530.25339  
11475.46427  
11488.16952  
11499.35291  
11534.78645  
11514.33623  
11558.04174  
11533.27757  
11584.43618  
11562.71848  
11537.86168  
11518.0348  
11505.37542  
11491.55453  
11484.83372  
11494.57879  
11540.9815  
11553.89542  
11522.44657  
11538.54374  
11522.59051  
11563.46662  
11534.65318  
11514.0943  
11521.15443  
11522.66284  
11494.59879  
11468.47225  
11445.54  
11456.79404  
11471.49546  
11484.81323  
11466.79279  
11467.9032  
11488.77416  
11471.26387  
11438.60338  
11530.77016  
11549.47577  
11527.1002  
11536.81269  
11503.92582  
11496.15012  
11492.44755  
11475.76567  
11496.4286  
11507.42908  
11529.31372  
11580.32415  
11591.01275  
11569.5729  
11569.58829  
11538.03845  
11518.41707  
11499.51485  
11534.7135  
11489.65435  
11491.60523  
11490.10637  
11525.189  
11537.95796  
11520.81091  
11540.16599  
11523.30918  
11502.05086  
11493.8743  
11478.71984  
11471.8318  
11477.20239  
11498.65372  
11496.69116  
11513.88252  
11539.81567  
11503.2576  
11515.03948  
11523.93283  
11499.59916  
11479.55413  
11443.03332  
11499.72152  
11484.75346  
11487.88014  
11469.96251  
11487.05285  
11487.36125  
11514.67185  
11483.77516  
11512.02878  
11530.87554  
11530.86019  
11525.77836  
11545.12301  
11523.62144  
11580.74614  
11533.68192  
11534.59608  
11504.18926  
11543.14821  
11503.12157  
11551.83458  
11527.11649  
11566.27457  
11560.49539  
11548.06922  
11505.77859  
11503.09021  
11500.80165  
11479.44541  
11503.47306  
11483.83567  
11463.1344  
11523.08569  
11541.69548  
11588.12765  
11604.60443  
11571.69169  
11523.73547  
11503.54824  
11495.24975  
11458.44378  
11457.2108  
11442.21279  
11417.18743  
11455.05897  
11446.85778  
11494.29768  
11478.12056  
11517.78549  
11520.96612  
11551.46978  
11534.97307  
11503.98569  
11541.58541  
11521.64635  
11545.89422  
11564.96384  
11536.19095  
11507.93824  
11508.01221  
11494.46972  
11492.06911  
11500.1845  
11454.6628  
11501.18539  
11489.37815  
11522.03366  
11506.61462  
11520.35551  
11597.35997  
11565.4824  
11532.10796  
11513.91856  
11483.76305  
11503.63024  
11490.90361  
11504.17099  
11452.38893  
11466.70108  
11453.15615  
11470.79596  
11456.87363  
11471.98634  
11505.62538  
11489.75155  
11513.04804  
11570.98581  
11555.89062  
11529.67464  
11504.28536  
11527.97148  
11468.33414  
11520.36319  
11547.86618  
11558.59621  
11553.46563  
11549.09983  
11556.73317  
11530.93495  
11515.56984  
11491.02906  
11522.58632  
11513.29714  
11486.89683  
11558.33478  
11515.42595  
11523.53496  
11503.00589  
11508.39091  
11551.37147  
11554.88606  
11532.46273  
11490.34712  
11448.39803  
11461.20532  
11513.94175  
11484.92886  
11508.14547  
11527.05553  
11555.6759  
11525.65904  
11521.19858  
11527.81407  
11542.14457  
11496.44455  
11532.07058  
11482.331  
11541.16961  
11555.87351  
11612.00467  
11606.89029  
11552.10065  
11510.10896  
11538.2423  
11496.82601  
11452.6349  
11427.13329  
11446.32385  
11455.88101  
11467.52561  
11490.46993  
11516.57815  
11508.48373  
11542.56847  
11566.14156  
11497.5116  
11516.10104  
11541.77282  
11503.97044  
11510.05525  
11501.09957  
11510.09655  
11481.5924  
11514.31852  
11492.01976  
11477.29774  
11463.35059  
11401.11476  
11542.77604  
11574.84365  
11582.59016  
11552.15937  
11499.55617  
11507.57584  
11511.52498  
11507.82478  
11489.65576  
11507.06217  
11498.70707  
11517.62182  
11507.45053  
11530.85811  
11568.76982  
11496.0865  
11520.67448  
11556.90241  
11540.11049  
11535.11449  
11507.2856  
11478.52318  
11485.34315  
11483.35431  
11482.71782  
11455.3031  
11514.16953  
11502.41824  
11515.1007  
11494.74321  
11452.4845  
11497.04148  
11468.63647  
11489.56826  
11513.25193  
11531.89875  
11489.10544  
11505.04684  
11527.02048  
11557.49647  
11570.6021  
11502.86486  
11508.44528  
11544.03328  
11538.86613  
11560.03909  
11548.76688  
11520.85533  
11510.0549  
11539.9433  
11524.21309  
11513.34661  
11473.90653  
11542.56522  
11554.99381  
11533.02888  
11532.69337  
11495.0659  
11491.61848  
11475.39281  
11495.81236  
11496.84367  
11534.1461  
11531.01043  
11541.91257  
11558.99547  
11521.93412  
11540.10795  
11506.95784  
11490.64378  
11546.17379  
11546.81543  
11552.15701  
11509.75006  
11529.22865  
11549.35601  
11493.75118  
11446.3052  
11429.78738  
11473.72555  
11522.71565  
11532.68631  
11486.89588  
11483.25052  
11474.91793  
11434.94447  
11475.37063  
11460.74619  
11496.43791  
11512.28557  
11524.93124  
11481.40867  
11490.23826  
11530.17577  
11533.15314  
11553.40683  
11529.11324  
11526.31846  
11511.02309  
11495.04881  
11473.15912  
11474.91266  
11517.89839  
11494.5842  
11493.19073  
11537.48147  
11573.50896  
11585.6765  
11578.3674  
11529.34221  
11550.52051  
11527.26459  
11516.2355  
11470.99701  
11495.54139  
11481.52659  
11445.7077  
11507.57069  
11516.17652  
11539.05511  
11566.96459  
11552.39512  
11529.0074  
11511.48181  
11495.33665  
11521.76442  
11529.2173  
11514.05103  
11546.637  
11538.57267  
11509.96198  
11495.95946  
11455.31154  
11488.55184  
11471.53222  
11524.86552  
11524.7027  
11529.68739  
11549.21255  
11509.65867  
11492.29839  
11476.70552  
11424.58158  
11449.98579  
11417.66249  
11455.99551  
11432.24932  
11452.9934  
11461.55452  
11436.84967  
11542.60988  
11525.68648  
11569.9998  
11558.59063  
11537.57556  
11530.96261  
11526.55037  
11521.39803  
11531.0082  
11554.75531  
11561.15994  
11523.94207  
11576.75705  
11519.79402  
11568.44052  
11582.527  
11579.06455  
11543.88969  
11564.8456  
11557.5266  
11543.70773  
11541.08018  
11531.4217  
11520.34667  
11523.6739  
11497.85841  
11509.67237  
11533.12093  
11527.95025  
11502.32837  
11542.874  
11500.04445  
11518.59374  
11472.41542  
11545.75315  
11522.41268  
11548.48502  
11567.4877  
11536.92564  
11511.36646  
11533.53509  
11505.57924  
11469.05506  
11445.8839  
11465.35077  
11482.17228  
11457.41858  
11496.76786  
11447.84349  
11480.82335  
11533.32426  
11526.232  
11563.91219  
11542.37117  
11560.38469  
11542.89605  
11577.03824  
11550.84532  
11541.90846  
11565.36001  
11486.66793  
11481.57765  
11477.80405  
11494.00895  
11453.3282  
11504.3551  
11524.40872  
11504.5276  
11540.45957  
11525.65745  
11534.81111  
11531.70126  
11505.2333  
11483.8046  
11547.05602  
11491.09548  
11500.8298  
11526.20234  
11519.41279  
11513.26798  
11524.87167  
11527.5256  
11517.0423  
11509.91125  
11545.38992  
11555.88117  
11590.17819  
11551.08551  
11555.72788  
11538.22828  
11507.47245  
11507.59288  
11516.02914  
11510.03399  
11546.84808  
11502.32548  
11518.43928  
11520.872  
11511.2293  
11525.20988  
11475.09196  
11447.73674  
11468.21617  
11460.75774  
11459.80766  
11464.92695  
11475.19243  
11553.47058  
11463.42183  
11496.3199  
11499.35325  
11488.44523  
11483.01608  
11481.94942  
11487.03311  
11523.39942  
11486.27297  
11488.85414  
11499.30194  
11572.95179  
11590.23513  
11590.39378  
11596.69164  
11548.59196  
11531.37957  
11537.03386  
11526.19993  
11485.27028  
11518.98069  
11521.62304  
11532.35766  
11521.37911  
11535.12384  
11510.52909  
11544.78022  
11537.89393  
11545.90935  
11499.69684  
11520.38935  
11461.56203  
11455.20869  
11483.79917  
11507.08055  
11504.96157  
11524.22408  
11542.69807  
11547.28733  
11544.52847  
11489.9288  
11507.8975  
11511.98093  
11511.50965  
11452.50319  
11502.98752  
11502.1902  
11507.75557  
11491.29003  
11520.04162  
11498.69755  
11479.18492  
11494.1633  
11446.05377  
11437.83921  
11472.22848  
11487.08432  
11419.22956  
11502.44669  
11455.97279  
11513.41882  
11474.46427  
11515.40034  
11508.82544  
11519.93586  
11529.86953  
11585.48096  
11469.26796  
11476.89903  
11572.40533  
11535.23243  
11535.51595  
11489.94685  
11496.09272  
11513.61458  
11531.99587  
11486.36097  
11495.07448  
11491.95631  
11529.89085  
11542.82565  
11545.13966  
11510.5564  
11484.56242  
11470.82723  
11418.02335  
11443.44267  
11466.47304  
11519.55879  
11509.52299  
11544.60175  
11505.35008  
11490.12453  
11496.29638  
11444.80352  
11493.13092  
11480.98155  
11536.86769  
11531.76581  
11509.38043  
11544.246  
11528.99939  
11540.74765  
11560.88244  
11560.03652  
11547.60213  
11523.81276  
11547.21302  
11528.65624  
11494.7936  
11477.38278  
11516.96907  
11493.44202  
11490.80501  
11486.07952  
11519.16491  
11515.5268  
11526.87975  
11508.7631  
11502.46433  
11464.0329  
11510.04384  
11481.8678  
11467.41903  
11535.65057  
11514.18805  
11514.05624  
11529.21506  
11534.72712  
11536.12582  
11532.11775  
11496.04183  
11531.12433  
11512.08972  
11506.39057  
11515.79892  
11497.63555  
11473.55503  
11463.97364  
11488.22537  
11521.1257  
11530.40579  
11516.14666  
11515.865  
11569.5468  
11510.23038  
11516.87293  
11509.26252  
11548.25081  
11521.63831  
11553.64056  
11534.83417  
11583.33053  
11523.04552  
11516.43438  
11483.82838  
11466.27835  
11474.35318  
11468.65088  
11493.62278  
11494.34633  
11488.10068  
11518.07196  
11527.37617  
11537.74856  
11502.99126  
11503.82129  
11491.92947  
11464.45091  
11458.0947  
11515.31864  
11490.23668  
11447.14232  
11528.03848  
11564.56402  
11602.33249  
11568.90259  
11558.83491  
11499.5431  
11522.7744  
11532.45644  
11576.35407  
11520.76608  
11537.14264  
11566.00703  
11553.09629  
11554.1722  
11542.91418  
11507.37927  
11498.30893  
11498.82356  
11475.01926  
11485.63816  
11469.63344  
11489.86349  
11500.08334  
11524.31415  
11484.3628  
11480.70906  
11514.40673  
11570.44299  
11514.70431  
11476.80797  
11516.41046  
11489.00154  
11470.25534  
11506.12977  
11484.00524  
11464.34193  
11498.5198  
11495.742  
11502.50654  
11474.51584  
11493.86334  
11483.12925  
11530.88578  
11519.14598  
11484.08831  
11513.36856  
11524.08745  
11560.92594  
11560.89848  
11524.79855  
11533.5078  
11502.11893  
11474.28777  
11506.68697  
11530.80687  
11501.55234  
11502.9429  
11531.44115  
11521.22485  
11563.26794  
11504.21289  
11517.83237  
11519.19195  
11546.14795  
11557.80003  
11574.61886  
11561.10714  
11546.55102  
11571.35409  
11564.11432  
11466.64132  
11452.19855  
11448.95489  
11512.21561  
11513.80668  
11475.50511  
11511.07681  
11514.85645  
11566.43724  
11572.48083  
11579.24588  
11532.26003  
11454.36908  
11448.31234  
11478.73058  
11454.45027  
11450.34731  
11485.21052  
11453.6048  
11511.47283  
11528.11484  
11529.25757  
11504.766  
11528.17709  
11498.02013  
11472.80649  
11505.25773  
11482.58933  
11505.17212  
11541.0516  
11543.44927  
11555.03458  
11554.11866  
11549.28282  
11530.81658  
11525.83794  
11528.22637  
11537.50305  
11531.37334  
11532.78682  
11522.61302  
11505.44838  
11563.03911  
11531.53971  
11469.71496  
11469.40084  
11420.59736  
11487.17111  
11517.48381  
11504.55608  
11457.00886  
11469.43831  
11456.8306  
11446.33595  
11460.79775  
11541.88457  
11467.78738  
11536.55384  
11535.70124  
11522.71357  
11514.33792  
11528.10376  
11505.36739  
11533.02039  
11534.12211  
11529.47667  
11528.11972  
11506.89742  
11529.78604  
11506.53245  
11563.7735  
11565.94102  
11557.96064  
11552.47694  
11535.18861  
11543.03837  
11505.5522  
11509.65038  
11516.59374  
11497.06347  
11504.28897  
11548.92968  
11533.30719  
11512.16161  
11507.86446  
11532.20695  
11467.52883  
11490.41515  
11494.81908  
11464.58792  
11473.07736  
11471.06891  
11488.74264  
11509.71549  
11504.70499  
11500.89477  
11499.39527  
11513.37682  
11490.07155  
11543.05304  
11540.23011  
11508.41737  
11507.71455  
11537.96402  
11516.40649  
11487.68857  
11522.82321  
11530.65121  
11499.452  
11502.49285  
11497.75674  
11571.35615  
11527.89508  
11526.68349  
11566.16534  
11540.32736  
11519.84615  
11525.79186  
11516.14431  
11513.65167  
11538.11987  
11522.21648  
11532.13913  
11533.94831  
11544.35371  
11522.83316  
11482.61687  
11476.05792  
11457.86873  
11472.2106  
11478.46207  
11503.84096  
11476.5454  
11511.53018  
11528.33972  
11548.89773  
11564.69488  
