10657.41051  
10684.24668  
10684.35439  
10639.22887  
10558.3765  
10561.10605  
10512.21533  
10527.70231  
10530.50378  
10518.75609  
10543.31038  
10549.44479  
10529.67383  
10584.37174  
10617.02139  
10609.98249  
10667.18844  
10609.06901  
10654.04544  
10585.32783  
10583.8292  
10627.26872  
10634.9585  
10653.22552  
10652.71465  
10684  
10689.96982  
10697.03298  
10712.21224  
10684.71986  
10712.04414  
10655.9484  
10618.97412  
10556.05531  
10556.97923  
10534.39017  
10550.64056  
10550.51257  
10576.10566  
10553.56243  
10617.64173  
10645.06012  
10670.4041  
10667.47109  
10612.60576  
10580.56888  
10548.19727  
10534.11784  
10531.28717  
10500.87184  
10529.6263  
10582.56087  
10577.14792  
10585.92839  
10552.12741  
10573.41813  
10573.11051  
10543.16341  
10589.66445  
10598.40967  
10599.4041  
10669.82054  
10654.38512  
10694.29023  
10743.71605  
10760.42979  
10736.95127  
10646.31781  
10626.66781  
10621.29486  
10635.08617  
10603.10579  
10626.52132  
10585.92083  
10575.58086  
10564.37305  
10552.20986  
10562.96904  
10571.0207  
10587.54697  
10607.1304  
10637.27074  
10647.35514  
10625.65765  
10679.41621  
10640.0376  
10565.58125  
10565.21292  
10568.18503  
10574.44616  
10627.30417  
10621.64798  
10614.24795  
10590.71589  
10573.36989  
10581.01214  
10617.21406  
10576.19535  
10588.25505  
10596.24518  
10593.99222  
10590.63844  
10596.71615  
10601.16374  
10657.63854  
10681.54831  
10668.38148  
10565.34541  
10588.44095  
10564.99196  
10526.09342  
10610.02214  
10565.95755  
10571.86953  
10613.72236  
10626.64154  
10544.42637  
10535.81719  
10566.92327  
10616.92321  
10653.68714  
10642.139  
10631.11357  
10700.58828  
10697.5957  
10651.60257  
10630.25163  
10536.64574  
10532.92028  
10590.81527  
10542.70384  
10566.18607  
10558.34346  
10552.3585  
10535.94557  
10529.34606  
10610.60417  
10590.68818  
10541.11331  
10602.66904  
10663.84059  
10592.21797  
10602.58893  
10587.2387  
10616.19004  
10651.72448  
10626.36523  
10736.057  
10611.60898  
10574.30215  
10551.4361  
10573.98932  
10623.87995  
10663.57562  
10642.42939  
10644.61143  
10661.91618  
10641.01566  
10612.74076  
10583.97041  
10642.53545  
10641.26243  
10613.46927  
10649.44398  
10669.18997  
10637.5501  
10631.39453  
10587.87461  
10630.16188  
10593.38883  
10617.69697  
10612.42607  
10602.2805  
10568.38457  
10567.24063  
10589.24932  
10605.70983  
10550.27718  
10559.98669  
10613.28545  
10630.14564  
10593.24124  
10594.26403  
10619.32852  
10581.64229  
10596.95534  
10551.24661  
10572.36777  
10534.25687  
10563.60605  
10568.39118  
10585.03252  
10623.29756  
10578.02191  
10586.4889  
10609.40101  
10660.46012  
10676.78298  
10651.93542  
10654.66455  
10621.82705  
10505.87012  
10494.53457  
10522.2124  
10520.02217  
10549.08639  
10557.65469  
10546.57376  
10621.89212  
10592.35033  
10632.5071  
10665.19997  
10680.30518  
10705.17946  
10661.15029  
10585.58092  
10584.39661  
10543.57367  
10561.87012  
10571.89329  
10669.37464  
10706.54948  
10704.92116  
10686.30671  
10581.57367  
10586.55934  
10595.59355  
10638.33271  
10649.41904  
10589.9916  
10609.38721  
10555.72741  
10584.35938  
10545.5307  
10577.61331  
10550.92301  
10583.38053  
10621.43031  
10619.14183  
10615.70234  
10642.0292  
10622.67301  
10600.26953  
10610.70107  
10556.3709  
10614.27168  
10615.16475  
10619.46146  
10599.61403  
10614.49313  
10601.6612  
10582.47321  
10561.66097  
10569.36745  
10657.44131  
10595.59202  
10629.89951  
10628.54118  
10606.79814  
10622.41494  
10594.95413  
10612.2137  
10608.16699  
10560.08558  
10522.67526  
10530.80413  
10548.58812  
10551.34167  
10591.31673  
10633.34212  
10610.22777  
10628.69043  
10616.07025  
10669.93053  
10681.55472  
10693.05514  
10655.75846  
10607.17461  
10568.39521  
10593.16501  
10655.47402  
10694.96475  
10642.52451  
10613.85615  
10564.69525  
10574.90732  
10525.76009  
10573.53949  
10589.35951  
10595.22568  
10639.29775  
10581.28734  
10547.90534  
10573.59814  
10592.43841  
10589.10739  
10573.34818  
10551.30586  
10612.02201  
10698.87454  
10690.8029  
10660.81683  
10665.33675  
10644.396  
10645.3109  
10609.76566  
10600.67018  
10557.77445  
10555.31536  
10600.77721  
10553.99795  
10631.73203  
10640.85856  
10648.0513  
10625.12721  
10590.19225  
10581.15508  
10650.12412  
10602.67809  
10587.06289  
10583.02624  
10596.72145  
10627.88509  
10608.14515  
10623.21133  
10558.69626  
10540.85228  
10550.97565  
10550.78216  
10535.0541  
10610.93102  
10629.33516  
10646.46449  
10611.25566  
10610.28685  
10572.22425  
10615.13161  
10595.81634  
10636.55863  
10638.6848  
10641.91094  
10632.39466  
10674.90456  
10642.13656  
10617.65075  
10575.24232  
10652.0723  
10638.65244  
10635.52721  
10608.27441  
10581.16615  
10525.56787  
10481.24479  
10479.65072  
10523.43669  
10538.59417  
10547.87731  
10584.53451  
10604.89626  
10603.87386  
10634.08861  
10624.76569  
10598.04157  
10642.56725  
10564.0112  
10562.59785  
10609.0001  
10617.94867  
10613.75225  
10633.63587  
10577.39574  
10664.75902  
10654.93359  
10675.36351  
10698.7373  
10661.49274  
10614.7248  
10648.88053  
10671.25013  
10649.96061  
10596.08499  
10647.1402  
10647.28027  
10630.68652  
10636.54007  
10635.62122  
10558.13714  
10594.91546  
10619.89567  
10605.42188  
10587.24596  
10591.95651  
10592.42998  
10610.49424  
10609.41979  
10608.10456  
10557.48929  
10581.7723  
10638.44323  
10630.72367  
10640.58187  
10679.18138  
10661.84909  
10609.17363  
10519.98988  
10481.73138  
10544.83799  
10531.03747  
10508.75824  
10518.83727  
10526.8236  
10568.13978  
10537.98242  
10547.6362  
10578.48066  
10586.84095  
10613.45238  
10611.329  
10607.07487  
10670.27809  
10634.88965  
10669.60114  
10652.05801  
10626.65745  
10628.90905  
10609.52207  
10628.21247  
10624.59609  
10655.2779  
10730.28636  
10690.48109  
10614.1279  
10617.92327  
10601.64189  
10584.50163  
10624.00205  
10580.51338  
10534.49004  
10598.08932  
10583.10664  
10555.57246  
10582.90374  
10621.04141  
10599.72731  
10655.05081  
10593.49997  
10551.27113  
10578.49753  
10575.25251  
10608.27809  
10580.37845  
10635.04668  
10628.59079  
10585.71787  
10640.6473  
10645.09368  
10628.00436  
10674.58203  
10642.9875  
10667.94323  
10689.46621  
10629.17285  
10584.89437  
10585.2737  
10550.70706  
10586.84167  
10548.30596  
10570.61917  
10546.68262  
10521.38398  
10543.6055  
10547.74844  
10517.83789  
10545.7833  
10540.78988  
10596.39619  
10586.24639  
10586.16895  
10584.57594  
10621.12305  
10633.51908  
10659.89281  
10654.1863  
10630.74876  
10679.18164  
10674.9138  
10640.98418  
10600.33841  
10598.4223  
10667.2472  
10677.99967  
10643.62581  
10589.94395  
10598.42565  
10582.16084  
10596.53437  
10577.96712  
10584.39212  
10636.58727  
10597.60345  
10619.02536  
10649.81045  
10597.96823  
10564.52546  
10583.78958  
10554.39115  
10588.84945  
10685.92503  
10720.59388  
10726.20299  
10657.98125  
10624.80107  
10587.65954  
10473.53118  
10535.17321  
10576.24352  
10562.35788  
10576.78021  
10594.65133  
10608.87799  
10600.39395  
10588.12744  
10647.16361  
10604.75944  
10582.56696  
10611.6987  
10608.56501  
10596.36221  
10568.34157  
10569.64831  
10553.86533  
10630.13301  
10674.55576  
10700.82438  
10592.78532  
10583.86025  
10556.1222  
10566.45153  
10538.04984  
10603.78301  
10606.09808  
10562.76999  
10590.39811  
10609.88503  
10630.91006  
10636.2193  
10678.6849  
10664.27624  
10664.10075  
10654.48245  
10623.6682  
10548.87741  
10558.86595  
10580.34333  
10573.97204  
10596.58193  
10588.34521  
10636.87262  
10568.36341  
10577.57158  
10569.58105  
10667.29535  
10643.06898  
10604.65492  
10642.00055  
10569.35775  
10555.08304  
10501.77796  
10521.24447  
10601.56937  
10607.14867  
10590.8889  
10545.66989  
10584.95374  
10617.71921  
10598.35921  
10593.13594  
10618.93613  
10612.29479  
10688.02282  
10720.07041  
10704.36934  
10671.71497  
10608.24909  
10552.90755  
10573.13281  
10543.60319  
10531.1723  
10541.39121  
10560.34932  
10571.67301  
10596.00101  
10568.02194  
10617.83971  
10642.4749  
10662.36686  
10735.6069  
10688.27376  
10664.30872  
10597.4891  
10620.075  
10612.62562  
10576.99733  
10511.27855  
10509.18053  
10534.38031  
10517.51071  
10567.87074  
10581.2985  
10524.68301  
10570.68408  
10571.68327  
10629.18597  
10645.78138  
10678.73024  
10671.2723  
10686.33864  
10641.6236  
10636.73379  
10644.7457  
10610.17259  
10583.58958  
10615.68076  
10612.53903  
10644.88275  
10641.39473  
10605.11107  
10602.78239  
10660.43441  
10642.88883  
10698.5527  
10631.01042  
10606.83737  
10601.76602  
10544.56667  
10540.5584  
10564.12171  
10573.41882  
10563.443  
10501.42087  
10526.17467  
10564.64694  
10591.79525  
10573.83304  
10575.57227  
10560.27962  
10549.45794  
10556.73831  
10589.00602  
10567.9708  
10580.36488  
10611.12676  
10578.33288  
10632.83786  
10662.87298  
10638.73662  
10695.64505  
10666.92718  
10637.06152  
10676.6571  
10551.15801  
10575.81553  
10604.93285  
10618.62728  
10674.61387  
10610.4305  
10610.09795  
10565.78516  
10575.61953  
10622.72135  
10588.286  
10637.19785  
10657.00765  
10667.97096  
10621.04062  
10615.02464  
10576.39095  
10582.75892  
10562.47858  
10561.61514  
10599.41117  
10601.87344  
10607.55934  
10632.78734  
10601.46289  
10583.06276  
10524.3057  
10581.76211  
10606.6583  
10542.33066  
10693.51051  
10664.54163  
10655.70827  
10567.3167  
10577.27432  
10545.31771  
10578.41403  
10550.85859  
10563.99616  
10582.30098  
10561.38584  
10569.54486  
10608.35641  
10606.69567  
10639.6  
10635.12357  
10652.34401  
10667.3902  
10688.18171  
10617.14837  
10641.56263  
10673.64095  
10645.99196  
10651.06491  
10682.92467  
10623.19378  
10570.34391  
10580.68929  
10559.79717  
10546.93896  
10549.85078  
10598.99759  
10625.08597  
10645.75046  
10616.06862  
10748.70244  
10622.8623  
10595.80407  
10572.46227  
10532.0027  
10527.38984  
10552.49411  
10622.12074  
10620.54307  
10616.70124  
10604.14779  
10604.24551  
10598.00648  
10564.86084  
10581.48034  
10593.02845  
10605.08083  
10706.74668  
10636.09694  
10640.15088  
10652.59382  
10546.04095  
10612.15163  
10532.66761  
10606.221  
10642.71331  
10669.43639  
10610.67699  
10577.14587  
10632.82536  
10619.40827  
10591.31572  
10552.09401  
10564.68779  
10583.40241  
10555.92067  
10593.12282  
10610.83939  
10607.40973  
10621.71045  
10665.04648  
10670.92673  
10646.29121  
10624.05531  
10571.74691  
10595.90879  
10581.68187  
10614.99157  
10629.00495  
10598.6401  
10609.99417  
10574.19326  
10582.91123  
10619.48711  
10609.24629  
10612.35247  
10575.62227  
10549.08073  
10547.72074  
10601.3776  
10579.07135  
10615.01888  
10601.50055  
10627.49873  
10563.88447  
10607.89909  
10631.12581  
10658.43083  
10591.80361  
10585.50361  
10560.22812  
10588.56191  
10629.24811  
10607.58587  
10557.33617  
10584.00579  
10573.38115  
10547.32044  
10594.95677  
10556.90462  
10608.12386  
10623.24085  
10570.22295  
10612.14271  
10597.61208  
10580.91973  
10593.97396  
10582.11117  
10611.53073  
10631.37979  
10637.93434  
10700.10173  
10669.5513  
10638.01667  
10580.0734  
10591.86868  
10582.03424  
10592.64121  
10572.43685  
10570.62181  
10587.66328  
10593.01546  
10586.34906  
10582.45173  
10615.67074  
10609.15189  
10626.87135  
10625.52054  
10657.6292  
10616.79316  
10623.94779  
10639.78288  
10646.69535  
10653.4762  
10655.50426  
10599.14076  
10571.4806  
10583.32467  
10557.07272  
10608.36715  
10594.55163  
10604.87884  
10589.54805  
10559.85368  
10598.24463  
10606.82897  
10635.92471  
10647.87269  
10676.20449  
10632.56898  
10618.03447  
10617.64271  
10618.84189  
10656.58294  
10657.74593  
10579.23473  
10617.77943  
10570.00114  
10577.37829  
10511.83743  
10560.52308  
10588.54427  
10615.32679  
10598.77699  
10593.49782  
10631.93805  
10589.79746  
10569.31725  
10511.64209  
10529.40885  
10638.47354  
10484.1679  
10480.07035  
10491.88034  
10490.63298  
10513.07939  
10590.54561  
10564.16624  
10639.76032  
10647.73213  
10653.58092  
10660.24043  
10711.17572  
10758.89202  
10754.18441  
10773.41859  
10751.46865  
10620.41436  
10553.06328  
10559.38936  
10561.18796  
10520.17799  
10548.05462  
10575.05413  
10518.66185  
10536.12744  
10604.57988  
10594.66237  
10558.47477  
10614.03646  
10573.47051  
10594.0821  
10670.3748  
10688.88623  
10674.78073  
10596.17077  
10566.8735  
10567.0124  
10568.55306  
10554.34873  
10549.28167  
10595.3138  
10580.08021  
10579.636  
10614.55433  
10633.26191  
10676.54362  
10648.23757  
10630.4304  
10571.3374  
10571.46914  
10595.97393  
10611.64001  
10637.20241  
10588.31175  
10639.77786  
10649.23955  
10611.25085  
10614.3154  
10581.46276  
10611.2974  
10665.5918  
10607.96367  
10606.33522  
10644.61107  
10599.17878  
10596.27702  
10609.09795  
10626.69935  
10634.16986  
10653.93662  
10608.14186  
10643.32536  
10623.3401  
10630.73942  
10592.06527  
10569.77754  
10570.42712  
10581.40576  
10591.87201  
10610.17188  
10644.35091  
10600.91654  
10655.73239  
10632.22946  
10611.60856  
10601.47477  
10603.26579  
10644.97152  
10660.32523  
10612.75758  
10644.14938  
10635.76696  
10645.08548  
10635.16429  
10596.75306  
10581.98708  
10515.13236  
10521.48047  
10551.7932  
10538.79818  
10582.03307  
10522.52103  
10553.69782  
10544.98688  
10576.73197  
10563.10212  
10540.70342  
10525.20358  
10565.64694  
10588.004  
10661.0165  
10689.88913  
10651.61071  
10625.87705  
10645.88535  
10676.0391  
10640.94261  
10666.72432  
10651.91325  
10654.19395  
10616.06842  
10596.2097  
10610.57298  
10578.93923  
10613.07227  
10566.70202  
10571.09867  
10573.2179  
10538.16715  
10630.23288  
10651.17292  
10594.83008  
10584.6877  
10588.1599  
10565.80716  
10603.43187  
10572.58688  
10614.02917  
10582.46663  
10628.83883  
10571.32894  
10579.14805  
10572.33219  
10589.4377  
10621.97038  
10653.76211  
10646.13835  
10614.94801  
10667.58314  
10586.62064  
10503.39173  
10570.57686  
10566.00641  
10512.52708  
10526.02448  
10478.47363  
10575.11921  
10628.87988  
10618.40173  
10587.49085  
10645.62565  
10587.9137  
10678.18626  
10607.20195  
10593.55736  
10607.61074  
10609.78024  
10596.29372  
10596.03447  
10670.99619  
10684.08906  
10629.73193  
10592.31276  
10580.65778  
10589.32061  
10602.56562  
10666.01003  
10611.87721  
10667.32467  
10602.37526  
10631.1609  
10631.3445  
10666.1625  
10675.50755  
10675.0682  
10682.03896  
10621.69417  
10570.18258  
10639.9001  
10658.75413  
10646.51836  
10690.22288  
10698.06077  
10587.00605  
10543.38958  
10528.82233  
10534.76374  
10507.53024  
10551.20882  
10588.1263  
10557.01732  
10593.23092  
10591.67653  
10570.96921  
10563.29954  
10556.01836  
10542.45348  
10547.60521  
10616.84059  
10623.11042  
10631.13571  
10635.07357  
10631.6889  
10722.19645  
10660.88984  
10603.2486  
10601.51751  
10561.85521  
10531.80511  
10504.69046  
10521.01234  
10542.84717  
10600.29557  
10599.75013  
10659.96536  
10615.9432  
10645.99863  
10654.91335  
10657.75208  
10653.57627  
10666.98473  
10640.41068  
10675.19574  
10708.52721  
10694.04362  
10640.98037  
10595.38359  
10538.20335  
10516.1861  
10539.68997  
10579.3556  
10597.45677  
10571.80794  
10583.03171  
10580.94941  
10508.17435  
10480.41706  
10488.00319  
10544.86045  
10560.95618  
10589.54001  
10569.67764  
10587.24147  
10630.34111  
10626.65299  
10668.42891  
10654.75046  
10581.94382  
10627.33789  
10588.9612  
10626.50026  
10615.1195  
10655.85212  
10687.69124  
10631.861  
10611.32998  
10577.871  
10566.64694  
10644.31602  
10683.99792  
10705.94115  
10627.93971  
10555.47272  
10560.38382  
10569.99538  
10559.18311  
10533.70169  
10554.34541  
10581.66009  
10566.33574  
10529.81481  
10558.58135  
10560.94131  
10559.23923  
10604.70085  
10633.40394  
10632.65781  
10631.32878  
10659.78398  
10555.89814  
10575.75322  
10552.71693  
10598.91761  
10603.81396  
10607.26458  
10702.72148  
10638.78171  
10585.52734  
10611.97591  
10627.64782  
10649.354  
10657.70381  
10648.11315  
10692.76494  
10641.86549  
10604.58512  
10602.94036  
10618.65094  
10667.02835  
10719.09821  
10661.97936  
10680.59342  
10672.53805  
10654.88424  
10656.79082  
10646.6193  
10549.8057  
10542.5  
10531.37301  
10665.90234  
10657.73431  
10588.27145  
10549.55153  
10520.29525  
10542.28704  
10543.77028  
10592.23903  
10621.2737  
10618.30199  
10637.55938  
10716.43835  
10627.98701  
10628.54072  
10611.19225  
10568.28001  
10574.94202  
10578.71706  
10606.94268  
10561.25602  
10569.92376  
10581.50817  
10580.17679  
10614.84577  
10608.18275  
10578.77031  
10508.68665  
10586.56826  
10591.11348  
10592.8307  
10642.63066  
10612.75436  
10628.40654  
10641.06654  
10614.83913  
10594.9804  
10647.61361  
10619.11986  
10625.91839  
10637.76986  
10613.19606  
10531.31595  
10624.10368  
10589.54824  
10556.26191  
10606.99574  
10586.22614  
10546.09482  
10586.05446  
10559.67103  
10564.65531  
10625.42725  
10588.77536  
10605.23825  
10631.08278  
10641.23288  
10652.02041  
10555.85999  
10531.65296  
10533.24854  
10562.16641  
10601.32516  
10609.09469  
10595.46045  
10565.13337  
10554.48923  
10598.42002  
10552.89375  
10645.36471  
10662.70488  
10616.21377  
10624.31305  
10610.03327  
10647.9387  
10613.71501  
10662.33385  
10633.24238  
10616.4598  
10606.83086  
10643.48402  
10644.20257  
10614.62516  
10642.71751  
10631.85228  
10626.87581  
10559.04121  
10582.50632  
10567.02738  
10590.59775  
10600.00921  
10650.8792  
10590.47155  
10631.83363  
10594.92741  
10609.68268  
10649.71943  
10608.76182  
10587.97406  
10593.23516  
10655.27614  
10618.48024  
10626.28818  
10599.55518  
10615.52594  
10599.52038  
10614.9584  
10623.93031  
10671.42725  
10603.77845  
10626.88193  
10593.2014  
10578.36572  
10537.43828  
10550.03288  
10583.69245  
10571.47988  
10605.61667  
10589.88219  
10563.8166  
10612.52871  
10594.73652  
10619.01374  
10646.2862  
10601.38353  
10593.77441  
10619.80514  
10652.1263  
10630.89238  
10612.18079  
10566.95876  
10615.45465  
10597.94411  
10592.67269  
10606.78708  
10571.71956  
10580.38525  
10558.13385  
10589.02985  
10587.34847  
10579.18724  
10611.26943  
10655.87103  
10662.95583  
10632.94883  
10648.38372  
10653.46533  
10631.68708  
10640.61657  
10605.67852  
10556.22826  
10605.36563  
10557.05553  
10587.17139  
10615.171  
10605.57526  
10638.81647  
10650.33678  
10671.39349  
10590.51787  
10552.43962  
10550.68968  
10606.09824  
10577.32174  
10625.54896  
10599.11406  
10640.51608  
10703.26947  
10678.66139  
10638.08688  
10666.5291  
10589.55658  
10569.4403  
10584.2265  
10580.04661  
10579.28385  
10567.78665  
10555.60996  
10603.54271  
10609.01562  
10618.66595  
10604.15876  
10539.78424  
10538.2249  
10451.84248  
10447.04521  
10475.6818  
10496.15355  
10541.76595  
10571.13975  
10612.71149  
10621.16022  
10602.27858  
10639.5391  
10627.10417  
10635.02529  
10641.48249  
10586.38044  
10625.37012  
10610.81787  
10698.94788  
10657.00915  
10698.58431  
10711.06882  
10669.04095  
10601.88415  
10601.75918  
10586.89443  
10583.35433  
10590.09372  
10580.15615  
10572.32438  
10599.6346  
10603.76182  
10660.97344  
10637.53978  
10652.17764  
10613.56862  
10589.53656  
10505.83812  
10548.09824  
10522.8777  
10529.2805  
10530.54202  
10590.73717  
10623.93594  
10679.13102  
10643.97148  
10629.58311  
10627.44102  
10621.74167  
10613.34388  
10548.38753  
10565.84889  
10563.60127  
10569.59486  
10582.97298  
10569.54079  
10593.18623  
10609.49342  
10670.70111  
10621.72083  
10633.61253  
10613.00736  
10609.60439  
10607.90785  
10638.74779  
10701.11462  
10670.40586  
10608.00176  
10626.45589  
10623.18255  
10625.83532  
10610.8904  
10579.28294  
10570.88066  
10627.35859  
10662.89111  
10620.48076  
10655.09606  
10629.6651  
10628.92874  
10587.87171  
10545.63415  
10465.93714  
10549.98018  
10516.89382  
10552.13623  
10556.12568  
10590.28965  
10559.71719  
10580.33613  
10515.5915  
10546.72207  
10563.50837  
10623.61706  
10652.04408  
10656.14574  
10741.83844  
10687.05947  
10616.58887  
10581.36178  
10548.6362  
10554.57396  
10564.55127  
10534.97103  
10603.88613  
10610.46045  
10688.37266  
10683.11367  
10635.96335  
10662.04411  
10658.83958  
10654.75081  
10623.86292  
10582.92113  
10608.2514  
10607.74115  
10666.65345  
10674.04674  
10587.49678  
10548.42917  
10551.82572  
10539.60648  
10572.55628  
10554.62214  
10539.70212  
10573.41589  
10565.55277  
10608.65941  
10577.39837  
10648.14036  
10669.66598  
10677.32327  
10701.33538  
10626.20667  
10640.16364  
10605.70752  
10581.54743  
10526.14349  
10497.20055  
10537.95794  
10543.83545  
10524.93613  
10584.69395  
10590.71497  
10647.17585  
10576.20527  
10612.63395  
10671.16126  
10610.89544  
10655.24912  
10622.44385  
10650.98685  
10615.40462  
10666.28926  
10654.80036  
10681.47829  
10651.36758  
10627.85081  
10598.98099  
10614.4349  
10606.86465  
10583.82809  
10563.66917  
10573.28688  
10555.64632  
10519.56468  
10540.67809  
10601.19313  
10584.34131  
10642.11533  
10652.21436  
10598.54443  
10588.60895  
10539.75765  
10535.60446  
10565.90742  
10589.21113  
10590.29274  
10614.09085  
10587.41947  
10586.8888  
10644.75703  
10657.13665  
10636.73167  
10634.4734  
10576.98415  
10558.57048  
10605.70091  
10596.53617  
10623.74567  
10625.12308  
10610.86348  
10611.70664  
10632.2891  
10605.64811  
10626.91969  
10640.21572  
10667.11973  
10669.80687  
10602.10625  
10623.75397  
10584.52191  
10590.06719  
10602.35612  
10604.64701  
10621.54648  
10662.98112  
10583.0917  
10596.11322  
10556.84395  
10548.56097  
10556.66579  
10601.77845  
10588.72129  
10594.18519  
10553.59316  
10565.94121  
10498.10889  
10549.93574  
10529.07376  
10527.34014  
10589.98447  
10581.97406  
10577.37529  
10593.65885  
10635.40309  
10572.85094  
10600.92171  
10545.85599  
10582.17041  
10596.32767  
10627.36423  
10672.72314  
10660.29017  
10591.43346  
10611.58812  
10579.98099  
10605.87487  
10632.04499  
10662.02142  
10638.68161  
10648.61517  
10615.08008  
10603.11963  
10603.62585  
10608.08727  
10607.18724  
10633.68555  
10665.25612  
10647.01276  
10689.84811  
10648.23717  
10694.82757  
10680.08438  
10655.9637  
10694.51576  
10622.60765  
10640.0876  
10614.96419  
10608.62038  
10575.87734  
10614.46543  
10641.47611  
10664.70146  
10644.16566  
10657.76243  
10603.17826  
10589.41667  
10584.0387  
10540.39961  
10549.78226  
10510.81634  
10515.02415  
10511.98477  
10500.52965  
10554.68734  
10553.01006  
10587.80713  
10603.32546  
10628.16908  
10646.11204  
10619.95384  
10603.4265  
10587.88841  
10579.44359  
10558.3873  
10631.84206  
10636.66354  
10631.6321  
10605.95846  
10594.87311  
10579.64567  
10612.64544  
10617.82852  
10637.89603  
10705.71488  
10660.83376  
10636.22643  
10609.32839  
10544.97113  
10546.16807  
10550.82357  
10582.33206  
10563.9068  
10582.26966  
10575.80921  
10584.1666  
10625.18675  
10668.41618  
10646.74163  
10633.12412  
10641.89118  
10621.76917  
10603.31393  
10588.03535  
10595.99398  
10589.15618  
10627.8679  
10651.43411  
10602.7929  
10586.10052  
10531.1444  
10506.76042  
10550.12702  
10536.27451  
10543.78411  
10554.45013  
10551.96276  
10602.83633  
10620.97982  
10628.9484  
10654.53558  
10666.74684  
10645.91979  
10651.06686  
10637.35573  
10659.02119  
10644.77275  
10672.53118  
10628.93607  
10629.27526  
10624.28926  
10613.56364  
10566.20579  
10602.93936  
10589.5598  
10577.29027  
10603.06123  
10670.10426  
10669.19622  
10654.35687  
10583.21325  
10586.83307  
10550.9319  
10599.57038  
10590.51162  
10630.56432  
10657.46722  
10631.83516  
10630.95215  
10631.92607  
10586.83232  
10590.92878  
10570.55365  
10608.50254  
10646.39242  
10597.15166  
10584.1042  
10629.45413  
10631.74922  
10588.07158  
10550.50238  
10576.03646  
10504.33887  
10474.59883  
10496.30609  
10550.971  
10526.69554  
10553.4265  
10578.9486  
10587.15208  
10588.28265  
10591.16413  
10623.7373  
10592.45785  
10620.89811  
10611.69723  
10629.90931  
10738.9207  
10677.99372  
10678.10902  
10663.45189  
10614.40609  
10605.8654  
10555.20348  
10589.23379  
10608.53952  
10588.53512  
10651.07201  
10606.96185  
10615.34329  
10658.27848  
10684.85062  
10672.02181  
10631.64378  
10552.01367  
10504.63887  
10525.22165  
10505.81982  
10504.67096  
10594.82565  
10582.18949  
10576.17907  
10623.87692  
10650.25319  
10694.14902  
10679.13812  
10631.43392  
10575.27292  
10573.77432  
10560.8236  
10576.68434  
10617.70615  
10634.9835  
10642.77246  
10620.17331  
10568.10212  
10572.93001  
10659.09414  
10666.88418  
10644.39294  
10609.40081  
10605.43796  
10583.59085  
10565.09935  
10589.65775  
10550.22708  
10558.46553  
10506.46849  
10554.92109  
10548.84886  
10552.8498  
10528.2639  
10521.31273  
10535.65563  
10609.23376  
10723.75078  
10724.51748  
10654.79652  
10584.62868  
10579.56478  
10594.49209  
10621.48047  
10619.71488  
10629.16429  
10668.50514  
10633.80879  
10635.1207  
10650.94814  
10692.74284  
10672.68128  
10706.62165  
10676.58802  
10592.65983  
10657.60016  
10583.65524  
10627.42852  
10635.27653  
10590.58997  
10616.68167  
10648.47344  
10649.29834  
10674.75143  
10625.78753  
10608.76813  
10615.38516  
10600.37757  
10632.02129  
10614.47324  
10632.93613  
10585.53421  
10593.5736  
10587.63278  
10575.30908  
10567.14014  
10592.39466  
10628.02122  
10632.27747  
10624.55166  
10644.23617  
10655.24759  
10609.02529  
10652.85934  
10604.8096  
10569.97012  
10586.80866  
10575.86982  
10576.20479  
10603.00215  
10607.08206  
10573.87451  
10591.13317  
10596.4167  
10586.91432  
10553.2209  
10571.35537  
10554.84271  
10566.85951  
10611.09196  
10630.75459  
10629.59141  
10605.95518  
10612.0543  
10529.48171  
10514.42725  
10526.92581  
10552.89049  
10580.40042  
10633.42116  
10646.14993  
10654.32191  
10609.06624  
10595.95345  
10624.24886  
10576.37057  
10523.41331  
10597.5446  
10635.10127  
10615.99189  
10623.02793  
10624.49215  
10676.89076  
10627.6319  
10636.14808  
10685.43105  
10713.29814  
10716.00163  
10712.19876  
10677.86048  
10624.11484  
10556.26628  
10536.66904  
10480.89941  
10468.91488  
10512.35111  
10549.05059  
10527.28584  
10546.72428  
10569.12419  
10546.31348  
10580.6057  
10592.98561  
10636.81048  
10634.36175  
10593.99652  
10628.96351  
10602.44759  
10590.78288  
10649.95072  
10570.60146  
10618.1972  
10658.97952  
10676.77858  
10678.96605  
10791.5943  
10754.09225  
10674.75505  
10570.62155  
10544.7238  
10535.20055  
10475.9376  
10572.30469  
10643.85228  
10633.64782  
10617.30078  
10624.03564  
10637.53268  
10663.68467  
10668.2262  
10631.91611  
10522.2915  
10568.22194  
10572.60719  
10598.07454  
10607.0391  
10601.72653  
10594.00413  
10595.94072  
10646.59616  
10605.70716  
10626.62451  
10630.06559  
10574.23096  
10522.61289  
10547.92461  
10519.36247  
10625.69743  
10630.04417  
10686.77568  
10727.26836  
10659.91875  
10617.75635  
10582.46911  
10557.70195  
10516.20085  
10505.22204  
10427.50618  
10543.77367  
10610.91449  
10543.91029  
10581.21436  
10568.00999  
10583.7861  
10571.02562  
10533.69766  
10626.52712  
10618.43584  
10599.57464  
10629.83691  
10639.8652  
10646.54336  
10724.96364  
10729.43418  
10677.17301  
10639.71478  
10592.45091  
10561.57663  
10556.54906  
10605.65163  
10581.68571  
10551.12559  
10606.31595  
10614.45703  
10598.78988  
10581.16696  
10523.72832  
10514.76159  
10558.18939  
10574.72096  
10592.81436  
10593.24196  
10590.97718  
10633.22568  
10553.45221  
10577.86768  
10577.78353  
10592.92806  
10582.48278  
10554.17923  
10579.51738  
10564.08984  
10589.02178  
10598.99759  
10643.25153  
10618.26579  
10588.10085  
10628.36797  
10645.89925  
10633.14805  
10643.45749  
10611.66898  
10569.43854  
10567.89587  
10584.13786  
10636.09111  
10620.96348  
10624.04665  
10608.20544  
10614.40238  
10615.79378  
10568.56501  
10530.58359  
10565.4986  
10605.77142  
10656.90137  
10662.74414  
10652.16058  
10657.96494  
10602.13252  
10615.64144  
10600.68776  
10577.93171  
10586.68089  
10599.4542  
10578.68564  
10629.53148  
10593.68353  
10588.67038  
10586.52643  
10556.51549  
10593.68818  
10598.80788  
10579.14235  
10573.14316  
10548.15208  
10506.78835  
10565.43688  
10523.8557  
10580.02549  
10632.55667  
10635.2917  
10666.07904  
10667.25553  
10586.98958  
10545.17536  
10622.38805  
10558.90094  
10618.98525  
10583.01104  
10623.11849  
10598.13757  
10643.61813  
10683.31992  
10684.17484  
10653.28298  
10656.04733  
10687.52975  
10681.55872  
10646.53434  
10607.62308  
10617.74395  
10579.72673  
10638.05267  
10632.44049  
10659.50794  
10636.88646  
10662.45042  
10655.16582  
10704.93799  
10627.70791  
10571.59287  
10563.45618  
10521.30602  
10552.5486  
10535.39655  
10576.39398  
10570.65013  
10606.42715  
10610.29059  
10594.01309  
10547.86615  
10527.3749  
10567.33164  
10559.6889  
10646.40612  
10638.50798  
10602.3791  
10607.6016  
10626.41084  
10637.28887  
10655.64587  
10675.10573  
10644.37103  
10614.1097  
10592.52568  
10563.64186  
10564.54837  
10568.9276  
10588.49714  
10568.86403  
10530.03044  
10498.66878  
10504.04417  
10466.80632  
10532.20622  
10545.58262  
10557.18307  
10565.96507  
10592.20277  
10578.97327  
10611.99189  
10658.23271  
10643.99714  
10695.23509  
10668.64808  
10617.47721  
10524.4958  
10555.74199  
10591.3377  
10627.94508  
10654.54108  
10668.84163  
10616.87279  
10659.24609  
10621.32578  
10634.1096  
10620.78717  
10582.01582  
10655.40036  
10681.80247  
10715.6127  
10639.12041  
10586.90964  
10494.22712  
10480.66185  
10520.35127  
10544.71374  
10537.89551  
10603.36383  
10592.13613  
10606.29089  
10632.09264  
10659.19694  
10657.76676  
10635.37458  
10619.69212  
10563.68271  
10549.24264  
10551.49967  
10569.64137  
10612.17995  
10597.23001  
10634.37767  
10686.45879  
10657.24365  
10687.77448  
10711.65703  
10600.84033  
10534.60469  
10557.6501  
10544.41517  
10545.17617  
10606.92493  
10587.40052  
10638.24587  
10613.74277  
10637.48444  
10649.65876  
10663.38118  
10631.70036  
10636.85234  
10673.53473  
10652.74196  
10602.66527  
10597.37471  
10536.44606  
10529.28646  
10612.55013  
10584.13923  
10604.2889  
10614.07275  
10565.21051  
10529.43324  
10549.9292  
10543.25026  
10518.65518  
10499.17712  
10522.50993  
10551.24144  
10576.71471  
10610.10049  
10670.3432  
10633.08883  
10627.95384  
10611.40553  
10625.41546  
10592.2028  
10608.21257  
10558.84118  
10628.53691  
10645.52021  
10666.55589  
10664.5863  
10670.90986  
10697.7443  
10664.25417  
10645.24274  
10623.21143  
10630.8  
10575.43223  
10554.56745  
10583.74782  
10585.78594  
10537.46683  
10583.84486  
10623.72861  
10601.61797  
10617.0514  
10653.44782  
10623.12295  
10646.54541  
10656.40397  
10669.90036  
10668.6376  
10682.22718  
10609.44785  
10617.19453  
10663.07848  
10670.21266  
10668.50231  
10641.5723  
10579.92155  
10565.40788  
10546.65788  
10589.95107  
10558.73102  
10595.89108  
10593.63434  
10603.99984  
10634.55088  
10611.1429  
10556.82067  
10569.43008  
10544.61507  
10529.9832  
10554.92015  
10579.14049  
10592.29089  
10626.12415  
10627.39925  
10589.57347  
10526.2985  
10557.60537  
10559.17474  
10585.38838  
10595.80228  
10633.14987  
10666.72018  
10667.9889  
10628.51146  
10643.22217  
10622.8193  
10570.95944  
10608.91341  
10569.76611  
10553.84219  
10599.94818  
10559.22363  
10611.91074  
10638.14697  
10605.7137  
10640.23223  
10611.35195  
