9313.760476  
9264.219016  
9194.298873  
9167.202459  
9196.059659  
9259.077859  
9255.372381  
9270.076793  
9236.365723  
9185.80744  
9182.834029  
9230.125266  
9216.438255  
9214.453613  
9250.572088  
9285.120605  
9233.003018  
9199.215465  
9240.760298  
9218.854492  
9214.44407  
9139.986151  
9184.638583  
9196.896839  
9123.070934  
9105.26456  
9222.069558  
9094.467862  
9125.236417  
9111.219549  
9135.968262  
9168.976696  
9218.953125  
9181.72896  
9160.796831  
9187.351341  
9182.922674  
9220.039551  
9194.792081  
9188.404208  
9185.565252  
9231.494629  
9202.600542  
9210.866832  
9238.562722  
9206.056019  
9165.467551  
9128.529386  
9122.128018  
9116.721369  
9101.21258  
9115.283425  
9155.965687  
9153.142844  
9162.676447  
9188.864924  
9133.82777  
9150.168635  
9171.667614  
9240.329767  
9218.455655  
9207.758833  
9208.485529  
9230.774414  
9245.890625  
9229.700328  
9233.889249  
9202.821289  
9212.570135  
9148.587092  
9169.564631  
9190.650257  
9167.416193  
9149.062234  
9195.004483  
9193.362216  
9170.450373  
9193.651056  
9197.310059  
9210.807262  
9205.327504  
9194.362571  
9179.233709  
9184.358265  
9205.01962  
9151.349876  
9163.414773  
9154.703125  
9171.744363  
9163.928533  
9158.71329  
9176.841531  
9143.190829  
9148.545588  
9177.917836  
9165.210716  
9154.714755  
9207.942161  
9174.744141  
9188.262163  
9213.164817  
9220.661843  
9196.93426  
9190.430664  
9294.295543  
9178.032626  
9210.641912  
9161.876953  
9175.486373  
9164.469061  
9173.691051  
9208.051358  
9157.33647  
9189.570579  
9195.592818  
9217.2504  
9231.68133  
9262.458052  
9256.733398  
9237.645064  
9208.062056  
9226.263761  
9196.320179  
9203.379572  
9219.887917  
9213.966486  
9210.196733  
9236.712047  
9206.879483  
9231.258789  
9218.576882  
9194.743253  
9207.520375  
9257.00364  
9231.365146  
9214.515314  
9192.575906  
9211.601341  
9167.927601  
9155.450684  
9169.774947  
9135.01709  
9156.801181  
9188.976696  
9179.193359  
9187.318271  
9196.232999  
9226.771484  
9222.308327  
9193.279031  
9223.158114  
9202.569513  
9196.968439  
9167.817915  
9183.242321  
9183.744052  
9204.402255  
9222.875843  
9205.886142  
9207.981223  
9246.970481  
9253.94043  
9197.961781  
9207.785556  
9209.773127  
9232.058771  
9199.79652  
9223.446955  
9222.954368  
9200.720659  
9256.87975  
9261.125799  
9208.9557  
9186.159224  
9215.498624  
9195.576039  
9193.927024  
9271.454324  
9188.343084  
9220.014782  
9226.842108  
9189.686523  
9158.074885  
9145.29612  
9135.867188  
9194.386719  
9175.174494  
9186.49707  
9207.826571  
9211.211958  
9214.312189  
9205.485751  
9222.061923  
9247.333984  
9240.382324  
9183.545099  
9226.823375  
9183.636852  
9200.206721  
9214.035911  
9211.245339  
9216.927512  
9203.986506  
9201.789196  
9247.480913  
9233.59992  
9221.435369  
9210.96369  
9196.708274  
9164.010076  
9159.420987  
9217.407404  
9176.761009  
9172.101562  
9142.875444  
9136.484375  
9177.982999  
9166.413086  
9230.076793  
9194.037775  
9217.461159  
9244.578125  
9261.488681  
9280.604803  
9242.328391  
9191.126287  
9103.82555  
9140.86812  
9201.161399  
9174.026634  
9203.416371  
9184.339045  
9195.53813  
9184.861905  
9212.953214  
9238.119141  
9231.549538  
9256.373358  
9219.631436  
9210.542347  
9234.615146  
9221.588379  
9212.322266  
9213.865589  
9225.499911  
9231.631703  
9214.601163  
9221.91748  
9179.413308  
9150.674982  
9164.79763  
9220.752086  
9141.154963  
9181.162287  
9225.737083  
9217.215554  
9172.644221  
9233.534934  
9197.294567  
9168.119629  
9208.429643  
9212.955833  
9194.92334  
9191.041548  
9202.304466  
9223.363636  
9226.51598  
9223.081632  
9208.200018  
9199.660689  
9151.401589  
9194.891113  
9173.143865  
9218.051092  
9211.784091  
9202.437766  
9169.154119  
9157.628507  
9165.027876  
9160.712136  
9147.027211  
9172.945534  
9189.56543  
9223.566539  
9237.341974  
9215.756348  
9159.027033  
9150.967729  
9129.948331  
9200.947221  
9154.984863  
9207.336781  
9186.573864  
9193.975985  
9192.536  
9230.944336  
9232.089799  
9222.336648  
9231.993519  
9171.448908  
9213.10791  
9238.657093  
9162.690962  
9166.458585  
9201.615811  
9169.684659  
9192.989879  
9214.52761  
9193.835893  
9174.727583  
9152.50506  
9181.487615  
9171.887029  
9174.37207  
9189.363858  
9200.802069  
9238.103027  
9251.869895  
9234.30198  
9211.155939  
9163.648127  
9114.776412  
9179.911577  
9172.749112  
9164.031783  
9151.32595  
9172.029341  
9216.386719  
9256.660778  
9248.927335  
9240.12793  
9250.362527  
9267.718617  
8968.068714  
9214.198864  
9168.447132  
9200.844416  
9224.258833  
9242.204279  
9254.802069  
9250.684703  
9275.399947  
9209.749379  
9225.687766  
9210.38623  
9215.670099  
9209.349831  
9199.324574  
9250.153187  
9218.335938  
9188.775524  
9211.252752  
9185.972834  
9201.778764  
9227.631348  
9190.446689  
9173.261808  
9217.469993  
9206.79288  
9245.039862  
9234.660334  
9229.403897  
9261.78125  
9237.670588  
9263.396884  
9237.075018  
9230.857777  
9175.411532  
9265.131703  
9212.218928  
9229.988814  
9177.901101  
9162.452326  
9156.936568  
9203.035201  
9202.829102  
9179.849299  
9238.575373  
9188.708407  
9217.699885  
9208.309703  
9222.240501  
9231.416238  
9228.63663  
9204.228738  
9213.126909  
9174.955344  
9183.056152  
9196.584251  
9175.47896  
9191.495561  
9159.334917  
9183.334783  
9205.202681  
9102.659624  
9176.755415  
9173.742188  
9201.254039  
9198.986994  
9248.931685  
9201.214222  
9166.711559  
9195.372825  
9224.315962  
9231.401767  
9248.678223  
9242.249734  
9221.429155  
9252.149015  
9225.383123  
9274.398615  
9247.103427  
9212.566362  
9198.602406  
9217.191051  
9254.548961  
9219.901278  
9249.284979  
9208.850763  
9172.198553  
9125.088157  
9139.644265  
9179.970392  
9210.490589  
9170.761719  
9168.183993  
9156.832209  
9108.126953  
9057.226207  
9082.844682  
9099.61408  
9129.444602  
9163.010032  
9173.388095  
9228.003995  
9236.629572  
9217.314187  
9215.190785  
9251.617321  
9251.842108  
9249.769975  
9232.78449  
9221.731357  
9198.22239  
9209.256658  
9201.075595  
9220.114702  
9244.748979  
9233.552734  
9164.149414  
9146.046653  
9132.306507  
9182.684526  
9177.694469  
9187.601207  
9196.954989  
9237.230202  
9234.966175  
9189.318537  
9199.935369  
9167.285289  
9225.36377  
9237.646573  
9214.032093  
9257.415217  
9246.9731  
9259.05957  
9245.372559  
9189.636808  
9204.964267  
9195.36266  
9173.653942  
9184.923118  
9162.59921  
9220.079812  
9161.739391  
9218.769487  
9200.967685  
9238.177379  
9217.127797  
9205.421032  
9149.464799  
9165.982289  
9140.561923  
9177.532271  
9174.086781  
9211.740057  
9154.447266  
9187.136763  
9168.810236  
9201.433239  
9242.701705  
9249.916149  
9247.264471  
9227.97745  
9162.286133  
9164.805265  
9185.025346  
9169.061213  
9196.78085  
9206.061346  
9179.234109  
9162.139426  
9143.897905  
9121.42081  
9163.060502  
9188.48877  
9239.826438  
9188.46622  
9178.644931  
9175.637473  
9148.46218  
9192.178134  
9138.897328  
9184.911399  
9165.758434  
9150.99636  
9201.766868  
8937.403054  
9199.326394  
9160.326438  
9195.853161  
9172.475364  
9111.783958  
9135.616877  
9153.101074  
9176.239746  
9204.685059  
9196.308727  
9201.934615  
9234.31503  
9198.97745  
9243.339577  
9264.343129  
9233.481401  
9269.456321  
9250.328347  
9271.910245  
9310.730069  
9303.622914  
9250.58465  
9266.973588  
9235.694158  
9248.659402  
9249.475142  
9243.814897  
9232.453036  
9201.86448  
9137.886142  
9132.804554  
9179.789062  
9186.634277  
9224.45712  
9238.795055  
9207.746183  
9216.357289  
9237.040882  
9252.30229  
9265.603471  
9233.521973  
9243.026278  
9228.653542  
9180.693226  
9226.971946  
9199.238858  
9200.053533  
9197.147328  
9194.485795  
9211.254838  
9167.687189  
9153.096058  
9173.490057  
9200.343262  
9184.715066  
9164.048251  
9177.334029  
9167.448109  
9173.025657  
9199.235884  
9204.823642  
9232.344505  
9214.514782  
9196.326261  
9242.557573  
9249.286177  
9242.009189  
9209.900435  
9214.268155  
9233.199663  
9207.654563  
9196.569647  
9170.375932  
9179.704545  
9160.086515  
9219.782182  
9188.844638  
9227.788752  
9163.891113  
9142.890891  
9164.736017  
9185.647772  
9176.476296  
9180.580211  
9211.841264  
9164.444869  
9176.795277  
9214.61812  
9208.369806  
9171.105469  
9213.414107  
9218.420321  
9187.658381  
9204.054954  
9231.484686  
9252.591797  
9263.487749  
9259.922141  
9232.007724  
9269.171475  
9254.300426  
9222.979403  
9171.13916  
9195.360574  
9193.192827  
9156.719949  
9160.884055  
9187.016646  
9209.818981  
9001.742765  
9156.801048  
9174.585449  
9170.318004  
9177.330744  
9163.161355  
9158.717507  
9232.96551  
9211.507324  
9231.650257  
9243.813654  
9280.379306  
9252.107688  
9286.236328  
9158.226163  
9130.378596  
9188.007235  
9177.593129  
9195.805842  
9215.090021  
9196.315563  
9251.936967  
9278.290971  
9252.761364  
9268.086426  
9191.968395  
9172.979847  
9206.805442  
9187.356845  
9228.570934  
9186.467418  
9165.589355  
9144.642489  
9198.01456  
9226.155939  
9212.656827  
9178.490146  
9185.394132  
9195.583851  
9220.09517  
9211.250799  
9153.097479  
9172.996937  
9187.050115  
9175.45024  
9123.936745  
9190.349964  
9222.324618  
9214.461293  
9239.668635  
9261.692205  
9258.884322  
9257.056419  
9231.708185  
9292.278232  
9229.700906  
9210.392534  
9142.505282  
9150.713335  
9176.364924  
9143.94842  
9147.2943  
9189.697665  
9239.23948  
9231.103693  
9255.980114  
9251.239435  
9253.919167  
9234.263539  
9230.314409  
9232.853871  
9199.295676  
9198.815297  
9186.118164  
9184.291903  
9197.901722  
9202.099831  
9201.438388  
9222.35649  
9187.294389  
9211.516291  
9245.151056  
9288.383523  
9249.473011  
9228.072931  
9146.233398  
9106.721547  
9142.705211  
9170.678844  
9247.107333  
9216.066761  
9219.954279  
9275.023482  
9287.890891  
9284.606978  
9254.447576  
9202.779785  
9149.450684  
9145.973056  
9192.174094  
9197.01345  
9164.593706  
9217.693049  
9204.527965  
9152.208097  
9139.148171  
9157.576571  
9139.71187  
9145.064098  
9126.553977  
9175.005771  
9193.789062  
9204.564808  
9216.26851  
9281.816983  
9196.083008  
9192.471191  
9235.94185  
9214.338335  
9184.174627  
9163.879838  
9183.199352  
9189.38734  
9193.756259  
9179.618386  
9174.589711  
9229.621227  
9224.63623  
9250.857511  
9306.97057  
9313.802512  
9274.179599  
9253.127086  
9276.095348  
9309.058683  
9169.534668  
9185.421653  
9180.366788  
9135.447576  
9135.577237  
9145.897417  
9129.109508  
9114.608176  
9124.19225  
9134.913308  
9191.407493  
9175.967418  
9172.956809  
9200.511808  
9189.604004  
9195.449174  
9184.576571  
9182.564498  
9186.528897  
9233.634943  
9180.3481  
9228.93275  
9215.954146  
9218.577326  
9217.303667  
9226.664418  
9217.271795  
9270.011852  
9255.841309  
9229.160645  
9198.558638  
9191.479359  
9232.245783  
9210.042525  
9169.153365  
9155.913086  
9184.024636  
9194.068803  
9166.109242  
9119.119141  
9138.709739  
9164.683061  
9192.761186  
9214.755504  
9208.108842  
9211.784224  
9263.670765  
9208.320091  
9236.810813  
9214.142267  
9210.048473  
9180.682706  
9180.487527  
9215.400835  
9200.356756  
9263.369007  
9216.319913  
9215.902921  
9201.367631  
9196.223544  
9202.907937  
9196.642489  
9187.932484  
9207.312855  
9108.792081  
9118.315208  
9148.222878  
9191.083052  
9168.427202  
9127.190829  
9160.465732  
9196.395907  
9197.133656  
9233.267134  
9208.00293  
9222.118608  
9198.139515  
9201.269354  
9205.311612  
9231.993475  
9227.029386  
9239.876687  
9194.948198  
9219.136186  
9172.65696  
9157.580877  
9196.795987  
9232.378196  
9257.886009  
9251.841575  
9220.216353  
9187.721369  
9161.334828  
9111.231712  
9122.708452  
9170.627974  
9193.444292  
9211.694425  
9243.646973  
9227.210849  
9183.805531  
9183.772994  
9180.72563  
9174.834517  
9158.235973  
9195.034712  
9187.138849  
9201.833496  
9147.650701  
9187.522505  
9147.309526  
9149.350941  
9181.587136  
9167.798118  
9196.080123  
9195.986772  
9257.392756  
9208.098855  
9211.414684  
9222.222967  
9236.449441  
9255.431685  
9242.21622  
9247.528897  
9228.569735  
9208.583185  
9159.683194  
9145.983842  
9192.923251  
9207.086603  
9165.919922  
9179.322132  
9162.123446  
9209.943182  
9212.816406  
9234.077193  
9232.99312  
9232.892045  
9239.653409  
9216.07706  
9185.040128  
9154.578436  
9196.898571  
9152.317694  
9209.699441  
9168.730424  
9159.908603  
9187.297363  
9210.926181  
9115.642045  
9140.329545  
9157.757324  
9157.871493  
9210.011719  
9226.321156  
9283.641025  
9242.784224  
9259.035023  
9282.483975  
9286.503995  
9276.671831  
9213.384988  
9154.691317  
9169.355336  
9172.738947  
9121.297674  
9169.34233  
9227.073375  
9158.281827  
9159.99676  
9176.563787  
9200.940962  
9154.870295  
9163.486106  
9179.836692  
9239.73584  
9228.587003  
9162.848411  
9197.949618  
9209.675959  
9170.5894  
9190.513938  
9219.935813  
9180.41788  
9192.425914  
9165.66788  
9196.359908  
9205.064586  
9207.174494  
9187.675382  
9234.363681  
9217.927069  
9231.987127  
9225.196511  
9252.184082  
9268.189586  
9246.713113  
9237.466575  
9247.581321  
9195.613015  
9216.243652  
9192.857688  
9223.863237  
9239.685059  
9217.590732  
9227.953924  
9260.660911  
9271.893643  
9226.371626  
9231.78085  
9242.637251  
9215.716353  
9197.503551  
9187.271218  
9190.45055  
9241.249689  
9206.919389  
9228.572132  
9213.028187  
9220.834695  
9217.105158  
9189.635609  
9208.085804  
9172.290749  
9156.731845  
9168.976962  
9179.580433  
9209.535423  
9243.223722  
9279.279252  
9228.226385  
9192.338068  
9197.907404  
9179.669078  
9219.26092  
9222.633079  
9247.582608  
9218.610929  
9181.169656  
9187.113681  
9221.727761  
9209.98584  
9207.646706  
9178.312145  
9152.774192  
9158.914018  
9161.187278  
9146.079013  
9170.579457  
9174.812633  
9195.344727  
9235.70419  
9182.447621  
9182.586426  
9241.617321  
9265.846325  
9238.854181  
9305.857511  
9236.70641  
9209.034135  
9164.586204  
9109.863104  
9120.710849  
9099.830256  
9105.181374  
9152.169434  
9152.894531  
9202.165705  
9234.508833  
9211.69589  
9199.832298  
9181.420366  
9212.304865  
9242.308416  
9249.372736  
9263.042658  
9280.870117  
9231.717063  
9225.00617  
9229.246893  
9210.076127  
9204.499379  
9201.886586  
9219.323775  
9183.909135  
9165.111062  
9159.023082  
9164.765936  
9208.078791  
9182.090865  
9202.154031  
9233.077548  
9231.561568  
9205.779608  
9133.351562  
9151.248624  
9183.561834  
9182.295321  
9182.872514  
9198.262118  
9215.550115  
9212.143111  
9196.960183  
9238.557351  
9189.950639  
9181.118031  
9151.135076  
9163.402921  
9187.964222  
9175.689986  
9193.871538  
9182.906871  
9187.62611  
9173.860795  
9131.523926  
9162.224876  
9165.433017  
9197.437189  
9167.079679  
9212.491566  
9194.475186  
9191.900701  
9197.833363  
9203.813477  
9189.127486  
9198.403453  
9180.275257  
9218.73979  
9234.373446  
9185.082031  
9204.592418  
9241.948819  
9260.178578  
9249.836559  
9232.49454  
9224.40554  
9207.298873  
9190.954945  
9189.517267  
9233.311701  
9231.281206  
9222.039906  
9217.099077  
9206.700462  
9223.395153  
9156.871049  
9177.451926  
9176.487527  
9193.530673  
9214.305708  
9220.907449  
9232.890403  
9282.707963  
9237.771174  
9202.866566  
9125.288841  
9188.23766  
9149.329679  
9151.168945  
9111.366388  
9151.008256  
9133.47017  
9183.795321  
9179.832386  
9217.832076  
9213.7943  
9205.663929  
9210.171653  
9211.069957  
9233.165616  
9245.5716  
9282.125444  
9251.583452  
9224.150613  
9219.068537  
9122.952681  
9227.551847  
9232.642667  
9267.524769  
9296.614347  
9253.767312  
9246.287864  
9187.24565  
9178.488592  
9209.037686  
9201.863148  
9233.799272  
9232.443226  
9248.119851  
9217.507413  
9194.224964  
9141.713734  
9174.077903  
9141.533292  
9189.082475  
9179.7943  
9149.727894  
9161.385254  
9189.663574  
9223.272061  
9154.523349  
9178.247115  
9179.966397  
9162.587269  
9161.202415  
9193.106934  
9202.648793  
9207.667924  
9198.114302  
9223.176847  
9217.025613  
9236.037553  
9232.46835  
9238.59415  
9253.557928  
9221.241655  
9188.667702  
9228.766025  
9200.904297  
9223.797896  
9242.577459  
9196.259854  
9184.834384  
9101.822754  
9074.296475  
9079.329368  
9149.347878  
9115.203436  
9113.95752  
9186.780584  
9197.845792  
9237.864347  
9227.617942  
9273.478693  
9247.162154  
9256.895197  
9253.452237  
9144.439187  
9221.011852  
9226.091619  
9152.464977  
9182.615323  
9206.780451  
9163.524414  
9114.386808  
9144.982111  
9214.244585  
9220.043279  
9211.464355  
9222.507324  
9222.322621  
9202.584206  
9225.698331  
9214.839888  
9266.195046  
9235.914817  
9198.097789  
9242.857156  
9210.733265  
9251.015092  
9243.539462  
9247.491699  
9197.526767  
9216.766557  
9191.053933  
9190.586914  
9142.494096  
9164.105824  
9157.367853  
9165.824485  
9203.584961  
9264.784535  
9235.30562  
9246.902211  
9207.202814  
9152.629039  
9177.314941  
9147.074041  
9180.196378  
9188.474609  
9167.214533  
9195.130682  
9202.615412  
9200.296165  
9217.723588  
9197.567516  
9209.557573  
9216.964355  
9221.778587  
9255.359819  
9216.564941  
9226.392312  
9259.75475  
9273.286754  
9122.272461  
9229.28378  
9163.939675  
9128.046786  
9175.110618  
9172.276145  
9222.905185  
9179.668635  
9177.87389  
9189.193137  
9232.977095  
9170.027521  
9160.39169  
9180.07271  
9228.972257  
9222.327237  
9270.569247  
9289.469993  
9251.06685  
9283.116655  
9265.363192  
9249.649636  
9221.220526  
9232.362349  
9200.921742  
9170.182173  
9208.532271  
9207.378018  
9212.619762  
9193.531472  
9228.00546  
9241.36408  
9243.766025  
9250.015225  
9187.909979  
9201.222079  
9179.711426  
9193.240856  
9175.91646  
9194.769487  
9139.82049  
9127.324086  
9148.444469  
9140.075595  
9198.752486  
9183.048651  
9201.481223  
9183.125888  
9175.710716  
9227.242765  
9266.200861  
9239.369895  
9185.418457  
9162.46076  
9127.685724  
9191.991477  
9183.299849  
9215.054288  
9488.597567  
9250.089977  
9283.482333  
9217.461648  
9241.944602  
9226.350009  
9179.520375  
9196.308638  
9177.906916  
9163.639604  
9188.476074  
9138.340021  
9189.614347  
9197.062589  
9220.179954  
9259.0178  
9232.954146  
9245.749334  
9152.519221  
9150.104448  
9165.910023  
9141.965732  
9175.986151  
9185.795099  
9195.709517  
9222.30744  
9195.346635  
9191.557351  
9186.515847  
9240.717862  
9243.031472  
9146.263583  
9122.297674  
9171.197532  
9170.62611  
9196.380327  
9156.657182  
9183.385698  
9208.096547  
9195.741744  
9238.775169  
9202.522372  
9185.107022  
9194.092951  
9201.657759  
9244.330078  
9199.644354  
9228.30633  
9232.304643  
9208.956321  
9169.587491  
9146.182484  
9150.64209  
9157.974387  
9217.201749  
9223.584961  
9200.47057  
9206.436568  
9178.371493  
9112.654341  
9180.395419  
9194.934659  
9198.680531  
9205.281428  
9239.101207  
9210.863059  
9155.739169  
9187.223411  
9164.352894  
9172.344238  
9204.431463  
9174.646928  
9169.778498  
9200.963157  
9182.499245  
9245.156206  
9266.301447  
9266.451438  
9249.818892  
9260.891113  
9296.04217  
9269.138006  
9236.251598  
9221.896307  
9199.977894  
9186.571378  
9191.793635  
9187.482511  
9245.139071  
9210.794034  
9197.797807  
9248.310636  
9158.073952  
9165.025435  
9188.482955  
9178.146884  
9217.537509  
9253.930664  
9217.348411  
9103.652477  
9106.021218  
9129.855735  
9123.148482  
9121.085538  
9068.378462  
9106.672541  
9142.236195  
9173.125799  
9234.895819  
9233.525302  
9236.715598  
9220.162065  
9162.678089  
9181.191806  
9208.785955  
9222.79541  
9274.373446  
9278.399636  
9265.73513  
9249.968439  
9215.318448  
9215.973633  
9215.304821  
9172.04146  
9190.93386  
9189.29399  
9213.518155  
9239.734242  
9249.533381  
9181.153542  
9208.740279  
9167.042392  
9196.243031  
9209.228738  
9164.832653  
9193.324973  
9196.611417  
9161.503063  
9180.854847  
9174.720437  
9179.190829  
9156.804022  
9171.089222  
9105.03631  
9135.908514  
9202.279474  
9187.480646  
9240.132591  
9237.035423  
9233.916016  
9224.044522  
9229.909446  
9205.581765  
9143.90665  
9183.959251  
9195.793679  
9156.755593  
9197.215021  
9197.645463  
9184.499689  
9202.633345  
9238.904608  
9195.555664  
9215.984109  
9198.648349  
9208.324441  
9173.381525  
9198.787864  
9194.336914  
9239.547408  
9237.570091  
9243.167836  
9254.657227  
9235.637029  
9231.289018  
9231.260565  
9177.20712  
9226.5712  
9187.794833  
9209.06867  
9220.600453  
9208.407049  
9218.171964  
9224.786044  
9246.271396  
9214.415794  
9217.160067  
9038.287109  
9152.104892  
9083.363636  
9092.083585  
9078.590199  
9120.320002  
9132.396662  
9176.470526  
9199.746404  
9214.86772  
9256.390092  
9201.80411  
9206.22563  
9250.702725  
9201.790572  
9199.772461  
9186.982688  
9225.94407  
9266.530984  
9268.150657  
9274.70419  
9278.840332  
9260.547408  
9245.39826  
9224.114702  
9222.452459  
9223.620783  
9284.485529  
9184.156783  
9213.858532  
9220.822132  
9260.912287  
9301.926225  
9287.618874  
9193.310858  
9134.146129  
9157.971236  
9202.745827  
9213.640048  
9187.684082  
9209.945623  
9190.889205  
9166.513317  
9143.944469  
9151.006037  
9262.813388  
9242.996449  
9197.950151  
9214.844283  
9200.861461  
9199.889604  
9209.416859  
9170.726074  
9238.901634  
9216.281605  
9215.65079  
9191.674849  
9178.55522  
9171.003951  
9237.013672  
9215.480247  
9204.587447  
9171.143111  
9172.39098  
9200.180842  
9158.660733  
9187.836159  
9215.96764  
9212.264826  
9210.673517  
9213.787109  
9206.629572  
9199.507546  
9158.919966  
9119.244007  
9173.376953  
9175.262029  
9237.093661  
9309.989435  
9248.268377  
9245.754528  
9174.021884  
9172.779031  
9226.209473  
9226.3125  
9125.131259  
9098.7769  
9075.820978  
9056.638317  
9111.909757  
9114.58536  
9175.26598  
9190.633079  
9166.307972  
9161.148748  
9209.878551  
9173.430176  
9221.594549  
9209.081454  
9211.700506  
9204.092108  
9206.506658  
9211.937988  
9192.49343  
9197.415661  
9223.861639  
9206.755016  
9250.098633  
9192.280051  
9168.448153  
9199.007857  
9185.313743  
9236.364125  
9271.560281  
9274.657315  
9295.274059  
9283.167747  
9284.685991  
9289.473366  
9281.438654  
9237.213556  
9156.899325  
9209.401989  
9245.481046  
9281.028853  
9228.639382  
9184.598145  
9208.042702  
9133.659402  
9031.293102  
9163.89755  
9210.53489  
9158.349077  
9204.931507  
9152.681907  
9156.938121  
9194.131214  
9188.939276  
9210.891557  
9208.827903  
9179.724077  
9154.604137  
9217.175115  
9179.854093  
9219.823686  
9243.44802  
9201.327193  
9204.451172  
9191.955611  
9211.763805  
9226.213823  
9231.550648  
9234.772638  
9191.231756  
9185.050382  
9131.75253  
9173.023171  
9194.158336  
9251.086825  
9244.831232  
9249.850675  
9255.457164  
9209.508745  
9207.95024  
9238.239435  
9209.377486  
9119.803311  
9140.175204  
9153.982777  
9186.163752  
9175.248757  
9207.772328  
9199.890936  
9224.696733  
9195.193448  
9241.260787  
9207.500621  
9203.658736  
9183.132546  
9203.348322  
9219.503418  
9240.487704  
9211.388361  
9246.694957  
9256.568537  
9178.087136  
9196.042969  
9190.687145  
9202.434393  
9229.794123  
9216.707164  
9136.418146  
9183.601341  
9163.565607  
9160.188121  
9145.690252  
9174.905407  
9214.954102  
9221.307972  
9262.89897  
9238.646884  
9210.327193  
9186.889426  
9200.582919  
9186.0625  
9213.910911  
9193.368253  
9190.004306  
9209.920144  
9212.940829  
9224.02397  
9268.986151  
9231.770375  
9223.30997  
9136.69003  
9190.311701  
9233.031694  
9197.174716  
9204.079279  
9222.74636  
9183.348366  
9183.673873  
9222.797008  
9202.753018  
9242.001909  
9180.211426  
9123.708674  
9102.092951  
9131.76709  
9194.014293  
9244.67769  
9222.991522  
9163.28378  
9206.344949  
9211.25111  
9226.525213  
9242.946245  
9232.901012  
9196.638539  
9139.717951  
9119.174849  
9173.837269  
9180.713823  
9175.062722  
9250.717285  
9234.254883  
9249.729403  
9239.450595  
9183.41171  
9142.362704  
9198.962491  
9201.647461  
9226.172097  
9222.327947  
9217.379173  
9186.890048  
9191.90301  
9187.373846  
9212.135698  
9223.927512  
9182.405717  
9177.812145  
9184.980957  
9225.737704  
9227.275524  
9201.952903  
9135.550382  
9193.388494  
9204.70166  
9238.663042  
9218.506303  
9227.9731  
9210.488592  
9170.655362  
9138.5803  
9171.83212  
9139.409801  
9225.246183  
9240.6432  
9242.936967  
9237.074485  
9167.45055  
9228.937988  
9139.138228  
9148.196511  
9140.123713  
9138.881969  
9165.103427  
9173.941717  
9158.703658  
9171.330167  
9148.192383  
9193.377397  
9203.97017  
9195.744007  
9219.863947  
9220.836159  
9201.297141  
9218.235707  
9203.393288  
9211.861151  
9223.070534  
9223.452725  
9181.700861  
9203.446467  
9189.994096  
9163.826039  
9201.082209  
9200.04581  
9224.204812  
9278.907892  
9250.751465  
9231.451083  
9234.217374  
9194.683105  
9239.267045  
9229.236328  
9176.10862  
9155.616477  
9151.664329  
9139.775257  
9179.644753  
9248.512607  
9185.566761  
9156.045455  
9170.72896  
9155.403054  
9113.644309  
9159.303622  
9129.888627  
9238.282626  
9240.154785  
9203.012562  
8984.181951  
9151.201616  
9221.59557  
9197.797408  
9254.110485  
9210.086692  
9278.021618  
9238.819336  
9266.501199  
9283.650479  
9279.19589  
9240.190829  
9248.301536  
9241.286754  
9243.944025  
9210.897727  
9233.338556  
9250.918146  
9159.763672  
9192.235795  
9185.127131  
9195.973988  
9201.736772  
9216.63006  
9156.505726  
9203.513139  
9238.856401  
9244.687056  
9152.37247  
9172.7947  
9222.445357  
9161.450151  
9171.923739  
9162.137651  
9199.883079  
9231.041903  
9204.12753  
9241.700062  
9198.713201  
9233.277255  
9224.559792  
9276.759632  
9249.062278  
9267.849698  
9218.91242  
9197.050515  
9243.296475  
9031.846857  
9202.089844  
9197.427202  
9142.932972  
9169.002131  
9196.572266  
9231.477095  
9212.916593  
9221.711648  
9225.368874  
9174.813654  
9177.898304  
9157.985529  
9193.966708  
9200.92658  
9213.125355  
9203.121094  
9223.960494  
9236.768377  
9211.787021  
9175.060769  
9138.701483  
9200.916149  
9216.182218  
9225.009366  
9227.132768  
9168.680842  
9150.541238  
9227.529608  
9249.909846  
9280.32373  
9243.708851  
9280.769087  
9218.108975  
9226.691584  
9177.695268  
9200.231135  
9246.035423  
9257.105735  
9208.40767  
9155.006081  
9190.749778  
9115.110529  
9108.544078  
9192.937589  
9187.688876  
9187.083718  
9206.536621  
9166.032449  
9197.784402  
9184.818493  
9196.930309  
9206.57049  
9241.715154  
9271.753729  
9275.994185  
9254.258345  
9264.421254  
9247.797008  
9208.513494  
9188.555265  
9216.732866  
9205.302246  
9252.450684  
9162.402832  
9158.699396  
9095.19256  
9126.138672  
9143.363636  
9117.842152  
9204.962979  
9172.613991  
9209.61155  
9202.235973  
9212.022905  
9181.255371  
9287.443359  
9247.335183  
9262.100009  
9197.937145  
9192.237615  
9195.284668  
9207.428933  
9216.985574  
9262.774547  
9252.29945  
9240.981934  
9242.0629  
9194.228871  
9208.380682  
9202.573242  
9165.455655  
9148.549228  
9130.614613  
9173.591264  
9148.96076  
9205.985662  
9200.649769  
9202.886009  
9208.403853  
9200.410467  
9173.705478  
9224.793102  
9217.823952  
9187.148127  
9204.549538  
9220.740945  
9148.854137  
9175.661  
9165.376509  
9184.599165  
9202.830433  
9221.716131  
9253.386142  
9240.861461  
9257.340288  
9224.108354  
9217.228782  
9143.921653  
9146.872559  
9155.354803  
9224.721768  
9222.147594  
9167.176003  
9203.319602  
9186.831632  
9160.977894  
9195.241744  
9247.004705  
9165.157804  
9145.853249  
9154.630726  
9142.136364  
9164.747381  
9180.174672  
9229.944336  
9186.543058  
9223.185325  
9259.179199  
9187.240945  
9197.658647  
9181.093839  
9178.031605  
9159.605202  
9166.227672  
9162.425604  
9187.048517  
9197.412598  
9153.648482  
9209.675648  
9188.502086  
9249.196733  
9239.176092  
9246.385032  
9254.701483  
9211.135609  
9193.33758  
9207.231623  
9173.062766  
9188.483754  
9243.265492  
9205.976074  
9198.994585  
9191.504927  
9172.676935  
9149.706188  
9199.57777  
9202.12358  
9210.756747  
9208.559881  
9241.522638  
9227.299139  
9210.787953  
9169.892667  
9223.118697  
9211.018066  
9202.013184  
9187.653453  
9136.049405  
9155.844327  
9168.279918  
9162.572177  
9176.532759  
9227.849787  
9178.44731  
9236.014471  
9242.398837  
9272.274237  
9267.734331  
9225.345836  
9160.930131  
9134.493253  
9163.358265  
9143.681951  
9179.896129  
9200.044744  
9188.309171  
9229.630016  
9221.186035  
9231.789151  
9170.99525  
9189.533825  
9245.781871  
9205.630904  
9263.31179  
9209.725408  
9250.739213  
9283.297896  
9186.809215  
9173.556641  
9196.609109  
9282.91535  
9262.868564  
9262.241344  
9283.068271  
9235.91171  
9224.308283  
9215.056108  
9256.272372  
9191.352761  
9150.719505  
9190.796165  
9181.562544  
9082.284712  
9098.557972  
9173.024103  
9193.36519  
9199.716353  
9236.537908  
9177.928311  
9157.967108  
9193.584073  
9202.68093  
9183.409712  
9171.893865  
9181.284801  
9150.77144  
9242.201438  
9242.498269  
9248.797852  
9256.118963  
9214.181019  
9254.282315  
9268.384632  
9248.9106  
9202.409402  
9191.749068  
9201.90989  
9205.827237  
9216.096325  
9202.589844  
9261.803711  
9258.750222  
9296.270774  
9274.497159  
9234.311301  
9208.320002  
9163.748757  
9092.663929  
9119.194691  
9115.551491  
9125.663441  
9174.460494  
9173.365767  
9199.601474  
9216.74636  
9236.360218  
9185.596147  
9239.230957  
9232.992498  
9160.74747  
9156.826349  
9198.423651  
9212.584339  
9211.366966  
9200.727362  
9226.637562  
9186.356179  
9127.494496  
9181.614391  
9192.282804  
9150.965421  
9163.58647  
9205.72967  
9210.895685  
9207.814364  
9199.496848  
9191.548162  
9209.430886  
9204.351163  
9212.719993  
9176.398659  
9096.105469  
9106.717196  
9128.919833  
9141.979847  
9182.262562  
9219.165616  
9240.450062  
9163.020597  
9100.815696  
9135.301003  
9166.395508  
9197.855424  
9201.122781  
9187.717063  
9202.308283  
9209.732333  
9206.185325  
9177.600186  
9207.404519  
9233.814498  
9244.321245  
9235.789329  
9076.530451  
9181.007724  
9235.523216  
9225.716797  
9239.601518  
9155.219327  
9198.609553  
9159.48038  
9165.491655  
9215.311168  
9217.808727  
9235.981578  
9264.6068  
9257.770064  
9289.112482  
9238.700506  
9242.510698  
9320.361683  
9269.502841  
9286.562456  
9240.09304  
9221.659535  
9226.867765  
9191.975985  
9195.674672  
9216.865279  
9212.469371  
9215.167081  
9217.314364  
9193.299982  
9183.335227  
9196.466974  
9178.839666  
9169.350586  
9110.806507  
9214.505194  
9233.220659  
9241.356223  
9197.36772  
9208.514826  
9141.645552  
9157.165616  
9173.364569  
9167.427512  
9165.375089  
9088.671342  
9150.96693  
9171.37025  
9185.52943  
9212.07959  
9188.464089  
9215.318359  
9176.808505  
9188.610795  
9179.288308  
9228.746893  
9217.943848  
9227.44984  
9228.327992  
9197.435192  
9254.454679  
9246.86519  
9178.257147  
9180.416637  
9190.833718  
9241.050781  
9241.482244  
9253.227539  
9274.529119  
9223.792037  
9229.737926  
9240.966442  
9184.576216  
9273.349299  
9206.101074  
9188.950417  
9133.154519  
9203.53671  
9153.877131  
9195.09557  
9168.97492  
9188.254661  
9157.330566  
9219.563743  
9180.767312  
9215.61772  
9203.184748  
9195.174405  
9157.739435  
9159.364569  
9173.792436  
9131.328036  
9153.930708  
9160.845659  
9171.731712  
9162.994407  
9192.339844  
9183.77286  
9190.619984  
9207.955389  
9224.91131  
9193.28853  
9124.489036  
9086.247026  
9128.005105  
9192.495028  
9166.91899  
9161.775302  
9215.112305  
9234.767312  
9238.45055  
9198.730336  
9212.060902  
9197.058461  
9189.646573  
9192.773615  
9231.372337  
9194.593572  
9284.340554  
9244.622381  
9296.371227  
9324.414196  
9287.132324  
9278.21147  
9257.782537  
9261.640181  
9207.018599  
9259.793546  
9236.708141  
9257.749467  
8938.074929  
9150.21804  
9293.367498  
9195.675027  
9290.851651  
9253.441673  
9258.092596  
9197.515137  
9152.763006  
9151.762296  
9192.103338  
9231.817649  
9208.738148  
9271.960538  
9209.403143  
9180.936124  
9148.943093  
9218.941406  
9201.045987  
9193.418857  
9146.407227  
9174.021751  
9139.152166  
9124.524991  
9135.506126  
9161.969416  
9132.450728  
9184.582697  
9152.908958  
9185.909846  
9235.687855  
9165.009588  
9197.594238  
9169.63774  
9213.160689  
9232.54541  
9195.550426  
9276.992853  
9264.22168  
9227.918146  
9219.781117  
9214.746538  
9227.991477  
9188.499112  
9098.931108  
9081.86883  
9144.163219  
9172.173295  
9198.029563  
9239.60467  
9260.143422  
9253.086248  
9232.393821  
9251.019531  
9198.252708  
9215.568315  
9216.048162  
9188.059526  
9138.830922  
9184.033114  
9132.316939  
9183.937456  
9210.838867  
9224.737793  
9273.015536  
9256.33536  
9252.614657  
9227.276234  
9235.848233  
9228.601873  
9172.360884  
9181.453125  
9168.555442  
9156.411  
9168.752841  
9195.692472  
9292.746049  
9278.337669  
9274.418679  
9248.246582  
9198.733842  
9196.369451  
9223.429377  
9194.609109  
9211.946511  
9193.709739  
9236.565119  
9219.687678  
9194.356312  
9222.322488  
9257.7322  
9225.161577  
9184.017401  
9097.262607  
9156.141113  
9114.486373  
9158.632502  
9180.276101  
9195.130682  
9217.729759  
9192.319336  
9188.337047  
9155.886497  
9206.607777  
9173.982466  
9229.906072  
9253.841797  
9268.046342  
9217.357644  
9232.467019  
9234.411932  
9193.027433  
9172.278853  
9194.643599  
9186.962979  
9198.920676  
9214.548207  
9200.32555  
