10097.21956  
10118.15811  
10109.31441  
10043.2912  
10048.60267  
10087.26567  
10040.84421  
10050.76777  
10046.25018  
10051.55565  
10063.03874  
10053.38362  
10093.2364  
10107.88365  
10108.26763  
10085.39395  
10119.10145  
10114.11571  
10093.61772  
10131.47  
10105.72904  
10111.72974  
10128.4373  
10123.41271  
10124.11292  
10139.07476  
10145.08365  
10142.4682  
10144.11531  
10144.52285  
10124.69818  
10127.33901  
10124.10988  
10093.8591  
10154.36925  
10115.1373  
10068.83787  
10078.6552  
10031.33235  
10054.69415  
10079.94465  
10074.03151  
10083.00576  
10053.40161  
10024.40015  
10052.72703  
10039.83581  
10020.80434  
10058.63622  
10068.41411  
10070.46107  
10068.34226  
10079.87691  
10069.21926  
10076.43439  
10083.50812  
10102.99779  
10110.7379  
10125.07536  
10148.03886  
10150.22423  
10158.3081  
10133.24525  
10133.63162  
10075.87884  
10083.18082  
10060.04666  
10005.94825  
10022.9212  
10034.76058  
10056.55412  
10063.47958  
10048.02371  
10062.50896  
10090.27867  
10117.5332  
10140.59093  
10103.57535  
10087.66495  
10088.43257  
10085.45142  
10139.52355  
10122.52076  
10124.52819  
10098.80311  
10073.07022  
10067.77216  
10043.95765  
10075.72534  
10033.78445  
10085.06577  
10102.89029  
10096.76933  
10095.59433  
10094.36496  
10127.59367  
10065.7024  
10101.86131  
10145.2757  
10126.71153  
10121.56535  
10124.66336  
10117.55992  
10127.7137  
10128.94255  
10110.04096  
10104.31254  
10071.89888  
10039.83318  
10067.73058  
10033.08917  
10048.72728  
10077.31895  
10098.62104  
10106.92297  
10113.93221  
10092.54888  
10064.07372  
10093.12315  
10111.70709  
10079.4202  
10128.37779  
10080.39676  
10095.99467  
10088.0916  
10110.55222  
10029.00336  
10044.94305  
10040.59249  
10040.22534  
10041.87253  
10054.38999  
10033.26784  
10086.9588  
10078.04808  
10072.11765  
10108.79321  
10134.63446  
10118.84202  
10092.68145  
10071.64259  
10085.44955  
10052.45246  
10071.73054  
10039.30095  
10103.60656  
10054.75063  
10074.86767  
10115.13076  
10127.93583  
10116.63634  
10104.36303  
10106.92195  
10112.29016  
10093.36518  
10075.53989  
10090.79489  
10062.80032  
10084.51119  
10058.71302  
10076.34296  
10065.92347  
10094.82607  
10075.39666  
10097.90169  
10126.41803  
10126.99668  
10115.09152  
10118.66627  
10088.03364  
10047.90477  
10053.19712  
10043.12269  
10041.42096  
10046.74862  
10083.12999  
10094.97643  
10125.88214  
10079.85142  
10111.12213  
10131.61675  
10129.45274  
10097.70616  
10109.03691  
10052.77776  
10060.49973  
10052.83053  
10054.79698  
10085.06877  
10076.04608  
10107.29585  
10139.22173  
10136.16831  
10082.56033  
10055.61301  
10085.89255  
10072.08686  
10025.61901  
10040.97328  
10091.48725  
10061.9163  
10079.24457  
10107.68394  
10123.72468  
10142.2139  
10163.74726  
10120.48227  
10057.90388  
10066.21046  
10041.04266  
10040.22799  
10071.5764  
10065.39428  
10065.36088  
10039.994  
10092.07094  
10104.84967  
10065.53665  
10083.76138  
10140.16681  
10117.16691  
10119.2159  
10111.17515  
10062.2921  
10008.26218  
10043.02003  
10028.39531  
10075.53017  
10071.02778  
10035.15597  
10069.23154  
10053.12074  
10074.14862  
10133.30116  
10139.66842  
10098.03338  
10128.92417  
10121.85049  
10037.44074  
10072.55461  
10058.88817  
10090.1866  
10109.78801  
10112.66943  
10088.75415  
10098.93707  
10125.99734  
10123.19241  
10105.70098  
10105.06045  
10138.4962  
10133.09145  
10091.36141  
10099.57167  
10068.65266  
10088.11522  
10048.46121  
10040.2148  
10044.03302  
10057.8491  
10035.80341  
10050.29212  
10070.91296  
10066.1239  
10103.13633  
10066.55212  
10067.90493  
10085.34613  
10064.66501  
10109.94813  
10104.93102  
10130.54719  
10105.15608  
10101.02241  
10110.9762  
10105.01786  
10062.87373  
10066.10552  
10096.58916  
10118.22643  
10104.83114  
10093.77456  
10078.87963  
10088.70941  
10107.50572  
10123.85634  
10117.07066  
10103.97186  
10104.26497  
10091.93586  
10092.98093  
10094.07012  
10110.50003  
10115.23111  
10114.64377  
10115.78469  
10122.9432  
10095.22437  
10088.44652  
10055.41653  
10098.34637  
10063.27042  
10104.59989  
10119.35111  
10117.04223  
10101.71826  
10081.91355  
10033.01507  
10020.94365  
10056.54024  
10058.79101  
10079.03136  
10086.49875  
10076.33386  
10084.33676  
10077.79781  
10055.41719  
10089.99038  
10102.63492  
10153.74149  
10121.43487  
10105.40377  
10093.24151  
10101.23311  
10071.43275  
10092.6739  
10070.00116  
10063.69172  
10046.32372  
10088.97779  
10081.28123  
10107.72562  
10123.86278  
10136.13347  
10171.28175  
10130.9399  
10127.72572  
10147.91384  
10084.75538  
10072.76546  
10073.4517  
10062.4688  
10115.70079  
10111.96648  
10082.59968  
10043.70495  
9995.481151  
10036.85851  
10078.62952  
10047.27461  
10084.2989  
10098.80451  
10061.95778  
10014.71352  
10008.90525  
9996.042253  
10067.16655  
10088.66985  
10090.39624  
10065.73846  
10056.87465  
10066.30341  
10071.66556  
10063.04065  
10048.84816  
10017.9126  
10045.85686  
10040.28632  
10025.27267  
10026.04784  
10071.27061  
10096.8166  
10063.58487  
10080.82074  
10090.22988  
10124.52779  
10161.04977  
10151.85189  
10125.6996  
10084.80497  
10096.19349  
10112.97319  
10112.36527  
10081.87572  
10073.96128  
10034.68085  
10058.31833  
10023.4106  
10021.34031  
10061.70376  
10079.32159  
10076.66958  
10095.56837  
10068.49871  
10057.87573  
10050.85055  
10070.8384  
10067.53648  
10069.54011  
10108.15971  
10093.09683  
10079.60576  
10086.26224  
10115.47109  
10116.23456  
10097.73484  
10162.74717  
10129.43337  
10144.02671  
10151.83475  
10121.86588  
10083.2382  
10066.63758  
10070.96136  
10060.94389  
10090.79369  
10074.25907  
10068.06446  
10051.66035  
10079.00243  
10078.41613  
10081.95271  
10112.45325  
10051.29597  
10061.93822  
10061.23326  
10079.02341  
10089.33536  
10061.0413  
10069.46206  
10072.10188  
10065.57167  
10083.99872  
10071.37557  
10098.72112  
10119.46477  
10095.24762  
10104.1674  
10099.19672  
10098.5648  
10100.40502  
10102.15375  
10111.9329  
10088.30449  
10118.21439  
10133.30999  
10087.08788  
10098.09717  
10119.13525  
10124.12355  
10122.77874  
10088.34762  
10064.46439  
10061.10157  
10072.76722  
10075.5329  
10081.76053  
10064.861  
10060.7836  
10124.69402  
10119.3757  
10123.55725  
10102.31174  
10098.50317  
10096.9387  
10094.80827  
10053.25595  
10070.92437  
10086.49855  
10122.40718  
10068.30569  
10043.78656  
10066.83682  
10067.25956  
10111.13379  
10120.10271  
10070.78477  
10133.73121  
10120.64714  
10098.18787  
10100.07565  
10087.33416  
10070.82844  
10092.78679  
10116.70241  
10114.56808  
10075.70275  
10109.51603  
10060.02946  
10089.57574  
10082.11175  
10052.90593  
10043.04848  
10121.03277  
10102.99973  
10104.94934  
10083.07924  
10075.39294  
10041.81819  
10085.73323  
10105.5399  
10093.63229  
10113.32035  
10098.00963  
10110.25683  
10081.14487  
10080.58825  
10070.26784  
10069.72961  
10066.34291  
10071.55421  
10081.22456  
10107.79635  
10094.26401  
10091.01098  
10079.43628  
10055.32126  
10034.06375  
9995.476764  
10128.48788  
10106.30172  
10100.54009  
10101.32742  
10095.22655  
10138.06399  
10113.2204  
10102.77284  
10110.20686  
10119.99056  
10131.46372  
10086.45272  
10124.86275  
10079.88116  
10083.55095  
10090.11668  
10097.21149  
10074.43295  
10066.62617  
10074.26097  
10065.90392  
10062.54506  
10063.31406  
10066.36079  
10062.20728  
10084.3606  
10045.45046  
10076.63606  
10043.47795  
10032.29704  
10077.15057  
10096.80791  
10074.43287  
10067.44316  
10077.24794  
10104.57818  
10127.06907  
10086.3762  
10093.61383  
10070.42492  
10047.15347  
10046.57868  
10046.3963  
10052.42208  
10064.37788  
10074.82699  
10085.18494  
10078.68312  
10086.98212  
10052.76587  
10091.12169  
10095.19286  
10141.46623  
10094.14337  
10125.41583  
10092.83703  
10065.42817  
10104.48969  
10102.66173  
10135.73131  
10135.8823  
10105.75265  
10105.35802  
10121.00323  
10101.8913  
10063.79851  
10071.87272  
10073.35526  
10063.13089  
10080.94833  
10055.55179  
10036.12887  
10017.42699  
10011.16572  
10027.73304  
10061.83818  
10033.24893  
10053.26524  
10079.24507  
10094.12995  
10133.08274  
10118.03033  
10122.70809  
10139.27862  
10125.95858  
10090.04412  
10078.12754  
10086.86845  
10088.74636  
10083.17908  
10062.77265  
10111.51423  
10089.33122  
10125.81054  
10136.72618  
10128.42057  
10121.14275  
10108.5107  
10094.15874  
10056.49848  
10086.46252  
10074.09582  
10021.37483  
10051.16144  
10028.38235  
10075.20196  
10066.69042  
10096.09913  
10068.84664  
10091.77286  
10115.19615  
10088.68851  
10100.11161  
10077.10571  
10069.38367  
10065.69005  
10118.4719  
10098.34739  
10097.12606  
10087.01814  
10113.02506  
10087.14087  
10089.62975  
10057.81707  
10058.11285  
10083.06437  
10084.5047  
10064.92283  
10070.63463  
10095.80844  
10135.46154  
10120.2822  
10109.85596  
10091.71229  
10052.36485  
10085.08384  
10073.51002  
10047.98603  
10059.09368  
10068.84344  
10053.88627  
10077.847  
10104.35169  
10068.14454  
10136.74448  
10132.83497  
10123.46529  
10143.69119  
10095.87804  
10110.33137  
10079.42997  
10068.05167  
10096.15402  
10068.01328  
10056.66277  
10066.32727  
10040.81365  
10084.20145  
10060.91774  
10039.38539  
10041.23642  
10078.77655  
10039.04584  
10066.62526  
10097.03986  
10102.85788  
10101.99537  
10116.57962  
10112.83395  
10107.153  
10122.83412  
10097.1064  
10083.38529  
10081.24532  
10069.30758  
10038.16373  
10016.09072  
9986.56863  
10043.05953  
10065.00756  
10077.36269  
10062.04232  
10119.16609  
10082.21325  
10114.72256  
10096.11079  
10109.84274  
10144.81836  
10095.14938  
10122.77176  
10037.61325  
10089.92549  
10085.77752  
10102.9824  
10114.63512  
10086.8631  
10086.45799  
10093.83756  
10068.7806  
10070.02023  
10082.86926  
10066.9806  
10115.34555  
10104.35716  
10104.41331  
10075.61107  
10109.02517  
10080.96665  
10077.37433  
10092.8648  
10081.68606  
10077.67861  
10104.45723  
10080.74235  
10007.81822  
10067.31888  
10060.3079  
10060.55552  
10060.70269  
10095.30286  
10112.09687  
10130.57916  
10109.41269  
10117.97613  
10094.02258  
10080.75813  
10093.53923  
10102.19184  
10090.02254  
10090.35303  
10080.84774  
10101.02128  
10085.72233  
10104.94647  
10100.53008  
10082.91459  
10090.9148  
10106.43283  
10081.0958  
10076.23811  
10096.72387  
10041.19852  
10073.36132  
10077.87987  
10135.83991  
10094.04075  
10056.89883  
10067.49066  
10064.99893  
10033.67213  
10105.65423  
10064.70662  
10084.18536  
10132.21025  
10109.29818  
10107.37102  
10110.17763  
10090.4976  
10067.79787  
10062.93805  
10077.32225  
10104.3485  
10121.19494  
10156.22617  
10105.18035  
10159.98657  
10082.83569  
10089.49291  
10113.14736  
10049.33135  
10038.82855  
10046.52809  
10026.28556  
10043.13101  
10020.64111  
10059.48052  
10100.04937  
10019.90908  
10010.12357  
10048.26314  
10037.55099  
10061.59064  
10058.53628  
10025.27553  
10070.82899  
10102.36987  
10134.89533  
10123.39442  
10191.56552  
10150.06538  
10125.25649  
10128.40104  
10092.70137  
10098.6299  
10019.42284  
10086.25469  
10035.76971  
10102.10769  
10083.94426  
10098.06157  
10098.60895  
10062.28358  
10091.2921  
10085.23041  
10105.84236  
10125.79048  
10082.17638  
10060.02621  
10057.91934  
10084.67079  
10086.49096  
10079.95972  
10088.23  
10064.79261  
10084.17755  
10081.48529  
10086.77277  
10096.18085  
10098.107  
10091.22668  
10141.54737  
10075.70067  
10076.04308  
10102.99679  
10089.43989  
10100.43895  
10064.56331  
10053.4029  
10059.4513  
10075.72426  
10078.70007  
10088.83191  
10117.07012  
10090.25686  
10091.79042  
10074.10444  
10080.02245  
10103.03142  
10058.06565  
10075.68875  
10104.32015  
10056.30495  
10075.93317  
10043.95527  
10085.71273  
10055.24371  
10048.57507  
10080.76657  
10109.51335  
10132.62641  
10133.33308  
10151.14763  
10115.82667  
10110.59274  
10076.29938  
10056.57951  
10072.13144  
10098.55023  
10055.75284  
10067.61433  
10113.74061  
10109.21608  
10109.24858  
10137.53631  
10120.98339  
10130.0855  
10099.36565  
10124.97539  
10069.70666  
10085.82139  
10080.75676  
10136.4626  
10160.2977  
10137.27557  
10062.08232  
10028.90281  
9997.303599  
10037.11223  
10029.9391  
10084.61375  
10086.26163  
10096.29136  
10097.5767  
10085.35243  
10064.99695  
10088.96007  
10039.91784  
10084.40557  
10073.07656  
10039.62592  
10028.72082  
10070.3592  
10052.69119  
10119.37231  
10056.04046  
10086.21642  
10047.49021  
10082.65116  
10098.4563  
10104.50708  
10127.27096  
10136.0547  
10113.78646  
10101.06779  
10039.0851  
10033.83811  
10063.14802  
10086.46259  
10069.84528  
10064.98355  
10048.90976  
10101.90598  
10112.80072  
10106.63646  
10115.94247  
10094.78184  
10106.02513  
10090.7398  
10104.62037  
10118.61862  
10150.33987  
10130.97894  
10066.28816  
10067.98724  
10041.10971  
10004.40641  
10000.86831  
10048.04389  
10049.22967  
10038.72166  
10099.54999  
10101.65172  
10128.02042  
10125.96809  
10077.52916  
10089.64644  
10066.59442  
10107.29856  
10104.6509  
10097.61718  
10106.62295  
10052.61246  
10047.60382  
10023.24057  
10069.31876  
10098.93368  
10166.06695  
10090.93513  
10091.3571  
10074.86498  
10086.51464  
10075.4146  
10090.7015  
10070.39507  
10031.64948  
10081.60835  
10116.43655  
10066.73703  
10099.16184  
10054.45116  
10070.67877  
10083.23984  
10095.07716  
10117.17555  
10097.45603  
10062.31339  
10039.69987  
10089.25327  
10102.08787  
10123.89462  
10106.18374  
10094.53815  
10101.66259  
10114.78172  
10091.35413  
10116.55874  
10079.16922  
10090.24188  
10119.78325  
10088.53986  
10065.0873  
10072.58754  
10103.14046  
10079.00473  
10057.92144  
10083.42032  
10118.14759  
10142.61779  
10033.74249  
10047.26443  
10043.99211  
10037.77076  
10047.0063  
10051.73396  
10076.11853  
10092.48178  
10092.89106  
10108.41127  
10112.52686  
10106.95506  
10115.19972  
10052.10208  
10067.20694  
9995.561841  
9984.793968  
10020.46124  
10081.78692  
10097.69328  
10076.02637  
10115.30167  
10099.75839  
10112.19273  
10122.40873  
10118.99471  
10089.00512  
10100.85197  
10114.23481  
10112.26307  
10140.52801  
10122.91846  
10102.49168  
10120.65776  
10112.19062  
10135.44597  
10124.54272  
10132.58207  
10089.60725  
10095.43485  
10097.69391  
10087.34347  
10077.32294  
10074.67759  
10070.44103  
10126.46814  
10093.25688  
10099.19089  
10033.54794  
10013.08723  
10052.3817  
10053.92469  
10083.82464  
10103.28139  
10103.96109  
10116.59843  
10106.53692  
10078.74737  
10082.10579  
10074.51518  
10074.87783  
10115.13556  
10099.30088  
10114.47765  
10100.6721  
10096.78098  
10104.78863  
10100.67958  
10077.83073  
10084.4478  
10110.47857  
10107.99146  
10083.39054  
10084.48178  
10114.10337  
10128.95991  
10137.2941  
10114.37181  
10060.96456  
10052.08275  
10026.94192  
9999.556049  
10040.37214  
10050.8373  
10068.44431  
10040.49986  
10072.59041  
10057.24168  
10113.64399  
10114.27731  
10104.08412  
10129.74243  
10104.58536  
10106.92229  
10069.37162  
10070.23469  
10046.5514  
10037.02717  
10062.97925  
10053.35748  
10055.98521  
10037.20224  
10048.50018  
10033.47528  
10073.74772  
10097.48611  
10140.09161  
10113.71704  
10129.5594  
10095.6253  
10094.4906  
10107.73514  
10072.66841  
10085.56502  
10086.45617  
10070.99397  
10115.35704  
10141.28396  
10158.47027  
10120.42065  
10106.09406  
10066.45473  
10069.99396  
10109.95754  
10077.26043  
10085.35983  
10051.6046  
10055.59825  
10071.85233  
10029.02726  
10064.74508  
10116.73782  
10091.19199  
10085.94554  
10086.31578  
10083.38744  
10115.65549  
10075.51915  
10055.00817  
10036.23293  
10070.25197  
10078.80565  
10110.56425  
10147.83893  
10114.75407  
10067.10762  
10051.90899  
10049.94431  
10064.72755  
10046.63276  
10101.42974  
10126.42142  
10087.53386  
10067.04902  
10082.12175  
10159.19562  
10137.99945  
10105.56709  
10120.83924  
10079.67319  
10097.22578  
10108.45185  
10131.45654  
10077.49448  
10056.8512  
10076.74119  
10062.15788  
10072.21227  
10042.84249  
10058.36758  
10107.51527  
10100.72603  
10086.557  
10098.99135  
10096.6897  
10084.73674  
10085.45445  
10092.41367  
10077.2848  
10070.70288  
10060.27315  
10077.10103  
10074.3398  
10117.1156  
10069.98812  
10087.98064  
10074.79139  
10134.5354  
10128.26671  
10115.75906  
10079.68523  
10111.27151  
10037.03495  
10007.84865  
10096.25912  
10097.26667  
10073.56078  
10152.88955  
10096.80681  
10050.24431  
10052.54659  
10043.77147  
10008.71922  
10043.42024  
10061.38434  
10092.75466  
10131.15358  
10114.23539  
10120.28519  
10094.18979  
10091.71204  
10071.24654  
10142.13456  
10138.54585  
10091.9763  
10081.02616  
10077.05438  
10103.16874  
10088.05145  
10096.85544  
10086.03288  
10085.95374  
10052.65348  
10106.52  
10074.12484  
10072.6917  
10056.25744  
10097.04781  
10079.31334  
10114.24118  
10092.52821  
10050.85638  
10040.26224  
10046.12876  
10041.24501  
10068.9607  
10067.59709  
10093.49283  
10113.46347  
10115.12913  
10124.42515  
10111.62328  
10132.81216  
10164.25005  
10123.35297  
10115.56171  
10068.04288  
10036.85334  
10030.89396  
10077.21377  
10024.58045  
10093.17674  
10040.64147  
10097.04084  
10090.18207  
10106.08058  
10083.2385  
10053.39144  
10081.18627  
10070.08989  
10071.64811  
10086.44916  
10059.01671  
10074.00902  
10072.17726  
10079.7764  
10095.04137  
10080.96515  
10082.52791  
10049.87534  
10066.86319  
10078.66681  
10067.3128  
10060.94244  
10090.16156  
10072.90393  
10056.89761  
10079.95786  
10074.08293  
10060.24353  
10038.64404  
10095.83403  
10109.66124  
10104.5598  
10093.47081  
10095.9805  
10043.80165  
10110.11276  
10109.05884  
10091.3773  
10122.72911  
10092.0742  
10075.06942  
10058.73076  
10102.27961  
10057.52225  
10083.72169  
10023.87467  
10071.71861  
10090.00655  
10114.75299  
10147.49936  
10159.48489  
10061.1936  
10089.25932  
10119.68481  
10139.78685  
10127.0532  
10094.85949  
10138.13133  
10075.0618  
10074.83728  
10035.04245  
10013.09919  
10021.26126  
10045.80999  
10084.69399  
10076.756  
10062.04527  
10111.6305  
10130.46835  
10072.19585  
10094.45011  
10098.553  
10089.25377  
10092.30838  
10077.50958  
10103.33632  
10088.35162  
10074.66598  
10043.73842  
10091.5389  
10088.48914  
10104.38127  
10074.6418  
10075.97787  
10039.14071  
10104.23062  
10040.61609  
10027.57324  
10079.84027  
10094.69752  
10116.24218  
10084.56283  
10116.83563  
10106.65207  
10159.79872  
10148.52511  
10125.25082  
10115.74491  
10061.75815  
10035.457  
10069.54691  
10105.13506  
10095.8889  
10082.42804  
10098.29372  
10037.14929  
10089.88804  
10059.56001  
10101.14291  
10126.73733  
10142.63242  
10121.65517  
10106.51611  
10096.44762  
10054.08365  
10052.6152  
10049.15151  
10121.42588  
10085.91332  
10103.93531  
10077.12344  
10060.51497  
10026.57191  
10048.33104  
10022.29844  
10069.65004  
10079.4202  
10086.64409  
10039.81763  
10044.91833  
10078.00778  
10137.31863  
10115.52755  
10128.86144  
10055.63378  
10060.63684  
10059.307  
10088.12329  
10088.43179  
10064.64429  
10064.17503  
10080.37706  
10076.8995  
10080.55103  
10059.01934  
10068.88811  
10045.40746  
10074.07908  
10117.80817  
10135.87437  
10124.35968  
10139.61352  
10110.77277  
10084.78555  
10105.22092  
10049.67736  
10117.79632  
10090.10677  
10085.25711  
10113.81493  
10070.7273  
10113.68983  
10108.35244  
10080.64086  
10108.4319  
10090.121  
10046.99301  
10067.94834  
10034.07883  
10030.72041  
10054.89837  
10088.685  
10152.6732  
10101.98117  
10101.73265  
10077.00692  
10075.10894  
10090.90416  
10064.28776  
10068.87506  
10125.31659  
10119.16358  
10104.27558  
10096.28493  
10086.28935  
10117.96326  
10074.6502  
10088.35351  
10062.53152  
10035.06974  
10049.37418  
10037.86174  
10047.0887  
10053.42624  
10066.69523  
10093.55589  
10038.32342  
10068.03824  
10064.40193  
10153.49965  
10145.75901  
10168.16624  
10118.18613  
10131.21456  
10086.21096  
10073.89603  
10060.53094  
10050.73189  
10064.67809  
10089.07707  
10107.81203  
10143.38341  
10157.62405  
10171.75554  
10116.50917  
10131.50191  
10077.40941  
10104.20648  
10076.27115  
10082.72823  
10084.04666  
10057.19167  
10098.75001  
10103.38489  
10108.40918  
10084.38279  
10094.0725  
10072.57274  
10091.46674  
10043.70865  
10064.03349  
10085.40298  
10089.29478  
10093.9544  
10085.84725  
10140.46435  
10027.27408  
10059.77869  
10031.31869  
10043.48362  
10037.42439  
10038.68593  
10064.60799  
10042.0771  
10111.248  
10072.9154  
10122.3785  
10130.55329  
10101.54455  
10106.48791  
10092.11912  
10112.19708  
10124.75414  
10092.25463  
10078.76966  
10122.73197  
10103.80408  
10130.36505  
10105.51231  
10098.80504  
10130.83099  
10166.86864  
10100.27261  
10091.49601  
10055.62719  
10066.55328  
10030.81307  
10022.22634  
10026.75624  
10035.65236  
10082.6262  
10065.8904  
10080.83887  
10100.8595  
10107.4484  
10135.95252  
10122.94035  
10091.98963  
10064.11188  
10026.51719  
10052.65466  
10060.91936  
10086.98069  
10086.06715  
10040.46515  
10077.56501  
10048.24955  
10101.01988  
10120.24247  
10083.56862  
10082.55285  
10086.13288  
10041.30046  
10087.19803  
10052.498  
10066.4648  
10064.74773  
10062.0199  
10068.61702  
10044.16362  
10095.48063  
10095.35732  
10136.34624  
10100.99621  
10114.31262  
10057.57676  
10068.8903  
10064.01605  
10080.37283  
10133.65738  
10105.35413  
10101.10091  
10137.39679  
10099.39232  
10101.02426  
10061.92781  
10111.41287  
10103.81269  
10089.65418  
10099.71092  
10126.68478  
10086.70855  
10083.03061  
10118.51854  
10095.89411  
10096.55739  
10118.1756  
10150.52605  
10084.85591  
10023.12278  
10016.67725  
10028.01552  
10053.13004  
10052.53214  
10092.69246  
10036.69003  
10071.38179  
10046.47671  
10040.22022  
10069.55159  
10073.46107  
10058.72928  
10112.66594  
10109.00058  
10114.3074  
10119.73458  
10084.79203  
10068.76071  
10086.0001  
10076.67609  
10070.13965  
10081.44785  
10114.97059  
10096.08521  
10097.57408  
10045.42218  
10091.07507  
10106.08025  
10097.35409  
10106.72031  
10090.39676  
10057.06947  
10097.75504  
10030.40692  
10057.24249  
10081.51552  
10027.723  
10064.70745  
10069.89861  
10138.4556  
10109.84415  
10058.87316  
10071.22492  
10083.6004  
10123.9743  
10139.87502  
10095.03923  
10074.76035  
10052.05587  
10042.98928  
10077.87957  
10107.34044  
10094.76549  
10109.0111  
10138.36085  
10075.20883  
10107.37414  
10090.0605  
10079.68871  
10046.17179  
10056.06228  
10035.52949  
10081.03164  
10070.71862  
10134.51317  
10100.32801  
10055.95383  
10096.85442  
10082.63121  
10111.08793  
10100.22935  
10114.22685  
10085.57162  
10067.22289  
10095.02905  
10057.69257  
10049.67113  
10029.37252  
10046.49805  
10048.6738  
10083.90172  
10074.5616  
10107.17968  
10086.21666  
10149.04018  
10092.84476  
10156.86068  
10102.15829  
10093.29651  
10133.93593  
10143.82919  
10069.95725  
10077.82802  
10074.67594  
10109.29965  
10098.41826  
10138.65891  
10091.21423  
10099.2183  
10071.14641  
10064.51989  
10165.2306  
10104.93188  
10113.61477  
10082.42092  
10077.90357  
10105.39566  
10102.97519  
10104.55631  
10035.4305  
10089.62205  
10057.38452  
10054.52101  
10071.46936  
10074.41066  
10054.59999  
10056.36368  
10079.71471  
10030.78637  
10053.00908  
10015.1479  
10065.98381  
10070.64457  
10088.37261  
10102.057  
10134.15891  
10120.83119  
10112.15346  
10137.69774  
10111.78535  
10069.52357  
10086.29466  
10067.79848  
10038.65157  
10084.62558  
10020.06209  
10049.48956  
10070.50105  
10058.22058  
10095.89733  
10077.73243  
10127.02526  
10165.83207  
10143.22422  
10091.04844  
10057.14255  
10024.11104  
10020.18077  
10060.10349  
10089.22681  
10087.42343  
10094.03124  
10112.53517  
10118.31786  
10091.52821  
10088.44497  
10122.23101  
10157.40384  
10129.55963  
10165.58072  
10121.11309  
10073.9519  
10053.99868  
10078.26403  
10075.56242  
10078.90349  
10035.74738  
10050.15886  
10028.99812  
10082.91243  
10070.27309  
10103.14629  
10070.70716  
10065.78533  
10125.17571  
10088.67558  
10078.54835  
10048.38024  
10048.05467  
10076.12763  
10061.40872  
10045.43435  
10052.26947  
10095.34713  
10047.37694  
10108.66008  
10094.09465  
10106.25139  
10077.61538  
10097.94528  
10137.32149  
10135.7813  
10136.64733  
10064.64259  
10091.9991  
10060.37802  
10076.72173  
10088.23938  
10093.18547  
10081.98326  
10038.11404  
10051.97835  
10048.61007  
10070.71664  
10125.91517  
10135.27088  
10158.5487  
10113.92035  
10062.72901  
10092.37191  
10076.42218  
10084.71317  
10113.64047  
10056.65981  
10082.21074  
10056.3164  
10074.59338  
10103.96853  
10100.20984  
10154.16329  
10109.58266  
10092.30493  
10096.70096  
10107.06086  
10092.6846  
10098.94316  
10057.36621  
10100.7644  
10103.75721  
10038.22367  
10074.00236  
10136.30984  
10105.91641  
10096.85218  
10117.64685  
10073.82756  
10063.43078  
10055.75339  
10067.62083  
10098.8902  
10056.47653  
10068.78189  
10076.37168  
10078.43638  
10067.27257  
10060.43984  
10049.50089  
10114.22333  
10118.85764  
10068.62135  
10083.6207  
10071.28399  
10038.39582  
10069.2875  
10074.43293  
10077.86711  
10049.50818  
10074.80413  
10100.99024  
10093.21992  
10107.19084  
10124.70776  
10093.01377  
10117.79893  
10090.2364  
10113.33231  
10120.05324  
10082.5189  
10072.70774  
10071.06949  
10056.79897  
10051.91595  
10115.92011  
10123.17187  
10141.88694  
10109.38927  
10047.10206  
10049.14623  
10066.27499  
10052.76361  
10028.29737  
10061.21739  
10051.14218  
10065.7443  
10076.45266  
10124.15358  
10137.57118  
10124.78363  
10104.02461  
10057.98455  
10087.31677  
10055.40091  
10085.73846  
10121.74062  
10115.91887  
10086.80347  
10038.75564  
10050.1423  
10069.29621  
10064.95873  
10054.51038  
10066.85659  
10110.16151  
10024.41229  
10063.89007  
10128.31206  
10117.27407  
10106.19413  
10089.53781  
10082.01984  
10115.56844  
10054.71239  
10068.77218  
10048.57532  
10064.69215  
10106.6979  
10085.30187  
10133.19219  
10090.1517  
10088.64256  
10109.81397  
10105.36773  
10136.05817  
10079.85066  
10106.08499  
10069.40868  
10027.95738  
10031.80807  
10082.39437  
10115.29724  
10109.23619  
10091.46554  
10085.43029  
10059.61974  
10080.1895  
10088.38081  
10122.7791  
10088.69152  
10073.2895  
10083.19073  
10046.68949  
10062.49787  
10091.40166  
10098.49651  
10145.50636  
10112.83946  
10106.24188  
10102.4079  
10077.49929  
10111.41969  
10084.99213  
10107.2268  
10059.29616  
10076.03289  
10036.59054  
10037.35653  
10034.52787  
10095.89636  
10071.28322  
10055.20235  
10066.65351  
10085.94768  
10075.95212  
10129.98521  
10097.42956  
10084.23521  
10087.51462  
10106.59368  
10050.5007  
10058.63482  
10064.82179  
10063.41688  
10082.78161  
10096.24355  
10084.10467  
10082.72761  
10061.53317  
10100.91731  
10092.47631  
10077.49317  
10038.70703  
10074.70146  
10116.8302  
10103.49266  
10090.35771  
10114.91008  
10087.98027  
10084.73825  
10070.66143  
10063.65047  
10103.28796  
10169.11317  
10177.13773  
10148.47374  
10116.7435  
10072.75767  
10039.44265  
10039.63914  
10065.09689  
10064.21124  
10023.41404  
10039.69497  
10084.78495  
10097.76245  
10094.24893  
10091.05129  
10082.59424  
10057.95949  
10052.82149  
10051.50974  
10062.45999  
10074.10263  
10045.80635  
10075.15128  
10066.39525  
10083.76508  
10095.16249  
10119.2563  
10090.63468  
10097.79671  
10090.8628  
10104.42658  
10102.0753  
10124.63452  
10085.52898  
10123.97393  
10107.13588  
10091.71356  
10081.55156  
10165.53406  
10132.02937  
10110.37328  
10099.80535  
10088.56403  
10102.38106  
10035.06878  
10050.44695  
10049.74413  
10069.87898  
10067.98164  
10063.87751  
10057.1774  
10047.32662  
10069.51045  
10089.7056  
10104.62434  
10125.04793  
10080.82239  
10062.1048  
10067.30564  
10078.48582  
10130.37636  
10140.40645  
10112.83105  
10091.75849  
10074.76242  
10050.92436  
10064.2616  
10058.15814  
10054.60132  
10066.45176  
10076.69052  
10041.92789  
10105.15024  
10105.66641  
10110.56875  
10127.0798  
10106.51744  
10122.82851  
10131.72881  
10114.62515  
10099.84764  
10081.74665  
10061.59151  
10075.47903  
10118.60752  
10099.32653  
10074.63692  
10086.15236  
10042.11975  
10073.56683  
10054.11634  
10042.34841  
10048.68373  
10024.93833  
10044.69629  
10080.52258  
10078.40101  
10062.13219  
10077.77357  
10105.71478  
10113.50552  
10115.31925  
10104.93697  
10074.49489  
10101.70139  
10097.57474  
10074.75311  
10103.56921  
10099.63818  
10123.79883  
10112.05302  
10151.60612  
10130.57934  
10142.29168  
10138.01549  
10110.83214  
10088.93107  
10137.28322  
10137.8981  
10075.84007  
10055.57244  
10048.40693  
10018.75444  
10105.20654  
10061.70047  
10100.62977  
10062.55583  
10073.94731  
10086.75845  
10073.27436  
10147.37007  
10073.67123  
10076.99567  
10094.26205  
10096.04455  
10085.00572  
10101.68875  
10122.56631  
10114.26874  
10165.91319  
10119.90079  
10065.04504  
10043.37771  
10029.75257  
10019.82109  
10048.85016  
10047.78984  
10069.38167  
10052.53562  
10030.24586  
10040.57587  
10065.26739  
10087.09869  
10089.36276  
10117.72259  
10122.43546  
10082.03377  
10074.20285  
10099.22289  
10135.37562  
10122.05126  
10099.66891  
10100.31396  
10062.79935  
10091.44987  
10105.05763  
10097.87174  
10057.45169  
10035.31284  
10045.92679  
10030.17938  
10093.5322  
10103.814  
10104.32691  
10086.2083  
10065.91236  
10037.99417  
10088.84227  
10112.8834  
10098.4375  
10078.60449  
10110.30196  
10060.51579  
10091.84096  
10100.34638  
10099.90003  
10109.32755  
10106.99178  
10106.40437  
10108.02489  
10100.13323  
10076.80653  
10094.12979  
10050.29366  
10055.35318  
10080.45459  
10106.48874  
10120.6516  
10112.3063  
10093.5914  
10055.58096  
10075.06271  
10062.45944  
10074.12967  
10067.53353  
10093.96316  
10095.4768  
10118.02639  
10095.73926  
10101.77868  
10094.8273  
10105.91029  
10094.35294  
10093.50621  
10069.47253  
10076.52939  
10074.21277  
10038.24656  
10133.55953  
10149.91154  
10080.58996  
10076.14612  
10060.26433  
10054.07328  
10052.92038  
10070.74731  
10104.19552  
10114.11638  
10073.57915  
10117.43957  
10071.93233  
10073.54732  
10083.26452  
10081.30172  
10084.89978  
10093.28284  
10103.0735  
10087.42015  
10107.96553  
10112.31533  
10122.37043  
10100.91868  
10096.7101  
10064.95049  
10113.9937  
10049.34362  
10065.02136  
10057.47902  
10048.79185  
10042.57956  
10057.72  
10075.38075  
10067.24057  
10054.56002  
10060.24578  
10045.71287  
10051.00949  
10088.02254  
10084.71187  
10084.60039  
10063.38538  
10081.57466  
10071.21478  
10108.97062  
10093.01345  
10099.89206  
10046.82351  
10073.19706  
10075.99363  
10071.21517  
10067.53493  
10053.50828  
10060.60782  
10088.08866  
10068.62409  
10087.33358  
10110.97842  
10111.28893  
10082.25645  
10080.65951  
10058.55224  
10076.20403  
10091.70488  
10127.8044  
10082.34985  
10134.32949  
10112.06861  
10080.2177  
10105.21679  
10081.48439  
10076.43545  
10056.30482  
10037.19163  
10094.25739  
10087.96962  
10092.70471  
10097.49495  
10043.46456  
10051.41533  
10065.92038  
10099.77791  
10080.99272  
10043.3333  
10078.56957  
10067.89058  
10089.1374  
10133.0572  
10101.38655  
10117.04438  
10090.44793  
10118.6328  
10113.95664  
10094.59142  
10094.80704  
10097.24179  
10084.3376  
10161.80594  
10158.09669  
10135.43011  
10149.13222  
10125.84116  
10125.91057  
10086.50597  
10089.53088  
10115.61923  
10109.2407  
10086.99485  
10070.12734  
10104.31241  
10059.03606  
10060.89193  
10073.09401  
10058.79547  
10019.89206  
10062.41844  
10091.26178  
10110.09914  
10107.7648  
10051.67373  
10073.03416  
10029.76213  
10005.6873  
10035.90181  
10021.10629  
10062.24061  
10068.49518  
10062.95572  
10070.89325  
10080.39062  
10076.38768  
10088.92213  
10086.89977  
10035.91653  
10058.47823  
10043.14713  
10082.91098  
10122.50193  
10110.53814  
10074.50962  
10096.29126  
10113.65816  
10097.53668  
10067.48699  
10086.53025  
10142.43649  
10164.13423  
10128.79674  
10101.98173  
10047.95884  
10066.41747  
10046.51727  
10095.11711  
10079.52384  
10122.45084  
10108.53028  
10104.8393  
10055.11166  
10054.41124  
10062.68376  
10012.3742  
10060.74566  
10071.67122  
10079.7632  
10118.51887  
10105.16242  
10071.5439  
10104.12127  
10110.3224  
10062.54463  
10074.04208  
10065.61079  
10073.25011  
10058.33491  
10073.56267  
10098.925  
10058.50061  
10077.95429  
10039.70807  
10078.25756  
10079.10085  
10064.04812  
10080.57428  
10070.93205  
10044.96204  
10081.04855  
10093.75219  
10108.63204  
10075.79086  
10123.98515  
10148.11668  
10158.59958  
10094.02552  
10131.1889  
10053.2333  
10043.21345  
10055.70101  
10039.68547  
10074.32286  
10071.54128  
10071.40595  
10106.41914  
10118.28544  
10103.1208  
10075.40592  
10076.48844  
10085.98677  
10073.55747  
10064.24839  
10091.98618  
10075.45108  
10086.68398  
10133.74012  
10069.79118  
10124.60947  
10104.50789  
10111.14292  
10131.2173  
10114.94012  
10112.89471  
10066.58232  
10033.12612  
10069.38132  
10063.44231  
10070.50331  
10107.01952  
10107.83779  
10049.65107  
10114.67521  
10052.88388  
10058.91683  
10074.96135  
10084.39172  
10100.04408  
10073.52036  
10073.40301  
10078.70875  
10083.91049  
10066.62733  
10056.40775  
10089.2923  
10098.36777  
10087.43926  
10105.52601  
10141.58602  
