9690.371715  
9645.990385  
9628.019043  
9626.39976  
9611.047763  
9638.6443  
9649.544824  
9669.670419  
9665.950488  
9671.686435  
9642.715811  
9662.561479  
9667.710831  
9670.541149  
9666.507138  
9713.124343  
9711.694025  
9687.586515  
9692.717205  
9695.721351  
9691.172949  
9697.028888  
9672.061168  
9675.22975  
9681.639888  
9701.023517  
9673.20688  
9657.801181  
9643.794904  
9618.230717  
9595.268848  
9607.473145  
9602.380238  
9610.139222  
9594.621715  
9595.391238  
9651.488832  
9646.56377  
9653.602761  
9650.382031  
9618.658984  
9641.225861  
9641.763654  
9639.751048  
9643.445632  
9649.061879  
9659.086772  
9653.055247  
9647.664426  
9644.814409  
9621.702308  
9639.421271  
9663.230353  
9677.753995  
9668.417711  
9666.608159  
9669.842436  
9684.701021  
9696.637083  
9703.281827  
9707.250613  
9700.90055  
9662.126136  
9656.206365  
9651.867649  
9645.503951  
9654.117418  
9667.783754  
9650.631312  
9650.144789  
9649.330895  
9668.047763  
9678.502477  
9657.93647  
9648.260112  
9637.460938  
9632.490714  
9656.771467  
9662.016353  
9684.871493  
9670.675142  
9711.891966  
9697.797701  
9669.718537  
9662.375453  
9630.013841  
9580.590243  
9578.458567  
9595.746254  
9624.489506  
9641.034553  
9650.165776  
9659.683248  
9664.879741  
9662.891167  
9673.346236  
9682.028347  
9677.061816  
9699.848588  
9681.508008  
9698.723748  
9715.27848  
9670.422985  
9627.917303  
9673.09929  
9703.002956  
9686.900266  
9692.514382  
9674.915057  
9676.651554  
9682.50214  
9678.105575  
9663.551935  
9690.374725  
9672.17239  
9648.643661  
9642.426065  
9607.623801  
9664.600737  
9674.023011  
9676.975062  
9667.46875  
9661.718368  
9645.013024  
9627.032875  
9619.749964  
9609.095206  
9592.564107  
9602.24517  
9650.780096  
9640.446582  
9634.803187  
9660.034375  
9672.277743  
9665.012979  
9682.893129  
9649.670739  
9679.995597  
9677.007573  
9647.220028  
9641.831685  
9631.723304  
9656.204208  
9654.800071  
9652.797417  
9675.28339  
9676.010529  
9659.547177  
9670.224157  
9664.158052  
9656.516539  
9636.20665  
9622.209322  
9654.738548  
9662.728995  
9664.792365  
9671.853249  
9695.264613  
9692.982981  
9635.235582  
9612.505886  
9611.378968  
9634.151483  
9637.526181  
9652.874849  
9676.397186  
9685.001935  
9689.938787  
9674.926314  
9631.743999  
9635.662278  
9637.482706  
9669.9534  
9667.129244  
9664.453409  
9672.595437  
9641.763192  
9631.19375  
9650.13695  
9645.455797  
9661.526873  
9659.367551  
9698.442827  
9645.760165  
9654.061701  
9643.250391  
9651.456037  
9647.278001  
9651.165376  
9683.301367  
9705.189213  
9699.055859  
9696.220046  
9646.487322  
9601.743279  
9619.365625  
9641.116282  
9643.506721  
9647.896538  
9663.586816  
9647.9894  
9682.372097  
9680.305487  
9684.983416  
9676.020765  
9640.2235  
9617.777646  
9633.711337  
9633.971298  
9655.652717  
9691.549947  
9684.657067  
9680.995934  
9665.587536  
9663.872186  
9667.810751  
9664.766752  
9656.289506  
9639.975089  
9672.7379  
9680.699414  
9634.934739  
9620.471005  
9643.471094  
9675.990723  
9644.036887  
9633.085467  
9671.643883  
9660.864435  
9679.76994  
9669.031001  
9675.338787  
9697.881596  
9667.123704  
9656.350755  
9658.339258  
9638.744283  
9641.718599  
9653.552539  
9653.370597  
9668.014169  
9686.878445  
9684.645605  
9667.30886  
9658.826358  
9691.119638  
9657.197248  
9656.332635  
9660.712962  
9663.090767  
9661.929688  
9663.452717  
9662.963725  
9627.42587  
9628.621999  
9624.712678  
9627.545241  
9649.896147  
9645.638246  
9674.211781  
9640.534357  
9620.407484  
9619.98592  
9611.54525  
9635.186159  
9639.044318  
9662.603285  
9650.212003  
9727.899734  
9722.189151  
9719.857795  
9694.990545  
9665.840918  
9655.929395  
9634.970685  
9630.67666  
9654.857821  
9668.739027  
9666.077788  
9657.250897  
9676.520792  
9668.059082  
9651.19604  
9671.393093  
9688.38362  
9653.6053  
9671.595952  
9685.109934  
9650.703933  
9639.720801  
9628.935067  
9628.255566  
9663.850453  
9693.94881  
9669.398402  
9649.861133  
9650.904315  
9624.724308  
9612.241708  
9641.062331  
9659.525435  
9682.972638  
9694.996023  
9712.435343  
9678.14177  
9648.786213  
9618.582333  
9640.553658  
9652.514169  
9646.97856  
9660.499831  
9663.802681  
9670.096413  
9660.421005  
9665.931641  
9639.764187  
9644.313423  
9671.222425  
9678.277424  
9669.678507  
9666.932031  
9624.331046  
9620.87785  
9623.916104  
9657.186639  
9666.19233  
9648.648056  
9668.562722  
9667.960893  
9679.57682  
9711.181108  
9682.179386  
9662.311106  
9706.57943  
9677.457972  
9640.808248  
9606.220517  
9629.991033  
9651.195055  
9667.627406  
9673.582564  
9663.179226  
9655.586106  
9644.33006  
9649.295304  
9636.411577  
9634.892889  
9646.236941  
9671.216007  
9680.115314  
9673.95641  
9675.636088  
9661.206348  
9624.110414  
9651.854741  
9646.127033  
9665.753391  
9650.797168  
9667.217773  
9663.404892  
9692.116664  
9701.269505  
9696.070446  
9675.957857  
9659.577344  
9664.822931  
9646.348926  
9654.976634  
9665.391539  
9671.346609  
9665.172905  
9666.165732  
9662.110494  
9670.723118  
9661.382511  
9647.953746  
9604.629146  
9588.0659  
9615.743022  
9657.678897  
9646.987926  
9642.860911  
9651.41962  
9648.279403  
9635.015918  
9643.519407  
9629.750923  
9653.759846  
9666.946369  
9663.537154  
9644.837402  
9648.613627  
9698.988716  
9681.8288  
9672.614338  
9671.056729  
9661.694114  
9655.586435  
9664.552086  
9676.574636  
9686.664258  
9697.179208  
9696.318288  
9689.252717  
9692.024272  
9680.059606  
9679.493208  
9644.493626  
9639.650817  
9645.180336  
9646.745694  
9632.504332  
9649.000053  
9643.006561  
9638.184411  
9656.905069  
9661.933913  
9642.068617  
9649.559295  
9654.396165  
9637.010902  
9630.972834  
9637.735565  
9650.976403  
9654.714924  
9661.564799  
9674.309668  
9632.504581  
9613.445135  
9642.351687  
9660.12896  
9681.212065  
9664.309535  
9641.558487  
9655.279998  
9685.536328  
9684.312189  
9686.011381  
9670.183691  
9690.103445  
9674.048455  
9662.413503  
9653.882546  
9653.256712  
9665.101092  
9658.53916  
9635.288752  
9635.751127  
9643.907457  
9662.843288  
9662.195739  
9673.219132  
9647.789009  
9671.196254  
9680.929306  
9655.581286  
9632.639879  
9642.515856  
9658.825852  
9684.61424  
9673.650284  
9651.994664  
9626.976527  
9617.014755  
9658.741167  
9629.31044  
9642.278045  
9647.042631  
9651.314702  
9678.066291  
9669.536914  
9681.881552  
9673.687056  
9680.517116  
9689.909757  
9678.243821  
9679.609792  
9681.634464  
9676.75926  
9656.131206  
9635.278542  
9641.817951  
9652.588548  
9644.539764  
9618.990225  
9643.425231  
9649.058292  
9642.792374  
9620.17532  
9637.435307  
9657.121112  
9672.057182  
9694.753169  
9701.174627  
9696.965785  
9658.422212  
9670.954679  
9657.383372  
9662.821049  
9661.449734  
9674.038184  
9679.301722  
9674.049379  
9694.490518  
9674.069966  
9693.69786  
9671.941912  
9668.467285  
9659.940394  
9693.631623  
9675.437882  
9665.664648  
9672.362473  
9678.017427  
9671.012571  
9659.289498  
9670.483212  
9674.70791  
9679.330291  
9685.778755  
9670.755886  
9659.188539  
9675.706641  
9636.55451  
9645.059686  
9669.388894  
9646.511381  
9655.43149  
9625.747266  
9609.727219  
9586.609393  
9603.661461  
9604.175275  
9636.496618  
9631.456712  
9645.438059  
9658.036719  
9646.715936  
9659.803951  
9667.35388  
9640.358017  
9619.762021  
9624.380007  
9637.388805  
9680.015403  
9663.590279  
9680.431925  
9677.428906  
9683.295632  
9670.347221  
9667.610574  
9677.151056  
9675.549476  
9697.482422  
9659.854066  
9672.989915  
9678.314817  
9656.55388  
9637.08188  
9602.248402  
9637.331703  
9655.820188  
9632.161408  
9612.861887  
9639.340634  
9657.682821  
9682.661301  
9675.092658  
9684.009899  
9695.185387  
9694.266309  
9687.473606  
9656.763281  
9649.99011  
9639.428675  
9628.069576  
9669.494496  
9679.012802  
9683.493475  
9689.711417  
9675.134242  
9694.038636  
9682.523624  
9667.208594  
9656.70498  
9610.188379  
9605.920437  
9600.988539  
9616.71574  
9626.91685  
9648.65593  
9643.183443  
9636.350914  
9666.55562  
9659.305593  
9653.391415  
9645.998935  
9667.994318  
9669.706552  
9666.991149  
9674.623695  
9671.315625  
9644.408398  
9651.273002  
9663.133354  
9679.469363  
9673.532537  
9686.984677  
9683.49375  
9658.347079  
9676.297718  
9685.19169  
9691.04415  
9693.150213  
9657.303436  
9615.416211  
9612.520579  
9626.158585  
9637.518191  
9660.450133  
9632.2496  
9646.242685  
9645.741628  
9691.211337  
9676.705522  
9664.090137  
9649.160502  
9687.263619  
9731.383487  
9650.879031  
9640.090945  
9639.316096  
9661.112411  
9661.725506  
9627.775293  
9618.177548  
9623.737385  
9640.865376  
9671.758088  
9643.027965  
9658.648846  
9673.136905  
9658.986062  
9660.407413  
9649.7962  
9672.865891  
9669.946422  
9691.759881  
9678.276332  
9671.428178  
9658.729963  
9672.332342  
9650.169007  
9656.064089  
9663.530655  
9675.041584  
9690.488228  
9693.84177  
9704.090421  
9674.059872  
9664.942498  
9671.500257  
9659.420259  
9656.793093  
9642.797239  
9620.759295  
9646.516593  
9643.235849  
9635.859038  
9639.33426  
9649.615607  
9643.430629  
9622.725107  
9631.426651  
9663.815758  
9682.158931  
9660.423793  
9663.574192  
9626.102015  
9637.246538  
9622.370517  
9630.458381  
9651.193191  
9666.651962  
9690.446103  
9682.859038  
9683.225595  
9678.546307  
9678.38307  
9674.121848  
9659.714178  
9684.995969  
9637.465039  
9618.396999  
9607.250142  
9637.711026  
9645.593031  
9651.877122  
9663.020446  
9660.221831  
9679.904022  
9677.341504  
9664.597132  
9670.829048  
9669.783461  
9677.730371  
9657.129608  
9649.607919  
9663.135112  
9663.864844  
9677.001483  
9658.72476  
9633.717418  
9645.260511  
9643.186612  
9630.255078  
9659.343297  
9656.183833  
9650.066007  
9692.904421  
9698.514533  
9694.629324  
9669.508052  
9641.528232  
9640.941832  
9651.746227  
9655.957901  
9686.509304  
9648.402805  
9650.68568  
9644.450142  
9665.356028  
9647.235929  
9641.360529  
9630.398686  
9641.261905  
9705.093022  
9679.161142  
9675.291344  
9655.594007  
9639.420614  
9601.654936  
9614.914471  
9657.034766  
9643.613459  
9655.829093  
9668.41266  
9678.287092  
9671.732511  
9674.939986  
9650.259357  
9642.354776  
9651.41954  
9642.737873  
9668.839009  
9668.408239  
9708.221866  
9692.330842  
9676.990625  
9658.011994  
9646.367196  
9684.888015  
9682.204661  
9678.829261  
9690.028063  
9694.987358  
9676.664213  
9657.24217  
9668.495836  
9664.418821  
9669.278258  
9644.808034  
9652.747638  
9667.312029  
9681.495082  
9692.971911  
9700.564054  
9660.198198  
9672.095508  
9659.636133  
9689.770304  
9666.737198  
9639.935121  
9605.578232  
9628.693315  
9617.338681  
9621.325178  
9631.541921  
9633.424521  
9620.15419  
9630.368111  
9621.780886  
9602.223713  
9632.525906  
9623.864995  
9631.803525  
9648.902113  
9674.275799  
9694.223198  
9664.624876  
9684.2682  
9659.063414  
9658.11092  
9663.44723  
9671.681241  
9725.995739  
9688.216433  
9688.750879  
9714.022399  
9641.178409  
9626.963823  
9637.001909  
9624.500906  
9640.455922  
9659.043146  
9657.657582  
9685.388326  
9690.815305  
9699.535609  
9683.575249  
9667.944585  
9663.859055  
9663.076199  
9663.252681  
9669.714267  
9652.418448  
9631.528471  
9616.131605  
9637.355149  
9654.096937  
9653.429634  
9671.675595  
9679.331783  
9693.917773  
9688.676278  
9690.788015  
9686.971795  
9684.889045  
9660.407085  
9664.949343  
9636.054119  
9654.147408  
9630.062624  
9595.666184  
9635.807067  
9628.964941  
9667.611639  
9665.654821  
9668.34929  
9677.598136  
9659.171955  
9648.004767  
9616.859047  
9637.49786  
9655.912163  
9669.491238  
9658.806392  
9648.633141  
9654.429501  
9664.948562  
9655.973216  
9622.130362  
9604.162198  
9644.150107  
9660.685414  
9678.770881  
9674.274689  
9694.330185  
9672.257511  
9665.752752  
9664.072967  
9663.826545  
9659.187021  
9658.42199  
9656.235147  
9661.336088  
9673.499947  
9687.92682  
9688.354332  
9687.099947  
9646.525391  
9650.240439  
9664.958265  
9683.376536  
9676.414924  
9662.436994  
9656.001136  
9676.621618  
9666.432431  
9683.881232  
9669.440865  
9656.078746  
9660.72832  
9600.222878  
9589.377956  
9617.955966  
9629.449245  
9663.273819  
9680.364657  
9681.809526  
9655.060574  
9639.596431  
9665.814533  
9674.528303  
9698.660352  
9678.565217  
9654.697798  
9700.319336  
9630.696635  
9636.970055  
9672.095446  
9667.516832  
9671.796591  
9671.888104  
9649.327379  
9654.095961  
9674.955123  
9674.392241  
9677.47619  
9664.908203  
9668.646973  
9658.451758  
9639.543661  
9627.909579  
9613.417489  
9661.125249  
9626.908194  
9687.095241  
9653.641113  
9619.72864  
9632.972399  
9647.912953  
9655.141158  
9642.959073  
9648.890518  
9659.259517  
9658.80562  
9699.578817  
9706.00008  
9715.31487  
9673.45411  
9660.888335  
9653.695135  
9638.976234  
9656.350115  
9664.379492  
9661.636373  
9637.131934  
9634.036159  
9644.174458  
9651.337456  
9645.491575  
9671.655433  
9655.237154  
9657.063397  
9647.795321  
9672.664648  
9649.377725  
9643.025169  
9650.316806  
9645.982342  
9631.927424  
9663.744602  
9653.676305  
9646.26361  
9661.221662  
9643.915483  
9645.612411  
9661.497035  
9656.123784  
9653.865252  
9662.56187  
9689.223881  
9672.461541  
9664.059473  
9660.230034  
9663.018794  
9663.231436  
9672.533745  
9681.369212  
9681.884215  
9675.274006  
9663.655957  
9646.415359  
9659.075  
9665.137846  
9675.3629  
9651.927868  
9662.582724  
9650.77057  
9650.544647  
9637.24351  
9634.746582  
9629.243342  
9667.825719  
9676.232377  
9689.616859  
9687.171937  
9656.599414  
9661.025524  
9633.326749  
9639.159135  
9663.337225  
9678.246689  
9641.439462  
9614.193954  
9668.080922  
9663.455433  
9671.143546  
9668.718972  
9657.598615  
9660.265856  
9650.059917  
9646.793457  
9651.872301  
9671.12761  
9642.204039  
9657.79771  
9624.529936  
9623.653622  
9651.631117  
9643.561177  
9639.166779  
9623.332573  
9622.598482  
9667.283913  
9665.002752  
9653.835707  
9646.724068  
9658.637971  
9689.994114  
9700.115661  
9659.243608  
9627.041646  
9644.360902  
9664.775977  
9678.026829  
9643.977211  
9666.010227  
9706.058745  
9702.114737  
9684.916016  
9658.799565  
9643.805282  
9636.787349  
9663.422106  
9684.528791  
9671.341255  
9674.549538  
9682.541877  
9691.369869  
9682.594123  
9662.958265  
9648.676909  
9644.150888  
9626.364125  
9654.00902  
9659.976784  
9683.314968  
9678.854687  
9684.641096  
9654.904838  
9664.325959  
9631.261816  
9617.60427  
9627.672692  
9645.428951  
9663.853409  
9669.313441  
9648.12176  
9645.724751  
9649.57318  
9663.019877  
9668.621786  
9672.052157  
9676.988823  
9674.300843  
9678.681436  
9667.441584  
9685.688255  
9673.72373  
9681.743386  
9657.340385  
9647.203045  
9624.130265  
9645.7754  
9637.546831  
9646.141859  
9625.921822  
9642.463974  
9658.748926  
9663.856738  
9663.303453  
9656.634632  
9655.615696  
9678.318954  
9699.973375  
9688.673748  
9660.824254  
9662.032076  
9643.905433  
9662.633487  
9648.181836  
9647.289409  
9662.678169  
9645.291317  
9652.15696  
9636.27057  
9633.867844  
9661.302228  
9671.258248  
9677.478338  
9685.111373  
9669.528409  
9666.853826  
9682.701012  
9662.401456  
9641.247559  
9642.813299  
9641.474805  
9659.92658  
9660.067356  
9647.097053  
9674.470126  
9650.470099  
9667.355797  
9649.055584  
9644.855131  
9624.584233  
9645.068928  
9646.814693  
9637.500257  
9632.028542  
9613.430522  
9658.286408  
9668.056845  
9687.736417  
9661.936337  
9684.964409  
9691.583176  
9642.105327  
9672.251616  
9664.155877  
9658.642161  
9654.966344  
9659.268448  
9669.669061  
9680.107768  
9675.861594  
9683.7985  
9662.106623  
9623.768279  
9617.747718  
9661.233505  
9663.339187  
9674.266637  
9659.543874  
9679.347559  
9647.714116  
9626.72666  
9646.206206  
9638.430993  
9671.282315  
9661.093333  
9658.624769  
9652.412891  
9654.358478  
9662.473881  
9633.513539  
9640.881765  
9646.9193  
9658.102166  
9651.037385  
9680.088477  
9662.523295  
9676.573136  
9682.350142  
9688.154998  
9691.587012  
9649.383052  
9622.386177  
9625.182733  
9637.324432  
9660.070215  
9638.622763  
9668.710609  
9657.500169  
9660.411497  
9651.226509  
9672.004652  
9646.939373  
9665.246218  
9672.355096  
9692.507608  
9710.800186  
9696.247372  
9662.238335  
9640.039426  
9611.089835  
9634.829252  
9655.841388  
9697.97144  
9675.014498  
9675.614355  
9672.175959  
9661.282386  
9630.086239  
9647.095224  
9654.985991  
9653.986355  
9679.301935  
9669.84288  
9669.336168  
9637.579989  
9626.990154  
9633.710689  
9658.211222  
9697.449805  
9663.13647  
9647.695517  
9686.131117  
9669.388335  
9648.87073  
9605.536301  
9606.56195  
9638.300701  
9667.949503  
9677.239311  
9703.958842  
9684.731543  
9660.860414  
9646.854767  
9633.351225  
9658.394549  
9669.755025  
9650.48552  
9617.1462  
9621.8996  
9634.286168  
9655.136497  
9674.175453  
9686.881108  
9680.455291  
9668.116202  
9658.805895  
9665.268164  
9657.7818  
9626.620534  
9667.243501  
9675.440021  
9690.773127  
9675.325328  
9673.512713  
9645.361541  
9643.914631  
9651.079545  
9671.299201  
9723.083203  
9666.138903  
9699.981756  
9700.044078  
9687.699973  
9650.006126  
9644.501811  
9606.118661  
9628.985094  
9649.262038  
9635.004554  
9650.788832  
9645.510254  
9668.598633  
9660.809961  
9680.212962  
9654.073411  
9667.440474  
9638.519886  
9652.955034  
9633.883967  
9675.131889  
9672.709011  
9647.175355  
9674.1307  
9653.68655  
9650.682555  
9656.477646  
9648.51804  
9660.644993  
9648.795162  
9630.54462  
9628.025497  
9627.872727  
9650.533798  
9612.688228  
9637.575586  
9649.589045  
9658.342374  
9665.149281  
9627.083603  
9628.418422  
9661.408878  
9686.070277  
9679.060076  
9689.341637  
9687.733709  
9673.057608  
9669.8341  
9646.619007  
9692.9193  
9695.479545  
9682.819549  
9671.346831  
9659.788645  
9641.163406  
9672.224556  
9633.471183  
9622.727113  
9700.726847  
9654.121165  
9614.949165  
9638.663663  
9653.767445  
9647.746076  
9650.195756  
9670.667578  
9667.942685  
9647.746591  
9696.730593  
9640.928187  
9631.421156  
9651.075737  
9647.374725  
9659.014844  
9667.979554  
9645.365865  
9648.839027  
9653.218688  
9672.146112  
9678.100373  
9679.195526  
9681.566602  
9647.219895  
9637.99992  
9632.268049  
9670.538707  
9671.811879  
9682.895144  
9675.520384  
9673.316735  
9671.769798  
9669.951838  
9685.585866  
9660.241602  
9704.128187  
9687.897976  
9651.431454  
9629.277921  
9646.751971  
9652.77073  
9656.877974  
9669.045304  
9691.927983  
9673.025364  
9658.717356  
9655.39834  
9648.498411  
9670.770073  
9676.127601  
9679.122621  
9674.700621  
9649.222887  
9672.925932  
9669.268635  
9655.100772  
9648.553427  
9659.176012  
9654.905282  
9653.751332  
9669.297896  
9654.564711  
9647.397656  
9610.588317  
9599.580273  
9612.696085  
9633.45728  
9677.09858  
9668.219496  
9647.030984  
9626.721129  
9644.254821  
9654.622505  
9639.134446  
9610.758638  
9612.266078  
9620.151243  
9664.546839  
9670.538095  
9714.74533  
9674.364648  
9679.728338  
9608.934162  
9620.943368  
9627.334872  
9632.058301  
9665.116486  
9659.376536  
9708.602148  
9665.109624  
9676.778533  
9680.725479  
9668.500382  
9694.867658  
9663.819886  
9709.261115  
9716.620312  
9695.083949  
9672.22824  
9652.016433  
9657.225923  
9635.401669  
9645.378152  
9680.960787  
9636.254616  
9647.6496  
9630.456206  
9641.177566  
9645.85237  
9650.520037  
9665.236  
9664.069922  
9670.909233  
9661.172594  
9667.71796  
9656.540794  
9678.048295  
9656.769771  
9655.256019  
9679.786346  
9675.995304  
9681.561009  
9664.6731  
9640.298473  
9665.76424  
9671.397452  
9675.775018  
9655.969229  
9664.958771  
9659.771564  
9652.39122  
9656.773127  
9687.05854  
9649.18877  
9649.325142  
9633.516584  
9657.350249  
9669.79462  
9656.711523  
9672.201545  
9650.224308  
9682.295002  
9685.509632  
9674.190732  
9638.127335  
9615.475453  
9629.379279  
9670.227947  
9639.231099  
9669.667045  
9655.665705  
9662.647159  
9686.481942  
9690.741593  
9676.142427  
9645.141317  
9641.23125  
9643.38576  
9655.323002  
9676.34897  
9666.400071  
9660.665217  
9663.806845  
9667.291362  
9665.500186  
9657.682422  
9633.350151  
9639.326873  
9622.040252  
9659.155602  
9658.838663  
9656.485405  
9648.947718  
9648.943759  
9672.013512  
9679.151722  
9684.026918  
9664.025311  
9659.409233  
9638.955309  
9634.378542  
9631.897559  
9647.039524  
9661.699814  
9679.659268  
9699.305114  
9661.269718  
9696.198038  
9699.381294  
9687.079856  
9667.535192  
9653.865536  
9651.518466  
9655.352592  
9655.482741  
9645.466229  
9631.519966  
9634.81163  
9659.682866  
9648.690057  
9664.906232  
9687.183052  
9681.082955  
9681.026793  
9667.207955  
9641.933132  
9610.865705  
9634.663237  
9637.08125  
9655.082422  
9644.060911  
9627.067889  
9644.183851  
9661.77089  
9629.024032  
9673.377512  
9659.081863  
9642.268324  
9680.467489  
9655.077575  
9644.13038  
9636.96044  
9657.966628  
9676.498482  
9672.281818  
9677.713024  
9670.042995  
9659.821458  
9671.452885  
9697.308079  
9676.675542  
9683.380575  
9671.513379  
9658.231436  
9652.661603  
9622.926305  
9647.615945  
9640.42856  
9662.417294  
9645.647532  
9633.52848  
9630.470783  
9630.649103  
9652.166841  
9686.35467  
9696.989879  
9681.253809  
9658.822399  
9664.506996  
9677.530886  
9676.472328  
9695.764489  
9683.573979  
9641.615687  
9621.036816  
9639.240305  
9657.085316  
9642.84098  
9663.697346  
9651.023313  
9646.862234  
9659.879803  
9648.38449  
9668.850586  
9657.956481  
9662.242782  
9661.365456  
9668.909499  
9652.72073  
9666.638263  
9620.099379  
9629.436293  
9618.087491  
9641.484881  
9662.112243  
9657.478871  
9641.323269  
9693.31171  
9679.001536  
9676.90356  
9699.311213  
9716.550648  
9656.402379  
9643.180487  
9652.224521  
9668.785653  
9658.143111  
9650.89288  
9670.060547  
9658.026119  
9661.168315  
9659.350781  
9643.74288  
9651.731099  
9642.589231  
9650.259961  
9624.127219  
9641.916566  
9698.688441  
9700.642152  
9655.050249  
9638.758061  
9621.11677  
9634.056543  
9628.644318  
9646.921058  
9656.535032  
9656.609313  
9623.713477  
9664.906871  
9671.290616  
9683.155771  
9645.862926  
9647.439391  
9720.399858  
9660.806561  
9680.103826  
9705.524023  
9704.984322  
9697.190412  
9676.112376  
9662.805948  
9641.390039  
9660.006747  
9665.081046  
9643.413272  
9635.892241  
9636.306809  
9629.35055  
9615.483496  
9607.52761  
9610.052237  
9624.554013  
9653.921254  
9662.354528  
9689.896911  
9705.745721  
9671.0413  
9625.228587  
9646.808017  
9646.058478  
9678.423686  
9705.967791  
9707.001394  
9668.029856  
9636.802211  
9637.336612  
9631.60356  
9651.100337  
9657.439169  
9663.899645  
9654.949183  
9650.100763  
9659.381277  
9663.81511  
9654.258185  
9652.771227  
9660.824858  
9658.993732  
9663.331934  
9660.586719  
9643.819682  
9644.947594  
9640.329838  
9657.435138  
9687.331001  
9688.476065  
9675.816797  
9665.267401  
9657.421547  
9657.67326  
9646.954181  
9683.14525  
9690.683105  
9664.23101  
9663.32231  
9659.577069  
9641.535955  
9662.739728  
9657.959464  
9650.099023  
9671.640545  
9677.684792  
9706.560911  
9678.382324  
9665.992773  
9627.666575  
9608.847949  
9598.071254  
9631.178143  
9646.634544  
9664.962633  
9658.945854  
9652.132031  
9677.782013  
9674.879989  
9658.992365  
9639.063192  
9645.29193  
9648.990368  
9680.813947  
9648.988592  
9671.285458  
9698.973207  
9667.798375  
9670.618617  
9663.212491  
9649.388823  
9658.010769  
9673.621103  
9677.245969  
9628.598651  
9645.255558  
9661.806072  
9679.444727  
9657.953844  
9624.645082  
9597.03489  
9616.600107  
9632.571413  
9677.482218  
9694.36677  
9689.9269  
9686.533274  
9631.486515  
9630.918226  
9659.630167  
9675.928196  
9721.695384  
9744.292472  
9678.523855  
9681.484455  
9667.614888  
9660.994185  
9631.784118  
9610.260831  
9629.131871  
9624.315501  
9642.192809  
9655.559508  
9646.372994  
9652.13916  
9645.48149  
9683.049814  
9657.895384  
9651.194886  
9668.950222  
9672.648109  
9645.192196  
9629.073455  
9648.084064  
9656.270233  
9670.854412  
9672.089613  
9666.860192  
9658.06796  
9683.059428  
9674.390234  
9662.187962  
9635.3837  
9628.717907  
9659.141317  
9683.102077  
9689.280309  
9667.379856  
9688.541122  
9672.777885  
9680.128542  
9648.939355  
9661.539506  
9665.34739  
9653.574609  
9655.2462  
9665.341921  
9642.2788  
9653.410067  
9678.791122  
9657.971866  
9646.259348  
9629.896839  
9630.048748  
9640.683825  
9637.659162  
9661.313841  
9645.965536  
9650.245366  
9655.477903  
9701.535973  
9700.736257  
9690.739205  
9671.368093  
9671.994309  
9662.035343  
9673.684446  
9663.227246  
9654.058248  
9672.358851  
9672.376296  
9666.47856  
9655.09842  
9659.580939  
9669.699707  
9670.540004  
9652.736825  
9651.875515  
9649.30918  
9662.729279  
9619.428214  
9671.167436  
9660.10831  
9647.769753  
9660.255593  
9634.274423  
9648.663432  
9651.692534  
9660.555753  
9659.018599  
9645.335414  
9621.271547  
9683.094638  
9644.739959  
9672.472798  
9681.226048  
9668.636346  
9649.562882  
9640.265456  
9628.804776  
9655.923233  
9649.324973  
9657.915989  
9677.773313  
9675.538787  
9666.923038  
9688.309659  
9700.484206  
9624.918679  
9642.727015  
9682.851758  
9667.992125  
9668.875346  
9633.18457  
9627.843084  
9654.190199  
9659.757253  
9703.068173  
9684.73244  
9653.659544  
9610.509979  
9636.413707  
9601.458896  
9647.53536  
9626.206596  
9650.604004  
9652.376154  
9661.531099  
9670.371369  
9675.909934  
9669.011639  
9670.993297  
9686.357457  
9662.414054  
9666.569877  
9651.936621  
9674.989489  
9672.299512  
9681.366841  
9637.872683  
9634.629244  
9642.66551  
9648.342978  
9656.773464  
9676.93916  
9657.421351  
9670.232369  
9661.453835  
9652.995748  
9657.095233  
9671.118271  
9652.049778  
9646.522115  
9638.338645  
9651.27199  
9661.69367  
9654.854306  
9629.21305  
9626.543759  
9634.501989  
9653.898562  
9661.40981  
9678.108061  
9681.194292  
9647.314533  
9643.479776  
9670.601705  
9628.873624  
9648.052344  
9649.440723  
9669.404554  
9682.55657  
9682.121697  
9661.586328  
9677.717099  
9680.118857  
9680.525977  
9650.315616  
9650.165652  
9660.13861  
9667.892685  
9654.671875  
9634.001385  
9652.568777  
9665.379164  
9665.814249  
9682.918093  
9675.978152  
9661.386808  
9671.638237  
9668.224254  
9648.584881  
9662.485423  
9676.864  
9675.851847  
9630.983993  
9626.464347  
9617.269531  
9635.292338  
9657.330051  
9679.809304  
9672.056889  
9651.003436  
9660.743271  
9635.095916  
9665.827495  
9677.286213  
9677.888503  
9684.508789  
9683.04612  
9689.03204  
9693.160449  
9668.20253  
9625.770144  
9630.548944  
9610.374316  
9635.520676  
9642.119025  
9611.254545  
9605.73877  
9614.626483  
9648.781871  
9644.888397  
9657.66851  
9656.24771  
9661.19161  
9670.312207  
9679.780895  
9691.039373  
9680.768706  
9677.478445  
9678.225497  
9680.145366  
9652.363033  
9675.326341  
9709.252743  
9688.670712  
9660.572683  
9634.737953  
9624.747692  
9632.512615  
9650.675462  
9657.285609  
9643.150613  
9647.180939  
9651.792356  
9663.365874  
9672.498473  
9694.014489  
9684.575808  
9666.567862  
9615.563778  
9610.526101  
9639.891131  
9634.203098  
9656.055051  
9637.72152  
9663.499485  
9678.725408  
9701.260973  
9698.897141  
9673.344318  
9630.777246  
9647.245135  
9682.336985  
9686.827521  
9723.528001  
9714.573588  
9699.375932  
9657.518768  
9662.856889  
9668.696422  
9693.486594  
9697.29027  
9686.31195  
9629.509899  
9615.787189  
9652.934872  
9648.498091  
9651.922701  
9651.176918  
9652.956126  
9673.837722  
9641.946911  
9628.685813  
9624.865305  
9630.841788  
9640.115119  
9671.937553  
9676.702344  
9692.696822  
9673.11772  
9670.649308  
9669.998766  
9655.651935  
9680.944114  
9678.536426  
9665.278462  
9648.562589  
9639.951891  
9654.20585  
9619.127282  
9651.959215  
9668.595073  
9672.678045  
9629.429803  
9595.134082  
9643.053178  
9676.534206  
9668.621804  
9673.319212  
9686.96614  
9699.971973  
9680.8318  
9673.44755  
9640.43932  
9622.389125  
9610.652166  
9632.322958  
9633.644167  
9672.779821  
9676.561763  
9698.77983  
9681.901287  
9632.601296  
9594.69747  
9610.515501  
9637.066282  
9611.71337  
9627.274219  
9643.869771  
9660.316593  
9680.29881  
9680.803303  
9708.108789  
9685.27215  
9672.156223  
9668.03766  
9639.926998  
9650.848695  
9663.43252  
9673.185742  
9699.936976  
9708.480673  
9667.098739  
9611.123562  
9622.550408  
9651.015749  
9680.635689  
9677.056507  
9673.397736  
9643.728977  
9646.258567  
9655.413432  
9656.690394  
9669.588219  
9639.854297  
9650.553347  
9663.515518  
9673.680389  
9676.025036  
9645.960227  
9606.869949  
9619.609535  
9636.580984  
9648.387997  
9673.085884  
9634.855149  
9657.361692  
9650.797044  
9658.706863  
9663.931792  
9683.192809  
9667.456543  
9660.291797  
9681.742711  
9728.80253  
9735.809144  
9660.559464  
9630.245739  
9638.416273  
9608.567125  
9619.537633  
9638.840075  
9643.936239  
9653.2246  
9682.097727  
9656.387846  
9669.436177  
9637.253045  
9641.874467  
9649.910565  
9647.513965  
9683.356339  
9689.066433  
9702.570179  
9696.034606  
9654.303897  
9618.011665  
9613.627805  
9645.354324  
9657.100852  
9645.652557  
9624.484721  
9633.148784  
9623.948287  
9653.796307  
9688.625302  
9702.578232  
9706.075728  
9661.484854  
9635.877779  
9661.967898  
9682.473464  
9690.290305  
9659.142436  
9656.647425  
9661.174183  
9687.804883  
9676.690465  
9663.707697  
9678.965643  
9696.924192  
9685.632937  
9652.579528  
9670.942179  
9670.00498  
9647.316078  
9649.950027  
9642.061532  
9636.820774  
9640.113468  
9652.545605  
9674.862722  
9679.100453  
9670.273207  
9654.184748  
9641.733762  
9641.447159  
9657.564675  
9693.328072  
9700.226776  
9699.215314  
9657.094416  
9661.545694  
9660.694292  
9706.956161  
9693.124086  
9678.020037  
9673.738725  
9679.157848  
9674.496804  
9689.269256  
9672.114036  
9639.38085  
9641.294105  
9617.613707  
9612.124361  
9601.103303  
9626.897869  
9621.321928  
9635.683896  
9677.272763  
9647.139107  
9609.413299  
9590.798189  
9605.024023  
9635.528613  
9651.407857  
9671.867773  
9671.867765  
9661.226039  
9657.425284  
9615.511692  
9655.987589  
9675.774725  
9695.563752  
9703.991797  
9676.514666  
9645.388619  
9671.31709  
9637.765057  
9612.949343  
9623.541903  
9672.115865  
9679.144744  
9725.808381  
9701.112882  
9665.192676  
9625.561399  
9613.709624  
9625.437216  
9631.038832  
9649.447789  
9649.76899  
9656.762473  
9642.880096  
9648.215945  
9662.376793  
9670.185289  
9673.348979  
9657.938388  
9659.928888  
9652.37508  
9688.955202  
9721.86369  
9682.032546  
9680.051323  
9659.396919  
9670.244398  
9665.589453  
9674.478596  
9680.496795  
9675.726589  
9653.705717  
9637.744345  
9672.96883  
9655.544904  
9668.730806  
9663.807164  
9665.234455  
9705.490421  
9672.08964  
9665.002282  
9653.090305  
9624.01717  
9637.460556  
9646.703844  
9672.557013  
9652.711852  
9662.523686  
9690.595401  
9610.500222  
9609.757298  
9629.542125  
9669.539062  
9688.243226  
9693.108505  
9663.549716  
9622.821928  
9642.101216  
9646.296236  
9651.769505  
9641.033168  
9640.853516  
9653.958674  
9656.613734  
9646.881321  
9670.495765  
9678.662642  
9677.376749  
9688.512944  
9700.622603  
9637.553418  
9613.499512  
9634.167978  
9640.099476  
9623.386665  
9657.587065  
9646.336506  
9678.525595  
9672.689462  
9653.405762  
9679.241477  
9673.012642  
9675.005842  
9660.579368  
9670.941335  
9690.70815  
9683.089853  
9704.039782  
9685.95087  
9660.424947  
9634.996795  
9640.795055  
9640.522967  
9635.292853  
9641.872825  
9630.316717  
9658.61859  
9649.85071  
9660.95807  
9676.942676  
9683.591824  
9657.084295  
9673.509952  
9618.053569  
9642.368022  
9639.750053  
9640.513423  
9642.234357  
9639.802717  
9655.656836  
9671.040918  
9636.02081  
9651.237269  
9652.391495  
9637.116602  
9672.271804  
9687.80894  
9695.58489  
9659.170437  
9622.089329  
9635.931232  
9611.513166  
9637.309828  
9663.823118  
9666.201563  
9698.01416  
9672.020907  
9680.601509  
9702.798979  
9658.294869  
9637.34415  
9647.899947  
9686.523571  
9662.365563  
9706.035742  
9684.094842  
9686.748899  
9647.690829  
9656.732156  
9629.02389  
9632.437908  
9642.228711  
9626.737127  
9638.526065  
9670.327379  
9658.140598  
9693.820233  
9648.345312  
9652.243395  
9638.66796  
9645.399494  
9664.055069  
9639.697656  
9664.708203  
9648.75886  
9657.195579  
9650.276261  
9661.147017  
9671.204368  
9696.333514  
9709.194203  
9703.641992  
9691.188361  
9638.851935  
9634.996786  
9643.729874  
9627.24889  
9667.824148  
9686.375151  
9683.568759  
9682.160707  
9695.777344  
9658.176243  
9645.659526  
9621.109908  
9644.237331  
9675.451571  
9688.244895  
9645.713228  
9620.554856  
9630.715989  
9649.90854  
9651.024334  
9685.395978  
9685.055309  
9660.044886  
9660.771049  
9669.477539  
9676.43085  
9662.988077  
9654.678844  
9618.530744  
9627.189107  
9644.790066  
9667.423997  
9670.159384  
9699.531197  
9656.87081  
9669.046103  
9638.169815  
9619.105744  
9616.597789  
9660.086346  
9664.166788  
9672.245392  
9651.752273  
9672.050719  
9660.993324  
9657.957528  
9633.099157  
9679.403569  
9673.740137  
9642.410369  
9656.190012  
9663.485192  
9685.782635  
9668.60609  
