8447.460571  
8451.393121  
8452.115655  
8425.237223  
8392.576253  
8370.653659  
8383.797201  
8406.468465  
8438.883518  
8441.026747  
8436.028483  
8483.221761  
8440.621094  
8497.955797  
8513.002889  
8632.470174  
8608.792372  
8629.472588  
8600.649807  
8566.459459  
8620.029351  
8534.312948  
8587.912313  
8549.329468  
8579.864339  
8533.583618  
8490.661255  
8433.774265  
8478.15785  
8445.136759  
8372.707221  
8418.843709  
8382.847995  
8414.529433  
8444.397447  
8373.028795  
8371.76161  
8353.05603  
8371.135919  
8427.105238  
8393.861342  
8424.69283  
8485.228339  
8461.938653  
8440.858534  
8384.621677  
8398.724338  
8423.141113  
8491.489936  
8510.307509  
8505.857964  
8465.725464  
8498.526706  
8492.718709  
8464.597561  
8467.620388  
8474.475749  
8483.497748  
8475.063463  
8479.179932  
8487.644843  
8541.143934  
8592.526611  
8658.627455  
8586.429755  
8550.630954  
8449.383328  
8409.856595  
8384.783081  
8378.453586  
8383.90191  
8360.982734  
8455.467421  
8442.828668  
8468.46833  
8447.717407  
8428.364109  
8495.038561  
8482.350274  
8469.426812  
8495.690525  
8473.553467  
8468.609361  
8456.796753  
8439.363987  
8513.371514  
8547.523139  
8593.353936  
8611.24509  
8663.25925  
8643.096937  
8625.138767  
8535.930976  
8419.740343  
8398.245538  
8394.544189  
8486.317179  
8514.419488  
8514.713813  
8429.369765  
8400.161458  
8399.38874  
8385.733832  
8463.986613  
8493.164591  
8533.917074  
8522.484741  
8479.137126  
8500.656684  
8422.98428  
8387.128228  
8403.775553  
8457.04126  
8449.994765  
8555.453016  
8597.961819  
8574.00118  
8471.73683  
8413.709893  
8369.108765  
8338.732273  
8391.011325  
8412.376329  
8395.29286  
8416.366916  
8446.264635  
8436.376872  
8399.20147  
8368.840875  
8413.73725  
8400.140123  
8432.429281  
8452.712877  
8502.418593  
8472.680976  
8447.548665  
8447.249227  
8515.31821  
8620.447211  
8605.870307  
8564.015001  
8526.742472  
8512.612427  
8525.649495  
8565.126166  
8553.662394  
8540.910183  
8513.683187  
8459.562609  
8459.001166  
8441.929443  
8360.940158  
8395.724637  
8424.890272  
8487.261163  
8507.78559  
8510.717597  
8472.316352  
8431.314453  
8459.674086  
8488.083008  
8460.735677  
8491.924438  
8563.427667  
8634.0751  
8539.141276  
8467.714084  
8442.767497  
8490.486925  
8449.204061  
8458.671577  
8431.839979  
8455.973429  
8446.324409  
8473.449965  
8481.051147  
8472.133016  
8422.238498  
8384.910482  
8406.168471  
8425.12835  
8449.064643  
8379.714654  
8384.721029  
8442.498467  
8460.397786  
8579.380981  
8510.78399  
8525.575467  
8475.124552  
8436.149672  
8408.262193  
8345.832384  
8348.263496  
8356.825982  
8408.823364  
8417.726888  
8400.444661  
8446.010891  
8375.237264  
8403.202949  
8432.929633  
8549.802639  
8518.612467  
8486.60159  
8533.034939  
8477.068359  
8423.15762  
8417.380873  
8406.025621  
8424.936361  
8402.94165  
8378.328803  
8389.161933  
8415.68339  
8460.520454  
8538.702108  
8542.577352  
8455.910794  
8553.019558  
8577.17947  
8592.883993  
8499.929999  
8420.97876  
8421.699843  
8424.386746  
8506.33728  
8529.957696  
8536.821181  
8544.874281  
8504.673815  
8515.887356  
8605.367269  
8635.037815  
8601.871528  
8489.075751  
8497.778456  
8477.454305  
8477.994954  
8482.512899  
8434.822211  
8421.269504  
8434.09786  
8464.139472  
8527.935764  
8506.192234  
8510.719604  
8432.130859  
8417.627835  
8485.058784  
8525.09337  
8468.302721  
8465.038981  
8478.408949  
8488.686686  
8506.835395  
8484.41428  
8436.805013  
8444.036309  
8472.524373  
8458.196506  
8424.956801  
8422.229872  
8434.715427  
8455.954414  
8431.837443  
8393.932712  
8384.296956  
8402.08945  
8487.59904  
8491.969211  
8501.255452  
8502.475667  
8472.006768  
8368.696696  
8393.639228  
8420.356825  
8491.241659  
8548.608792  
8599.740099  
8535.154989  
8495.199178  
8483.447767  
8481.428982  
8439.971029  
8414.51888  
8435.076633  
8369.16154  
8417.935262  
8380.57997  
8351.350233  
8386.482463  
8426.530802  
8473.324192  
8518.501058  
8603.590847  
8563.613322  
8519.064087  
8472.609456  
8522.132514  
8489.338474  
8455.241767  
8546.577148  
8513.102444  
8498.868802  
8531.291206  
8502.527493  
8452.246365  
8385.820733  
8436.678467  
8459.535265  
8462.536635  
8509.423964  
8501.372464  
8610.995565  
8521.94378  
8452.708428  
8449.075846  
8513.10277  
8588.755141  
8472.880154  
8401.743734  
8399.312297  
8358.426066  
8353.635634  
8405.673001  
8413.053955  
8413.834893  
8426.2264  
8427.705444  
8449.540392  
8527.200073  
8535.39955  
8547.435927  
8625.418226  
8583.702718  
8534.602702  
8438.267388  
8376.670085  
8415.149197  
8418.341268  
8498.567166  
8536.123196  
8582.073283  
8551.91664  
8563.056925  
8505.083442  
8500.349311  
8483.747206  
8471.770874  
8415.370063  
8393.965291  
8414.064033  
8426.742554  
8379.771471  
8372.208266  
8431.386502  
8452.875543  
8484.216431  
8511.708957  
8469.384616  
8486.686578  
8424.490818  
8481.916409  
8562.601671  
8621.305081  
8583.665514  
8481.152072  
8434.4155  
8366.769925  
8387.429538  
8390.738498  
8435.591404  
8449.515788  
8432.732259  
8394.883681  
8394.959771  
8405.708401  
8425.345066  
8459.155979  
8438.981974  
8400.736247  
8416.372125  
8470.57643  
8452.919773  
8433.908379  
8379.017537  
8362.861464  
8423.098619  
8505.13482  
8601.984673  
8643.83001  
8564.449761  
8482.227336  
8447.475396  
8372.615953  
8413.950833  
8455.725301  
8556.576687  
8608.905124  
8667.529636  
8552.474528  
8463.883219  
8394.045478  
8371.078003  
8376.359049  
8472.443102  
8491.301554  
8524.582954  
8511.252197  
8414.909749  
8388.665215  
8437.350884  
8477.574626  
8484.94397  
8508.984931  
8527.976657  
8536.09923  
8573.737196  
8512.280029  
8467.44949  
8527.878716  
8532.686103  
8444.15686  
8386.548448  
8340.871541  
8394.09394  
8386.620266  
8411.819756  
8416.282932  
8427.801093  
8432.10239  
8550.193102  
8628.492893  
8598.467122  
8520.619263  
8433.729967  
8363.264513  
8394.675822  
8346.270915  
8342.718533  
8332.804443  
8401.95676  
8449.341675  
8523.752428  
8491.283841  
8430.848145  
8343.239909  
8339.855455  
8577.393894  
8702.973768  
8585.341444  
8538.382595  
8439.841064  
8378.389269  
8309.149685  
8389.695869  
8413.6765  
8417.265964  
8454.846639  
8468.54012  
8460.909383  
8400.471558  
8393.998888  
8409.993178  
8501.688517  
8585.074639  
8616.994466  
8543.697849  
8582.326253  
8602.665663  
8629.996568  
8521.075792  
8545.249471  
8437.313137  
8426.085503  
8423.558309  
8464.689914  
8415.101861  
8437.504666  
8444.504259  
8391.845337  
8375.466702  
8512.678684  
8608.229343  
8571.066718  
8585.41177  
8619.705648  
8620.308933  
8545.106038  
8481.127699  
8459.852024  
8349.763075  
8386.06939  
8368.079942  
8372.183458  
8381.840725  
8343.650716  
8402.141534  
8399.335097  
8431.005398  
8492.910753  
8572.539537  
8615.602539  
8521.922892  
8450.49113  
8461.912679  
8517.104628  
8619.679891  
8602.916436  
8546.450005  
8483.094333  
8415.129354  
8446.372423  
8388.102281  
8405.525391  
8331.933051  
8295.463081  
8292.717027  
8358.095215  
8371.897271  
8443.15781  
8458.042236  
8473.151449  
8426.516398  
8473.711168  
8514.565457  
8621.769531  
8656.102349  
8607.684543  
8582.507514  
8500.949083  
8564.518867  
8486.886095  
8430.934882  
8435.06326  
8425.524984  
8382.250068  
8392.006877  
8432.407227  
8415.411513  
8420.842312  
8445.078668  
8429.700656  
8429.272881  
8553.794054  
8581.049588  
8562.363634  
8438.881321  
8483.034207  
8507.348958  
8567.750909  
8528.53928  
8482.41234  
8391.587646  
8394.661987  
8329.673516  
8343.093967  
8313.222114  
8336.228855  
8401.906738  
8296.864081  
8562.998644  
8585.45284  
8635.539876  
8598.964545  
8551.483154  
8511.55211  
8447.933445  
8459.63996  
8447.909695  
8435.406481  
8442.58728  
8365.802327  
8314.062568  
8326.023438  
8428.62321  
8511.817071  
8513.426202  
8422.968655  
8386.544271  
8347.956855  
8409.21209  
8431.897976  
8478.440443  
8556.728366  
8636.259332  
8649.409939  
8586.414469  
8478.379381  
8444.54541  
8419.840563  
8406.940375  
8430.295207  
8488.799845  
8497.262316  
8485.111911  
8473.085734  
8475.868544  
8492.530043  
8499.171332  
8469.810574  
8484.319038  
8517.638401  
8508.828532  
8582.53182  
8582.029582  
8524.393365  
8522.459608  
8490.515869  
8424.502835  
8458.277167  
8536.399265  
8468.327393  
8503.210422  
8508.106906  
8504.833822  
8500.639119  
8436.332343  
8379.818888  
8394.856567  
8400.306464  
8439.63935  
8494.930352  
8578.338067  
8612.8624  
8620.125732  
8495.968167  
8443.743001  
8345.310059  
8392.189372  
8436.269911  
8406.057576  
8444.849731  
8437.221056  
8425.162693  
8417.313761  
8395.743937  
8384.706326  
8410.08568  
8368.49235  
8393.95988  
8464.979384  
8503.369113  
8641.439114  
8633.622125  
8598.124498  
8535.284329  
8488.026204  
8466.524183  
8412.565687  
8351.272366  
8355.328993  
8372.332262  
8351.008545  
8363.548082  
8445.021023  
8516.561117  
8513.283949  
8486.87854  
8407.749376  
8382.626356  
8377.878459  
8472.194512  
8490.149034  
8492.122192  
8588.004096  
8666.191827  
8667.249729  
8560.946167  
8426.629476  
8369.455892  
8382.155328  
8485.205404  
8493.938761  
8495.633694  
8497.639079  
8469.146878  
8513.600939  
8461.470283  
8505.758762  
8498.255995  
8439.45459  
8393.043579  
8406.120822  
8442.825304  
8500.127455  
8484.172309  
8498.235189  
8463.457316  
8440.873644  
8497.38444  
8512.043755  
8503.374471  
8518.652913  
8480.81113  
8562.940647  
8614.267334  
8553.927843  
8506.528049  
8440.42787  
8453.301459  
8457.659722  
8483.26454  
8467.019504  
8428.700399  
8422.715346  
8447.02653  
8408.693278  
8360.104601  
8356.497884  
8335.633382  
8315.755832  
8416.246758  
8471.426948  
8462.138821  
8449.585531  
8466.275052  
8509.343791  
8517.742594  
8542.003323  
8458.718519  
8436.236138  
8381.634006  
8418.623386  
8465.205417  
8494.599582  
8586.512709  
8565.794705  
8619.775635  
8645.926771  
8638.597439  
8606.239692  
8499.557156  
8384.96917  
8346.115641  
8298.652181  
8300.488349  
8333.280341  
8342.183417  
8394.163723  
8408.351468  
8460.487223  
8501.508545  
8423.994602  
8491.160848  
8503.011963  
8476.941813  
8490.641846  
8503.343343  
8537.252238  
8635.415636  
8598.458143  
8583.802002  
8501.107869  
8405.360786  
8354.523722  
8446.666192  
8479.642836  
8483.945774  
8460.847385  
8483.523831  
8530.358819  
8595.146322  
8550.568414  
8460.920071  
8423.288466  
8460.862386  
8461.063721  
8480.052192  
8426.412706  
8439.11141  
8501.918715  
8492.443305  
8479.610989  
8377.515666  
8401.047228  
8430.349948  
8407.542765  
8322.494439  
8354.724406  
8423.669081  
8428.667901  
8490.882256  
8507.227241  
8570.94671  
8533.45775  
8512.321316  
8446.915107  
8508.341702  
8535.255792  
8513.669122  
8461.91451  
8463.952922  
8419.512099  
8418.08591  
8436.356662  
8476.75373  
8485.550917  
8473.080946  
8471.734565  
8453.563775  
8467.376451  
8496.664903  
8501.991781  
8467.047757  
8463.154785  
8465.182726  
8446.575114  
8447.221083  
8444.783922  
8468.022759  
8417.56661  
8481.693604  
8431.751383  
8376.516805  
8364.002414  
8386.263346  
8480.522868  
8523.254218  
8566.89563  
8567.951782  
8604.045207  
8596.479967  
8611.666151  
8571.08313  
8541.240112  
8515.120131  
8471.171332  
8390.063802  
8384.396647  
8420.740885  
8490.727987  
8509.872884  
8490.131076  
8406.978461  
8345.521322  
8394.570163  
8425.380642  
8484.72994  
8514.563056  
8497.231133  
8510.553372  
8531.306519  
8589.385674  
8521.373332  
8446.829793  
8426.68929  
8480.312486  
8490.71068  
8464.193712  
8725.717936  
8709.142266  
8663.095676  
8559.800971  
8387.310588  
8198.443604  
8187.952406  
8129.106269  
8130.170369  
8198.848416  
8265.288181  
8311.249837  
8279.307888  
8311.234592  
8360.110433  
8435.88817  
8518.851997  
8529.02219  
8544.697157  
8563.768094  
8554.508057  
8581.647163  
8576.99315  
8563.038615  
8608.686293  
8610.486844  
8564.981554  
8509.17003  
8498.30622  
8475.259779  
8428.765449  
8386.815606  
8419.213989  
8376.702542  
8335.00609  
8327.72347  
8364.219347  
8375.888821  
8354.414781  
8449.232652  
8495.473226  
8597.956204  
8626.764865  
8638.509345  
8603.402303  
8499.621419  
8520.985989  
8586.12656  
8625.164307  
8542.711412  
8451.905585  
8436.430745  
8444.264838  
8431.436361  
8435.174262  
8431.686415  
8451.092095  
8468.851128  
8424.620931  
8481.960449  
8509.878174  
8511.130235  
8498.755927  
8443.829834  
8442.420871  
8408.443712  
8421.559177  
8576.086616  
8563.284532  
8500.706434  
8470.521512  
8466.737332  
8482.261963  
8461.289429  
8518.000949  
8489.844604  
8494.996189  
8514.548381  
8547.27535  
8576.006321  
8469.239461  
8413.808241  
8437.254829  
8395.312975  
8348.252129  
8374.172404  
8442.497314  
8421.032389  
8425.658922  
8378.650662  
8371.175212  
8461.062541  
8471.246568  
8513.637858  
8539.186415  
8545.481269  
8513.910536  
8512.701796  
8514.374905  
8494.220133  
8453.382718  
8487.208279  
8557.842855  
8625.694675  
8573.176161  
8462.984117  
8385.896267  
8292.772895  
8277.414361  
8289.377197  
8402.864746  
8462.767687  
8473.368896  
8453.907661  
8381.945407  
8429.533813  
8429.591349  
8407.821465  
8383.311388  
8360.93925  
8433.743815  
8453.914076  
8501.738363  
8513.828139  
8499.567586  
8476.522909  
8497.819553  
8483.987006  
8521.353434  
8534.115139  
8575.531006  
8614.768975  
8570.300822  
8490.65663  
8464.167304  
8498.956  
8461.527846  
8490.239204  
8501.427409  
8484.715332  
8500.115655  
8574.393528  
8588.72153  
8571.253052  
8565.953247  
8550.568563  
8471.656874  
8385.621039  
8374.022312  
8486.95794  
8507.880724  
8510.693875  
8487.601834  
8439.217923  
8402.336955  
8396.528741  
8412.00788  
8421.355265  
8472.740262  
8409.951226  
8452.077026  
8484.360935  
8492.523899  
8391.013821  
8402.561727  
8400.061551  
8416.212809  
8414.464559  
8416.6427  
8408.340264  
8441.023112  
8526.395643  
8508.237712  
8509.058594  
8498.128445  
8473.604519  
8461.015313  
8453.953044  
8426.442437  
8444.102797  
8481.327894  
8487.7382  
8477.982286  
8479.880615  
8445.601752  
8479.318115  
8415.742255  
8490.919705  
8531.303223  
8593.577854  
8615.775621  
8558.903524  
8539.313992  
8433.333903  
8469.546644  
8435.863919  
8502.502021  
8478.940904  
8539.534587  
8597.741048  
8535.723362  
8507.771946  
8483.720296  
8480.206326  
8363.666979  
8339.276638  
8331.099487  
8270.641045  
8278.809068  
8391.432088  
8423.995673  
8510.221761  
8501.557387  
8549.998223  
8478.990885  
8449.735487  
8433.798896  
8399.829115  
8365.914971  
8321.169583  
8316.269545  
8480.771417  
8503.847168  
8516.37812  
8526.993761  
8461.475586  
8467.42315  
8471.161621  
8503.852078  
8526.768663  
8578.003092  
8555.934245  
8571.850654  
8594.544813  
8555.805881  
8523.753445  
8440.484253  
8458.247382  
8386.693753  
8402.802965  
8417.193441  
8478.34219  
8512.340685  
8444.486681  
8463.225206  
8442.011963  
8498.285455  
8526.743517  
8524.7543  
8484.238159  
8468.464586  
8433.417467  
8375.049655  
8425.729397  
8466.892497  
8476.900892  
8489.724759  
8502.840441  
8462.797702  
8424.646186  
8419.176839  
8337.779609  
8329.817247  
8391.508586  
8466.045532  
8468.300849  
8457.081055  
8492.323324  
8489.986586  
8475.572713  
8558.199273  
8529.931424  
8483.614773  
8425.155952  
8398.656372  
8496.880493  
8538.966404  
8517.536201  
8512.613132  
8548.559801  
8558.233683  
8554.59512  
8468.937717  
8457.829698  
8470.741401  
8530.198608  
8536.334812  
8443.774645  
8453.600477  
8423.408773  
8409.468899  
8378.685126  
8436.23131  
8466.784966  
8535.426459  
8488.901842  
8488.471856  
8408.935913  
8432.767293  
8417.00118  
8498.016113  
8546.588609  
8529.405206  
8473.765069  
8484.365099  
8409.570285  
8462.564724  
8432.569499  
8425.161106  
8444.706462  
8436.040337  
8512.676893  
8420.648817  
8349.968479  
8333.466309  
8321.874308  
8377.01001  
8427.067654  
8487.368422  
8486.442044  
8538.682061  
8528.48348  
8540.779026  
8488.132161  
8440.104045  
8456.011027  
8492.049072  
8513.211344  
8521.764242  
8504.319743  
8528.210598  
8562.228244  
8537.059136  
8513.430732  
8443.497721  
8434.548136  
8368.648193  
8374.436781  
8334.729831  
8356.669651  
8431.553019  
8464.610582  
8459.016615  
8468.523112  
8435.635023  
8454.079603  
8443.64445  
8441.315877  
8410.184435  
8501.323283  
8577.654758  
8581.875041  
8572.389757  
8560.601942  
8508.916721  
8478.524048  
8475.118585  
8490.179633  
8442.424371  
8486.313382  
8513.417155  
8523.164605  
8501.143582  
8454.078451  
8504.419868  
8539.815077  
8535.504584  
8485.037272  
8446.701145  
8415.288642  
8337.147664  
8353.960232  
8393.143121  
8459.037828  
8445.455648  
8475.268311  
8518.750868  
8517.967027  
8541.166707  
8523.163127  
8495.258613  
8503.407064  
8503.675022  
8525.870063  
8509.070285  
8486.041775  
8512.154989  
8500.043647  
8487.619073  
8506.36183  
8430.999227  
8406.812419  
8383.288425  
8415.077596  
8447.418959  
8421.118639  
8455.998549  
8440.983222  
8420.897149  
8408.066786  
8402.48154  
8373.127835  
8395.054443  
8425.488715  
8453.963637  
8414.363254  
8411.473782  
8433.712009  
8512.134372  
8555.245049  
8543.443644  
8545.322564  
8537.019219  
8549.280626  
8583.188477  
8551.136258  
8482.321275  
8479.219021  
8529.869588  
8517.915148  
8488.58648  
8453.858141  
8480.19987  
8450.922892  
8423.967285  
8435.426161  
8476.326185  
8505.519884  
8508.693617  
8462.108317  
8418.003472  
8320.063829  
8300.138048  
8400.211277  
8438.254272  
8438.837185  
8453.771701  
8404.403144  
8437.973768  
8411.910848  
8519.639716  
8466.466227  
8528.990655  
8508.040907  
8447.096815  
8461.54385  
8653.643595  
8673.44028  
8538.328274  
8537.756944  
8538.507284  
8501.876858  
8396.572686  
8271.137465  
8164.291707  
8182.735229  
8269.008382  
8335.824382  
8244.442139  
8437.259874  
8471.903754  
8494.279785  
8531.259725  
8523.696872  
8505.491699  
8499.803562  
8503.259087  
8522.844225  
8532.424669  
8523.121433  
8508.012492  
8547.197727  
8590.086941  
8558.529527  
8479.765842  
8427.364014  
8442.428996  
8419.31528  
8462.46974  
8458.346693  
8530.301364  
8578.103773  
8584.399455  
8576.642429  
8572.668742  
8541.611477  
8529.714586  
8449.570828  
8375.53399  
8329.58214  
8410.084988  
8452.093316  
8454.67178  
8483.900282  
8479.800429  
8512.642985  
8429.316406  
8455.27931  
8509.911146  
8501.406101  
8510.531033  
8577.848253  
8548.489692  
8516.612305  
8458.596937  
8366.473375  
8412.686035  
8442.242282  
8486.393785  
8452.566216  
8472.660577  
8483.964505  
8478.615519  
8493.309475  
8478.847493  
8473.841146  
8391.991428  
8367.261393  
8354.012193  
8312.853421  
8374.20969  
8464.902384  
8550.856906  
8632.609416  
8637.149916  
8580.969699  
8507.219415  
8526.753486  
8544.438843  
8460.983249  
8400.136447  
8426.219143  
8427.848199  
8460.893066  
8473.405694  
8489.574666  
8544.003106  
8560.552477  
8482.726969  
8433.143121  
8442.445123  
8511.249498  
8490.587701  
8403.033773  
8360.650852  
8360.077786  
8405.260417  
8466.090807  
8455.976101  
8433.065375  
8395.460205  
8448.107435  
8455.034058  
8498.431573  
8519.23626  
8531.074504  
8483.118232  
8488.43948  
8424.480632  
8457.82388  
8488.060465  
8505.250163  
8515.188599  
8497.67612  
8472.208889  
8456.398017  
8490.572713  
8501.507216  
8497.530924  
8517.842326  
8440.512831  
8450.978963  
8447.355428  
8392.021593  
8337.763835  
8330.307346  
8366.374268  
8398.957818  
8418.847521  
8430.959839  
8447.754083  
8431.745171  
8407.136149  
8428.110989  
8440.097955  
8469.666979  
8525.280016  
8460.766127  
8518.399509  
8409.657403  
8427.269653  
8408.113539  
8487.507324  
8462.381131  
8505.537123  
8463.558634  
8411.778917  
8489.815348  
8468.595364  
8494.763373  
8473.243734  
8544.299615  
8580.766303  
8566.997979  
8557.388007  
8555.40389  
8464.209513  
8438.483548  
8423.645399  
8525.857761  
8541.103366  
8561.059516  
8602.401001  
8559.394124  
8555.939236  
8542.390476  
8568.151299  
8535.601752  
8429.777764  
8403.727159  
8405.526611  
8341.71757  
8356.103828  
8345.499132  
8403.841051  
8370.514757  
8420.354031  
8441.033393  
8518.871216  
8497.043796  
8470.993001  
8500.900309  
8514.191935  
8567.749146  
8503.330621  
8497.526123  
8465.427856  
8421.51039  
8406.198907  
8443.007568  
8463.072049  
8517.198215  
8421.370144  
8385.835992  
8369.554213  
8424.729736  
8467.108575  
8476.162882  
8500.389879  
8467.831312  
8444.288344  
8387.65054  
8065.891412  
8656.078668  
8696.008436  
8532.994195  
8467.414903  
8447.550646  
8435.555976  
8343.03319  
8398.387478  
8436.558824  
8472.112359  
8587.742255  
8546.114638  
8530.542589  
8599.811184  
8522.54263  
8504.123372  
8490.293837  
8450.774672  
8434.986355  
8431.389377  
8392.541843  
8385.004028  
8406.638265  
8469.71422  
8519.159668  
8544.011746  
8479.089342  
8461.775581  
8467.76454  
8525.662299  
8556.059204  
8562.6698  
8512.91843  
8478.845188  
8517.837158  
8483.735826  
8491.767795  
8412.861165  
8398.591566  
8388.546088  
8368.168416  
8422.787557  
8490.569716  
8535.005751  
8561.796292  
8498.25845  
8556.739773  
8501.62873  
8486.504571  
8528.197428  
8460.984049  
8471.718167  
8464.445557  
8456.554376  
8384.203817  
8432.77044  
8404.89586  
8449.178209  
8418.501899  
8449.730523  
8491.437676  
8466.702216  
8467.795519  
8465.366916  
8517.359212  
8511.755832  
8544.961955  
8528.650052  
8499.333415  
8425.5295  
8425.452908  
8472.996284  
8423.75354  
8416.146457  
8421.627794  
8410.819797  
8410.330404  
8395.565335  
8403.598389  
8412.577555  
8463.04853  
8402.369859  
8414.914225  
8360.815592  
8409.157525  
8423.078857  
8471.466092  
8524.05013  
8541.086263  
8587.995578  
8553.271471  
8525.953735  
8522.903497  
8545.37424  
8561.066393  
8506.105428  
8554.680352  
8500.957099  
8513.708062  
8458.884359  
8483.791707  
8411.700792  
8460.462172  
8434.728353  
8443.153429  
8411.353963  
8465.337728  
8489.411431  
8450.864719  
8473.127102  
8516.643514  
8581.153402  
8571.474419  
8540.678874  
8526.754706  
8458.493571  
8394.160482  
8409.931329  
8444.939806  
8361.546034  
8383.043294  
8481.907552  
8409.648234  
8441.159248  
8447.113634  
8518.598606  
8513.674601  
8577.674208  
8582.406508  
8562.969293  
8554.18811  
8492.388916  
8497.107178  
8522.198351  
8461.029378  
8476.984443  
8484.442505  
8467.020833  
8383.042128  
8375.430962  
8362.868924  
8399.063775  
8386.721829  
8430.966824  
8491.011895  
8509.42669  
8473.511054  
8487.28909  
8490.787977  
8460.425781  
8418.857517  
8385.408841  
8427.765354  
8522.7838  
8577.496216  
8546.798218  
8570.746297  
8357.979465  
8581.524197  
8733.604289  
8466.297689  
8473.457099  
8728.867486  
8682.322049  
8556.194933  
8552.599731  
8542.619954  
8417.446425  
8309.305623  
8131.825168  
8175.215685  
8163.582397  
8138.707642  
8237.842963  
8322.66767  
8384.53677  
8426.669691  
8517.131632  
8511.905775  
8411.542236  
8456.666965  
8402.055108  
8459.913452  
8492.381253  
8524.102634  
8522.09215  
8438.477173  
8383.602512  
8332.708225  
8371.889092  
8438.457628  
8488.86027  
8500.066257  
8511.658  
8517.041951  
8550.597059  
8527.321398  
8542.640313  
8587.246813  
8555.75019  
8522.882473  
8522.666802  
8511.860107  
8537.852553  
8506.255615  
8494.791246  
8495.339057  
8511.321248  
8433.568671  
8468.953369  
8473.068414  
8541.273722  
8521.52063  
8579.642158  
8538.318821  
8611.140069  
8554.751723  
8526.545627  
8492.809923  
8527.935357  
8462.492445  
8455.170681  
8418.655626  
8423.036987  
8433.380954  
8384.815253  
8373.329034  
8326.626058  
8332.269965  
8348.333388  
8479.366184  
8499.16371  
8517.657837  
8487.683336  
8465.233615  
8431.590359  
8469.104112  
8432.784071  
8469.149102  
8498.007446  
8535.448988  
8524.14601  
8537.574476  
8537.95204  
8504.700358  
8516.174805  
8443.415826  
8371.202081  
8390.772556  
8405.475138  
8368.672119  
8419.652018  
8414.758667  
8423.519708  
8410.037069  
8401.852553  
8464.939874  
8487.878174  
8449.853448  
8475.654324  
8513.229302  
8421.420912  
8467.666599  
8426.8243  
8637.722195  
8473.32666  
8659.770915  
8608.943332  
8653.141534  
8616.210992  
8632.837104  
8560.66295  
8499.677775  
8431.67121  
8448.951362  
8416.52101  
8373.485799  
8377.94911  
8378.163235  
8424.360284  
8434.757175  
8455.903619  
8401.551337  
8405.535238  
8359.252211  
8389.119588  
8416.690579  
8416.064616  
8418.922377  
8423.246514  
8463.313897  
8450.526828  
8394.855632  
8397.625502  
8410.798516  
8418.14129  
8441.022257  
8516.433363  
8501.627252  
8518.829102  
8521.567708  
8485.059136  
8506.044691  
8527.762885  
8517.523966  
8434.248671  
8460.384467  
8391.838067  
8476.114529  
8515.675673  
8534.957669  
8454.888306  
8457.273587  
8462.58922  
8463.513482  
8503.199978  
8600.159207  
8579.7559  
8566.212958  
8488.878526  
8405.085843  
8343.040188  
8392.811293  
8373.84413  
8364.526815  
8398.035075  
8383.282389  
8432.445692  
8419.561659  
8422.079698  
8405.487996  
8436.517863  
8467.911825  
8527.458835  
8521.98725  
8583.694417  
8535.682807  
8499.325684  
8494.450914  
8524.402873  
8518.721219  
8443.547363  
8400.739692  
8358.463786  
8380.619792  
8404.103041  
8413.585951  
8471.156833  
8472.389214  
8445.433689  
8454.912367  
8445.722263  
8453.81326  
8468.413045  
8493.156426  
8542.978651  
8533.801826  
8534.789022  
8466.100152  
8387.27577  
8399.809937  
8433.589762  
8422.646783  
8440.393989  
8471.669922  
8452.950968  
8469.642375  
8467.810723  
8498.608575  
8484.780667  
8537.611776  
8541.54244  
8480.964071  
8491.583266  
8460.29461  
8500.829359  
8481.689006  
8569.680935  
8609.168918  
8498.336087  
8509.940321  
8432.841309  
8420.6014  
8412.773804  
8392.879774  
8432.956109  
8447.416911  
8432.566108  
8427.420668  
8427.935601  
8448.955892  
8429.36537  
8417.903497  
8357.211195  
8401.550768  
8503.394816  
8494.923923  
8577.957994  
8615.389038  
8611.992079  
8519.923218  
8440.149916  
8374.726427  
8341.264676  
8360.06977  
8451.179538  
8464.631822  
8458.352105  
8484.811863  
8486.047051  
8459.163805  
8525.158542  
8492.522176  
8505.554701  
8542.939969  
8597.855184  
8523.551663  
8515.977403  
8478.20459  
8512.634956  
8511.322984  
8509.012383  
8475.430013  
8415.5464  
8419.914334  
8455.577976  
8482.685126  
8549.774034  
8532.106377  
8507.682197  
8513.125637  
8515.210503  
8485.960978  
8526.533325  
8502.459459  
8522.489895  
8484.715902  
8421.49509  
8415.190538  
8308.79952  
8396.589613  
8387.113905  
8461.63859  
8492.46384  
8455.987006  
8447.436279  
8462.945936  
8486.022529  
8445.836941  
8441.844401  
8379.080756  
8435.347602  
8503.515856  
8535.615004  
8565.327827  
8561.421115  
8526.613675  
8482.734294  
8481.06429  
8521.310194  
8483.229221  
8468.88661  
8473.551527  
8458.744642  
8414.797526  
8465.451375  
8493.638604  
8511.067329  
8483.365329  
8457.319743  
8483.09687  
8502.477322  
8494.107924  
8437.701118  
8400.935072  
8455.235758  
8460.364136  
8530.921577  
8520.550293  
8461.747938  
8426.127631  
8491.551066  
8255.649089  
8300.110257  
8372.827203  
8461.300876  
8181.975911  
8574.229465  
8602.796984  
8540.012519  
8459.011353  
8396.997545  
8319.148831  
8258.67136  
8237.779663  
8281.993829  
8331.25944  
8404.843424  
8439.152018  
8454.194431  
8491.904731  
8489.243788  
8496.483493  
8525.875258  
8525.876194  
8579.371962  
8506.329522  
8475.867093  
8437.883531  
8408.137546  
8439.811673  
8522.231893  
8537.617825  
8542.642646  
8546.828776  
8477.166477  
8491.082045  
8480.963338  
8457.695285  
8434.53243  
8458.468519  
8446.924113  
8479.667982  
8539.897095  
8485.270413  
8465.866753  
8446.484253  
8480.423353  
8580.606689  
8560.784302  
8521.500529  
8501.52634  
8420.655206  
8440.315877  
8424.267537  
8506.390286  
8602.593343  
8569.059177  
8541.192301  
8488.26119  
8466.072469  
8419.013821  
8476.697238  
8501.445679  
8464.365953  
8448.681586  
8411.90092  
8318.764282  
8381.100437  
8312.218302  
8339.431207  
8397.932658  
8452.377563  
8503.639052  
8516.793864  
8513.702365  
8538.293118  
8579.553711  
8609.990262  
8592.60574  
8563.896172  
8469.519084  
8482.933553  
8468.455716  
8414.824788  
8414.960965  
8378.646783  
8461.426107  
8499.936442  
8492.303196  
8445.230089  
8478.903524  
8489.561035  
8452.451172  
8443.704902  
8456.897732  
8545.630032  
8580.099745  
8509.52322  
8418.653809  
8424.045478  
8451.27927  
8439.208428  
8467.176432  
8475.299832  
8443.232734  
8415.138021  
8345.58728  
8337.953627  
8395.319092  
8423.714166  
8421.170017  
8445.640937  
8449.176297  
8438.026679  
8475.378621  
8465.037367  
8519.105265  
8460.484104  
8508.282579  
8470.501953  
8543.558607  
8592.682387  
8679.395793  
8663.993123  
8585.986681  
8557.143148  
8380.409871  
8477.137872  
8290.102498  
8621.795912  
8524.336155  
8404.85296  
8410.301039  
8353.953356  
8387.387804  
8383.377509  
8418.087389  
8457.09946  
8619.96483  
8600.681546  
8554.534993  
8471.408013  
8448.580892  
8464.499905  
8469.324463  
8440.151869  
8392.977051  
8324.458889  
8329.188273  
8314.930515  
8416.587484  
8490.404093  
8514.250977  
8504.555379  
8512.582479  
8488.409383  
8551.611098  
8531.528198  
8506.632595  
8479.22796  
8449.894938  
8434.117716  
8439.51766  
8440.947171  
8450.094225  
8414.201742  
8458.513496  
8513.766235  
8581.253893  
8596.285902  
8597.533895  
8478.168498  
8413.899807  
8441.98272  
8518.917969  
8534.070258  
8595.807129  
8602.227308  
8602.585246  
8549.53068  
8524.183539  
8568.454169  
8497.310384  
8467.920302  
8527.162313  
8550.127035  
8563.833279  
8538.550985  
8427.077094  
8293.671658  
8154.670058  
8187.305596  
8141.77474  
8179.632284  
8254.965468  
8374.711426  
8426.400703  
8446.996053  
8385.181139  
8343.366672  
8359.889377  
8427.404731  
8445.375624  
8474.431532  
8492.913723  
8458.609836  
8514.808865  
8625.754286  
8626.4214  
8539.374281  
8509.152289  
8518.97914  
8479.657688  
8533.229763  
8565.787286  
8574.798408  
8584.968818  
8653.506605  
8691.586412  
8691.154283  
8582.615899  
8532.007758  
8448.35909  
8393.57274  
8365.798611  
8408.794366  
8401.554538  
8425.297716  
8403.595161  
8444.561401  
8399.67258  
8384.370199  
8399.065904  
8412.754205  
8429.445312  
8352.410292  
8316.359945  
8352.129218  
8401.232571  
8421.685601  
8432.949585  
8497.403822  
8429.609307  
8517.503662  
8500.163208  
8528.564331  
8573.46639  
8565.359158  
8533.881551  
8494.503187  
8506.247586  
8547.609985  
8588.377875  
8586.167548  
8649.457438  
8640.885444  
8530.74665  
8462.923258  
8418.113987  
8515.274346  
8509.810276  
8536.688449  
8473.14936  
8381.877401  
8341.080214  
8404.773872  
8411.541694  
8452.244073  
8460.265476  
8405.352403  
8431.59356  
8469.974528  
8538.492486  
8498.295573  
8514.437853  
8482.551717  
8485.423475  
8472.401815  
8509.962307  
8405.77573  
8399.067179  
8447.652412  
8524.882731  
8511.173258  
8486.884766  
8433.350681  
8463.779134  
8528.485175  
8556.688883  
8589.185045  
8510.700494  
8400.838759  
8391.352634  
8349.630764  
8416.482734  
8455.613783  
8448.283664  
8486.381022  
8507.238539  
8549.049438  
8560.561334  
8549.526598  
8492.24589  
8357.74212  
8319.643514  
8309.451185  
8406.317518  
8430.597046  
8459.300863  
8472.016642  
8502.665839  
8494.193549  
8578.550985  
8532.054837  
8454.831909  
8433.56939  
8371.7956  
8408.246908  
8446.209432  
8532.685099  
8516.849284  
8503.496216  
8435.700738  
8500.001587  
8518.438165  
8553.794135  
8457.187717  
8468.880168  
8507.86377  
8562.397217  
8565.357747  
8560.637221  
8491.655504  
8509.703234  
8473.323147  
8539.519925  
8529.602268  
8532.858887  
8452.526408  
8433.435208  
8445.531643  
8493.369805  
8454.174886  
8465.253323  
8462.921305  
8511.801527  
8492.581516  
8591.110162  
8581.554565  
8473.127252  
8386.706109  
8302.376912  
8475.169244  
8516.67844  
8517.719835  
8424.17277  
8331.335843  
8227.376261  
8116.419908  
8178.478068  
8150.252157  
8198.501058  
8293.183228  
8302.672336  
8341.721422  
8385.213162  
8475.577582  
8555.502319  
8564.487101  
8508.266819  
8469.884969  
8445.663859  
8426.683865  
8454.962945  
8459.282864  
8537.004612  
8540.165866  
8524.796889  
8445.446872  
8433.074259  
8505.687297  
8461.241292  
8529.817152  
8549.236315  
8566.824151  
8616.045451  
8630.573296  
8500.966838  
8441.968045  
8391.256646  
8442.008965  
8466.790663  
8500.514336  
8444.49292  
8418.502238  
8435.970961  
8464.696804  
8531.004395  
8511.468167  
8621.944322  
8632.669569  
8548.597507  
8476.889865  
8463.207709  
8520.46601  
8538.353448  
8506.907444  
8455.283434  
8418.995348  
8492.087497  
8544.869832  
8648.934014  
8668.013116  
8605.123806  
8490.598985  
8427.666911  
8473.661811  
8451.774726  
8538.097887  
8531.819689  
8542.326267  
8484.565443  
8456.436605  
8385.288778  
8298.951701  
8241.938192  
8274.454929  
8278.617527  
8377.212891  
8391.442925  
8384.452447  
8365.045152  
8451.761353  
8509.295926  
8549.005764  
8548.935425  
8509.288262  
8473.382039  
8419.23976  
8436.050876  
8441.880466  
8498.834296  
8518.582099  
8520.613783  
8457.81741  
8478.560004  
8496.544949  
8563.704061  
8650.141683  
8619.158013  
8593.590685  
8484.877306  
8360.587728  
8341.900255  
8362.008816  
8391.692234  
8513.287204  
8514.763726  
8542.05759  
8476.420342  
8406.865831  
8446.070285  
8484.529188  
8558.125258  
8624.665948  
8626.763523  
8555.722887  
8260.214342  
8566.004842  
8482.449883  
8606.17372  
8312.148451  
8493.327257  
8395.132677  
8276.421604  
8205.679633  
8218.23938  
8172.945435  
8244.110175  
8358.654839  
8642.166287  
8529.631049  
8446.343262  
8445.870321  
8499.726237  
8514.36107  
8511.257636  
8506.611125  
8568.061211  
8623.014445  
8599.624959  
8586.087646  
8588.558051  
8581.333469  
8531.709961  
8455.690131  
8431.214532  
8440.02459  
8450.769762  
8472.13935  
8479.651693  
8386.128377  
8423.69066  
8402.615967  
8472.123617  
8496.457303  
8557.231798  
8588.256144  
8570.477702  
8509.695245  
8405.168077  
8456.774143  
8445.065891  
8473.97385  
8369.351929  
8466.891832  
8477.843099  
8548.410536  
8493.658624  
8519.301147  
8424.566433  
8460.4815  
8410.471978  
8564.554877  
8520.905816  
8550.249363  
8432.095174  
8384.551663  
8393.169746  
8472.348117  
8505.956963  
8491.506253  
8473.787638  
8444.445435  
8450.23641  
8480.642239  
8520.47286  
8498.592394  
8552.232856  
8556.761515  
8570.151286  
8455.792887  
8401.399794  
8316.924764  
8330.574639  
8435.319756  
8515.770657  
8522.528564  
8447.446465  
8470.091309  
8410.830783  
8508.657756  
8521.879286  
8510.627835  
8596.044786  
8606.691908  
8524.015055  
8449.056396  
8543.842638  
8486.678779  
8419.10338  
8456.648709  
8496.043511  
8487.753838  
8412.979194  
8291.354804  
8204.062839  
8196.469645  
8243.024428  
8216.793281  
8285.93316  
8308.898153  
8340.910577  
8383.433485  
8408.472114  
8480.071967  
8475.326402  
8469.297024  
8448.403144  
8513.779378  
8519.323595  
8576.551175  
8524.680027  
8524.601671  
8624.695136  
8610.108371  
8565.661757  
8521.547024  
8443.060059  
8408.080729  
8386.503269  
8409.760091  
8409.237359  
8483.987047  
8454.10296  
8446.883884  
8450.831557  
8459.330729  
8529.284858  
8555.259386  
8638.888455  
8634.040948  
8594.383843  
8535.857395  
8537.025581  
8549.250556  
8522.722629  
8501.032322  
8450.026679  
8418.113281  
8404.815728  
8390.154772  
8381.552246  
8350.980035  
8407.752645  
8424.989041  
8439.651476  
8435.62854  
