10898.37659  
10844.0531  
10859.44838  
10854.54982  
10869.31806  
10901.65476  
10859.37434  
10873.28612  
10904.25476  
10875.35811  
10903.10924  
10881.99617  
10904.56204  
10900.56074  
10894.06802  
10879.47734  
10917.98459  
10922.76218  
10927.92763  
10890.11253  
10870.27756  
10883.78308  
10882.74253  
10884.87157  
10877.23116  
10893.03104  
10901.77903  
10857.90248  
10891.63453  
10935.85043  
10892.04688  
10904.58038  
10869.38251  
10918.26949  
10912.63513  
10877.18786  
10893.63786  
10855.53532  
10865.92239  
10873.79773  
10887.63573  
10887.05872  
10859.83395  
10852.48136  
10812.51893  
10829.80242  
10872.40176  
10851.20294  
10844.9225  
10852.54162  
10839.56864  
10861.5287  
10879.56572  
10845.17059  
10884.28322  
10860.56001  
10861.78654  
10891.84487  
10931.38242  
10918.61133  
10886.38912  
10922.87755  
10907.97934  
10986.09984  
10943.33686  
10906.98513  
10908.16089  
10873.00355  
10857.81998  
10842.28314  
10860.62577  
10825.7818  
10839.75385  
10861.0496  
10878.98496  
10872.81771  
10850.92354  
10913.53195  
10916.95981  
10893.54971  
10885.56425  
10910.25931  
10898.50515  
10876.11352  
10829.31688  
10866.09394  
10860.37317  
10864.47575  
10924.74611  
10953.59498  
10945.28828  
10960.16159  
10937.75626  
10912.77521  
10865.79209  
10914.67614  
10903.5736  
10872.14084  
10899.73072  
10892.10708  
10876.70134  
10869.12323  
10847.70522  
10833.61769  
10866.20674  
10884.08698  
10882.62962  
10924.12484  
10940.29471  
10901.2007  
10872.27266  
10844.51584  
10864.54235  
10851.41788  
10857.39505  
10816.76067  
10855.62779  
10883.44424  
10907.44354  
10929.36192  
10918.43845  
10920.58314  
10868.01488  
10883.52811  
10903.59132  
10909.21749  
10852.31405  
10870.89101  
10878.49752  
10881.36568  
10905.55984  
10903.47229  
10935.98501  
10951.21434  
10942.24007  
10898.59282  
10874.97687  
10876.38717  
10930.5416  
10935.64102  
10924.48882  
10910.76467  
10898.71788  
10924.13986  
10918.70518  
10891.31526  
10894.14943  
10872.85008  
10841.9964  
10836.46327  
10906.60499  
10842.10551  
10838.55332  
10882.97198  
10852.52003  
10887.48764  
10881.17696  
10885.64539  
10910.82096  
10855.21952  
10872.20386  
10880.53435  
10896.40454  
10900.85506  
10897.41484  
10904.01233  
10927.71326  
10918.02238  
10903.9662  
10856.17551  
10861.74684  
10860.38128  
10884.01605  
10896.74658  
10922.3701  
10893.33232  
10918.94426  
10863.25379  
10892.02278  
10910.51924  
10883.52345  
10861.82683  
10880.68027  
10890.07858  
10874.07317  
10940.81649  
10911.14222  
10944.59671  
10933.77427  
10878.28209  
10857.52856  
10805.31941  
10765.11949  
10721.71609  
10787.65008  
10839.37415  
10822.22522  
10816.15416  
10829.51473  
10878.24593  
10886.55066  
10928.06254  
10978.57075  
10884.8028  
10870.38528  
10870.19539  
10877.72623  
10908.12279  
10924.01866  
10866.48801  
10840.53286  
10878.0413  
10872.91151  
10864.20863  
10880.30613  
10875.18074  
10859.40207  
10870.06347  
10880.21656  
10924.0514  
10911.44056  
10940.31939  
10875.43961  
10915.98075  
10888.64474  
10878.11237  
10881.86537  
10927.68648  
10909.93301  
10912.36051  
10898.39496  
10887.99449  
10910.37295  
10917.67177  
10891.46261  
10926.38019  
10922.7197  
10881.55806  
10893.13302  
10894.08863  
10856.46392  
10870.77012  
10889.33973  
10864.39658  
10895.55114  
10844.58178  
10847.28947  
10834.36412  
10847.90331  
10856.76317  
10848.4427  
10866.5957  
10888.00549  
10869.86615  
10877.35521  
10873.67539  
10836.71093  
10867.93277  
10886.10644  
10909.76047  
10930.76638  
10919.47657  
10859.55929  
10880.62861  
10875.40598  
10891.97923  
10937.42134  
10921.3269  
10899.79248  
10883.24906  
10895.49525  
10875.49039  
10909.53036  
10912.33584  
10900.10076  
10891.33616  
10843.25074  
10908.27148  
10885.38884  
10868.15766  
10896.21114  
10914.08418  
10951.01235  
10948.33168  
10920.75549  
10911.68563  
10879.4108  
10856.51963  
10855.0127  
10886.76909  
10855.48273  
10839.89878  
10844.49177  
10866.28051  
10907.63347  
10938.49899  
10927.80033  
10921.76114  
10880.42597  
10910.05915  
10864.65478  
10907.80445  
10891.94072  
10891.37949  
10925.5232  
10899.70685  
10897.02723  
10915.13931  
10923.59049  
10899.95339  
10877.2378  
10886.48098  
10883.35785  
10911.26184  
10853.42797  
10889.30249  
10887.45713  
10884.99091  
10891.62545  
10855.02892  
10856.00684  
10885.64361  
10823.84827  
10828.55999  
10843.83369  
10855.16089  
10890.76007  
10875.05334  
10857.17724  
10868.41216  
10816.02989  
10821.38899  
10895.17034  
10867.78486  
10918.53043  
10934.02889  
10937.2859  
10912.26694  
10892.95048  
10901.03314  
10863.35053  
10885.27398  
10899.09142  
10867.90593  
10882.0851  
10902.1703  
10865.73805  
10884.35882  
10886.67938  
10886.13817  
10893.52749  
10870.39379  
10820.39593  
10834.78535  
10816.34805  
10823.52938  
10834.52651  
10807.83055  
10841.51186  
10901.94962  
10895.61292  
10870.47339  
10927.56326  
10932.25932  
10897.99948  
10945.31505  
10968.70549  
10911.00083  
10896.97987  
10884.4951  
10897.91044  
10866.90233  
10850.34426  
10858.76207  
10855.95399  
10870.40767  
10864.36324  
10897.31443  
10893.90723  
10877.01976  
10916.81902  
10916.28783  
10879.18647  
10896.00237  
10885.09356  
10867.97767  
10892.52171  
10867.3564  
10867.39072  
10878.71521  
10915.69331  
10923.03373  
10900.59841  
10875.65677  
10935.51204  
10903.43072  
10901.13517  
10917.98733  
10914.15765  
10912.53747  
10985.49196  
10920.83171  
10870.23247  
10865.30839  
10812.99404  
10848.54271  
10825.95678  
10887.50544  
10898.96612  
10920.58911  
10881.4673  
10877.20103  
10838.68401  
10855.99505  
10838.95273  
10844.21553  
10847.17489  
10855.09525  
10885.5748  
10909.57752  
10894.04972  
10924.39067  
10902.99316  
10893.22125  
10885.86917  
10859.58293  
10889.0884  
10853.95367  
10872.08343  
10891.97622  
10900.84612  
10885.61541  
10930.3878  
10987.13478  
10971.30984  
10940.12922  
10900.19594  
10859.47323  
10836.73401  
10871.39213  
10883.42541  
10888.68052  
10854.6625  
10797.25137  
10882.08896  
10850.44485  
10877.93084  
10861.93332  
10856.45352  
10922.02985  
10976.5851  
10985.79276  
10939.17429  
10885.84759  
10881.18039  
10861.25993  
10836.89512  
10824.82167  
10840.31744  
10886.65363  
10893.27763  
10909.69658  
10896.06656  
10878.36451  
10860.2435  
10847.25582  
10832.2059  
10814.70917  
10838.44799  
10888.40575  
10870.58604  
10911.87542  
10942.67091  
10923.91773  
10862.05175  
10863.04128  
10856.80134  
10871.99912  
10850.60263  
10831.49821  
10865.76713  
10886.85055  
10903.57415  
10921.79785  
10974.98591  
10977.03584  
10914.85723  
10880.59853  
10936.87995  
10906.78472  
10917.54668  
10904.93345  
10857.45342  
10841.89708  
10839.38753  
10856.87346  
10858.06696  
10850.154  
10832.84976  
10835.02422  
10839.88725  
10853.03427  
10921.37101  
10911.52654  
10949.47478  
10955.43677  
10929.47748  
10922.22553  
10902.53647  
10886.37562  
10922.06597  
10910.34998  
10885.93079  
10887.22265  
10904.66747  
10892.01331  
10853.28898  
10873.0996  
10858.43608  
10841.47365  
10834.26316  
10852.80701  
10852.68459  
10847.85388  
10849.66109  
10839.51152  
10854.7699  
10887.9762  
10894.04199  
10902.70658  
10934.39472  
10922.58124  
10940.08518  
10916.91666  
10944.97786  
10908.26143  
10907.7645  
10884.66352  
10861.8131  
10847.6408  
10867.43953  
10868.30132  
10867.58617  
10886.80954  
10881.59741  
10868.97016  
10929.34457  
10927.80334  
10915.19787  
10905.99705  
10943.25052  
10891.15415  
10842.58065  
10851.83027  
10808.1461  
10836.62261  
10838.56348  
10851.22933  
10889.89293  
10890.87411  
10809.76278  
10747.13247  
10964.59309  
10900.38586  
10898.69122  
10928.19858  
10897.68719  
10877.31411  
10877.2719  
10879.66123  
10907.93903  
10909.04805  
10892.87068  
10853.02037  
10852.55179  
10818.74033  
10862.17502  
10860.16033  
10828.9911  
10872.90995  
10845.36708  
10847.35663  
10852.55873  
10960.00164  
10957.26301  
10956.45588  
10969.81247  
10956.1939  
10905.15392  
10897.82525  
10843.83449  
10817.92554  
10856.87364  
10842.48354  
10849.3431  
10845.47697  
10840.55858  
10846.75963  
10850.11359  
10877.77292  
10849.50094  
10847.11442  
10847.20515  
10893.17931  
10869.10711  
10895.3021  
10922.88729  
10920.90235  
10920.05501  
10912.94711  
10906.07101  
10859.77183  
10843.09089  
10826.27568  
10887.41781  
10881.04883  
10879.65673  
10918.10748  
10892.56019  
10938.67856  
10931.662  
10910.4351  
10894.0907  
10909.58915  
10933.38148  
10915.35012  
10905.75462  
10896.65378  
10871.39418  
10884.41043  
10856.42579  
10884.22101  
10896.86775  
10871.19908  
10879.11463  
10846.52325  
10840.87947  
10843.88004  
10876.69655  
10919.46358  
10907.29189  
10906.86846  
10934.30333  
10895.29841  
10894.58793  
10880.35289  
10900.68888  
10889.91579  
10908.95655  
10870.34748  
10873.89753  
10854.92303  
10814.72136  
10830.98669  
10843.09207  
10811.95102  
10862.29076  
10848.31321  
10901.38512  
10885.84093  
10872.54666  
10878.00382  
10842.12959  
10891.79865  
10886.88768  
10891.05928  
10906.85624  
10920.71699  
10990.97607  
10959.41125  
10909.42982  
10855.57101  
10827.96158  
10904.70789  
10906.99321  
10879.55098  
10836.38554  
10833.04012  
10874.29537  
10844.05063  
10868.42461  
10865.17497  
10888.67601  
10919.40289  
10949.50586  
10913.30284  
10928.34138  
10897.5502  
10860.68858  
10862.15125  
10896.6391  
10894.01954  
10909.60423  
10913.82465  
10897.2966  
10876.56248  
10829.55807  
10847.90135  
10899.16718  
10898.03194  
10875.92531  
10905.06904  
10919.83715  
10955.59281  
10938.75501  
10943.78743  
10882.98731  
10828.74228  
10839.1251  
10834.28302  
10818.09804  
10830.48756  
10835.93495  
10862.32824  
10849.45443  
10841.95234  
10858.1393  
10843.36735  
10858.60193  
10883.41458  
10907.2266  
10864.82743  
10913.59034  
10901.22299  
10892.30869  
10886.91262  
10882.94989  
10911.68011  
10917.06374  
10946.75979  
10953.68751  
10867.30877  
10860.32818  
10857.48266  
10856.93702  
10870.04062  
10896.10395  
10871.83105  
10883.7731  
10899.16082  
10853.2462  
10869.91946  
10869.09908  
10872.67743  
10885.14091  
10877.05565  
10862.55666  
10854.37614  
10853.05327  
10894.43611  
10923.08809  
10933.35439  
10926.73558  
10929.04674  
10965.86517  
10868.84303  
10895.33492  
10892.56689  
10884.64796  
10869.61611  
10854.57307  
10859.55628  
10870.01592  
10854.5276  
10967.0003  
10946.08527  
10909.38271  
10912.48248  
10908.14798  
10908.46745  
10875.56454  
10893.97289  
10860.88279  
10832.18713  
10851.24505  
10844.82106  
10849.71379  
10851.34456  
10825.34681  
10852.30881  
10836.12935  
10865.95636  
10940.23039  
10897.35058  
10894.01687  
10932.41582  
10884.30965  
10938.33653  
10966.56371  
10942.46915  
10948.68138  
10924.79319  
10872.20596  
10878.3013  
10819.96739  
10863.49597  
10852.40829  
10894.53272  
10884.38531  
10840.31902  
10833.00356  
10839.74591  
10862.47271  
10875.56313  
10858.2882  
10859.75799  
10875.97315  
10812.43143  
10809.73761  
10852.33221  
10846.48122  
10890.07864  
10902.22728  
10874.75286  
10884.69725  
10858.32723  
10875.43301  
10882.97678  
10911.32942  
10875.74684  
10887.11697  
10938.19014  
10925.83634  
10903.67516  
10933.38341  
10937.57134  
10912.89077  
10864.03753  
10849.35455  
10851.35303  
10859.68158  
10844.37507  
10849.48203  
10877.62607  
10899.31194  
10911.34279  
10887.97874  
10898.62647  
10864.7017  
10897.1924  
10890.80937  
10936.34367  
10949.88533  
10924.69526  
10972.95807  
11055.60103  
11051.11569  
11016.30594  
10977.44778  
10902.1146  
10916.58652  
10929.26232  
10886.80291  
10918.43417  
10854.2279  
10806.70449  
10811.52661  
10749.16114  
10817.39344  
10817.14275  
10859.46402  
10875.60499  
10894.75217  
10888.64281  
10861.30489  
10837.07309  
10836.35322  
10827.61756  
10841.20201  
10817.81393  
10845.33545  
10851.81663  
10867.14458  
10853.70219  
10883.36612  
10912.70298  
10963.09506  
10948.73072  
10894.39173  
10853.71355  
10866.00419  
10893.10474  
10885.20614  
10867.58774  
10891.1965  
10869.30369  
10873.65284  
10825.47577  
10814.68776  
10876.40286  
10836.0391  
10875.3932  
10859.08312  
10869.4353  
10910.61337  
10874.37987  
10923.45336  
10892.05986  
10897.31329  
10882.43843  
10914.78798  
10901.56336  
10910.52441  
10898.9339  
10871.12646  
10896.92601  
10898.7682  
10897.47559  
10877.76938  
10842.02332  
10880.70508  
10878.8706  
10888.94741  
10851.24449  
10859.16262  
10878.54914  
10900.09626  
10871.78795  
10903.1658  
10943.64289  
10899.06074  
10905.0607  
10905.89877  
10907.23974  
10878.88412  
10891.33729  
10866.09734  
10853.36351  
10876.29887  
10891.06265  
10900.66022  
10911.41203  
10918.40501  
10950.91457  
10921.61534  
10901.83414  
10889.64448  
10928.20582  
10952.64155  
10914.06355  
10891.19231  
10838.8141  
10844.49737  
10814.75406  
10812.55229  
10845.88211  
10869.34988  
10878.40012  
10836.25619  
10814.70363  
10832.78993  
10873.46829  
10858.6114  
10904.10605  
10928.85879  
10937.47246  
10882.97923  
10873.66513  
10876.02407  
10840.62988  
10851.85715  
10907.80603  
10876.29932  
10909.25797  
10871.41833  
10878.8034  
10854.86323  
10839.014  
10887.39376  
10909.35377  
10918.77263  
10903.87328  
10880.24456  
10897.76949  
10899.12267  
10890.85899  
10867.09018  
10877.52036  
10906.51512  
10911.32038  
10925.81832  
10906.26955  
10934.60181  
10946.28182  
10928.70039  
10916.22844  
10885.5068  
10862.90025  
10877.14016  
10880.62666  
10853.76526  
10886.06862  
10872.64316  
10871.70071  
10882.39024  
10879.0921  
10891.45523  
10871.48347  
10894.90132  
10915.68888  
10864.30023  
10826.49124  
10838.56727  
10838.49177  
10849.36172  
10833.99892  
10861.50392  
10860.05019  
10883.75447  
10878.48799  
10875.66197  
10916.88998  
10963.34912  
10898.43738  
10865.28933  
10843.48026  
10826.90886  
10892.1251  
10908.64048  
10895.73306  
10867.57865  
10875.72734  
10866.94396  
10851.63369  
10897.36791  
10870.43806  
10873.67793  
10813.44963  
10828.50435  
10873.088  
10857.59071  
10848.08898  
10869.34832  
10867.69512  
10872.49002  
10883.58526  
10901.04199  
10864.2062  
10965.29703  
10999.22027  
11022.8602  
10983.68813  
10944.3896  
10883.60125  
10861.92971  
10832.24477  
10860.99302  
10905.84772  
10911.54468  
10894.96582  
10912.99467  
10925.53785  
10908.88296  
10882.11985  
10920.99075  
10870.36246  
10867.2817  
10828.61136  
10829.95031  
10846.03114  
10846.88381  
10848.22054  
10849.98429  
10881.07666  
10869.02581  
10842.85713  
10855.06282  
10844.80122  
10826.96989  
10864.20081  
10867.22729  
10884.44733  
10930.77731  
10910.66144  
10938.02096  
10953.79446  
10892.65058  
10862.27402  
10876.47078  
10853.469  
10867.46333  
10855.05923  
10885.15578  
10902.63187  
10904.56037  
10875.18719  
10893.47965  
10881.26133  
10886.96149  
10911.51646  
10962.87049  
10939.47219  
10897.43781  
10856.37576  
10831.95921  
10842.84055  
10875.5397  
10905.907  
10958.41447  
10904.30402  
10878.42816  
10867.27794  
10873.08775  
10812.61292  
10886.01499  
10884.72663  
10891.80687  
10881.99455  
10872.16319  
10883.86157  
10818.68171  
10870.79215  
10884.49178  
10906.33459  
10862.32594  
10893.44543  
10913.22396  
10929.07637  
10915.39121  
10888.40091  
10874.30308  
10866.44505  
10874.42897  
10926.82481  
10920.27229  
10912.54681  
10901.92704  
10922.27151  
10888.74992  
10872.86054  
10878.93451  
10955.64118  
10951.75906  
10939.5183  
10900.75118  
10863.78142  
10895.93307  
10916.83238  
10874.90509  
10860.34787  
10830.34329  
10856.4163  
10796.40612  
10846.36059  
10858.38279  
10860.22637  
10768.25233  
10839.28362  
10814.85685  
10832.45443  
10863.98085  
10851.82459  
10872.63856  
10850.4181  
10915.7458  
10946.25951  
10926.45547  
10938.11944  
10949.64318  
10844.56179  
10860.29047  
10813.03088  
10840.16511  
10905.76381  
10946.69802  
10921.96008  
10874.03485  
10901.33763  
10921.53111  
10929.85977  
10927.98163  
10912.92761  
10862.59555  
10896.59343  
10890.8637  
10877.3359  
10891.21507  
10879.91673  
10876.49542  
10863.78197  
10897.24373  
10873.49435  
10917.11494  
10929.9248  
10932.25529  
10914.04163  
10902.72789  
10864.02915  
10855.21255  
10835.89024  
10858.41372  
10866.96302  
10886.32585  
10862.8327  
10875.56965  
10839.69399  
10843.70041  
10861.50145  
10879.39531  
10844.05638  
10859.05701  
10839.17583  
10817.45723  
10826.72915  
10855.32312  
10872.44938  
10871.25938  
10923.37939  
10937.1709  
10907.26716  
10903.32516  
10879.42882  
10864.10512  
10851.47988  
10855.2561  
10911.45511  
10888.55965  
10960.06068  
10909.56005  
10925.64606  
10909.80291  
10949.48814  
10939.08018  
10929.82374  
10953.65275  
10930.7916  
10892.29053  
10891.15539  
10873.08516  
10883.7514  
10887.87225  
10872.99256  
10880.45932  
10897.37691  
10884.74011  
10935.30892  
10878.87043  
10899.72195  
10871.11334  
10891.30531  
10891.7652  
10921.48902  
10881.19247  
10922.51871  
10854.44718  
10865.59192  
10912.7348  
10931.75077  
10884.1488  
10863.68448  
10814.80726  
10803.89524  
10836.32511  
10844.20319  
10877.89179  
10892.63401  
10864.86937  
10852.42666  
10855.83654  
10886.46443  
10886.38175  
10903.14388  
10912.26339  
10938.15627  
10956.43429  
10923.55291  
10909.02238  
10886.04477  
10869.31398  
10862.29201  
10890.15294  
10869.03544  
10889.19624  
10907.63322  
10920.96665  
10885.35944  
10869.24324  
10857.66516  
10898.32281  
10897.681  
10904.90004  
10906.10214  
10921.24183  
10904.01147  
10900.34016  
10935.93152  
10899.92239  
10923.40536  
10928.7415  
10905.41593  
10878.13117  
10850.51997  
10871.68349  
10853.52117  
10883.11218  
10859.81851  
10808.27834  
10843.46177  
10858.47163  
10849.32717  
10859.94384  
10846.08922  
10776.43462  
10739.47355  
10740.91757  
10748.45872  
10759.83725  
10784.12279  
10801.55634  
10896.58436  
10899.22029  
10934.72302  
10901.12775  
10930.31531  
10912.8038  
10899.59567  
10864.81354  
10844.55081  
10873.22351  
10868.55618  
10873.7459  
10928.39827  
10962.12281  
10906.75683  
10951.8882  
10890.80378  
10896.06077  
10892.39811  
10848.33068  
10864.08305  
10859.20365  
10875.70252  
10900.28862  
10901.13333  
10907.59502  
10902.9595  
10903.6283  
10887.93121  
10892.83249  
10847.61579  
10894.4965  
10909.67512  
10912.50282  
10913.18155  
10873.31074  
10875.96161  
10883.54473  
10878.47377  
10936.09723  
10861.25241  
10895.78766  
10876.19242  
10910.25359  
10893.39998  
10944.153  
10908.51426  
10866.53126  
10920.39502  
10899.72927  
10910.77837  
10881.84903  
10888.36343  
10859.56479  
10850.53618  
10883.76624  
10894.70624  
10926.54184  
10889.05841  
10850.6996  
10855.44719  
10829.90323  
10891.18977  
10894.84055  
10942.91265  
10931.59576  
10924.72528  
10892.40546  
10876.9559  
10865.64782  
10868.6832  
10888.41078  
10838.53959  
10884.54754  
10909.56026  
10910.28831  
10896.47292  
10877.29511  
10877.64907  
10872.14187  
10829.57805  
10867.22949  
10866.97298  
10862.37936  
10842.88874  
10877.20969  
10886.97834  
10939.88246  
10948.01741  
10929.55703  
10896.86487  
10858.01563  
10814.6284  
10818.31084  
10847.73761  
10830.75017  
10860.60138  
10859.19916  
10865.4633  
10848.25026  
10881.77482  
10873.43709  
10918.70112  
10910.77731  
10908.71984  
10861.91695  
10892.56702  
10890.80516  
10954.20822  
10946.86962  
10959.32325  
10917.36654  
10912.48885  
10891.05897  
10883.98212  
10855.36852  
10852.23643  
10881.23044  
10894.24266  
10906.52494  
10885.31829  
10927.84151  
10911.68773  
10883.00889  
10894.69069  
10870.76916  
10840.66106  
10844.08394  
10863.57848  
10856.0935  
10847.24961  
10904.95682  
10878.65889  
10879.94428  
10900.29413  
10898.21721  
10867.67801  
10893.26124  
10883.30179  
10884.1779  
10837.9641  
10829.58636  
10830.44059  
10851.05864  
10897.26405  
10891.3629  
10927.18264  
10894.44604  
10901.07095  
10937.06425  
10916.5991  
10900.83816  
10889.96553  
10844.5886  
10843.83717  
10871.95652  
10906.1949  
10888.27808  
10939.87669  
10963.84312  
10977.96551  
10916.8869  
10958.34212  
10880.53282  
10909.22414  
10882.80838  
10893.87704  
10879.49913  
10915.28747  
10864.60132  
10874.51695  
10844.25387  
10875.81618  
10842.74867  
10859.26404  
10841.59712  
10819.10148  
10834.611  
10849.39556  
10870.24691  
10946.88484  
10945.48138  
10961.70967  
11004.22443  
10927.64041  
10922.21984  
10901.63149  
10901.81935  
10884.00382  
10870.12901  
10909.63847  
10867.61563  
10904.79294  
10860.24795  
10837.36406  
10823.07811  
10810.37158  
10921.92993  
10805.20898  
10808.22792  
10795.77176  
10800.4769  
10796.18653  
10848.6718  
10798.92202  
10864.10685  
10877.69672  
10877.643  
10912.75264  
10865.69646  
10880.17162  
10912.29013  
10886.04823  
10916.83174  
10896.26462  
10905.35678  
10876.39666  
10869.24921  
10857.42412  
10841.32507  
10843.86988  
10851.3501  
10851.14558  
10901.01406  
10883.61185  
10923.27098  
10848.78121  
10879.73381  
10877.43585  
10936.27072  
10920.50141  
10883.73119  
10902.01014  
10927.94601  
10901.17481  
10867.97347  
10864.82455  
10893.54303  
10879.62831  
10865.84669  
10876.43119  
10878.57869  
10854.73611  
10865.2686  
10873.57154  
10857.33868  
10870.75863  
10910.1331  
10967.48201  
10963.43648  
10920.43718  
10908.25389  
10901.72628  
10853.49513  
10898.26092  
10865.62613  
10885.03028  
10862.61492  
10890.42579  
10892.52314  
10900.46877  
10919.59536  
10921.10615  
10884.70875  
10866.84309  
10913.80875  
10887.11044  
10851.15566  
10875.68215  
10904.11734  
10912.634  
10944.80861  
10954.3855  
10915.7259  
10863.44774  
10893.41045  
10859.76202  
10854.54254  
10829.83493  
10829.54178  
10840.09394  
10834.04665  
10876.22834  
10876.4764  
10852.71866  
10893.45766  
10899.4465  
10931.38438  
10925.63471  
10947.03738  
10930.39591  
10888.06414  
10927.14553  
10892.28234  
10890.30289  
10928.78287  
10921.93687  
10864.93393  
10888.97836  
10904.95345  
10912.12444  
10912.6858  
10906.50734  
10924.83257  
10881.40803  
10894.93274  
10904.96311  
10879.41061  
10889.92101  
10916.1112  
10884.47141  
10862.39293  
10870.8495  
10896.3364  
10921.75148  
10943.08325  
10929.04496  
10874.30169  
10862.05223  
10859.54469  
10867.19091  
10870.11644  
10923.82728  
10929.64791  
10888.48331  
10928.5892  
10906.48266  
10901.62695  
10928.42696  
10913.14454  
10890.96511  
10880.43714  
10884.125  
10870.96722  
10859.8243  
10862.95347  
10876.49576  
10876.86392  
10826.41097  
10890.9967  
10900.93901  
10908.75926  
10916.09304  
10924.22513  
10855.70016  
10840.90154  
10844.92244  
10813.9035  
10857.85617  
10881.2259  
10847.43168  
10817.24965  
10812.42756  
11007.60198  
10972.59306  
10962.66859  
10918.93418  
10996.93481  
10895.80448  
10876.86224  
10878.91494  
10870.61122  
10811.89337  
10704.89844  
10694.48915  
10703.65534  
10740.79576  
10693.32769  
10747.33861  
10769.1263  
10825.10154  
10862.78453  
10856.77023  
10882.8717  
10915.19452  
10869.8175  
10888.07251  
10908.4175  
10925.82088  
10919.89932  
10936.52601  
10912.60606  
10845.93621  
10870.62589  
10830.53909  
10892.78434  
10960.36161  
10935.58534  
10946.95223  
10933.60729  
10891.9687  
10924.53275  
10922.88034  
10883.01978  
10864.527  
10901.96804  
10921.9915  
10907.07559  
10883.53826  
10927.86544  
10979.22582  
10994.83925  
10986.95489  
10933.27773  
10925.73661  
10898.35429  
10897.46898  
10917.2634  
10867.90755  
10913.69401  
10917.43387  
10868.37538  
10845.71274  
10857.1472  
10834.3703  
10858.06809  
10892.44911  
10844.81752  
10858.2165  
10873.68695  
10897.51816  
10884.08378  
10915.07329  
10917.43189  
10911.46126  
10908.68716  
10933.25075  
10874.10151  
10906.68307  
10868.14357  
10861.61673  
10905.04652  
10917.09173  
10935.11495  
10868.20549  
10879.07572  
10868.91401  
10857.65021  
10888.92766  
10917.10303  
10927.56887  
10919.11008  
10929.79834  
10885.39212  
10865.29709  
10899.0379  
10870.28451  
10893.04834  
10873.06023  
10903.73645  
10895.48469  
10897.62046  
10847.79393  
10844.64196  
10875.32813  
10928.95825  
10881.85535  
10924.23178  
10886.76458  
10837.30095  
10909.5659  
10893.36352  
10968.85311  
10946.94736  
10920.60052  
10900.91382  
10870.47137  
10871.89552  
10825.11678  
10848.14898  
10895.47126  
10823.79789  
10794.33102  
10789.13867  
10810.28498  
10824.53464  
10837.89507  
10898.39875  
10863.58964  
10864.08224  
10846.33205  
10801.44399  
10861.44036  
10852.46041  
10893.52674  
10850.02262  
10857.0472  
10848.07505  
10858.62462  
10877.33752  
10917.66342  
10900.52666  
10920.43953  
10944.97846  
10883.60145  
10940.10311  
10952.86649  
10950.97019  
10936.32171  
10929.94929  
10844.96112  
10865.25925  
10923.43984  
10937.34743  
10938.77765  
10920.70677  
10872.38964  
10833.05681  
10836.43922  
10833.57664  
10904.14026  
10919.63547  
10892.21084  
10886.99031  
10917.33584  
10906.47389  
10839.98389  
10850.1302  
10825.94746  
10832.85757  
10870.73504  
10869.52128  
10848.43335  
10841.14699  
10860.82525  
10857.76823  
10821.22919  
10856.44445  
10866.74227  
10911.21812  
10913.47312  
10881.09622  
10919.90298  
10923.51233  
10915.75075  
10905.52922  
10883.64495  
10884.50281  
10852.36708  
10894.76906  
10893.03352  
10861.50351  
10860.42367  
10923.18913  
10884.32535  
10878.33452  
10891.0229  
10857.53245  
10840.82954  
10871.35165  
10908.23524  
10905.6308  
10912.19317  
10890.46575  
10855.81432  
10855.43055  
10878.2995  
10874.77583  
10874.45478  
10865.4187  
10897.74098  
10881.5534  
10826.4543  
10858.85764  
10841.46062  
10921.42941  
10919.41942  
10941.41188  
10924.80199  
10885.34937  
10899.8196  
10874.49646  
10965.65749  
10972.6754  
10937.262  
10921.45527  
10934.82684  
10878.16917  
10913.13843  
10874.92627  
10907.27239  
10856.4109  
10896.7546  
10879.16899  
10825.33196  
10868.32916  
10826.42054  
10853.2641  
10822.80146  
10860.76846  
10911.70607  
10887.90931  
10901.36276  
10942.81045  
10891.30891  
10847.50076  
10855.61288  
10831.919  
10823.02003  
10860.51857  
10902.50484  
10878.68826  
10850.3387  
10904.29101  
10861.95154  
10856.21551  
10845.34098  
10896.94893  
10867.69942  
10893.4878  
10885.58755  
10870.00423  
10892.1281  
10898.0547  
10890.48118  
10891.63806  
10859.58707  
10882.33766  
10902.74923  
10905.17835  
10919.12748  
10927.64177  
10931.93396  
10924.23675  
10866.13769  
10879.95714  
10862.65848  
10880.60407  
10879.1447  
10899.42526  
10891.1889  
10927.56563  
10919.54423  
10922.06547  
10916.31538  
10911.13749  
10866.1982  
10814.10829  
10830.02169  
10853.14498  
10881.5857  
10855.30299  
10879.89616  
10894.47441  
10898.51902  
10883.33021  
10831.0806  
10837.28784  
10909.48305  
10917.78807  
10900.71233  
10880.83757  
10897.0832  
10899.27314  
10913.42746  
10907.48787  
10907.92878  
10914.34004  
10938.30794  
10933.69135  
10951.39872  
10895.15836  
10920.39427  
10915.20438  
10892.4203  
10888.37435  
10901.17357  
10868.06148  
10888.50131  
10878.12094  
10873.19139  
10897.09807  
10885.94569  
10898.96791  
10876.35921  
10932.86045  
10894.231  
10895.7671  
10800.52159  
10858.30057  
10869.60244  
10809.67268  
10964.86603  
10897.78714  
10843.88307  
10799.12142  
10777.51413  
10776.00952  
10741.98572  
10773.53775  
10808.3361  
10820.21  
10879.94206  
10884.55342  
10905.06201  
10884.45914  
10876.45191  
10867.32903  
10890.79766  
10944.7942  
10919.02775  
10886.41194  
10881.52123  
10906.05243  
10911.30611  
10907.47165  
10901.79343  
10889.24673  
10875.35923  
10847.81748  
10806.96251  
10845.69221  
10845.68906  
10824.3568  
10929.42264  
10918.39771  
10927.84606  
10889.08106  
10897.44095  
10867.28284  
10877.26136  
10859.70116  
10895.5869  
10885.02703  
10920.45435  
10932.4582  
10879.02178  
10849.81878  
10879.22291  
10874.94924  
10932.27158  
10960.39162  
10906.99932  
10939.7079  
10889.96118  
10812.12968  
10882.44922  
10851.7502  
10912.62903  
10876.41521  
10842.81014  
10823.13479  
10797.5301  
10873.5739  
10844.22532  
10851.19641  
10909.09244  
10840.99834  
10874.8482  
10836.92628  
10863.1507  
10865.43222  
10842.99146  
10879.01872  
10856.45285  
10857.14205  
10873.62132  
10896.75117  
10868.25796  
10904.55656  
10911.87806  
10926.69793  
10947.36943  
10928.03748  
10983.68421  
10936.41384  
10889.44227  
10906.15992  
10896.65524  
10907.88692  
10910.30426  
10917.12959  
10920.35833  
10975.0739  
10984.39026  
10932.25477  
10937.36333  
10899.17753  
10901.07456  
10892.03321  
10877.06269  
10820.57229  
10859.06801  
10876.83328  
10920.29141  
10932.40049  
10935.02486  
10928.4015  
10888.79884  
10869.99188  
10911.54777  
10926.70874  
10931.69727  
10952.16739  
10884.72377  
10861.55725  
10885.64519  
10878.04225  
10904.03005  
10924.96401  
10935.85613  
10879.70964  
10812.80148  
10802.75459  
10933.95414  
10892.49645  
10814.10568  
10831.90428  
10845.13314  
10838.53415  
10828.21249  
10801.77407  
10859.71026  
10866.83647  
10845.05112  
10816.7538  
10848.02283  
10849.84924  
10858.51068  
10862.85615  
10879.26381  
10894.30673  
10897.25126  
10821.59699  
10871.58656  
10866.67974  
10930.35957  
10972.26725  
10944.89882  
10902.83253  
10886.37811  
10881.2978  
10875.63944  
10939.10376  
11008.73085  
10982.56697  
10944.08544  
10912.01127  
10926.56878  
10872.35591  
10861.81876  
10876.81484  
10877.24217  
10841.15225  
10867.82588  
10924.20283  
10908.81819  
10881.71222  
10856.11993  
10904.0006  
10907.76982  
10917.98717  
10921.44406  
10899.82075  
10871.10663  
10865.49962  
10751.3209  
10867.56207  
10804.15721  
10940.55016  
10969.50482  
10980.26135  
10947.82859  
10958.89385  
10817.83937  
10748.59737  
10763.80072  
10781.0629  
10772.53395  
10766.63049  
10780.36099  
10823.62174  
10874.4104  
10891.12747  
10911.30026  
10922.57801  
10920.46598  
10865.64038  
10850.04602  
10825.39891  
10836.04925  
10829.04624  
10853.28153  
10868.85908  
10927.31518  
10944.80864  
10920.55032  
10899.79013  
10866.74863  
10867.69697  
10838.53221  
10853.09687  
10883.19691  
10929.81294  
10953.84009  
10933.09065  
10914.00724  
10915.24291  
10870.89463  
10858.18449  
10903.6511  
10910.7945  
10904.46077  
10921.26637  
10932.09057  
10901.54178  
10858.52958  
10879.96198  
10835.75104  
10849.77838  
10853.63711  
10866.19807  
10892.85794  
10885.28475  
10885.8097  
10912.98227  
10934.06938  
10913.86792  
10869.88349  
10898.19979  
10852.30901  
10849.4665  
10881.38946  
10892.78487  
10891.16467  
10895.26101  
10846.15705  
10874.63799  
10886.3938  
10868.28286  
10911.31367  
10870.67044  
10878.41644  
10858.60664  
10859.86911  
10881.8593  
10909.20801  
10938.77646  
10913.0123  
10907.37129  
10861.71345  
10898.02455  
10920.27594  
10890.14102  
10881.74693  
10931.62222  
10930.66364  
10926.48059  
10916.10853  
10887.74243  
10863.07456  
10859.88809  
10839.7313  
10844.99967  
10885.59842  
10864.89682  
10910.42025  
10894.15542  
10920.57573  
10866.06623  
10881.50746  
10867.72775  
10825.35105  
10856.98242  
10910.29245  
10909.45579  
10894.30689  
10857.20695  
10868.29335  
10904.77163  
10946.28112  
10940.71455  
10904.41935  
10843.68619  
10852.97968  
10827.1125  
10839.50716  
10865.88075  
10879.33191  
10884.92333  
10920.10015  
10905.91989  
10865.41213  
10842.3116  
10864.96663  
10856.62102  
10900.41888  
10874.73829  
10878.86001  
10867.73974  
10852.74599  
10901.23289  
10904.62268  
10923.62113  
10936.45585  
10955.95079  
10945.9648  
10913.13078  
10880.11079  
10915.69423  
10937.39868  
10952.89977  
10968.00278  
10913.12301  
10888.34464  
10913.48103  
10933.05017  
10931.38672  
10924.94023  
10894.50336  
10858.16252  
10794.82908  
10867.67275  
10880.69724  
10868.81049  
10875.1749  
10839.83005  
10886.79679  
10894.56177  
10882.91182  
10846.09866  
10852.12694  
10856.19751  
10873.36365  
10908.60658  
10828.93202  
10856.18005  
11021.28916  
10997.99544  
11010.66764  
10947.07467  
10850.55706  
10741.49491  
10783.71894  
10760.46897  
10808.86412  
10801.15072  
10798.40801  
10826.58967  
10837.30856  
10850.40366  
10823.39323  
10891.0312  
10891.57687  
10890.07783  
10915.53153  
10896.09798  
10881.51096  
10871.68726  
10897.52904  
10888.19509  
10865.78678  
10849.84004  
10902.16192  
10811.63723  
10852.80954  
10874.42578  
10865.76592  
10924.035  
10886.46517  
10856.69095  
10905.95405  
10909.05118  
10940.69633  
10935.51923  
10969.47029  
10949.69057  
10903.0639  
10885.56544  
10838.63753  
10843.2788  
10858.63804  
10858.27391  
10863.63134  
10831.22224  
10858.37613  
10900.71608  
10917.88867  
10922.91258  
10976.95628  
10896.17519  
10881.4284  
10880.91962  
10828.35833  
10849.12664  
10869.19975  
10861.49528  
10876.19045  
10901.49315  
10887.27175  
10886.23044  
10873.51308  
10911.17087  
10849.98  
10897.16638  
10918.74737  
10925.6676  
10916.32484  
10890.52208  
10878.76744  
10875.04685  
10831.09879  
10845.96354  
10880.4144  
10858.26957  
10844.99174  
10806.76431  
10883.01611  
10890.71197  
10923.20129  
10952.73135  
10936.23148  
10897.38221  
10880.50815  
10864.27741  
10864.63497  
10862.854  
10877.66358  
10874.38804  
10832.79869  
10867.73285  
10859.9405  
10833.37699  
10859.68813  
10871.80743  
10920.3563  
10917.39025  
10913.19814  
10892.58462  
10922.89867  
10887.82279  
10902.77781  
10889.99096  
10887.4637  
10937.6678  
10896.72619  
10883.52268  
10893.60747  
10974.02258  
10928.37595  
10972.82742  
10954.26782  
10955.01412  
10915.3387  
10989.2024  
10949.57208  
10956.11782  
10915.76849  
10934.61004  
10814.92459  
10818.01601  
10793.89364  
10848.44892  
10837.90241  
10837.06036  
10858.82719  
10788.09348  
10822.16167  
10808.12742  
10830.66249  
10836.76007  
10864.89589  
10835.05317  
10884.83493  
10858.6276  
10879.29814  
10907.46121  
10870.12118  
10875.63843  
10835.41942  
10868.75531  
10841.8891  
10890.29791  
10869.15119  
10898.60093  
10904.67735  
10889.88804  
10907.95939  
10863.39482  
10864.97949  
10858.06918  
10879.98198  
10874.30644  
10916.47815  
10964.20253  
10946.33811  
10907.54633  
10942.17129  
10903.46155  
10936.9998  
10882.80611  
10897.51844  
10835.57312  
10819.24436  
10891.99155  
10896.95276  
10924.12208  
10885.9873  
10931.20826  
10888.93658  
10900.10255  
10882.8369  
10884.24523  
10912.8642  
10901.9602  
10911.31216  
10931.07411  
10961.98139  
10920.63751  
10934.02016  
10900.00631  
10917.82783  
10940.28873  
10922.54781  
10866.32024  
10912.09646  
10867.82118  
10889.27326  
10853.69354  
10871.10359  
10884.13079  
10884.58317  
10881.27168  
10830.08283  
10842.99624  
10874.77718  
10870.73336  
10885.2556  
10845.86394  
10822.60288  
10859.09618  
10832.56774  
10881.12592  
10837.31474  
10833.85118  
10952.39929  
10945.54107  
11015.37972  
11033.30627  
10980.55869  
10901.18377  
10845.84497  
10738.34857  
10759.26049  
10738.51861  
10774.11966  
10775.11411  
10800.43204  
10833.34613  
10853.67242  
10926.13103  
10914.63714  
10912.76849  
10898.65082  
10892.27961  
10863.56498  
10911.78666  
10863.66001  
10864.74765  
10887.21715  
10897.39374  
10882.21355  
10840.89245  
10935.51021  
10936.01325  
10925.33191  
10882.92858  
10884.83556  
10902.12637  
10891.7437  
10905.15947  
10900.86947  
10879.80506  
10868.74059  
10888.82803  
10911.43747  
10906.82768  
10913.16198  
10943.25131  
10948.29566  
10956.90476  
10934.26836  
10922.12313  
10912.19074  
10873.11754  
10893.6226  
10860.92881  
10859.22266  
10846.72677  
10837.1578  
10856.42476  
10920.77878  
10917.83401  
10916.88292  
