10834.38759  
10847.79771  
10858.15848  
10852.57035  
10812.69399  
10743.42404  
10725.33939  
10810.79991  
10860.893  
10847.58984  
10853.47674  
10881.32303  
10886.86196  
10862.71467  
10847.24979  
10871.5978  
10878.97586  
10827.63634  
10861.18401  
10823.57659  
10830.98162  
10834.55807  
10871.20431  
10843.61346  
10851.35589  
10766.27466  
10777.89976  
10788.08831  
10795.70504  
10803.48772  
10799.68004  
10814.68436  
10845.2546  
10847.28442  
10832.94374  
10827.64139  
10780.45455  
10768.65949  
10779.2041  
10816.11813  
10829.93408  
10816.94134  
10828.38278  
10836.13947  
10853.04091  
10818.81975  
10776.06355  
10806.00785  
10802.68014  
10823.39844  
10846.26639  
10810.36136  
10820.83514  
10846.08566  
10827.63522  
10824.13198  
10826.84459  
10812.86112  
10827.4631  
10856.72921  
10884.39052  
10872.12919  
10838.11014  
10873.73797  
10872.23057  
10851.99997  
10862.20351  
10822.26719  
10807.46118  
10804.14307  
10813.61509  
10811.90674  
10830.21816  
10824.01552  
10841.44873  
10831.52846  
10843.15374  
10831.49717  
10836.63867  
10838.44734  
10843.98145  
10811.42351  
10789.16706  
10825.58203  
10830.51695  
10853.74742  
10842.36391  
10876.46582  
10895.34937  
10879.32767  
10858.32666  
10869.15914  
10860.61094  
10827.79133  
10843.17707  
10863.56117  
10851.61673  
10827.60303  
10849.70462  
10822.60533  
10833.85913  
10806.12852  
10814.59155  
10845.97559  
10845.33604  
10821.04112  
10823.84623  
10838.75809  
10823.8621  
10764.31341  
10796.67784  
10791.63574  
10822.66703  
10791.8682  
10818.50691  
10869.17801  
10861.10913  
10903.09881  
10871.74358  
10841.37877  
10794.91696  
10810.4978  
10854.47729  
10802.77968  
10789.29701  
10787.07903  
10806.3005  
10810.18492  
10848.65733  
10849.20536  
10804.28557  
10832.55448  
10832.5452  
10844.07809  
10826.18645  
10875.68412  
10849.62556  
10856.36346  
10904.06264  
10878.19643  
10886.70347  
10872.20909  
10870.0225  
10895.11778  
10829.84413  
10852.01018  
10829.75997  
10816.7612  
10802.51322  
10813.55322  
10842.01147  
10789.62144  
10813.62932  
10836.04213  
10828.16947  
10861.30266  
10815.42913  
10788.13675  
10810.57621  
10805.99902  
10832.75774  
10838.40332  
10833.07983  
10893.53697  
10932.78115  
10932.60822  
10842.30054  
10811.11014  
10810.94332  
10806.54953  
10799.60114  
10795.01479  
10814.09148  
10822.29579  
10796.26615  
10824.76883  
10859.58381  
10836.80246  
10803.3704  
10791.19099  
10827.73964  
10815.57837  
10775.91647  
10823.54325  
10835.308  
10866.22775  
10868.46718  
10851.61265  
10816.168  
10801.91375  
10774.45459  
10778.50042  
10704.56271  
10756.74979  
10786.37123  
10786.11014  
10787.50391  
10798.79743  
10828.0784  
10821.45804  
10810.75886  
10898.11171  
10861.41246  
10878.31449  
10869.445  
10906.02842  
10893.78331  
10860.13728  
10810.29607  
10787.8826  
10811.74275  
10812.02577  
10786.47534  
10784.87552  
10829.71676  
10833.6138  
10900.25823  
10786.7614  
10869.22137  
10871.87762  
10895.41978  
10864.4066  
10834.1379  
10831.13773  
10834.3909  
10863.53986  
10860.24445  
10826.90894  
10842.14453  
10839.25645  
10838.42219  
10828.45145  
10868.38989  
10889.76503  
10882.22653  
10838.28414  
10856.85107  
10887.41612  
10870.31264  
10895.02079  
10807.20766  
10814.23444  
10839.2998  
10792.8607  
10804.32464  
10826.64342  
10840.59396  
10801.38675  
10855.07199  
10838.68959  
10835.87852  
10846.90262  
10835.28913  
10771.20647  
10805.57206  
10839.29381  
10837.18565  
10844.06669  
10867.86503  
10867.29391  
10873.14073  
10819.70794  
10837.33611  
10859.73019  
10817.51454  
10779.87427  
10814.4632  
10855.26409  
10858.47109  
10861.32143  
10854.43837  
10840.68147  
10807.55828  
10790.94793  
10799.10571  
10789.35177  
10819.6303  
10842.65053  
10830.61544  
10833.55744  
10853.17393  
10878.76566  
10884.1348  
10847.97307  
10841.70546  
10807.37905  
10823.06069  
10831.83845  
10812.56815  
10779.57746  
10768.55762  
10815.15255  
10797.63075  
10820.41155  
10844.01929  
10855.34159  
10889.31937  
10856.16609  
10849.95672  
10817.48629  
10836.95721  
10839.44325  
10828.89237  
10842.40419  
10854.17766  
10871.65262  
10848.13431  
10835.37772  
10812.02863  
10812.25181  
10802.32586  
10779.46694  
10825.89959  
10838.27501  
10835.14683  
10808.14659  
10847.28805  
10805.24801  
10835.5572  
10843.59473  
10860.55751  
10879.24847  
10863.63892  
10797.64533  
10827.35871  
10824.40213  
10839.51615  
10810.63006  
10820.00816  
10793.72178  
10810.46516  
10845.64254  
10858.50255  
10825.1213  
10863.81682  
10861.421  
10895.59396  
10883.36237  
10837.03013  
10847.63888  
10820.47981  
10850.53735  
10853.17557  
10848.01339  
10851.38124  
10826.91929  
10857.03788  
10803.19625  
10841.22879  
10825.85488  
10848.78135  
10820.72775  
10817.19831  
10827.08712  
10818.14973  
10812.70163  
10813.26828  
10813.30113  
10815.41629  
10826.39418  
10824.38086  
10826.38797  
10832.35142  
10846.66504  
10836.42672  
10850.74275  
10879.97276  
10856.54722  
10817.19747  
10824.33709  
10839.01831  
10832.46847  
10844.3013  
10849.34445  
10882.4986  
10862.12061  
10833.98497  
10833.55518  
10830.62716  
10829.47301  
10798.26876  
10765.72531  
10788.18757  
10763.22524  
10773.81899  
10775.03488  
10783.41867  
10818.76528  
10834.48326  
10852.23036  
10881.35815  
10891.49494  
10867.08524  
10827.51304  
10797.20898  
10779.67826  
10799.30399  
10805.89035  
10848.18928  
10877.33416  
10895.13173  
10868.66521  
10835.03864  
10810.86872  
10801.44493  
10850.05043  
10833.06128  
10843.08374  
10860.55971  
10840.4593  
10862.9217  
10838.76971  
10829.9398  
10836.8418  
10829.49731  
10838.22716  
10823.93136  
10830.02804  
10877.7507  
10869.94772  
10813.24212  
10826.22384  
10840.43032  
10854.76901  
10830.54252  
10796.13288  
10831.70274  
10836.65259  
10881.05891  
10855.74097  
10867.72695  
10819.33845  
10872.17031  
10890.62678  
10887.09361  
10862.50771  
10797.71742  
10782.55978  
10786.13442  
10791.09678  
10797.55947  
10796.20797  
10807.75412  
10780.74442  
10834.72914  
10858.49651  
10878.48654  
10882.0053  
10794.59058  
10974.08831  
10876.23284  
10823.75994  
10815.39739  
10768.67679  
10799.69971  
10807.71317  
10800.27236  
10799.9533  
10796.14997  
10798.56543  
10793.36893  
10804.83611  
10784.73295  
10791.65248  
10803.11115  
10833.77699  
10818.90862  
10869.64146  
10869.17128  
10874.91563  
10839.69967  
10850.01531  
10868.22974  
10862.2123  
10861.22778  
10852.97513  
10823.72632  
10819.34148  
10810.86213  
10778.73842  
10815.13075  
10793.22311  
10800.02654  
10850.36265  
10845.32816  
10840.25283  
10865.5233  
10823.29496  
10888.3479  
10888.70522  
10863.08046  
10836.7613  
10825.04426  
10854.57942  
10852.10976  
10816.22266  
10801.86823  
10782.14139  
10808.96453  
10840.06403  
10863.9586  
10830.24037  
10852.58444  
10872.98179  
10825.19877  
10816.88801  
10822.27253  
10865.13368  
10838.80954  
10871.27016  
10826.49948  
10853.57955  
10847.10359  
10878.04032  
10848.38853  
10821.83772  
10784.84591  
10795.65712  
10808.05096  
10798.46118  
10820.29893  
10853.30427  
10822.29844  
10826.54935  
10811.42097  
10836.71164  
10865.03631  
10833.11754  
10866.00276  
10862.87695  
10870.20187  
10866.86987  
10849.94594  
10863.7891  
10841.87758  
10827.53177  
10798.88623  
10801.80988  
10780.84354  
10774.44162  
10776.92794  
10794.29318  
10786.98978  
10810.11454  
10837.04778  
10854.98054  
10857.49808  
10853.51336  
10830.17519  
10816.90297  
10820.80116  
10805.97346  
10840.11684  
10818.54897  
10775.14345  
10777.79049  
10768.30315  
10817.77009  
10793.72443  
10819.10582  
10768.24484  
10746.21952  
10902.02738  
10944.54088  
10966.95846  
10943.11373  
10921.32007  
10863.25349  
10825.09787  
10828.23392  
10820.4721  
10859.85714  
10835.05472  
10840.61244  
10852.25087  
10833.73696  
10883.055  
10897.72098  
10865.10885  
10773.23723  
10747.99867  
10795.98434  
10765.58751  
10809.60676  
10829.12305  
10875.89205  
10880.94807  
10884.76817  
10864.30758  
10859.71219  
10833.22081  
10838.75164  
10873.96875  
10844.35571  
10823.98755  
10803.24669  
10822.2198  
10857.40374  
10842.57007  
10869.52333  
10818.97154  
10847.0843  
10808.93318  
10816.99836  
10833.68087  
10869.60505  
10883.24027  
10847.61168  
10855.89404  
10888.90984  
10844.37036  
10829.83503  
10857.23615  
10823.3998  
10851.24386  
10821.58353  
10864.37622  
10824.95229  
10808.63916  
10746.71307  
10780.36475  
10823.31599  
10848.7093  
10854.14275  
10878.99512  
10864.67212  
10917.84483  
10860.58116  
10843.21327  
10787.71467  
10783.10896  
10799.45267  
10810.31874  
10799.78617  
10820.86262  
10804.99452  
10781.61684  
10780.86223  
10785.78735  
10802.04977  
10828.41895  
10860.34985  
10872.92058  
10867.22527  
10867.68991  
10849.58433  
10860.85156  
10840.47761  
10873.04883  
10839.40785  
10861.25841  
10830.32962  
10812.89212  
10795.68834  
10860.89704  
10838.15426  
10830.75436  
10864.1288  
10830.80462  
10820.60034  
10802.7546  
10807.50112  
10778.76437  
10852.91884  
10840.10536  
10843.49041  
10848.94284  
10884.39164  
10841.94263  
10877.51158  
10831.6521  
10806.56588  
10795.82014  
10831.63424  
10837.53387  
10787.18778  
10816.1121  
10833.01699  
10855.89673  
10865.78226  
10901.23587  
10877.55043  
10867.69019  
10817.04506  
10781.01196  
10782.86415  
10822.01336  
10843.27114  
10809.82122  
10801.4579  
10790.3659  
10797.58601  
10772.4043  
10796.418  
10791.7839  
10820.4413  
10868.80682  
10880.271  
10852.73919  
10831.94346  
10820.70895  
10861.69591  
10866.02316  
10853.0376  
10839.80186  
10839.76887  
10845.9074  
10860.89641  
10889.8049  
10848.35648  
10818.99037  
10788.42418  
10797.27529  
10837.26765  
10845.89443  
10868.82014  
10873.2402  
10843.02169  
10863.66622  
10835.51754  
10834.54656  
10854.40384  
10860.0331  
10850.02769  
10801.89987  
10850.67222  
10864.33112  
10855.9239  
10868.90688  
10840.26207  
10853.60889  
10804.03463  
10863.99163  
10803.63675  
10807.832  
10795.08782  
10814.21819  
10789.59065  
10841.05873  
10819.74111  
10844.05933  
10782.21533  
10816.49522  
10813.65454  
10801.5218  
10824.10965  
10846.2576  
10847.98378  
10823.56344  
10848.25317  
10818.09441  
10884.05382  
10887.61  
10880.48654  
10864.55699  
10812.02661  
10805.45403  
10785.65908  
10799.02215  
10817.21226  
10860.27382  
10823.72346  
10821.7621  
10851.53526  
10859.1379  
10821.11987  
10812.46892  
10835.58405  
10828.31777  
10852.89355  
10873.96742  
10896.51106  
10906.89784  
10837.31965  
10814.07028  
10816.08189  
10798.31431  
10827.39122  
10810.64467  
10747.69884  
10773.79551  
10787.1469  
10789.88675  
10798.01287  
10818.78589  
10870.13647  
10871.26535  
10847.07049  
10853.39212  
10860.91197  
10861.32122  
10847.18098  
10793.08953  
10761.57418  
10751.81567  
10804.70128  
10818.77002  
10859.42393  
10881.6446  
10855.40353  
10832.08552  
10855.49672  
10866.44828  
10880.46387  
10894.50889  
10861.98706  
10882.88581  
10883.28537  
10870.18729  
10884.03774  
10845.40154  
10781.09978  
10767.21875  
10785.77305  
10766.90322  
10787.84574  
10810.46795  
10807.4548  
10862.54485  
10833.28816  
10859.97862  
10883.78833  
10916.7168  
10865.50837  
10905.64282  
10853.67299  
10861.51085  
10875.15395  
10838.08081  
10795.65168  
10810.00736  
10827.71052  
10854.42592  
10833.61237  
10811.57101  
10771.96934  
10797.71205  
10794.39673  
10825.71502  
10831.28599  
10808.98978  
10838.81543  
10859.20079  
10870.17289  
10878.19713  
10865.44577  
10872.87458  
10839.76402  
10847.35944  
10862.12409  
10871.13703  
10937.91064  
10903.46139  
10872.57579  
10782.6219  
10708.97974  
10704.12155  
10707.04119  
10720.79028  
10765.99184  
10738.95156  
10802.00635  
10789.27787  
10782.85808  
10769.81107  
10756.88923  
10854.22548  
10844.33514  
10860.48012  
10833.07914  
10828.85522  
10873.47276  
10869.21007  
10851.81093  
10816.9412  
10896.53313  
10888.18461  
10867.95302  
10858.36907  
10844.96959  
10870.51039  
10850.70668  
10824.26807  
10802.82659  
10832.10648  
10792.48012  
10811.16888  
10806.64268  
10799.87929  
10803.82432  
10828.78348  
10852.08608  
10857.99156  
10864.43576  
10862.19632  
10862.76053  
10808.69503  
10842.41961  
10867.35191  
10884.93987  
10882.68405  
10874.58238  
10898.31145  
10843.10254  
10856.51803  
10834.98846  
10829.45403  
10786.44618  
10786.19305  
10778.11984  
10844.42508  
10855.91832  
10884.02054  
10834.23929  
10813.00439  
10819.10854  
10808.79116  
10853.62803  
10858.18753  
10874.00973  
10861.66361  
10863.51991  
10918.95006  
10884.55828  
10838.23413  
10787.1453  
10832.8208  
10819.13292  
10853.93583  
10878.44908  
10870.60603  
10807.84417  
10848.11621  
10811.23047  
10806.20707  
10758.81355  
10785.42024  
10779.15998  
10791.30549  
10816.92749  
10800.62315  
10820.34431  
10807.33301  
10871.81083  
10857.32303  
10850.74114  
10873.85048  
10881.05824  
10864.29482  
10878.50342  
10879.6814  
10850.20368  
10844.46847  
10903.77204  
10905.04224  
10850.40276  
10804.95354  
10763.94845  
10781.51618  
10751.40827  
10796.44364  
10829.61056  
10833.15001  
10839.04422  
10797.52229  
10791.35296  
10832.8493  
10839.95295  
10830.23312  
10859.09511  
10826.19542  
10813.30228  
10800.05434  
10792.41092  
10797.8968  
10792.98814  
10785.25548  
10821.80246  
10816.31798  
10829.68297  
10860.36904  
10901.89422  
10892.92522  
10867.44106  
10843.06128  
10814.76388  
10826.78195  
10836.37877  
10846.85645  
10846.48612  
10808.64303  
10840.23891  
10845.60676  
10881.69657  
10842.4277  
10894.92072  
10849.1543  
10884.41197  
10853.49247  
10881.58695  
10833.39101  
10812.11457  
10805.61391  
10780.40684  
10787.15325  
10790.95197  
10776.7243  
10814.37507  
10855.93101  
10821.12141  
10828.21659  
10869.85728  
10835.96826  
10863.1747  
10832.85522  
10853.85369  
10807.24602  
10826.72046  
10829.31526  
10835.06344  
10822.06801  
10827.23811  
10866.21952  
10836.18436  
10862.52455  
10853.81428  
10821.45379  
10779.27536  
10771.3954  
10810.04956  
10826.59685  
10808.51454  
10809.5331  
10786.47736  
10792.92812  
10808.78697  
10846.38996  
10884.52693  
10894.74477  
10968.93855  
10958.42927  
10918.56567  
10867.21355  
10847.43576  
10812.59811  
10828.00624  
10780.02368  
10783.79883  
10822.06714  
10859.07816  
10830.62071  
10808.59619  
10765.52455  
10815.96477  
10840.97158  
10852.36604  
10873.60676  
10845.12912  
10819.09647  
10809.00851  
10810.70176  
10803.01929  
10796.43879  
10786.57983  
10841.71062  
10859.15911  
10836.79028  
10835.00174  
10878.35554  
10891.36865  
10900.23127  
10902.48926  
10889.87162  
10849.77902  
10857.30364  
10843.51716  
10843.11652  
10844.89798  
10831.45857  
10794.64212  
10831.12287  
10814.39509  
10838.96913  
10814.6875  
10833.20382  
10813.83262  
10838.94884  
10847.34152  
10841.02979  
10819.84079  
10809.55887  
10846.98546  
10816.56362  
10797.89296  
10774.62019  
10843.16469  
10821.91291  
10849.77769  
10820.28024  
10815.59246  
10845.01967  
10877.2786  
10825.66141  
10803.66678  
10825.40709  
10821.2259  
10794.35317  
10794.47517  
10822.91228  
10831.92997  
10865.93701  
10842.19088  
10822.78585  
10830.56965  
10835.54098  
10844.95501  
10796.21742  
10812.39955  
10813.85331  
10801.92501  
10808.18331  
10859.62594  
10861.34427  
10844.55019  
10830.64387  
10838.91364  
10864.29865  
10855.46955  
10851.83294  
10824.67435  
10848.58189  
10857.88926  
10855.329  
10838.91504  
10829.17798  
10838.42069  
10869.75642  
10833.95372  
10843.36743  
10800.48671  
10832.60805  
10823.97893  
10799.10529  
10820.42648  
10837.75394  
10837.88783  
10827.57914  
10827.30737  
10819.71062  
10830.61475  
10819.0384  
10839.8011  
10856.22893  
10859.11478  
10845.87713  
10803.10191  
10859.48804  
10876.64335  
10843.44674  
10776.52581  
10787.34249  
10792.63477  
10839.38407  
10804.27958  
10782.65541  
10767.30019  
10793.05577  
10792.43136  
10831.10958  
10856.4171  
10854.23968  
10825.23134  
10850.15402  
10827.81114  
10832.48654  
10829.20905  
10854.62946  
10828.67201  
10827.5248  
10847.04681  
10798.4255  
10855.25408  
10880.01064  
10892.05068  
10895.34535  
10853.65782  
10832.60603  
10800.3456  
10844.84417  
10833.90897  
10823.57764  
10821.93133  
10820.77567  
10832.86206  
10817.71631  
10789.41895  
10828.28244  
10776.20693  
10821.13651  
10815.226  
10842.521  
10854.60038  
10813.91902  
10862.66602  
10844.87514  
10860.96756  
10849.28254  
10886.60536  
10884.97171  
10833.82206  
10804.34005  
10823.93914  
10818.1326  
10807.94127  
10802.60983  
10810.94507  
10858.6701  
10885.4368  
10823.80688  
10803.95979  
10840.39607  
10817.92051  
10834.78101  
10839.31194  
10825.96746  
10832.18387  
10801.76772  
10787.38449  
10865.85714  
10866.91776  
10852.55605  
10868.48968  
10840.66835  
10853.86687  
10857.41462  
10841.02243  
10816.88609  
10799.15541  
10818.74547  
10838.18206  
10849.79855  
10828.83765  
10836.3893  
10859.20358  
10881.96579  
10852.07178  
10791.70093  
10821.21854  
10812.00293  
10792.92233  
10847.10924  
10838.3984  
10854.939  
10841.00432  
10847.69768  
10827.97042  
10806.67707  
10858.07307  
10814.83004  
10855.78652  
10836.06076  
10851.98877  
10903.4743  
10842.09835  
10867.72733  
10899.81546  
10877.82673  
10853.80322  
10808.99669  
10840.09284  
10822.01001  
10800.81798  
10778.98239  
10810.05563  
10813.30343  
10832.97457  
10820.81271  
10819.25255  
10820.53484  
10832.63344  
10786.0127  
10809.64209  
10737.54238  
10781.52058  
10815.57907  
10820.08796  
10852.37015  
10829.70302  
10842.549  
10857.50164  
10850.95933  
10866.09354  
10885.28139  
10853.68178  
10894.47287  
10903.14056  
10862.03359  
10913.1996  
10906.53544  
10847.8645  
10833.26025  
10796.79471  
10736.22489  
10687.86258  
10688.07704  
10710.76099  
10757.5233  
10720.61782  
10773.72872  
10804.98002  
10897.12455  
10925.9586  
10936.42711  
10948.43412  
10916.02295  
10878.30933  
10846.86708  
10857.16312  
10843.46833  
10811.19702  
10814.884  
10833.67766  
10850.04196  
10854.86555  
10833.34096  
10845.37674  
10786.0927  
10812.20609  
10857.68698  
10832.06086  
10846.64746  
10852.6973  
10867.82031  
10849.86973  
10863.38954  
10860.65552  
10877.4624  
10833.15667  
10854.34671  
10847.96701  
10792.36094  
10793.34814  
10791.31097  
10843.86785  
10816.30361  
10815.38871  
10854.8525  
10849.6243  
10824.16776  
10847.39439  
10841.63037  
10869.09298  
10877.4285  
10881.53432  
10846.16532  
10850.41221  
10826.00457  
10815.67038  
10822.00481  
10810.72764  
10834.30783  
10816.77836  
10854.33158  
10825.61471  
10798.21366  
10810.99564  
10854.62859  
10848.88368  
10825.4368  
10823.45682  
10782.7915  
10813.20672  
10821.16145  
10861.35484  
10853.42739  
10882.39941  
10880.97021  
10848.55762  
10836.63735  
10807.5739  
10813.90897  
10831.85721  
10839.16005  
10825.30702  
10814.43952  
10814.35781  
10834.83357  
10828.95759  
10826.01406  
10823.16406  
10848.10425  
10850.70553  
10856.94744  
10878.30762  
10804.23138  
10864.74669  
10834.1906  
10860.42045  
10841.24173  
10812.80594  
10791.10634  
10773.82788  
10789.41441  
10796.54904  
10807.28122  
10852.26897  
10792.07753  
10820.26486  
10847.9609  
10855.29482  
10870.58517  
10872.0264  
10854.76231  
10833.31829  
10834.23905  
10840.62681  
10840.17836  
10813.78788  
10834.4698  
10867.5987  
10853.97492  
10798.6046  
10818.61394  
10761.14118  
10815.02494  
10810.56351  
10809.20825  
10787.76615  
10812.3975  
10807.3924  
10831.72224  
10808.37409  
10817.59881  
10824.89676  
10805.36862  
10849.2207  
10857.9028  
10867.33779  
10860.93984  
10815.14666  
10842.76775  
10853.34553  
10853.65199  
10840.90398  
10868.9458  
10831.85414  
10818.23078  
10792.84814  
10792.3171  
10771.84403  
10802.47412  
10822.9518  
10799.38553  
10833.58625  
10868.02023  
10857.45504  
10903.5031  
10867.06501  
10859.1273  
10859.21983  
10837.46781  
10810.10641  
10841.97593  
10838.30814  
10819.77128  
10841.16814  
10848.64366  
10862.14101  
10882.69008  
10862.52724  
10841.91462  
10829.77382  
10826.20096  
10818.68513  
10808.29911  
10795.59703  
10782.21652  
10793.71725  
10827.41832  
10839.69768  
10839.03177  
10788.5776  
10859.21474  
10871.78125  
10877.5444  
10871.4059  
10878.07446  
10842.53753  
10832.35638  
10841.50499  
10833.54506  
10849.77483  
10841.01699  
10826.92411  
10810.28223  
10754.71906  
10811.39596  
10801.65653  
10817.51925  
10814.84741  
10792.97939  
10812.00638  
10802.70818  
10789.39962  
10790.5866  
10597.726  
10931.51838  
10860.73354  
10869.91152  
10853.14774  
10803.80608  
10844.93307  
10829.50286  
10881.20965  
10888.29733  
10898.59741  
10913.1513  
10841.86907  
10843.29311  
10848.67836  
10881.17927  
10870.49083  
10862.12047  
10839.23518  
10800.65702  
10824.26524  
10822.62999  
10837.56599  
10834.56927  
10880.93924  
10871.16071  
10826.08657  
10848.58444  
10833.04534  
10851.51374  
10855.38034  
10836.32554  
10838.97046  
10837.23926  
10872.59019  
10838.27912  
10854.5918  
10844.5881  
10821.52944  
10847.71425  
10844.78195  
10814.27476  
10853.45501  
10842.28048  
10841.71861  
10839.5128  
10870.26231  
10852.16187  
10877.29558  
10814.69298  
10816.99323  
10835.87151  
10832.91117  
10811.66057  
10826.08636  
10786.0459  
10810.85202  
10785.69019  
10789.39729  
10841.71882  
10785.00708  
10822.8524  
10815.32568  
10836.84211  
10809.49592  
10834.80266  
10865.26067  
10822.27469  
10846.08838  
10842.21181  
10894.5888  
10826.92585  
10836.27647  
10888.99812  
10891.76915  
10843.85498  
10858.09497  
10811.59462  
10795.10613  
10817.84026  
10772.14467  
10769.86862  
10787.7801  
10751.57049  
10788.55183  
10808.41692  
10868.94388  
10906.18161  
10862.74048  
10891.76353  
10876.76664  
10906.73431  
10878.50739  
10864.41936  
10805.19709  
10845.64035  
10806.37033  
10849.21195  
10782.7266  
10792.09699  
10798.25464  
10756.11646  
10784.98912  
10802.20612  
10820.79265  
10817.42201  
10809.13016  
10800.85376  
10858.18896  
10886.13846  
10879.61307  
10843.15949  
10863.51779  
10878.86855  
10870.9473  
10841.39153  
10834.26339  
10831.13763  
10834.00767  
10794.55887  
10824.27375  
10792.76433  
10769.81721  
10810.99358  
10830.8788  
10816.80737  
10871.06913  
10906.09016  
10873.68349  
10883.43973  
10865.2757  
10848.45288  
10863.61872  
10800.80695  
10815.86607  
10813.14146  
10825.33109  
10802.74006  
10825.16452  
10802.92317  
10800.8043  
10845.9073  
10834.6611  
10849.06979  
10885.95651  
10878.43883  
10837.76242  
10851.00795  
10789.94608  
10747.01032  
10759.09065  
10786.75516  
10835.26161  
10815.41975  
10832.41455  
10810.915  
10828.4646  
10964.40534  
10933.40674  
10961.20079  
10874.81393  
10898.70229  
10869.23019  
10831.8004  
10813.13979  
10804.60819  
10758.00426  
10754.17896  
10735.55772  
10747.95769  
10739.09117  
10736.6746  
10743.30061  
10771.39812  
10829.47503  
10812.42069  
10844.89889  
10840.23776  
10890.82593  
10868.19908  
10824.26144  
10847.05859  
10862.17435  
10835.90057  
10838.69856  
10821.53156  
10821.08943  
10819.97939  
10822.30266  
10864.87033  
10821.48849  
10843.53156  
10820.94772  
10802.28979  
10800.91291  
10785.93182  
10862.03408  
10892.82802  
10848.3298  
10882.33925  
10830.46341  
10876.49644  
10911.31975  
10893.76426  
10897.08315  
10848.26768  
10843.04192  
10868.49526  
10884.07202  
10862.61269  
10832.50276  
10843.60777  
10832.10439  
10830.51803  
10873.33098  
10861.17557  
10849.28317  
10812.55186  
10851.03878  
10862.2311  
10866.335  
10832.30957  
10807.51862  
10828.03212  
10808.40953  
10818.76147  
10825.38787  
10823.79157  
10825.04841  
10815.26332  
10807.39614  
10824.7591  
10800.18837  
10799.35721  
10818.00666  
10859.30845  
10862.6528  
10846.44859  
10839.55256  
10835.74271  
10822.93959  
10836.49581  
10823.27679  
10853.82195  
10879.42746  
10857.82073  
10870.55922  
10839.72001  
10812.25994  
10806.35767  
10806.55577  
10840.94113  
10794.34518  
10776.7326  
10795.12322  
10808.26576  
10803.88449  
10799.38288  
10805.21348  
10870.10819  
10836.80552  
10845.49724  
10853.58925  
10856.0558  
10768.40642  
10891.35596  
10920.66033  
10909.15245  
10884.74233  
10855.39771  
10793.81867  
10847.26559  
10809.23964  
10837.80961  
10829.41905  
10766.62964  
10770.12444  
10772.10167  
10792.03244  
10802.25241  
10836.2627  
10834.82178  
10783.4609  
10801.21027  
10804.86223  
10814.14798  
10814.55521  
10810.3064  
10833.42313  
10819.20532  
10831.91455  
10816.62385  
10836.77131  
10803.99484  
10828.70375  
10853.99268  
10857.94092  
10897.53763  
10856.88878  
10839.21767  
10828.98772  
10787.55647  
10830.27194  
10835.07593  
10799.98633  
10863.60763  
10834.40601  
10856.92508  
10858.60132  
10856.00886  
10820.24247  
10790.44301  
10813.90172  
10790.96704  
10854.10707  
10834.28244  
10862.55769  
10829.70365  
10808.13442  
10822.85463  
10816.97042  
10863.55734  
10841.89924  
10862.98333  
10834.68495  
10814.9006  
10800.96003  
10797.23319  
10806.12873  
10784.9088  
10817.84912  
10834.5534  
10853.0097  
10866.99198  
10862.14153  
10891.19828  
10801.96955  
10843.37448  
10855.98326  
10867.44186  
10840.30141  
10831.56452  
10808.40531  
10874.39621  
10850.98532  
10798.72848  
10840.72925  
10793.09229  
10800.68959  
10807.13595  
10809.24644  
10834.12291  
10840.35285  
10818.3139  
10862.19521  
10874.87074  
10865.63477  
10866.81372  
10795.9322  
10855.59964  
10808.98141  
10878.52972  
10827.90336  
10828.79994  
10822.83744  
10876.79182  
10820.48469  
10857.47349  
10839.58615  
10853.18087  
10841.65646  
10808.09696  
10815.42045  
10811.01904  
10845.09113  
10866.03763  
10855.74302  
10865.12416  
10811.82858  
10831.0723  
10798.87183  
10796.10372  
10832.78554  
10795.72593  
10812.08538  
10798.01531  
10766.05036  
10804.90953  
10810.56836  
10813.18251  
10800.31473  
10857.20926  
10867.34769  
10872.00164  
10856.07659  
10819.8329  
10856.74888  
10847.03327  
10837.59413  
10836.05594  
10853.41127  
10836.34602  
10810.6588  
10818.85132  
10833.57865  
10868.76908  
10861.51416  
10868.56131  
10843.2034  
10831.73964  
10832.70428  
10835.6619  
10831.95299  
10821.02079  
10826.89216  
10817.72548  
10847.58151  
10806.58852  
10869.41396  
10884.74512  
10852.32537  
10891.64826  
10862.61809  
10885.21547  
10846.54796  
10823.57781  
10866.56637  
10827.2214  
10828.00317  
10814.24536  
10819.43408  
10830.08029  
10876.73106  
10873.23148  
10879.48996  
10868.86307  
10849.78163  
10814.57286  
10756.64429  
10752.88616  
10789.90785  
10824.02134  
10835.9073  
10846.6844  
10818.08953  
10853.073  
10842.99261  
10837.87908  
10877.72524  
10834.63797  
10835.31763  
10847.75174  
10873.08486  
10863.85418  
10858.34302  
10818.14603  
10831.15398  
10846.56836  
10836.14969  
10825.99034  
10822.12538  
10851.08301  
10828.18269  
10853.62783  
10798.04119  
10823.61154  
10837.99728  
10795.31606  
10802.48546  
10864.81662  
10884.82823  
10880.01667  
10887.28721  
10827.91357  
10801.52138  
10799.13899  
10830.71097  
10803.60348  
10818.76653  
10803.9413  
10825.67118  
10853.57296  
10804.27117  
10834.5038  
10845.7357  
10811.20215  
10843.8818  
10872.99773  
10826.06703  
10798.82781  
10770.02853  
10696.10864  
10684.67491  
10726.06766  
10725.84853  
10729.24759  
10782.22869  
10829.42317  
10830.83116  
10837.06037  
10832.65339  
10847.19943  
10862.69786  
10892.19775  
10848.61883  
10816.63121  
10876.39819  
10878.27825  
10855.07656  
10835.69643  
10883.35439  
10880.63375  
10905.9864  
10900.96568  
10857.10055  
10837.65838  
10853.13707  
10861.74128  
10833.2071  
10858.55779  
10810.91002  
10828.53843  
10837.01018  
10810.77187  
10816.08098  
10820.24847  
10859.74051  
10851.37162  
10833.70616  
10860.43025  
10847.09103  
10845.80479  
10863.18987  
10906.01029  
10889.07886  
10871.94242  
10840.44646  
10852.0278  
10840.60034  
10821.68025  
10841.26123  
10830.78226  
10813.32882  
10799.47454  
10790.07038  
10771.05158  
10783.56902  
10834.70515  
10829.21286  
10845.52832  
10814.51102  
10796.67247  
10796.76336  
10770.58454  
10799.90465  
10791.36147  
10817.88808  
10847.36356  
10854.91399  
10877.24934  
10856.45564  
10838.78533  
10808.63149  
10820.14826  
10865.16643  
10828.3991  
10845.51116  
10827.42955  
10840.75328  
10836.55015  
10844.11809  
10805.6347  
10847.80103  
10822.50914  
10832.65698  
10862.06484  
10869.33632  
10874.13484  
10818.81173  
10788.10418  
10793.91926  
10829.01144  
10780.06805  
10853.71955  
10821.9104  
10872.74522  
10854.99693  
10855.67432  
10868.4948  
10855.9698  
10810.23608  
10811.22907  
10773.87796  
10830.18973  
10819.89879  
10850.12277  
10834.57254  
10843.40949  
10809.54049  
10849.73999  
10829.5829  
10884.08984  
10894.79841  
10905.18269  
10883.91361  
10855.58022  
10897.49812  
10805.38804  
10719.47893  
10858.19322  
10813.17993  
10830.75314  
10817.33991  
10775.46352  
10786.74149  
10791.51855  
10832.94727  
10815.64495  
10873.19008  
10881.80137  
10849.42665  
10802.29984  
10866.56689  
10844.81881  
10832.31655  
10837.08869  
10789.04318  
10757.92473  
10755.84267  
10756.46244  
10807.04356  
10804.85808  
10853.91375  
10834.0045  
10832.03087  
10848.69803  
10883.70033  
10883.48043  
10908.36206  
10910.65785  
10834.70239  
10842.72307  
10837.21052  
10825.06609  
10826.79088  
10837.52044  
10848.99498  
10833.25896  
10873.46  
10877.27246  
10921.04747  
10834.96823  
10815.10264  
10830.10495  
10863.04143  
10869.22342  
10861.56076  
10910.28551  
10870.22112  
10833.55451  
10830.95609  
10900.68209  
10947.31212  
10841.48713  
10852.65855  
10855.72573  
10825.15744  
10812.11499  
10737.93893  
10693.38906  
10678.68262  
10711.44155  
10700.63529  
10753.29471  
10753.90935  
10807.43935  
10872.12116  
10843.04328  
10784.31571  
10841.24376  
10793.20117  
10847.22042  
10828.83454  
10864.26915  
10870.72168  
10863.70417  
10844.26824  
10884.95801  
10919.03505  
10889.47471  
10856.59902  
10840.08067  
10842.70567  
10836.15562  
10881.7846  
10861.31281  
10823.64704  
10880.43136  
10899.26761  
10875.9683  
10891.04513  
10886.53896  
10853.68712  
10848.14771  
10844.88079  
10869.91982  
10846.75506  
10846.49205  
10824.44503  
10800.72318  
10816.75377  
10816.86293  
10844.8531  
10812.70215  
10813.10679  
10794.61496  
10764.13933  
10821.98685  
10811.76249  
10816.90538  
10782.52982  
10803.05776  
10795.6198  
10824.10135  
10831.08465  
10877.56871  
10873.58458  
10884.82213  
10845.41455  
10883.58723  
10835.89108  
10833.64471  
10840.27898  
10883.31285  
10871.67041  
10875.6355  
10842.93579  
10857.26032  
10832.47056  
10866.36659  
10854.87814  
10844.24226  
10791.3276  
10752.06428  
10722.71481  
10808.23532  
10817.42766  
10839.76765  
10818.62235  
10851.23765  
10862.50485  
10829.91197  
10832.50234  
10809.28031  
10863.10086  
10832.56818  
10869.00279  
10885.45093  
10879.27159  
10833.45804  
10852.09828  
10866.40744  
10857.44357  
10828.29349  
10799.29736  
10791.71059  
10796.55333  
10852.17446  
10874.36283  
10868.96404  
10864.12033  
10816.30333  
10845.46317  
10834.36168  
10818.20236  
10870.44671  
10800.07736  
10790.70225  
10811.14533  
10816.66985  
10866.18656  
10860.40733  
10857.97238  
10807.6528  
10818.72433  
10799.48211  
10785.2922  
10801.41159  
10825.90604  
10839.01015  
10820.6326  
10819.16413  
10826.62981  
10866.16514  
10856.50108  
10855.16382  
10814.08541  
10819.92616  
10803.75896  
10836.42442  
10794.19468  
10816.33643  
10809.39523  
10842.29663  
10839.42955  
10856.54893  
10827.30723  
10862.78289  
10823.23274  
10885.49041  
10841.00269  
10878.01786  
10863.71882  
10858.82199  
10837.52288  
10851.14819  
10820.7222  
10875.39886  
10850.38808  
10813.43537  
10793.53495  
10818.18059  
10835.59556  
10829.45145  
10836.11468  
10833.43757  
10838.68373  
10843.06669  
10871.66288  
10867.36827  
10909.21401  
10875.45878  
10858.49083  
10816.30277  
10781.91385  
10731.78383  
10697.28952  
10687.82052  
10683.78885  
10732.21272  
10730.57237  
10739.13449  
10765.86579  
10770.61691  
10764.96076  
10818.53198  
10862.0671  
10864.9556  
10868.56672  
10870.77469  
10900.21164  
10902.90199  
10893.61869  
10887.61342  
10847.78006  
10862.4133  
10834.37633  
10875.02501  
10839.98441  
10836.72893  
10865.38783  
10830.0745  
10821.05751  
10843.79224  
10846.42983  
10891.30657  
10865.22716  
10886.53418  
10881.5746  
10843.98779  
10857.76573  
10859.74226  
10825.80636  
10807.29897  
10816.87849  
10839.90935  
10835.09354  
10846.29743  
10827.38627  
10871.66068  
10888.43199  
10851.96449  
10834.53195  
10820.01224  
10828.63529  
10828.90967  
10782.27058  
10796.82799  
10792.56327  
10869.16881  
10888.1025  
10925.98193  
10896.83332  
10861.13895  
10850.26998  
10798.53258  
10846.6874  
10887.01151  
10902.14244  
10885.0105  
10848.96484  
10817.48577  
10811.17529  
10781.2884  
10765.56309  
10778.27734  
10785.54743  
10806.72635  
10813.11834  
10814.96436  
10812.5385  
10836.84745  
10862.93314  
10852.52072  
10867.42118  
10863.07579  
10840.79454  
10812.39805  
10801.01803  
10813.76186  
10809.48539  
10810.45243  
10834.5919  
10867.32178  
10847.50739  
10829.70511  
10851.02588  
10863.5498  
10912.21034  
10954.02305  
10964.89858  
10845.46118  
10843.08203  
10791.21184  
10824.63958  
10825.30824  
10878.09016  
10847.86813  
10817.11816  
10787.20302  
10779.10955  
10802.91619  
10842.91985  
10852.90744  
10889.6702  
10905.20752  
10942.84487  
10762.9963  
10785.89153  
10794.84263  
10792.37741  
10889.70037  
10843.72154  
10879.4103  
10875.8207  
10830.47409  
10767.92648  
10797.26615  
10832.15681  
10817.71059  
10861.44298  
10848.43052  
10829.11719  
10821.77253  
10835.00366  
10848.20061  
10851.81515  
10820.95637  
10837.30947  
10837.78878  
10829.8366  
10833.38846  
10845.2403  
10827.38647  
10830.8065  
10828.09794  
10843.3584  
10854.35986  
10845.61398  
10825.04028  
10805.22562  
10789.6694  
10819.02288  
10795.95651  
10816.69943  
10825.30988  
10837.68792  
10875.60522  
10859.16556  
10845.78714  
10824.25802  
10810.26594  
10781.45968  
10824.73424  
10811.47914  
10790.9608  
10785.16232  
10803.86823  
10811.34148  
10834.39666  
10831.48748  
10829.57711  
10813.26057  
10838.69332  
10828.80134  
10843.81051  
10820.60073  
10808.26618  
10812.9224  
10820.73873  
10827.72492  
10853.82935  
10842.95225  
10869.06048  
10839.18471  
10827.75199  
10805.95745  
10789.75429  
10826.66117  
10820.66514  
10840.65911  
10824.15524  
10819.80758  
10828.08737  
10849.14101  
10845.6236  
10858.66622  
10835.25656  
10865.01775  
10838.04503  
10820.41131  
10831.11928  
10837.26601  
10808.98887  
10861.40758  
10873.86663  
10899.18869  
10880.7636  
10926.65008  
10823.99236  
10853.99449  
10876.79126  
10871.80399  
10837.38194  
10735.79056  
10677.01099  
10644.60847  
10692.5414  
10683.26873  
10736.42442  
10775.4811  
10787.3615  
10835.11366  
10824.29161  
10859.31131  
10832.88114  
10821.39338  
10786.99707  
10801.84337  
10821.19706  
10858.65433  
10864.34424  
10888.92017  
10822.78561  
10829.89879  
10842.05078  
10899.15702  
10876.99857  
10875.37877  
10857.09281  
10848.01702  
10814.54311  
10826.4683  
10826.29872  
10893.4579  
10872.19796  
10833.79946  
10837.63135  
10842.90632  
10835.53544  
10854.98936  
10900.29806  
10888.4043  
10855.82118  
10830.83824  
10875.03673  
10837.75408  
10836.41772  
10810.06083  
10821.17069  
10795.17923  
10804.65744  
10797.01807  
10797.39202  
10787.19078  
10806.84204  
10847.64397  
10801.7703  
