11580.43636  
11392.15698  
11318.91155  
11170.26063  
11201.4763  
11070.66866  
11220.25811  
11263.69154  
11160.71533  
11288.09486  
11148.11015  
11126.65833  
11072.66681  
11131.94663  
11206.81788  
11214.93127  
11291.72259  
11306.17701  
11259.95498  
11288.66983  
11267.3088  
11107.22536  
11255.34364  
11283.01969  
11299.65956  
11348.6479  
11299.71376  
11301.72106  
11255.32713  
11262.53271  
11176.14992  
11323.00309  
11366.34037  
11326.81984  
11272.58709  
11205.09857  
11180.03813  
11249.41527  
11286.1128  
11297.12277  
11373.04688  
11248.88734  
11381.09448  
11290.44597  
11313.30459  
11253.65487  
11218.81956  
11192.57894  
11218.69963  
11255.60406  
11242.64832  
11233.17666  
11292.63515  
11180.19432  
11218.52384  
11222.27142  
11285.0474  
11264.6867  
11195.06546  
11197.36246  
11150.62608  
11215.47318  
11264.56278  
11291.85437  
11311.34268  
11245.58454  
11273.56424  
11258.94015  
11172.85451  
11243.89734  
11271.45925  
11212.2896  
11209.00267  
11212.36232  
11197.46157  
11222.98457  
11200.45553  
11274.33817  
11259.5975  
11224.78053  
11276.25271  
11255.40926  
11229.46751  
11372.77725  
11475.44356  
11279.99279  
11270.09202  
11003.07812  
11304.15752  
11254.76783  
11174.24215  
11238.67404  
11154.20482  
11140.85772  
11258.16317  
11171.61276  
11313.9879  
11276.90066  
11266.03765  
11268.8502  
11332.75475  
11296.75623  
11343.97389  
11268.22869  
11286.67415  
11313.5167  
11247.7463  
11276.79592  
11316.84164  
11253.72164  
11313.64491  
11307.87527  
11333.17094  
11361.35783  
11285.59646  
11189.32806  
11270.52284  
11282.34652  
11202.1722  
11021.33918  
11134.19247  
11137.96336  
11262.60858  
11258.97046  
11267.77199  
11228.27353  
11150.2733  
11167.86606  
11213.33436  
11141.81607  
11173.99629  
11166.05032  
11155.5297  
11149.00912  
11168.9482  
11172.96349  
11169.97616  
11249.91846  
11378.14656  
11402.96924  
11252.91016  
11249.34982  
11262.52997  
11261.99457  
11337.01948  
11224.20361  
11307.84942  
11301.13279  
11266.85257  
11335.60823  
11258.98456  
11308.41562  
11275.0458  
11248.33677  
11211.54696  
11210.92023  
11311.03619  
11298.44586  
11331.01751  
11296.75394  
11261.38956  
11372.13279  
11263.90001  
11336.71398  
11271.42176  
11249.07018  
11292.04741  
11171.1622  
11293.36843  
11269.81982  
11285.83448  
11348.36917  
11269.21165  
11244.92169  
11194.74529  
11215.74132  
11234.61825  
11212.03348  
11261.5281  
11275.85039  
11213.6569  
11215.9115  
11317.37779  
11220.08738  
11233.59561  
11128.65536  
11154.76137  
11196.96064  
11281.73455  
11171.0989  
11234.39529  
11207.80462  
11210.13168  
11173.55154  
11295.65077  
11167.28125  
11238.04289  
10866.95106  
11166.62464  
11178.95765  
11193.37623  
11141.48839  
11212.87378  
11100.59229  
11298.82601  
11069.25566  
11305.67202  
11278.90152  
11233.78024  
11280.77661  
11227.93392  
11248.63417  
11223.97734  
11312.97958  
11319.0303  
11262.55888  
11310.11336  
11239.54552  
11246.89677  
11276.63212  
11209.65436  
11218.26884  
11162.15803  
11253.05478  
11334.86631  
11253.88108  
11337.71791  
11363.59899  
11583.03578  
11511.7607  
11283.66989  
11326.53572  
11368.27965  
11346.71498  
11179.6101  
11330.1988  
11157.45215  
11230.38184  
11340.19634  
11349.26901  
11266.43292  
11307.81604  
11209.45135  
11244.90443  
11226.87575  
11454.87218  
11304.85753  
11355.86932  
11381.08592  
11437.75113  
11167.48575  
11208.32551  
11306.08604  
11287.84996  
11421.49982  
11267.05906  
11229.35382  
11258.48632  
11320.4096  
10961.0206  
11241.88328  
11231.60797  
11227.64521  
10795.50277  
11721.98193  
11442.98406  
11374.681  
11269.01096  
11188.27872  
11270.02672  
11225.91835  
11155.52106  
11188.87096  
11234.71748  
11338.86392  
11358.84308  
11335.13215  
11355.35574  
11321.09901  
11260.0211  
11235.94268  
11144.3889  
11173.50504  
11143.33117  
11149.14145  
11185.37358  
11233.35554  
11189.37734  
11263.56541  
11139.60872  
11148.08969  
11222.45203  
11285.4622  
11160.84294  
11202.45064  
11148.53821  
11278.64695  
11356.06341  
11009.85541  
11112.40481  
11065.6682  
11161.05932  
11088.36682  
11181.30521  
11291.59129  
11289.03495  
11227.09996  
11204.6058  
11340.96822  
11251.92758  
11273.80768  
11218.65379  
11242.57955  
11312.4037  
11287.58214  
11313.53675  
11313.61814  
11257.69585  
11248.07255  
11305.40869  
11245.20841  
11266.82488  
11263.17152  
11258.17529  
11337.57366  
11229.18262  
11366.08816  
11289.36139  
11570.66395  
11069.02699  
11018.39859  
11120.66866  
11156.89269  
11127.60181  
11250.1817  
11240.49647  
11255.56776  
11238.44467  
11282.07283  
11230.28144  
11207.29731  
11217.44219  
11266.6661  
11195.73211  
11182.44987  
11232.81597  
11272.20483  
11290.92061  
11267.52482  
11210.56966  
11167.70121  
11080.18389  
11134.81648  
11296.38108  
11370.89062  
11328.15991  
11192.99686  
11223.4205  
11198.1972  
11105.72809  
11208.13148  
11113.13594  
11226.38511  
11216.90061  
11241.73611  
11239.4209  
11286.98585  
11256.98425  
11218.05762  
11268.45358  
11209.18378  
11422.12407  
11258.70381  
11330.97184  
11255.57  
11267.56759  
11253.17044  
11163.14313  
11223.87462  
11152.53106  
11229.71057  
11365.73837  
11185.89253  
11234.8107  
11266.94866  
11244.44181  
11259.91269  
11258.40475  
11233.37907  
11284.4521  
11316.35428  
11397.12568  
11318.66073  
11268.4665  
11259.5605  
11205.55822  
11122.84406  
11176.15363  
11126.88579  
11281.26211  
11258.38687  
11299.08395  
11312.0712  
11334.17126  
11468.21634  
11321.21245  
11275.4044  
11335.85549  
11326.20241  
11274.05317  
11302.35916  
11193.30286  
11090.98082  
11089.09497  
11159.86617  
11198.96076  
11285.78096  
11191.79159  
11231.29279  
11201.28571  
11263.46251  
11301.65658  
11306.56938  
11262.98147  
11206.76274  
11281.35387  
11382.19114  
11334.89691  
11349.09615  
11244.47519  
11330.11769  
11425.67326  
11365.88765  
11340.3136  
11323.38974  
11354.57932  
11278.17302  
11616.84468  
11368.23371  
11212.63551  
11038.53492  
11223.5093  
11160.06242  
11262.67382  
11259.76358  
11205.42494  
11222.0916  
11172.62756  
11237.22319  
11251.533  
11211.22013  
11310.32528  
11345.94282  
11282.50024  
11297.28869  
11342.21204  
11294.86377  
11343.01388  
11225.36839  
11234.33618  
11224.38187  
11245.43507  
11212.28559  
11283.63248  
10981.15953  
11270.32935  
11214.25953  
11234.91838  
11159.96292  
11174.45698  
11059.09488  
11126.68858  
11255.80493  
11252.02105  
11260.47622  
11262.08163  
11262.20451  
11250.05273  
11277.47563  
11270.66197  
11205.24082  
11292.85065  
11150.75395  
11067.82992  
11037.97832  
11408.18415  
10848.78462  
11308.54221  
11327.43111  
11349.52144  
11292.14876  
11264.49858  
11328.63097  
11260.1703  
11311.06501  
11327.66369  
11265.44602  
11268.91381  
11289.83132  
11195.91515  
11205.05817  
11224.63089  
11224.66655  
11119.73522  
11130.64334  
11119.36337  
11161.51314  
11157.99929  
11196.56313  
11222.65111  
11303.46434  
11195.82745  
11325.26264  
11175.58798  
11188.51652  
11311.96909  
11267.11259  
11314.94127  
11327.10135  
11239.06228  
11249.58418  
11245.24984  
11049.78439  
11107.17668  
11058.66681  
11151.47108  
11173.04577  
11186.00812  
11247.07629  
11260.1747  
11206.51549  
11260.109  
11153.91937  
11255.21369  
11226.14896  
11172.20862  
11225.79372  
11137.08932  
11289.94891  
11228.10789  
11208.75874  
11205.82113  
11158.40686  
11119.64317  
11272.23108  
11237.89989  
11142.90435  
11208.24561  
11145.18915  
11222.90887  
11298.27257  
11105.75084  
11061.62385  
11062.29106  
11091.7775  
11278.00831  
11228.69252  
11385.85191  
11802.80353  
11258.71042  
11374.47615  
11051.37772  
11111.12567  
11371.47186  
11860.84423  
11400.82808  
11551.12735  
11389.8858  
11323.08172  
11285.7396  
11282.10372  
11313.79628  
11341.8493  
11332.84322  
11716.04144  
11628.02734  
11273.37853  
11328.20896  
11427.46341  
11301.69951  
11269.70603  
11327.49048  
11333.99427  
11400.41703  
11456.15652  
11350.51191  
11529.68773  
11368.33546  
11283.85884  
11255.60795  
11149.75337  
11175.81403  
11268.4711  
11296.62882  
11318.03593  
11229.27825  
11228.61166  
11315.73338  
11290.77998  
11175.94662  
11165.56305  
11250.79224  
11683.45807  
10638.68144  
11182.378  
11153.98679  
11261.68577  
11220.24146  
11273.28843  
11204.69417  
11202.66209  
11163.14401  
11106.66332  
11146.64944  
11193.55946  
11227.68528  
11224.34287  
11188.93792  
11124.40626  
11233.38479  
11201.44203  
11158.73504  
11257.1869  
11153.67412  
11650.98269  
11421.37898  
10867.48938  
11397.66407  
11342.42083  
11306.88752  
11303.74137  
11165.41804  
11227.68231  
11208.41187  
11215.93184  
11144.29316  
11136.42637  
11250.71884  
11057.11275  
11117.06701  
11198.52024  
11193.23979  
11213.75787  
11171.62309  
11342.17813  
11312.57151  
11113.02628  
11099.9217  
11213.10047  
11189.44833  
11148.57351  
11234.92375  
11254.21375  
11337.38335  
11252.98247  
11150.1092  
11168.95087  
11072.75447  
11095.15037  
11208.25752  
11176.49249  
11252.59224  
11261.34015  
11376.34852  
11376.56499  
11249.98535  
11183.56747  
11007.4994  
11235.88307  
11296.32322  
11287.53462  
11352.85352  
10890.11525  
11167.42  
11217.66923  
11143.16371  
11332.91025  
11288.18353  
11167.73492  
11240.22433  
11312.53857  
11246.11906  
11296.24163  
11227.533  
11274.93278  
11249.45974  
11145.17263  
11270.30463  
11253.48668  
11264.104  
11310.32858  
11285.89887  
11561.70599  
11321.06064  
11363.92115  
11567.95122  
11346.54836  
11130.73413  
11145.56363  
11029.64502  
11108.66365  
11144.57668  
11171.32292  
11209.50297  
11236.4826  
11149.09493  
11158.61355  
11297.57037  
11345.61661  
11233.11975  
11237.29912  
11190.14868  
11253.76334  
11201.01352  
11181.18304  
11221.3243  
11199.90866  
11438.60303  
11558.98499  
11587.42421  
10913.56155  
11119.19922  
11551.92013  
10974.02668  
11235.21993  
11356.23775  
11208.85979  
11251.84335  
11285.43781  
11238.35502  
11315.93617  
11331.69377  
11316.8825  
11277.11905  
11203.98139  
11292.23262  
10793.87098  
11136.19063  
11553.19194  
11165.04907  
11004.56926  
11275.03136  
11380.29831  
11287.07696  
11013.12735  
11098.73803  
11152.39379  
11184.30363  
11244.0874  
11274.5835  
11197.10657  
11246.69126  
11310.65261  
11273.55829  
11304.5693  
11296.94127  
11293.72989  
11216.41772  
11315.78473  
11182.59224  
11185.43857  
11264.33698  
11222.95675  
11179.04919  
11226.12133  
11254.91811  
11276.64027  
11290.88653  
11324.02357  
11379.38145  
11260.64832  
11248.59197  
11245.51973  
11271.75644  
11493.44007  
11510.97684  
11292.64237  
11278.82648  
11272.09306  
11365.80915  
11177.41138  
11251.36985  
11220.09297  
11325.43426  
11288.75677  
11114.42944  
11174.37631  
11131.74045  
11341.27659  
11167.21578  
11331.9719  
11557.99162  
11045.77876  
11207.42145  
11196.76565  
11103.10519  
11161.84747  
11229.39091  
11108.23016  
11290.13585  
11194.53443  
11279.73493  
11228.45566  
11271.90319  
11334.61752  
11315.20885  
11433.29994  
11286.24404  
11373.14096  
11321.94486  
11323.27187  
11300.30251  
11249.58907  
11377.97519  
11271.66077  
11200.29993  
11270.30935  
11245.62006  
11263.65617  
11334.20265  
11443.0411  
11580.51528  
11269.77098  
11247.77923  
11307.7793  
11241.36077  
11266.97363  
11196.34996  
11015.15252  
11162.42314  
11256.85525  
11378.09211  
11279.94245  
11181.38261  
11128.58687  
11216.44126  
11137.35178  
11218.82841  
11176.57433  
11192.17291  
11294.14004  
11264.91677  
11275.37948  
11114.92468  
11194.67194  
11266.31684  
11325.37843  
11340.62584  
11292.51358  
11290.31654  
11267.30391  
11120.7061  
11521.65456  
11077.97459  
10890.02849  
11108.46043  
11137.47341  
11152.60844  
11244.37675  
11214.87267  
11270.91128  
11298.76103  
11321.51579  
11205.56201  
11103.32875  
11145.91974  
11197.53006  
11304.39429  
11208.65884  
11297.00586  
11062.89273  
11511.8449  
11424.39426  
11320.3914  
11294.57247  
11218.73275  
11290.9426  
11247.91976  
11269.37327  
11372.37988  
11350.14917  
11353.46367  
11388.03349  
11364.16555  
11226.84064  
11319.74769  
11209.27497  
11133.25539  
11245.16568  
11404.03543  
11298.34149  
11528.9744  
11273.96177  
11087.75873  
11085.90329  
11197.52855  
11156.10873  
11198.66282  
11263.62352  
11309.39273  
11286.25424  
11315.23636  
11562.55064  
11196.66898  
11513.03074  
11035.05043  
11139.11613  
11141.58481  
11214.976  
11134.99003  
11163.87802  
11087.01651  
11110.13625  
11233.24864  
11133.87569  
11103.96208  
11186.07182  
11167.89674  
11253.28744  
11100.80411  
11224.63148  
11047.27005  
11188.31792  
11046.86028  
11232.48826  
11250.20119  
11233.45306  
11233.84669  
11265.99357  
11319.58886  
11306.77307  
11338.48031  
11365.56732  
11208.54144  
11287.64693  
11142.44021  
11210.91646  
11214.36184  
11192.22698  
11344.12966  
11374.87224  
11102.33142  
11048.29678  
11205.55165  
11531.28942  
11381.56687  
11302.60669  
11296.81804  
11123.58676  
11223.12926  
11206.47277  
11382.78229  
11336.70071  
11418.09082  
11341.43256  
11366.55535  
11265.53437  
11208.70238  
11142.78801  
11282.60398  
11280.25889  
11279.67903  
11287.9291  
11246.61148  
11226.46158  
11276.62945  
11292.75904  
11249.14857  
11263.12072  
11266.98007  
11280.49445  
11276.83502  
11450.74161  
11045.03806  
11275.4664  
11181.77931  
11250.01766  
11286.31779  
11126.88716  
11234.94126  
11201.97326  
11196.55056  
11237.62359  
11574.8684  
10666.42918  
11448.3631  
11352.85467  
11272.81195  
11258.58228  
11218.57713  
11131.04512  
11227.93419  
11275.38592  
11251.61617  
11229.20761  
11286.63412  
11527.66293  
11178.58514  
11347.89921  
11310.07926  
11417.02153  
11344.47456  
11333.75801  
11097.13259  
11487.22958  
11412.2714  
11412.12513  
11116.45054  
11261.72744  
11239.52626  
11455.07231  
11448.39144  
11284.91208  
11203.93783  
11356.01889  
11354.73103  
11309.2298  
11350.6864  
11313.18024  
11236.62632  
11109.92642  
11258.71208  
11307.97706  
11119.552  
11312.42077  
11247.70061  
11072.31108  
11165.62658  
11155.3052  
11225.60471  
11211.9308  
11332.63059  
11513.50486  
11055.1541  
11068.49962  
11165.89569  
11263.65798  
11166.34701  
11149.97795  
11227.81598  
11204.97983  
11239.82235  
11243.9217  
11212.65278  
11163.09813  
11181.79942  
11158.73299  
11229.76274  
11157.19992  
11337.72706  
11172.41053  
11362.89864  
11378.50012  
11158.24063  
11122.8835  
11218.78109  
11057.79714  
11233.31035  
11251.57903  
11235.68481  
11245.6271  
11269.19116  
11215.21145  
11177.65333  
11260.24311  
11239.34133  
11244.40787  
11204.61652  
11160.45062  
11213.33872  
11325.53283  
11175.13532  
11078.44988  
11181.89762  
11182.44531  
11274.19147  
11185.05779  
11364.06936  
11203.54085  
11272.7954  
11202.09894  
11134.51214  
11237.76553  
11132.14915  
11241.51296  
11252.74371  
11223.56504  
11271.76652  
11206.89572  
11231.05499  
11195.78212  
11143.4196  
11181.30714  
11217.36507  
11200.69124  
11191.908  
11240.21466  
11509.97124  
11475.986  
11337.70259  
11228.80187  
11260.87673  
11212.76935  
11206.27069  
11152.24845  
11131.0544  
11107.26329  
11170.34941  
11129.73944  
10958.90208  
11742.44981  
11511.28805  
11364.27536  
11251.5632  
11243.04787  
11223.9716  
11286.41808  
11333.58638  
11294.57637  
11365.10773  
11279.35165  
11281.63727  
11084.11102  
11069.62493  
11121.65865  
11173.23586  
11168.37349  
11196.62977  
11173.7059  
11160.61681  
11236.03995  
11186.56159  
11308.49502  
11261.88687  
11296.4917  
11343.83563  
11317.70552  
11201.1708  
11167.86135  
11120.37496  
11232.30784  
11031.63145  
10887.58827  
11165.87928  
11206.29597  
11304.07978  
11250.18204  
11170.7478  
11191.13965  
11176.09945  
11202.59392  
11346.08492  
11131.72483  
11268.45033  
11266.61776  
11335.35803  
11373.51408  
11335.20035  
11303.26527  
11427.07491  
11153.986  
11087.21203  
11205.62411  
11226.8182  
11309.70648  
11323.3959  
11326.73808  
11375.16603  
11291.17542  
11395.49592  
11094.69293  
11531.41357  
11339.41311  
11294.34229  
11263.07993  
11242.23298  
11219.03856  
11237.22813  
11355.64797  
11345.9788  
11337.79205  
11245.68126  
11253.08926  
11230.68425  
11221.79462  
11148.70382  
11580.09024  
11238.94165  
11062.43255  
11326.57391  
11267.60736  
11200.21686  
11267.52994  
11287.97075  
11214.6193  
11302.90574  
11219.17263  
11318.29377  
11363.26667  
11344.00695  
11370.69136  
11349.38848  
11378.66445  
11357.35323  
11345.00103  
11428.811  
11433.52006  
11341.91752  
11330.23972  
11432.26124  
11515.28502  
11336.21808  
11348.95223  
11274.46096  
11335.15474  
11209.33703  
11292.23373  
11253.13164  
11223.42751  
11210.52108  
11204.4853  
11303.18643  
11284.0867  
11315.09231  
11248.6429  
11186.60652  
11195.9852  
11220.08363  
11147.24097  
11219.76912  
11158.45291  
11256.51851  
11170.54921  
11204.23246  
11149.66079  
11224.44245  
11213.07166  
11172.61367  
11189.88414  
11250.13219  
11171.38556  
11221.8091  
11204.13624  
11260.9288  
11165.69386  
11123.69532  
11157.60363  
11135.72636  
11105.63283  
11144.05509  
11194.36142  
11102.24706  
11113.66418  
11102.35339  
11148.54772  
11280.83514  
11192.64833  
11286.66522  
11442.35054  
11179.7643  
11576.27441  
11278.85419  
11202.30653  
11137.51439  
11135.12133  
11157.83533  
11147.96153  
11190.98226  
11196.00475  
11297.61532  
11255.05724  
11119.57295  
11157.09496  
11125.90911  
10970.38791  
11111.03781  
11134.85337  
11114.65404  
11154.78472  
11205.67032  
11171.86843  
11131.49026  
11155.27322  
11196.16435  
11110.3343  
11007.80293  
11372.94461  
11135.00306  
11260.28655  
11216.86481  
11410.20312  
11256.86063  
11366.9246  
11487.10005  
11487.09146  
11498.64521  
11548.52328  
11444.5117  
11440.86461  
11414.99978  
11322.50752  
11335.15244  
11324.60109  
11285.65063  
11278.97248  
11303.06545  
11308.6334  
11363.64122  
11374.04781  
11406.43495  
11404.26882  
11569.94818  
11333.51152  
11211.96669  
11277.45248  
11306.75553  
11329.38889  
11344.86821  
11440.90427  
11498.53047  
11407.7294  
11438.37012  
11302.25981  
11243.36186  
11302.96966  
11225.3923  
11082.1852  
11281.24796  
11224.96835  
11195.36126  
10979.94469  
11142.95856  
11132.65683  
11168.31632  
11277.34044  
11308.06911  
11227.02355  
11227.59513  
11155.56792  
11114.70994  
11250.57917  
11181.78698  
11338.1244  
11296.61404  
11359.68703  
11359.59842  
11049.68523  
10925.06601  
11077.28108  
11281.84439  
11252.41768  
11184.17967  
11096.50786  
11096.31667  
11086.27759  
11141.075  
11130.12016  
11176.8354  
11116.93043  
11267.65707  
11441.12571  
11241.72607  
11226.18857  
11211.59881  
11239.22918  
11355.40639  
11182.40252  
11259.87287  
11233.26365  
11306.46859  
11295.00366  
11331.11071  
11267.60566  
11295.78437  
11346.43253  
11370.36108  
11346.01498  
11346.27794  
11421.58154  
11103.69467  
10641.57301  
11003.28509  
11123.0701  
11183.26111  
11165.7707  
11218.99003  
11159.30987  
11254.97479  
11163.68628  
11325.49001  
11292.80807  
11259.12016  
11224.89328  
11227.39799  
11283.709  
11252.7656  
11288.7668  
11213.51582  
11314.06858  
11238.89061  
11229.16029  
11308.54242  
11337.30906  
11312.8608  
11355.78822  
11452.10791  
11410.87061  
11368.03967  
11269.75204  
11202.89424  
11187.3188  
11195.27237  
11202.39289  
11182.15014  
11284.33438  
11256.78982  
11196.45776  
11088.54954  
11195.1375  
11149.78718  
11249.86754  
11252.20471  
11136.61823  
10964.98071  
11562.61257  
11048.50819  
11019.00283  
10998.72044  
11019.574  
11061.66102  
11058.32271  
11244.84968  
11338.31919  
11423.12287  
11314.34766  
11281.34732  
11190.82262  
11216.68245  
11187.93474  
11289.37153  
11337.27621  
11262.74509  
11311.44054  
11305.51066  
11367.9613  
11351.12473  
11363.81176  
11318.86501  
11373.41879  
11267.19541  
11324.61222  
11214.30047  
11040.70871  
10877.8851  
10846.22866  
10929.15816  
10931.75554  
11004.00476  
10946.97916  
11521.02997  
11312.68124  
11277.53256  
11311.24645  
11242.50136  
11194.65673  
11192.4826  
11202.19368  
11265.96365  
11285.4055  
11225.11956  
11169.53222  
11176.90117  
11059.81517  
11074.28731  
11135.4225  
11155.22201  
11230.97936  
11232.90788  
11249.93924  
11264.33974  
11258.71336  
11324.47476  
11419.31998  
11423.51463  
11353.20209  
11321.58766  
11320.21198  
11294.84181  
11264.2246  
11360.98947  
11326.66148  
11243.39453  
11289.65543  
11386.87511  
11294.08896  
11264.16628  
11281.31775  
11309.54826  
11442.68997  
11456.3564  
11446.92524  
11558.00287  
11435.82011  
10060.35213  
8546.155362  
11244.21791  
11548.97026  
11714.80899  
11510.33062  
11399.54359  
11430.74528  
11407.61357  
11308.46329  
11363.26924  
11247.84672  
11343.80848  
11280.64404  
11268.24229  
11400.09355  
11453.08485  
11487.30893  
11597.47359  
11538.36317  
10205.58638  
11611.65787  
11851.40032  
11550.37427  
11471.62271  
11330.3511  
11468.84386  
11322.82211  
11462.30473  
11518.59853  
11366.45908  
11367.70896  
11300.61617  
11372.96403  
11268.55499  
11356.89363  
11360.03134  
11345.76233  
11553.88215  
11442.07788  
11480.54337  
10911.9547  
11213.10729  
11380.92424  
11334.68422  
11375.23098  
11187.43695  
11237.60803  
11205.75413  
11391.41063  
11296.24119  
11302.21176  
11187.62493  
11091.54996  
11115.06652  
11075.9126  
11097.66306  
11113.09647  
11214.43712  
11345.77785  
11217.76875  
11168.12991  
11155.0068  
11211.10026  
11267.11887  
11229.9112  
11213.41986  
11109.68628  
11366.43264  
11208.01888  
11179.21012  
11179.70807  
11150.09495  
11193.68734  
11237.3236  
11250.03607  
11290.51594  
11240.7587  
11339.25777  
11286.54569  
11265.61315  
11221.96487  
11378.71662  
11323.30478  
11162.55116  
11245.61887  
11223.52251  
11235.74401  
11129.04406  
11420.66858  
11197.61674  
11192.40349  
11183.76954  
11188.31578  
11213.16726  
11304.87096  
11332.64238  
11205.46569  
11197.6541  
11336.6964  
11307.08358  
11369.87944  
11372.82967  
11267.96725  
11235.08576  
11133.14767  
11190.00686  
11199.32695  
11228.92565  
11214.53598  
11303.0608  
11613.94247  
11253.8215  
11199.10994  
11069.58539  
11392.10589  
11204.28232  
11194.11811  
11216.51946  
11197.72483  
11247.58345  
11253.73897  
11256.83605  
11218.02026  
11165.29124  
11061.63454  
11167.76402  
11264.35342  
11374.1228  
11321.62342  
11375.06163  
11404.59612  
11343.39611  
11450.72925  
11432.72694  
11345.19136  
11304.64132  
11230.77464  
11362.52819  
11270.25051  
11171.28424  
11188.38758  
11118.90503  
11174.9633  
11165.53352  
11105.15513  
11218.80424  
11164.16541  
11278.10176  
11200.06461  
11285.87001  
11384.15804  
11185.40947  
11364.44895  
11246.18541  
11244.18455  
11279.18932  
10880.98515  
11171.61701  
11158.86543  
10999.16203  
11141.82583  
11201.42321  
11213.32104  
11249.76651  
11341.66042  
11260.93  
11265.70372  
11200.49092  
11185.37572  
11178.11981  
11242.15076  
11266.23858  
11094.14694  
11181.12625  
11277.2747  
11230.95261  
11217.02384  
11266.57066  
11253.29025  
11323.92283  
11219.06405  
11180.30014  
11280.09138  
11346.53968  
11308.33307  
11255.84243  
11240.95663  
11207.58431  
11215.00394  
11119.55879  
11346.90898  
10651.5013  
11210.98762  
11184.33464  
11161.26935  
11188.57324  
11177.93174  
11262.24964  
11191.06185  
11263.76454  
11321.85363  
11372.26797  
11402.74208  
11448.22983  
11431.97987  
11420.95341  
11298.92578  
11321.80302  
11273.24137  
11314.85344  
11026.08012  
11104.78113  
11176.85394  
11369.97983  
11309.67805  
11301.78291  
11199.42851  
11235.38359  
11276.69986  
11308.25727  
11077.04759  
11247.24854  
11207.09175  
11349.40334  
11281.2797  
11350.31748  
11450.09526  
11416.22769  
11385.76058  
11363.14114  
11398.28213  
11297.34892  
11378.98091  
11188.98626  
11054.81087  
11370.36051  
11417.25229  
11302.28209  
11172.53152  
11243.67578  
11074.75559  
11259.48684  
11284.2688  
11155.41315  
11169.62999  
11066.09327  
11448.05671  
11028.00957  
11129.32819  
11214.21238  
11221.20823  
11277.25646  
11299.95928  
11356.21945  
11442.16903  
11368.27912  
10950.79478  
11125.05999  
11252.57918  
11211.71594  
11230.5501  
11264.25593  
11184.85633  
11341.38608  
11197.62155  
11242.63332  
11292.21748  
11346.78187  
11325.12584  
11283.08696  
11307.83741  
11292.33933  
11257.40643  
11213.20372  
11193.84966  
11265.1508  
11247.96138  
11322.29286  
11179.26295  
11240.83608  
11362.57073  
11073.29717  
11090.99419  
11240.73662  
11418.53604  
11288.94213  
11468.35077  
11308.81254  
11255.25459  
10994.95183  
11073.19201  
11152.38687  
11199.1647  
11231.21014  
11204.39327  
11117.32482  
11029.92456  
11088.69134  
11161.95506  
11119.18943  
11137.91289  
11166.26192  
11089.08953  
11130.75886  
11144.15574  
11242.94915  
11259.0902  
11269.91531  
11273.84979  
11306.98446  
11250.77471  
11207.366  
11083.909  
11320.11062  
11359.80691  
11161.17364  
11288.74584  
11356.24935  
11357.26993  
11252.53891  
11411.97014  
11299.78704  
11355.82649  
11338.30114  
11308.15221  
11266.79206  
11111.18339  
11113.53802  
11149.16251  
11224.1558  
11244.92705  
11156.28356  
11173.27952  
11250.56267  
11242.82234  
11309.47908  
11314.38328  
11288.91967  
11341.94158  
11322.09268  
11278.50236  
11342.78387  
11390.22459  
11337.43551  
11385.15921  
11317.53432  
11326.20827  
11359.54864  
11103.83083  
11134.93682  
11481.94407  
11098.80428  
11131.7978  
11095.59535  
11154.54851  
11175.05415  
11201.59205  
11269.45284  
11189.98409  
11148.83314  
11085.82767  
11234.36954  
11374.32245  
10962.59143  
11181.45601  
11156.77268  
10554.53574  
11348.41313  
11273.48477  
11301.82484  
11404.03065  
11519.2763  
11617.74217  
11514.68626  
11533.47434  
11488.94349  
10905.16194  
11095.66525  
11326.12911  
11369.93435  
11440.00536  
11463.67394  
11239.16862  
11259.80796  
11320.70719  
11337.94303  
11351.93326  
11356.51445  
11325.15927  
11299.44254  
11314.28113  
11255.1938  
11284.6036  
11337.16355  
11634.17867  
11138.44359  
10752.18222  
11265.63346  
11264.53348  
11255.27035  
11330.40876  
11294.91019  
11394.06039  
11097.31477  
11482.1871  
11155.4626  
11162.90715  
11189.15419  
11158.62364  
11186.35665  
11297.5568  
11249.87877  
11288.40352  
11286.96069  
11367.58241  
11089.99303  
11241.00886  
11357.25965  
11219.36685  
11312.78935  
11359.21214  
11411.46948  
11148.63859  
11343.31026  
11158.40525  
11220.22629  
11159.3729  
11205.93162  
11145.3685  
11171.98515  
11171.27854  
11156.54432  
11078.66997  
11161.78618  
11116.128  
11167.25082  
11322.45361  
11284.80371  
11289.8994  
11222.60915  
11126.1189  
10981.27348  
11304.37528  
11243.18446  
11340.78246  
11386.39463  
11478.02755  
11392.90514  
11467.7982  
11273.63335  
11311.50717  
11066.97071  
11066.8827  
11198.72541  
11156.95534  
11137.52195  
11028.10602  
11156.89443  
11139.28802  
11056.8604  
11140.71176  
11175.06996  
11234.08807  
11152.0572  
11215.8847  
11238.51869  
11235.20317  
11189.71109  
11191.0624  
11250.68587  
11305.54988  
11432.33063  
11168.88909  
11247.31288  
11230.93517  
11394.52009  
11343.0479  
11342.78664  
11422.53418  
11448.55088  
11418.50618  
11542.1234  
11029.31769  
11089.42173  
11493.7621  
11342.1038  
11248.69482  
11374.13718  
11401.38563  
11497.80285  
10997.40228  
11051.87673  
11270.78986  
11167.38721  
11228.01341  
11348.11546  
11220.635  
11170.76842  
11200.00287  
11291.82613  
11290.13231  
11391.79413  
11252.38328  
11364.50863  
11153.55824  
11222.0407  
11024.84847  
11234.43843  
11296.06893  
11418.20742  
11318.41467  
11271.99084  
11216.46733  
11489.45863  
10852.95612  
11360.77455  
11321.53409  
11341.72371  
11060.2488  
10992.28195  
11080.98784  
11121.6372  
10778.42217  
11423.08173  
11380.43407  
11391.78658  
11415.75413  
11290.33949  
11212.90319  
11189.11752  
11187.48454  
11261.87263  
11375.30114  
11443.78842  
11406.83385  
11302.76385  
11111.01602  
11128.69046  
11239.25701  
11222.70652  
11245.53385  
11254.51192  
11308.15047  
11327.93458  
11191.63998  
11198.74132  
11263.10875  
11087.04664  
11294.52878  
11119.79022  
11109.37948  
11101.50831  
11239.33951  
10451.60458  
11497.1514  
11563.04547  
11488.10467  
11358.43063  
11304.14842  
11381.82407  
11260.39612  
11377.86217  
11525.39768  
11277.74076  
11039.91532  
11368.13839  
11268.90541  
11341.08388  
11221.67715  
11226.44953  
11224.83336  
11361.61119  
11342.08339  
11345.8934  
11330.56531  
11227.92893  
11311.10549  
11276.52563  
11285.91323  
10503.67559  
11115.1818  
11360.7577  
11385.89413  
11139.34598  
11098.67019  
11131.2207  
11313.53384  
11127.21695  
11385.28815  
11135.66756  
11258.50656  
11304.86016  
11147.59705  
11181.08285  
11117.68365  
11164.57407  
11186.45683  
11234.8244  
11349.98577  
11406.99132  
11522.85045  
11370.31931  
10901.72229  
11157.52209  
11475.79814  
11475.51041  
11255.71631  
11350.69126  
11286.09219  
11276.39016  
11425.3465  
11386.15911  
11325.89129  
11570.97445  
11395.32533  
11476.78073  
11414.72409  
11370.80344  
11346.24827  
11287.73977  
11377.69744  
11401.24112  
11412.80973  
11167.96444  
10924.10844  
11168.92691  
11093.62143  
11153.70188  
11127.14463  
11210.75599  
11218.62445  
11058.92973  
11208.36568  
11226.40334  
11260.04646  
11201.25692  
11303.87431  
11266.37931  
11245.52934  
11227.04916  
11133.27326  
11185.63958  
11224.41537  
11305.7818  
11351.89557  
11317.36745  
11333.06401  
11342.88057  
11187.73253  
11314.59823  
11162.33108  
11215.94042  
11113.85511  
11178.09172  
11023.3217  
11134.91907  
11207.50507  
11097.57039  
11243.69912  
10712.87261  
11232.44123  
11377.88224  
11271.13386  
11218.7466  
11136.09573  
11215.08518  
11370.41784  
11360.4935  
11348.14691  
11408.18463  
11304.23006  
11227.89738  
11074.08401  
11073.62777  
11085.62757  
11106.67635  
11150.25902  
11199.54701  
11216.87893  
11135.50082  
11490.25775  
11310.97882  
11038.48848  
11053.81754  
11304.67536  
11179.50957  
11509.86834  
11326.13712  
11248.27585  
11283.62612  
11240.51213  
11221.34898  
11166.32022  
11103.48873  
11157.30128  
11012.57461  
11127.05943  
11189.64286  
11245.41231  
11401.05152  
11480.32293  
11353.40015  
11336.88228  
11160.99534  
11141.50427  
11126.04024  
11182.27469  
11152.47535  
11179.04697  
11182.0122  
11128.63602  
11137.76811  
11075.17351  
11114.94347  
11094.98515  
11203.25819  
11184.86773  
11141.05409  
11226.23145  
10959.73258  
11156.78368  
11192.43813  
11280.45965  
11219.93044  
11251.74669  
11263.70359  
11344.63297  
11351.15217  
11354.11921  
11346.49725  
11289.51271  
11214.12951  
11142.90454  
11200.65518  
11293.27623  
11182.18389  
11199.27672  
11213.81703  
11278.85708  
11275.1262  
11249.02985  
11272.87682  
11226.10324  
11290.96381  
11348.69618  
11403.36477  
11453.27885  
11437.64688  
11488.72288  
11514.92194  
11619.76873  
11404.90683  
11471.00381  
11537.74998  
11461.57855  
11551.4569  
11355.42298  
11345.28842  
11441.88337  
11486.08494  
11482.04272  
11518.89884  
11353.29158  
11455.92577  
8408.482611  
10559.16693  
10998.36658  
10891.54899  
11116.13834  
11160.43557  
11293.37813  
11249.47037  
11125.0095  
11246.24743  
11274.40678  
11292.55779  
11346.30205  
11115.77565  
11375.99714  
11183.49312  
11579.91534  
11427.77425  
11636.71186  
11430.00931  
11319.83003  
11282.21398  
11259.00597  
11347.46766  
11320.87314  
11416.42998  
11484.06403  
11335.28407  
11356.4727  
11445.63754  
11330.56188  
11403.07104  
11394.64317  
11428.17615  
11387.07525  
11430.59642  
10948.84146  
11484.48227  
11102.05902  
11494.42116  
11323.87023  
11446.01568  
11240.23156  
11325.43106  
11358.88386  
11301.52205  
10996.53533  
11375.01915  
11223.18255  
11211.50299  
11175.82531  
11197.28884  
11267.29621  
10921.38865  
11358.63323  
11295.95483  
11254.4842  
11232.0352  
11274.81687  
11159.40905  
11244.16954  
11280.85669  
11175.84457  
11186.65634  
11169.41066  
11157.8277  
11165.64274  
11190.97777  
11252.58067  
11519.47632  
11236.60566  
11390.34  
11185.41908  
11111.47412  
11075.19064  
11272.49653  
11112.75283  
11213.101  
11323.04227  
11309.3591  
11368.9817  
11418.91519  
11445.89748  
11411.28864  
11344.81982  
11320.29941  
10863.41531  
10431.53434  
11603.63241  
11437.78067  
11127.13232  
11123.90356  
11126.76045  
11155.57375  
11229.85398  
11220.52486  
11310.98532  
11223.16301  
11283.92323  
11205.83521  
10715.91255  
11231.49709  
11128.42829  
11187.61779  
11211.80371  
11182.73227  
11277.33625  
11292.18355  
11368.48693  
11320.40563  
11316.57477  
11426.75164  
11293.72077  
11306.45266  
11356.22241  
11355.10782  
11333.78578  
11365.96089  
11283.25364  
11360.38129  
11266.50964  
11187.75655  
11346.85551  
11181.11478  
11240.61197  
11284.20916  
11039.31312  
11301.41158  
11058.87951  
11129.88802  
11037.94312  
11206.74255  
11213.15817  
11194.83467  
11223.2351  
11175.78114  
11195.37599  
11232.20824  
11361.94047  
11355.70101  
11342.2504  
11280.77823  
11257.19172  
11378.27293  
11065.07892  
11195.4882  
11252.19557  
11024.79306  
11288.23356  
11104.89787  
11361.03742  
11181.5947  
11238.35167  
11249.38211  
11236.36412  
11288.96657  
11259.56439  
11248.04963  
11276.65609  
11389.93861  
11131.44218  
11566.88406  
11425.56203  
11417.57275  
11242.82695  
11285.68526  
11397.7354  
11278.27153  
11388.3746  
11323.92139  
11078.23056  
11267.22135  
11263.435  
11513.00024  
10319.02098  
11080.03856  
11199.51145  
11125.71887  
11248.11341  
11288.94338  
11304.12297  
11381.73233  
11214.22422  
11293.40077  
11190.91486  
11189.65897  
11282.14151  
11219.92074  
11278.17233  
11250.37591  
11237.88801  
11204.65401  
11124.43707  
11071.79164  
11187.82355  
11274.41835  
11194.75486  
11255.95694  
11197.95032  
11211.56778  
11184.30984  
11203.52218  
11219.22199  
11296.34504  
11170.12156  
11327.58343  
11306.80902  
11306.98129  
11266.65341  
11187.72783  
11124.56167  
11261.66343  
11195.64966  
11369.81583  
11413.63068  
11168.84726  
11163.16137  
11091.00357  
11166.11751  
11148.1092  
11119.38017  
11149.55368  
11140.67482  
11196.47311  
11466.29816  
11244.73208  
11300.47929  
11326.68772  
11332.07278  
11322.20403  
11305.19957  
11316.11819  
10821.25746  
11119.97026  
11454.91921  
11311.96205  
11233.89744  
11318.35625  
11209.03227  
11312.25103  
11369.996  
11403.749  
10154.38339  
11323.3465  
11337.85682  
11274.82478  
11339.12915  
11342.2267  
11377.03935  
11430.08805  
11420.71289  
11409.9385  
11432.24474  
11410.21096  
11519.25446  
11280.15767  
11236.71144  
11502.02304  
11381.29605  
11245.55099  
11270.09991  
11205.25138  
11188.13687  
11468.19507  
11419.02405  
11229.3484  
11246.72638  
11253.91356  
11229.77657  
11323.7407  
11235.85642  
11276.34244  
11276.44942  
11309.19821  
11181.53256  
11101.83452  
11430.11086  
11396.25959  
11335.97088  
11350.17114  
11376.85273  
11426.39495  
11350.02172  
11442.96409  
11408.41644  
11613.4856  
11463.72293  
11358.03653  
11423.75695  
9721.849154  
11300.22888  
10720.54618  
10193.19607  
10538.102  
10955.31851  
11380.87627  
11397.48335  
11375.86668  
11424.26156  
11398.46327  
11394.25943  
11339.09779  
11341.78924  
11447.68768  
11396.83092  
11445.67305  
11150.29948  
11366.14102  
11465.10969  
11557.55432  
11254.17078  
11485.28306  
11511.37964  
11194.89498  
11650.834  
11332.37629  
11458.54022  
11368.63141  
11314.35352  
11189.39944  
11297.79972  
11185.14959  
11169.57766  
11191.59903  
11195.44315  
11256.21104  
11274.80536  
11236.3325  
11240.31436  
11298.24756  
11206.76699  
11289.7735  
11206.16905  
11237.32291  
11256.73293  
11225.84844  
11337.10587  
11236.00219  
11097.90513  
11200.0229  
11167.44338  
11104.87816  
10957.94093  
10949.77509  
11165.47905  
11140.77083  
11184.61772  
11242.13965  
11200.36477  
11219.77748  
11039.13188  
11007.60116  
11134.82766  
11097.0635  
10802.11381  
11155.66861  
11405.66768  
11423.78806  
11193.88508  
11163.01602  
11280.64495  
11113.42871  
11269.10707  
11249.08176  
11244.90035  
11245.1551  
11130.94629  
11212.56062  
11361.99744  
11360.91929  
11346.42758  
11455.53365  
10970.00115  
11252.63679  
11478.81044  
11502.00175  
11336.47392  
11418.65426  
11328.93971  
11328.4752  
11376.89655  
11392.92618  
11543.22508  
11585.28227  
11367.58794  
11395.52084  
10269.12176  
11923.07162  
11522.46147  
11500.31099  
11294.01088  
11225.40257  
11190.16084  
11287.62256  
11286.27308  
11323.8571  
11238.62123  
11214.43517  
11090.48617  
11244.57897  
11302.0499  
11293.29031  
11286.1824  
11258.37755  
11278.42984  
11322.38781  
11256.19229  
11304.37915  
11315.02546  
11054.2404  
11099.97794  
11111.65443  
11136.44806  
11240.18368  
11300.16018  
11286.32965  
10892.64296  
11465.56793  
11162.96995  
11143.06846  
11208.11652  
11108.70903  
11203.4223  
11257.19434  
11267.47068  
11233.84492  
11213.41092  
11304.30578  
11274.58602  
11268.36958  
11205.07284  
11253.07812  
11129.7937  
11211.72956  
11227.80418  
11226.02053  
11146.49354  
11249.36206  
11310.02702  
11283.68802  
11378.55351  
11284.27352  
11240.97997  
11269.48456  
11242.59701  
11231.7433  
11280.06706  
11340.65912  
11294.85303  
11403.30032  
11263.86701  
11223.0958  
11167.96589  
11201.79201  
10756.41325  
11246.17298  
11326.34082  
11197.13027  
11163.27969  
11176.23425  
11341.86408  
11330.90028  
11345.14664  
11373.44613  
11247.20941  
11271.69842  
11280.31718  
11355.10902  
11210.94152  
11175.73837  
11134.71227  
11171.82524  
11378.51699  
11269.28803  
11258.6815  
11279.345  
11185.13717  
11177.71632  
11171.60113  
11321.5783  
11201.84799  
11270.58964  
11278.91033  
11176.43707  
11267.78164  
11286.13624  
