11687.11015  
11670.19473  
11558.83978  
11540.40659  
11610.13825  
11626.70878  
11599.85449  
11749.08409  
11603.84448  
11590.00031  
11493.91662  
11523.55111  
11582.14687  
11629.8429  
11601.28774  
11551.74967  
11523.35915  
11533.33517  
11597.39001  
11638.48465  
11608.19438  
11656.68471  
11663.57503  
11685.26049  
11700.27132  
11709.5652  
11690.55645  
11635.38319  
11595.32272  
11599.76322  
11668.92533  
11688.5549  
11702.30865  
11670.96879  
11643.64866  
11611.02725  
11661.71807  
11635.62911  
11648.91497  
11647.54513  
11627.08529  
11611.91126  
11604.10872  
11642.81221  
11685.4575  
11656.14179  
11671.09325  
11671.77631  
11683.20406  
11601.57684  
11614.93267  
11614.0609  
11627.94083  
11576.49569  
11606.1428  
11571.02967  
11588.77571  
11604.16818  
11584.27715  
11661.60205  
11626.93177  
11639.45047  
11655.50377  
11664.05824  
11651.23736  
11628.18126  
11605.25148  
11597.12277  
11548.94176  
11612.34101  
11627.97296  
11609.53338  
11599.47414  
11611.60393  
11606.48607  
11639.28587  
11639.97726  
11624.69642  
11613.74949  
11613.25196  
11663.95611  
11645.09035  
11587.73517  
11696.52205  
11730.05385  
11607.02557  
11680.35284  
11617.96022  
11704.02801  
11618.61011  
11552.24293  
11547.33762  
11618.65152  
11650.41197  
11631.93578  
11589.83555  
11623.68198  
11665.71033  
11623.75813  
11641.07648  
11656.1949  
11667.7207  
11652.09715  
11634.37111  
11657.95657  
11606.70136  
11624.75501  
11560.20256  
11584.13466  
11568.48747  
11630.98004  
11643.57492  
11635.36427  
11687.35083  
11610.44709  
11473.74938  
11471.25024  
11677.15239  
11606.57347  
11603.66158  
11476.76752  
11623.26546  
11642.84857  
11599.94315  
11579.59362  
11570.28068  
11518.81519  
11571.17637  
11549.10926  
11544.42644  
11551.96809  
11557.9869  
11588.60634  
11588.24529  
11591.84823  
11624.57159  
11653.80197  
11318.44407  
11843.09724  
11673.36711  
11711.90614  
11730.70193  
11781.81974  
11720.71977  
11645.21272  
11676.21038  
11638.95452  
11616.51787  
11646.2366  
11645.79498  
11655.09788  
11614.86721  
11639.21101  
11611.80979  
11537.17828  
11577.32006  
11619.19826  
11638.776  
11597.09943  
11625.29012  
11646.85831  
11656.51616  
11705.45668  
11644.62516  
11692.94858  
11632.80847  
11584.71471  
11634.31319  
11608.9783  
11650.7185  
11701.96184  
11631.56222  
11625.08589  
11637.58017  
11614.7832  
11581.88805  
11679.98366  
11656.95703  
11544.85  
11589.4003  
11620.04342  
11673.65326  
11692.60599  
11599.0625  
11562.69956  
11636.16111  
11566.40921  
11582.76058  
11554.77627  
11622.99605  
11675.39495  
11626.78755  
11628.0321  
11671.28816  
11699.50008  
11641.9518  
11473.09937  
11420.53519  
11622.42737  
11601.1674  
11618.4474  
11604.86004  
11611.17691  
11602.34385  
11551.05958  
11540.12676  
11538.83258  
11617.25009  
11575.99278  
11583.74914  
11566.57355  
11534.14168  
11587.40389  
11693.73365  
11644.77439  
11651.7729  
11630.75494  
11644.57061  
11539.38689  
11622.84363  
11612.12257  
11549.66783  
11621.80746  
11629.10518  
11630.7803  
11676.29729  
11641.00352  
11420.5412  
11695.00936  
11504.99482  
11892.255  
11648.02225  
11612.78166  
11591.87348  
11578.68187  
11675.30716  
11582.09084  
11645.15048  
11659.86527  
11653.91045  
11670.51793  
11612.93087  
11668.69048  
11613.76841  
11549.92906  
11681.70933  
11599.21856  
11631.30373  
11636.67287  
11524.82006  
11642.26  
11610.3842  
11664.35  
11627.40665  
11679.17727  
11640.35598  
11685.85555  
11617.76639  
11611.32491  
11574.26315  
11670.66531  
11609.03099  
11636.91576  
11535.25896  
11634.72698  
11627.81862  
11731.87148  
11577.13843  
11663.30019  
11603.24742  
11547.29868  
11622.96438  
11599.14773  
11636.03063  
11622.63937  
11704.82674  
11723.77263  
11662.05102  
11650.41049  
11588.14142  
11558.03194  
11593.21981  
11564.72444  
11594.60587  
11577.88946  
11604.99438  
11621.29509  
11537.38068  
11571.24979  
11551.11156  
11558.63589  
11559.24767  
11510.86083  
11554.6225  
11594.41335  
11592.99808  
11503.67755  
11776.22207  
11579.40449  
11588.95562  
11531.38904  
11510.28037  
11567.56345  
11568.07321  
11727.30846  
11669.08803  
11586.36439  
11648.68283  
11637.84847  
11655.91401  
11610.14994  
11622.31036  
11690.90372  
11732.26224  
11707.45278  
11632.29142  
11663.16636  
11602.09287  
11667.17212  
11626.45279  
11649.1391  
11626.26721  
11596.98888  
11604.00087  
11651.44168  
11619.74589  
11628.02828  
11582.25758  
11337.18309  
11587.68414  
11728.46999  
11666.16312  
11605.08359  
11620.21154  
11624.5759  
11633.2103  
11546.93556  
11584.77009  
11507.55377  
11586.66309  
11573.06467  
11578.0216  
11589.36316  
11553.26237  
11614.18553  
11540.27481  
11589.50686  
11594.06788  
11630.36824  
11568.84044  
11630.26925  
11550.09923  
11559.74134  
11534.25889  
11615.89294  
11564.69623  
11567.664  
11587.26226  
11666.04585  
11596.02491  
11634.84363  
11639.54223  
11609.86  
11669.52256  
11594.51472  
11603.83716  
11573.76945  
11579.98711  
11582.06334  
11637.47071  
11555.60874  
11564.53467  
11582.38773  
11578.6453  
11647.99452  
11564.19103  
11630.05116  
11521.21455  
11572.97699  
11526.32391  
11475.99906  
11599.60632  
11669.99814  
11716.61052  
11678.87697  
11605.79381  
11627.87505  
11590.40621  
11690.80234  
11601.28496  
11604.23507  
11674.02533  
11627.89223  
11672.69843  
11697.34213  
11721.9798  
11691.92439  
11641.42771  
11660.98615  
11723.91011  
11688.82901  
11732.064  
11682.67896  
11610.98232  
11730.93539  
11732.95881  
11665.32178  
11702.67075  
10911.1273  
11595.97662  
11671.71308  
11736.33012  
11806.82866  
11753.58537  
11707.57724  
11650.74863  
11596.67355  
11612.95196  
11580.81992  
11569.36192  
11560.34903  
11578.62952  
11642.68837  
11653.03959  
11649.32153  
11660.09156  
11662.66876  
11638.03874  
11637.31217  
11645.12413  
11632.14955  
11580.26278  
11686.57546  
11639.69675  
11649.89067  
11699.96841  
11753.54504  
11562.21004  
11670.32172  
11606.38386  
11611.46352  
11590.12505  
11575.39788  
11663.22813  
11631.07451  
11625.565  
11644.77692  
11627.33441  
11613.78884  
11682.808  
11665.44579  
11683.0937  
11690.23434  
11679.63663  
11691.69791  
11517.10324  
11688.95778  
11647.43659  
11664.43288  
11610.30496  
11599.09352  
11700.86138  
11729.0715  
11709.42325  
11618.46521  
11551.62832  
11712.43924  
11664.82934  
11605.13775  
11600.81264  
11564.7108  
11556.43635  
11524.4346  
11588.82412  
11567.46994  
11583.96092  
11570.88022  
11591.19824  
11584.08624  
11627.40472  
11653.68782  
11588.76845  
11471.04966  
11661.40687  
11109.8591  
11841.93963  
11523.48558  
11784.88372  
11693.53369  
11670.64884  
11684.43908  
11709.61257  
11708.90265  
11702.19552  
11672.08894  
11712.4937  
11630.58833  
11597.30843  
11432.61214  
11708.91466  
11674.00083  
11607.09118  
11600.00376  
11654.64077  
11623.17242  
11597.75771  
11628.73177  
11615.06656  
11631.43656  
11661.09552  
11667.33969  
11604.7619  
11545.81671  
11645.51981  
11587.6488  
11553.62928  
11499.24134  
11575.01514  
11606.6505  
11572.27425  
11559.02051  
11657.32344  
11603.76338  
11562.60433  
11571.84998  
11644.08886  
11539.46489  
11614.92822  
11569.57328  
11582.9311  
11562.39805  
11515.64176  
11554.13304  
11652.79535  
11580.38429  
11590.63103  
11617.79297  
11600.32504  
11605.41067  
11657.81648  
11601.09364  
11638.80304  
11614.96869  
11580.37545  
11556.13078  
11554.97616  
11571.5579  
11569.00537  
11582.55608  
11566.15756  
11497.15679  
11712.71764  
11641.63615  
11637.97706  
11644.21173  
11542.28251  
11566.32671  
11520.6378  
11624.44534  
11711.81873  
11676.46167  
11597.58656  
11594.77428  
11461.24381  
11777.00524  
11637.13581  
11760.10441  
11710.41074  
11691.97127  
11675.5147  
11698.5927  
11611.59654  
11622.12104  
11584.42083  
11457.28026  
11651.46976  
11610.51853  
11768.69341  
11753.54501  
11690.52316  
11665.20784  
11681.47099  
11714.70127  
11740.65749  
11751.32982  
11735.06498  
11706.55153  
11732.96881  
11605.61849  
11669.44006  
11514.85589  
11519.27254  
11581.78067  
11577.90335  
11541.54652  
11534.39072  
11513.60931  
11599.9096  
11608.9196  
11583.88021  
11704.18041  
11315.45546  
11724.51682  
11462.84575  
11633.57134  
11618.53578  
11648.81426  
11672.51054  
11676.9101  
11654.11792  
11644.63893  
11630.80508  
11614.06939  
11611.7356  
11515.12609  
11498.19012  
11494.61792  
11593.61179  
11638.61016  
11652.8051  
11698.33003  
11692.88253  
11638.1702  
11524.57418  
11328.57059  
11800.07063  
11594.34803  
11740.68392  
11650.50437  
11658.00213  
11672.5098  
11625.38167  
11611.62287  
11557.75215  
11594.97491  
11557.35014  
11537.90969  
11563.71754  
11608.37698  
11581.40421  
11627.90456  
11630.6632  
11662.14746  
11593.6674  
11477.32609  
11719.19775  
11530.36672  
11522.35899  
11550.27733  
11538.4872  
11451.78217  
11739.42664  
11703.53754  
11820.55963  
11748.38272  
11609.13337  
11544.64727  
11550.45839  
11577.52802  
11662.57306  
11653.37952  
11704.59419  
11697.19741  
11694.42065  
11468.88869  
11694.47366  
11630.55196  
11588.24327  
11538.45924  
11553.29739  
11572.04713  
11299.51402  
11593.57758  
11628.0479  
11685.55958  
11568.7702  
11546.80209  
11573.19586  
11525.55569  
11588.73617  
11579.61282  
11616.17685  
11584.52734  
11711.73071  
11719.51684  
11715.72141  
11659.66915  
11574.04846  
11593.83557  
11572.42711  
11575.53722  
11618.6356  
11513.2498  
11683.97249  
11505.47882  
11746.05744  
11597.9004  
11597.6904  
11622.45423  
11597.78469  
11605.44378  
11573.8438  
11586.77106  
11532.41228  
11613.82466  
11608.8085  
11607.46529  
11640.49951  
11603.86827  
11697.61174  
11722.84017  
11705.46547  
11706.99208  
11698.92307  
11537.29896  
11589.28188  
11599.52425  
11615.19324  
11735.62686  
11730.08848  
11746.09391  
11643.24084  
11468.60116  
11562.83601  
11724.69659  
11780.52066  
11732.04235  
11701.95401  
11642.38298  
11583.17537  
11603.31562  
11644.72301  
11599.36  
11636.55656  
11609.04285  
11325.52887  
11554.58572  
11686.11767  
11501.99232  
11509.44022  
11576.48067  
11552.12313  
11607.91408  
11596.07327  
11485.40639  
11581.40365  
11572.47992  
11598.45899  
11644.28251  
11658.63401  
11563.30251  
11529.38695  
11590.41864  
11653.05682  
11603.8768  
11683.48847  
11660.65039  
11627.80086  
11578.11047  
11606.12327  
11543.01561  
11616.81087  
11526.86308  
11545.91801  
11548.88377  
11656.8185  
11648.88823  
11721.2376  
11670.75436  
11656.13486  
11614.99364  
11599.722  
11642.05292  
11529.21127  
11698.5328  
11692.06796  
11608.34567  
11706.70633  
11641.79278  
11589.17209  
11516.6935  
11529.00689  
11587.49275  
11651.97153  
11711.80119  
11619.59204  
11637.68207  
11609.50437  
11374.79344  
11563.85569  
11641.04058  
11749.3538  
11624.82652  
11628.31188  
11585.55106  
11598.56309  
11589.01143  
11656.33909  
11763.81316  
11745.80282  
11751.60164  
11692.39424  
11678.17661  
11629.00719  
11701.45448  
11679.26807  
11553.79163  
11631.17483  
11615.05166  
11630.17761  
11692.21985  
11700.58243  
11673.00838  
11335.49595  
11546.21879  
11611.8728  
11634.91668  
11654.58056  
11699.90211  
11734.93357  
11780.01609  
11610.47301  
11590.11123  
11585.6454  
11598.3217  
11672.2071  
11662.02853  
11704.53689  
11655.10171  
11634.03658  
11596.17828  
11502.46776  
11549.25098  
11631.4734  
11584.91179  
11543.67185  
11546.51242  
11542.89872  
11647.73135  
11639.24318  
11695.60173  
11582.41606  
11622.14009  
11617.87707  
11543.99211  
11643.95417  
11622.9443  
11563.37413  
11610.21957  
11634.33822  
11705.17642  
11642.93875  
11246.74667  
11882.79868  
11633.22169  
11665.34497  
11613.89436  
11584.68856  
11589.38687  
11577.79669  
11582.65851  
11608.55603  
11643.16561  
11582.96059  
11560.8781  
11542.72956  
11579.59225  
11619.9368  
11554.50588  
11614.31569  
11523.3735  
11502.50149  
11730.27896  
11682.0217  
11681.07605  
11695.78796  
11628.38017  
11705.0791  
11665.67913  
11575.18281  
11628.43206  
11587.24839  
11575.81871  
11603.74207  
11598.27747  
11628.05059  
11649.6737  
11594.24793  
11596.39748  
11650.23164  
11730.13186  
11548.01624  
11724.44935  
11672.16018  
11626.18473  
11584.50111  
11623.27488  
11624.49003  
11676.77949  
11642.82987  
11610.27579  
11443.30593  
11683.11798  
11782.18493  
11662.03518  
11712.81227  
11653.67491  
11521.60869  
11649.0941  
11592.6609  
11622.38429  
11648.73046  
11479.88379  
11617.39814  
11570.3167  
11610.64178  
11743.11882  
11788.52615  
11625.44586  
11472.96305  
11499.99752  
11554.76089  
11600.40259  
11568.20771  
11570.89482  
11571.58205  
11547.28465  
11572.86945  
11568.49463  
11649.44367  
11563.68443  
11599.45189  
11665.88788  
11583.89333  
11553.97808  
11559.74202  
11558.27163  
11503.05925  
11622.36954  
11730.46642  
11726.72313  
11651.40097  
11480.6241  
11602.03887  
11491.16291  
11641.17723  
11645.78475  
11607.38982  
11574.55442  
11605.11919  
11548.98368  
11645.33811  
11620.32731  
11712.47555  
11666.5551  
11643.20109  
11627.26146  
11677.89778  
11678.70924  
11674.74986  
11725.90384  
11683.51856  
11683.82838  
11666.49483  
11648.97598  
11644.45925  
11678.11014  
11654.94639  
11581.49586  
11578.6347  
11553.45744  
11512.0338  
11357.86053  
11653.83391  
11538.87384  
11655.66371  
11467.89399  
11585.41283  
11613.48616  
11615.0604  
11629.46589  
11618.324  
11631.10237  
11667.95284  
11383.39792  
11793.94268  
11805.0938  
11701.2839  
11646.83568  
11682.87468  
11595.14548  
11645.63782  
11674.84115  
11567.02286  
11576.18122  
11501.50607  
11322.55229  
11483.37888  
11549.77225  
11636.00704  
11608.66722  
11644.02887  
11633.59319  
11513.18621  
11688.75796  
11653.02114  
11783.29401  
11690.87855  
11840.46527  
11879.22183  
11725.01946  
11693.51771  
11664.79463  
11622.34472  
11671.58887  
11572.72964  
11654.35093  
11681.8859  
11575.4692  
11596.13205  
11514.02529  
11538.37  
11581.55907  
11656.72211  
11712.21701  
11688.76412  
11655.02521  
11571.95836  
11540.95504  
11624.07781  
11636.05358  
11593.60436  
11415.56803  
11734.1503  
11752.11002  
11695.30037  
11542.12875  
11450.93838  
11586.80202  
11547.8964  
11547.85557  
11559.11448  
11593.89911  
11545.59731  
11607.90274  
11549.3147  
11575.26775  
11556.777  
11503.51643  
11623.65822  
11528.2327  
11557.06915  
11667.00149  
11637.62869  
11586.21936  
11620.68949  
11644.69786  
11648.04077  
11676.49757  
11581.8548  
11639.44275  
11643.68913  
11628.57234  
11574.03942  
11578.15474  
11584.42404  
11574.06632  
11594.19462  
11586.18447  
11605.85624  
11490.72759  
11794.33123  
11675.93695  
11712.09081  
11549.86846  
11619.14918  
11573.93324  
11624.29728  
11619.67106  
11599.79578  
11619.69637  
11610.21022  
11571.79145  
11658.91997  
11643.63492  
11659.91465  
11637.82566  
11678.57273  
11562.87128  
11629.96959  
11604.73829  
11655.6258  
11665.51078  
11616.6038  
11638.46578  
11638.62341  
11504.49101  
11671.81008  
11668.99008  
11696.44997  
11628.62258  
11646.52046  
11700.57703  
11670.0073  
11717.93564  
11638.19417  
11592.20208  
11603.83944  
11533.59626  
11510.60609  
11680.93053  
11713.95933  
11624.84942  
11621.07684  
11640.9719  
11659.97595  
11678.57545  
11653.56702  
11485.20187  
11588.73857  
11632.46051  
11538.20141  
11510.19561  
11630.05774  
11733.367  
11693.21135  
11712.0934  
11654.93033  
11625.74018  
11566.2648  
11604.84937  
11590.01836  
11613.27669  
11551.45867  
11522.2905  
11481.03491  
11498.77816  
11499.44819  
11567.73358  
11541.62754  
11623.5881  
11494.97866  
11900.48561  
11810.18829  
11673.04235  
11679.85341  
11610.47336  
11543.2815  
11548.55112  
11555.93983  
11473.36832  
11494.07763  
11569.74053  
11615.24296  
11530.79936  
11614.60442  
11567.88301  
11634.88997  
11560.11679  
11571.93895  
11675.70303  
11598.17006  
11560.1188  
11546.53436  
11596.14387  
11599.2462  
11606.05636  
11657.81493  
11682.68171  
11664.19538  
11651.76633  
11514.12878  
11678.68786  
11672.71143  
11657.72609  
11611.59547  
11689.72638  
11601.84933  
11646.27824  
11680.36959  
11697.40003  
11656.12875  
11631.56314  
11678.76273  
11724.3816  
11696.9159  
11321.70874  
11624.56082  
11643.3838  
11663.35329  
11755.95616  
11624.64721  
11700.09903  
11675.78571  
11654.01783  
11667.85157  
11623.51584  
11673.62326  
11702.5196  
11675.87433  
11672.14646  
11669.33531  
11683.16456  
11698.00631  
11624.27997  
11607.87501  
11587.97989  
11690.72221  
11664.69414  
11628.96491  
11618.95632  
11674.97956  
11676.1955  
11727.55175  
11685.78267  
11740.66593  
11767.7411  
11637.21463  
11566.91738  
11605.99553  
11582.45154  
11593.36315  
11514.98952  
11528.98982  
11520.11013  
11485.9841  
11512.00863  
11556.65235  
11557.37182  
11580.41559  
11602.66471  
11464.34066  
11590.05305  
11596.07373  
11601.58954  
11535.61994  
11589.21425  
11613.88193  
11629.03163  
11620.21503  
11526.2425  
11451.03349  
11559.02847  
11517.25951  
11640.67253  
11601.33083  
11604.97754  
11587.88405  
11556.50726  
11630.6611  
11697.56369  
11696.6536  
11726.17773  
11713.72315  
11650.71848  
11538.23366  
11515.43985  
11611.37106  
11599.94718  
11531.87267  
11637.99974  
11619.50455  
11584.47929  
11651.9796  
11626.21002  
11658.9148  
11699.41528  
11592.39223  
11531.53952  
11564.83354  
11594.50224  
11640.15687  
11570.3682  
11583.76126  
11723.36254  
11703.32306  
11690.85821  
11645.10464  
11545.58376  
11582.43616  
11530.97367  
11492.86921  
11504.88809  
11589.54262  
11558.75263  
11609.30475  
10971.14148  
11866.71287  
11655.58094  
11711.02746  
11676.56971  
11667.2998  
11698.17603  
11709.60464  
11634.25668  
11747.68229  
11398.40144  
11963.00762  
11613.32434  
11645.69043  
11676.90557  
11616.57  
11639.69655  
11645.60684  
11686.25839  
11678.19667  
11740.41773  
11741.14176  
11731.7353  
11723.41501  
11707.33484  
11534.97327  
11659.00332  
11715.58611  
11620.77201  
11630.59816  
11663.17867  
11687.56935  
11716.08334  
11736.88495  
11727.63957  
11648.99275  
11625.0449  
11563.82412  
11600.06983  
11549.88946  
11646.3026  
11646.37078  
11612.37204  
11581.1132  
11569.32416  
11557.12598  
11575.28416  
11377.5549  
11636.1381  
11661.42215  
11591.5448  
11713.72096  
11678.96576  
11575.49476  
11552.85627  
11557.79143  
11584.31543  
11583.76407  
11536.77241  
11459.88969  
11561.46686  
11535.41103  
11562.81979  
11547.63005  
11600.52569  
11637.54171  
11593.90946  
11654.73918  
11566.1678  
11695.14698  
11573.12899  
11602.8362  
11644.88433  
11638.52588  
11755.22729  
11688.3836  
11654.9651  
11695.91587  
11630.4323  
11540.63827  
11685.6262  
11631.26325  
11622.92529  
11591.17916  
11666.59829  
11633.19289  
11614.35429  
11638.94523  
11679.1426  
11612.85472  
11589.16715  
11681.64557  
11206.99803  
11761.22483  
11351.95094  
11602.7766  
11523.97366  
11549.04923  
11565.46405  
11550.11124  
11465.50659  
11598.09908  
11524.44228  
11601.33256  
11589.15374  
11605.7121  
11644.65006  
11665.14293  
11606.72376  
11692.71455  
11635.32914  
11650.39253  
11628.74634  
11537.7067  
11567.4186  
11574.59665  
11580.38433  
11617.79131  
11670.27033  
11668.73961  
11819.37672  
11719.62667  
11714.60098  
11629.37811  
11622.68882  
11659.42706  
11558.73954  
11559.34705  
11520.8929  
11602.12022  
11586.79302  
11640.11853  
11680.31534  
11607.97865  
11637.34475  
11610.33808  
11709.73819  
11509.79365  
11750.91352  
11732.38323  
11672.1952  
11545.83094  
11549.94714  
11554.95001  
11542.83269  
11557.72975  
11563.80047  
11491.35506  
11513.48691  
11527.46835  
11581.14188  
11611.28684  
11559.86051  
11585.20335  
11602.77967  
11668.57467  
11672.84249  
11684.75478  
11686.75753  
11639.78181  
11659.01095  
11593.37272  
11601.19591  
11602.08774  
11632.29551  
11586.33299  
11690.08627  
11633.47574  
11561.55412  
11555.52871  
11505.50047  
11552.14503  
11426.28221  
11465.42631  
11530.92631  
11649.09746  
11652.06645  
11565.49111  
11478.6724  
11555.20449  
11547.46202  
11530.04366  
11572.10333  
11479.96841  
11624.48146  
11634.52384  
11607.3589  
11588.61634  
11645.21786  
11658.71865  
11652.25678  
11668.4975  
11682.46069  
11649.53298  
11395.66174  
11491.92583  
11750.88716  
11706.79433  
11695.05812  
11695.1235  
11606.36396  
11622.11047  
11610.17477  
11586.80859  
11477.10353  
11712.42415  
11600.02389  
11643.52508  
11633.84716  
11576.01693  
11566.20783  
11583.60334  
11491.42685  
11561.48339  
11611.59406  
11613.51638  
11593.75749  
11382.53026  
11301.10761  
11752.93007  
11658.0595  
11695.59692  
11679.93996  
11593.13685  
11622.2738  
11669.70399  
11629.66315  
11746.22331  
11715.41094  
11755.52247  
11712.10195  
11655.98683  
11644.4722  
11665.40556  
11661.47078  
11775.32135  
11680.92303  
10585.78925  
11949.65788  
11777.70919  
11579.82201  
11730.11477  
11811.00156  
11773.73477  
11796.93145  
11797.4803  
11790.24358  
11646.91742  
11711.08672  
11599.69095  
11598.56935  
11705.30217  
11715.27959  
11717.7953  
11729.38715  
11633.80142  
11775.82878  
11688.03593  
11733.87293  
11373.46003  
11633.22345  
11634.13408  
11555.89721  
11602.87431  
11605.20324  
11657.83306  
11673.59751  
11581.10659  
11612.12579  
11598.27206  
11564.5818  
11570.00121  
11595.93726  
11630.1658  
11661.94243  
11628.56  
11639.44549  
11630.90741  
11633.6993  
11607.88624  
11705.2422  
11662.44194  
11632.73039  
11661.1866  
11733.09786  
11597.38463  
11629.01491  
11680.97798  
11664.21951  
11607.87011  
11635.34936  
11597.05477  
11577.23399  
11602.53024  
11579.86173  
11588.44655  
11578.28721  
11614.46764  
11612.15672  
11230.18431  
11581.96775  
11802.79738  
11676.74071  
11648.71183  
11600.39261  
11644.93704  
11552.49404  
11653.93293  
11590.04286  
11565.00239  
11592.81469  
11550.54769  
11504.10314  
11714.44673  
11665.32038  
11601.62328  
11663.06889  
11677.1089  
11627.98461  
11655.28446  
11615.16711  
11695.15285  
11669.00048  
11646.43487  
11593.12615  
11578.85972  
11659.64236  
11676.17508  
11515.40501  
11572.07383  
11638.36957  
11619.65124  
11657.75209  
11674.55553  
11675.649  
11622.91637  
11582.41707  
11588.54131  
11530.09075  
11487.1468  
11562.7532  
11536.81002  
11535.50432  
11573.30982  
11623.67488  
11606.14832  
11596.01717  
11576.9973  
11622.26178  
11635.3771  
11601.77662  
11606.81463  
11498.95605  
11712.0149  
11571.09088  
11592.60173  
11679.28717  
11602.93574  
11578.63094  
11586.00552  
11591.49264  
11648.24336  
11681.32  
11624.93001  
11627.17095  
11604.09245  
11638.1825  
11707.60916  
11524.4373  
11668.11593  
11523.85502  
11670.35193  
11646.58271  
11586.2189  
11483.19248  
11396.01632  
11583.53103  
11595.84438  
11663.7892  
11689.95318  
11741.37046  
11674.99346  
11615.34701  
11566.77764  
11681.53701  
11640.11619  
11659.0157  
11675.45074  
11758.65227  
11728.30713  
11682.4157  
11688.41173  
11630.0931  
11526.56959  
11575.13883  
11536.75181  
11515.55061  
11581.91145  
11540.73478  
11726.49817  
11670.70427  
11665.29711  
11679.77579  
11627.60192  
11653.85865  
11626.45261  
11537.80445  
11618.94132  
11587.75528  
11539.02408  
11829.61968  
11543.0262  
11606.33394  
11607.58746  
11574.02724  
11548.69998  
11655.90544  
11571.63308  
11526.74905  
11523.62454  
11532.15064  
11565.71171  
11527.1685  
11719.14867  
11674.38586  
11678.80789  
11606.27062  
11606.33947  
11606.87631  
11501.97263  
11708.76438  
11676.81918  
11663.75105  
11709.02198  
11702.97053  
11760.96021  
11748.71092  
11817.97781  
11814.86135  
11716.88497  
11629.53594  
11578.93547  
11698.79576  
11663.19022  
11639.68119  
11606.67045  
11613.31522  
11586.75225  
11484.35221  
11468.37988  
11369.10714  
11529.63254  
11378.09411  
11404.87283  
11518.84815  
11633.68941  
11621.53969  
11626.71883  
11600.00793  
11610.91818  
11667.96507  
11640.28701  
11640.75293  
11549.30544  
11311.35637  
11637.32281  
11571.45204  
11701.32913  
11705.20146  
11706.3729  
11697.77446  
11683.8421  
11476.9052  
11713.98318  
11739.50109  
11674.11501  
11678.82574  
11732.61322  
11727.51629  
11651.97453  
11604.71642  
11510.63162  
11639.44769  
11667.78067  
11638.44348  
11598.28108  
11641.55185  
11620.13336  
11609.90818  
11621.18237  
11607.97953  
11625.70156  
11635.56293  
11662.8032  
11651.38662  
11513.35599  
11698.91917  
11548.36861  
11239.49506  
11723.8712  
11517.51834  
11496.48945  
11540.19202  
11620.54379  
11655.12332  
11658.55893  
11656.38926  
11617.22233  
11654.44261  
11668.39252  
11685.89364  
11657.29556  
11584.55681  
11609.46386  
11562.13549  
11575.06037  
11575.34138  
11614.01748  
11532.21545  
11580.48014  
11535.3823  
11634.33982  
11631.25025  
11638.42965  
11584.66929  
11637.20402  
11652.22123  
11596.10841  
11632.63902  
11425.12167  
11673.49942  
11673.66263  
11672.99036  
11672.85006  
11690.10514  
11626.46642  
11560.13636  
11594.05303  
11618.9031  
11619.71411  
11592.64053  
11632.36732  
11696.34738  
11729.14729  
11762.06045  
11642.30528  
11660.27537  
11620.22895  
11652.42096  
11607.91661  
11611.15742  
11657.27249  
11709.37564  
11640.44198  
11705.1859  
11705.21889  
11613.08266  
11543.99294  
11569.59763  
11606.92593  
11647.89056  
11646.20344  
11714.07127  
11653.96126  
11677.96431  
11621.84251  
11592.27634  
11561.50017  
11580.88872  
11808.53604  
11667.30805  
11698.5087  
11734.59359  
11707.74003  
11548.75033  
11614.53088  
11576.97039  
11550.81274  
11523.76177  
11609.87605  
11184.8896  
11456.79941  
11627.52957  
11179.93735  
11712.35171  
11166.67428  
11636.09779  
11481.68511  
11505.61366  
11554.72958  
11625.57308  
11657.57302  
11690.3636  
11699.82338  
11612.49865  
11710.36172  
11697.12759  
11721.00281  
11765.75371  
11669.54815  
11653.37797  
11615.24189  
11675.05343  
11632.05298  
11620.70955  
11640.9269  
11607.15986  
11630.26766  
11573.21292  
11608.55629  
11678.83249  
11706.49064  
11447.0772  
11790.55528  
11833.74786  
11574.04546  
11691.14651  
11668.73462  
11644.35779  
11569.41013  
11559.33506  
11606.44907  
11514.59022  
11393.42893  
11636.85699  
11582.2286  
11580.95796  
11596.54982  
11669.15801  
11626.65568  
11632.4444  
11575.77053  
11034.37309  
11924.9846  
11613.44996  
11629.86623  
11640.62231  
11613.00421  
11627.27748  
11592.75285  
11619.67732  
11604.65053  
11706.9636  
11689.39744  
11698.99719  
11617.39105  
11638.9161  
11612.62788  
11585.56357  
11579.06871  
11669.7016  
11649.29901  
11605.76112  
11669.05019  
11678.4519  
11633.7847  
11686.57376  
11563.40007  
11469.3147  
11560.94218  
11620.83924  
11773.39428  
11750.35232  
11720.36574  
11583.19604  
11648.11196  
11653.28958  
11661.54545  
11180.44604  
11746.21131  
11604.88895  
11558.82001  
11647.32806  
11574.89987  
11481.5568  
11570.41386  
11606.19539  
11647.64689  
11651.17543  
11655.76087  
11596.9249  
11659.4483  
11702.35703  
11694.36818  
11710.29357  
11694.3677  
11680.31117  
11729.28018  
11693.78985  
11542.07473  
11705.54021  
11721.65719  
11666.09278  
11564.18429  
11701.01058  
11748.49326  
11734.29572  
11677.92801  
11637.68475  
11567.72252  
11538.73027  
11471.86848  
11593.58808  
11552.68813  
11648.86775  
11639.6111  
11664.96283  
11635.19731  
11670.44381  
11427.3948  
11600.27518  
11575.14355  
11549.18219  
11625.1108  
11665.82777  
11598.79165  
11615.35092  
11646.03235  
11731.23922  
11528.69106  
11682.27227  
11334.00418  
11680.33277  
11194.40185  
11508.50262  
11758.61301  
11747.56838  
11740.8175  
11727.33571  
11630.91049  
11634.14523  
11511.0337  
11523.77759  
11610.11481  
11561.7219  
11538.04001  
11497.22843  
11496.39663  
11495.56293  
11559.89556  
11396.91177  
11754.67259  
11836.63242  
11763.24691  
11725.76053  
11689.24  
11615.68846  
11647.19065  
11257.68063  
11643.77066  
11654.27503  
11713.9587  
11562.56642  
11855.00955  
11683.11685  
11656.23101  
11722.43545  
11715.67007  
11620.16676  
11646.33385  
11693.41467  
11621.16795  
11620.59583  
11507.90104  
11557.19259  
11686.43305  
11703.02607  
11686.10371  
11659.37417  
11679.99488  
11629.60221  
10611.36109  
11481.89706  
11729.45851  
11686.48789  
11778.3739  
11708.51761  
11722.60923  
11652.79994  
11640.89237  
11603.80785  
11667.63826  
11722.49919  
11720.64824  
11642.51132  
11699.90771  
11612.70328  
11552.36871  
11570.44852  
11484.25367  
11722.76691  
11594.00494  
11567.87859  
11562.73584  
11543.81746  
11613.36068  
11609.01764  
11661.75921  
11271.88992  
11650.87794  
11538.66223  
11545.71547  
11673.63077  
11635.60222  
11475.22514  
11688.0016  
11522.61499  
11607.413  
11716.84052  
11565.81704  
11559.61978  
11473.80548  
11593.56951  
11614.61756  
11694.3287  
11756.52478  
11749.59991  
11761.04577  
11705.01316  
11605.97723  
11489.18876  
11759.34529  
11648.32513  
11467.44478  
11643.20917  
11588.85524  
11607.43668  
11585.29626  
11622.5224  
11777.17333  
11734.72106  
11618.81199  
11616.29273  
11666.9275  
11588.47376  
11579.11243  
11666.04577  
11655.26741  
11616.33998  
11664.65164  
11557.737  
11625.12015  
11507.70416  
11476.77784  
11548.9682  
11631.1079  
11718.56068  
11639.81255  
11633.18081  
11593.10442  
11615.76429  
11688.07983  
11618.71405  
11641.48507  
11721.8578  
11679.19244  
11649.19339  
11606.19611  
11526.6389  
11572.3351  
11654.7063  
11671.58619  
11704.41929  
11710.13055  
11641.82132  
11746.92352  
11715.16976  
11634.67801  
11643.87252  
11629.30471  
11524.78815  
11469.3096  
11496.10147  
11466.18462  
11596.97549  
11664.28032  
11580.44403  
11607.69923  
11632.37794  
11707.34713  
11662.5519  
11607.66876  
11555.79069  
11609.8156  
11528.08329  
11862.13065  
11766.03833  
11629.75626  
11676.25137  
11629.66896  
11567.02841  
11567.61225  
11564.07319  
11587.41536  
11607.36309  
11616.35133  
11519.19462  
11610.2599  
11330.26528  
11676.95652  
11551.29219  
11569.00154  
11503.24572  
11578.67393  
11617.93445  
11705.48856  
11657.03621  
11724.30811  
11671.93294  
11597.53544  
11566.59661  
11532.00988  
11503.46275  
11608.46622  
11622.53532  
11681.61273  
11632.30922  
11617.90703  
11335.06352  
11833.05524  
11563.97934  
11530.39739  
11594.29017  
11556.11123  
11589.59307  
11573.4113  
11608.67713  
11608.30844  
11706.46075  
11688.71768  
11664.9729  
11640.55551  
11590.5524  
11576.34758  
11579.55753  
11505.72811  
11569.4337  
11382.84457  
11559.66835  
11570.3333  
11621.24553  
11640.2682  
11668.36434  
11742.69599  
11697.90915  
11669.32919  
11708.31702  
11668.68572  
11632.81333  
11604.25067  
11533.99149  
11498.73608  
11564.31565  
11647.27642  
11638.61689  
11656.05479  
11641.66946  
11656.56421  
11666.10078  
11728.56298  
11649.61891  
11650.00014  
11681.5785  
11668.69635  
11505.02322  
11672.97544  
11631.44801  
11667.21089  
11646.37971  
11575.79324  
11660.91511  
11742.65231  
11762.29315  
11766.26522  
11581.42223  
11650.62695  
11697.3744  
11686.27282  
11694.57117  
11651.97603  
11573.78489  
11502.44459  
10481.04447  
10615.99914  
11643.49538  
11693.88344  
11779.19635  
11741.00086  
11765.72427  
11718.47584  
11637.89986  
11647.16223  
11694.27347  
11683.26327  
11672.45023  
11668.85714  
11671.55865  
11673.42842  
11611.48865  
11644.68755  
11604.6923  
11643.4395  
11650.1395  
11682.11472  
11684.99463  
11801.48689  
11735.73408  
11721.73548  
11690.40027  
11565.52074  
11599.0534  
11614.56671  
11614.52313  
11591.59652  
11640.78999  
11676.35621  
11663.6593  
11627.2322  
11507.85983  
11645.83851  
11552.21984  
11667.90123  
11709.17488  
11632.16207  
11609.62381  
11580.15648  
11669.37008  
11610.82534  
11576.66894  
11629.47048  
11634.95425  
11678.21671  
11606.11068  
11524.36851  
11560.7154  
11633.39148  
11558.16767  
11632.15205  
11649.49012  
11660.53822  
11631.33679  
11607.19607  
11565.8688  
11614.09347  
11573.26991  
11601.90348  
11646.57355  
11636.82275  
11632.3591  
11667.13599  
11659.87277  
11336.42446  
11684.35316  
11671.02081  
11566.78958  
11510.67392  
11481.71038  
11640.44331  
11601.41228  
11662.78092  
11670.58643  
11710.17292  
11737.35199  
11702.41801  
11726.11266  
11673.82696  
11647.23003  
11665.11799  
11464.98711  
11281.58418  
10943.3819  
11588.58135  
11672.44521  
11699.02857  
11749.5556  
11754.97038  
11768.48927  
11639.71527  
11611.52211  
11593.80617  
11623.74417  
11394.07084  
11387.75148  
11728.76065  
11601.70041  
11601.16652  
11630.14365  
11654.63833  
11595.93416  
11591.53091  
11683.79362  
11620.86036  
11686.03527  
11635.50777  
11687.32163  
11696.67773  
11729.60526  
11650.99361  
11658.28165  
11617.5067  
11633.81573  
11648.10321  
11551.28614  
11576.88482  
11567.66339  
11706.97614  
11694.9434  
11680.68671  
11519.70445  
11716.22971  
11620.49285  
11577.03205  
11700.55255  
11637.84407  
11699.37343  
11694.05619  
11693.78737  
11660.51774  
11625.87795  
11599.1443  
11616.40214  
11638.44669  
11679.08303  
11647.67676  
11697.74119  
11622.73698  
11712.42016  
11580.37911  
11578.86098  
11544.26838  
11478.63556  
11485.33395  
10950.12518  
11793.02047  
11654.4613  
11683.53358  
11708.75869  
11714.31388  
11739.47329  
11710.24715  
11752.61932  
11750.86667  
11638.98509  
11714.74535  
11811.28774  
11665.60599  
11687.79869  
11677.30595  
11691.22666  
11656.46521  
11565.58516  
11481.04787  
11519.93419  
11572.21643  
11527.42961  
11072.60097  
10805.86341  
11720.8108  
11559.11599  
11551.33012  
11558.40724  
11533.89458  
11653.70465  
11609.29367  
11567.04514  
11633.46254  
11603.81497  
11539.43467  
11680.22529  
11644.03521  
11667.2207  
11634.18772  
11668.63857  
11682.13012  
11620.71561  
11576.96373  
11605.83374  
11615.74314  
11594.56652  
11608.6611  
11668.63434  
11689.30492  
11671.90346  
11761.26954  
11757.61274  
11735.02544  
11731.60291  
11689.11417  
11666.10063  
11695.4585  
11578.65811  
11453.34977  
11539.91072  
11616.65394  
11653.84229  
11627.26104  
11351.87002  
11748.23726  
11545.89776  
11568.58338  
11575.65989  
11543.57512  
11614.90793  
11654.86455  
11733.14836  
11696.7225  
11643.92578  
11637.94421  
11689.21012  
11720.61381  
11702.40979  
11750.5384  
11715.74831  
11699.30864  
11626.409  
11475.95851  
11503.04553  
11514.71139  
11546.82008  
11585.44182  
11596.47499  
11610.28202  
11581.04777  
11606.65908  
10839.3196  
11906.32037  
11650.84581  
11706.80227  
11606.06559  
11601.11446  
11570.61983  
11579.27291  
11605.74776  
11590.99564  
11558.75269  
11588.46497  
11653.02012  
11664.36378  
11813.55379  
11701.98893  
11669.53223  
11717.03615  
11707.62807  
11692.03288  
11624.95764  
11663.43062  
11705.52841  
11636.7802  
11581.10325  
11641.03553  
11578.08273  
11599.58671  
11575.11318  
11570.13423  
11637.84242  
11612.426  
11673.18414  
11570.12699  
11746.60775  
11704.58697  
11714.58748  
11783.97795  
11742.80646  
11703.55057  
11657.63935  
11666.42343  
11647.75582  
11568.1774  
11613.60603  
11544.01608  
11587.51148  
10983.26736  
11712.78474  
11638.21741  
11414.80937  
11505.82785  
11603.45866  
11557.35069  
11567.74946  
11612.38661  
11612.91608  
11595.10247  
11681.96051  
11655.26639  
11637.01008  
11604.80962  
11637.75326  
11617.80836  
11672.9735  
11626.34039  
11687.52969  
11737.48651  
11726.57078  
11829.87685  
11621.50765  
11629.88482  
11561.0241  
11632.56972  
11572.25945  
11604.49752  
11539.5715  
11596.99718  
11580.78676  
11663.16514  
11613.89895  
11643.90149  
11601.00393  
11657.67683  
11643.4179  
11719.66377  
11671.72627  
11727.62162  
11724.18968  
11605.73839  
11783.68158  
11694.60005  
11753.85499  
11655.05879  
11580.05617  
11670.21889  
11619.85251  
11510.25223  
11449.16733  
11557.26563  
11599.2034  
11581.7837  
11664.39717  
11564.93954  
11586.17402  
11603.886  
11563.99446  
11537.49738  
11520.91093  
11465.16754  
11557.29816  
11609.75999  
11376.88387  
11645.86819  
11655.84349  
11675.61154  
11640.99765  
11576.76642  
11533.75794  
11482.85518  
11499.59435  
11519.34816  
11561.59187  
11550.29765  
11497.62691  
11612.60895  
11751.59079  
11680.7372  
11663.42345  
11651.10245  
11704.6616  
11540.00796  
11616.31534  
11630.51469  
11628.98511  
11619.21031  
11558.84668  
11544.84349  
11534.15636  
11608.11376  
11616.43882  
11671.91151  
11631.01326  
11810.90401  
11166.45496  
11929.56873  
11728.65299  
11732.87628  
11801.42384  
11753.61132  
11651.86122  
11556.75192  
11548.18461  
11572.6323  
11174.17975  
11663.47619  
11603.96573  
11702.64673  
11669.0208  
11690.24793  
11760.9354  
11671.60492  
11670.23111  
11653.59289  
11347.89236  
11521.3921  
11547.04431  
11641.94831  
11599.79141  
11623.89808  
11650.61218  
11635.33604  
11623.97921  
11636.85497  
11191.7488  
11595.48972  
11465.42035  
11554.9627  
11625.76168  
11654.46502  
11689.22046  
11742.20064  
11634.13497  
11664.62056  
11678.28312  
11575.14214  
11580.29883  
11618.16955  
11549.32231  
11551.45751  
11624.57453  
11660.92626  
11623.11324  
11723.72103  
11671.85155  
11622.18417  
11630.81139  
11653.05073  
11635.59972  
11684.88541  
11733.00931  
11623.00755  
11632.20082  
11600.89256  
11612.29762  
11680.36514  
11739.06045  
11627.235  
11642.01267  
11603.33272  
11610.25452  
10997.07478  
11690.65008  
11575.34678  
11773.25934  
11529.77019  
11615.47275  
11618.63559  
11598.40038  
11629.22227  
11635.2952  
11554.94816  
11722.76162  
11722.22857  
11719.83158  
11675.85523  
11614.48045  
11608.71457  
11600.82686  
11553.54538  
11483.22683  
11632.48949  
11596.88054  
11539.32727  
11628.18967  
11573.39949  
11573.57964  
11508.11069  
11651.60398  
11585.15487  
11738.47514  
11644.06266  
11660.44515  
11632.03516  
