9715.277475  
9690.055063  
9650.705369  
9609.194242  
9655.554378  
9663.552941  
9585.428617  
9798.871094  
9826.631038  
9778.759653  
9637.368192  
9612.596774  
9681.379  
9679.113826  
9651.169443  
9600.462046  
9549.919096  
9563.880446  
9599.433753  
9660.343111  
9641.800809  
9686.18935  
9738.927302  
9843.225041  
9746.78109  
9810.176035  
9813.863253  
9741.652804  
9705.439134  
9717.753071  
9771.752507  
9685.500047  
9745.826698  
9773.216487  
9695.942627  
9655.402851  
9659.668523  
9687.478009  
9746.201623  
9772.889198  
9765.955679  
9760.716787  
9732.206327  
9748.330792  
9722.335092  
9722.927584  
9690.929237  
9700.558951  
9647.489483  
9634.928317  
9630.182983  
9646.972628  
9692.802171  
9656.144691  
9645.196871  
9668.092783  
9671.100323  
9740.644315  
9739.774902  
9729.286893  
9776.397339  
9716.932505  
9726.912532  
9724.556077  
9670.250291  
9652.849112  
9637.226384  
9701.211614  
9650.296293  
9662.212506  
9601.796424  
9646.449829  
9621.664776  
9596.112492  
9656.979774  
9645.708261  
9736.295391  
9666.864784  
9694.719088  
9691.948937  
9674.458853  
9730.126455  
9638.569158  
9783.865488  
9760.625338  
9741.681284  
9689.536884  
9651.926504  
9641.51016  
9642.60761  
9634.685087  
9606.146315  
9674.938439  
9638.283147  
9633.61238  
9666.681519  
9662.374239  
9634.585299  
9730.725436  
9668.610126  
9670.736563  
9680.528499  
9680.013653  
9697.812077  
9676.504085  
9666.005249  
9727.838961  
9648.625723  
9710.15255  
9744.737511  
9768.237727  
9809.399649  
9771.545758  
9819.470938  
9766.747756  
9653.769325  
9586.580595  
9814.383536  
9760.694636  
9650.38947  
9553.60406  
9691.328125  
9797.978647  
9721.675443  
9628.6173  
9509.312369  
9466.125657  
9482.426241  
9489.974985  
9497.667208  
9538.339825  
9603.472722  
9651.565477  
9675.203397  
9641.665518  
9616.899442  
9708.482769  
9611.062519  
9633.200261  
9697.891902  
9782.049805  
9743.244319  
9829.151799  
9804.08159  
9764.164203  
9791.150757  
9717.122033  
9665.983286  
9668.804594  
9672.814829  
9721.950881  
9701.050424  
9702.711886  
9707.373188  
9693.423002  
9688.245634  
9676.791767  
9765.057608  
9706.787476  
9656.13332  
9695.785353  
9695.397376  
9698.339093  
9690.676326  
9666.683603  
9707.11438  
9669.582951  
9715.904325  
9705.570519  
9710.001549  
9682.302678  
9688.481689  
9641.656072  
9644.697998  
9704.403752  
9674.070867  
9716.393245  
9746.809044  
9672.445744  
9691.913236  
9686.451745  
9739.126052  
9745.937106  
9677.396719  
9656.010845  
9646.509315  
9657.862089  
9651.7874  
9536.644043  
9669.403564  
9660.326172  
9753.395536  
9761.092276  
9687.839046  
9673.667762  
9742.420673  
9680.310556  
9602.626737  
9737.98645  
9623.597544  
9712.97306  
9615.048781  
9582.422532  
9731.359319  
9541.010545  
9670.412372  
9555.560941  
9604.11392  
9633.618511  
9654.399592  
9615.882268  
9564.958665  
9627.981971  
9632.129254  
9700.18689  
9705.441341  
9675.896146  
9737.973332  
9613.250347  
9626.438702  
9561.660588  
9523.199416  
9603.608445  
9593.114295  
9692.633357  
9696.843055  
9561.91271  
9307.214449  
9855.124418  
9699.068519  
9802.019935  
9732.550274  
9705.481398  
9764.667959  
9728.582754  
9760.077252  
9737.346069  
9739.342586  
9807.368652  
9706.922053  
9692.509578  
9673.791804  
9711.967022  
9658.358408  
9705.03464  
9761.954271  
9714.34206  
9752.293326  
9742.374042  
9757.755334  
9831.618202  
9766.264667  
9751.806885  
9764.477558  
9785.013944  
9734.183556  
9749.752254  
9774.508526  
9721.916344  
9529.134503  
9703.726384  
9661.479577  
9678.06188  
9644.802115  
9762.859375  
9786.22583  
9769.34452  
9711.233361  
9670.941397  
9596.322181  
9596.486929  
9631.710139  
9699.765925  
9666.397752  
9681.487173  
9655.299908  
9740.621807  
9647.377207  
9639.809533  
9684.336848  
9624.178129  
9677.375066  
9613.008958  
9612.790734  
9580.743549  
9623.766639  
9754.535222  
9727.389771  
9685.942787  
9742.171405  
9649.992469  
9606.93534  
9575.14394  
9543.976562  
9554.482347  
9629.978412  
9598.192805  
9835.511569  
9658.313383  
9664.16302  
9661.632578  
9628.17503  
9680.917527  
9651.063167  
9752.278245  
9772.292161  
9689.099393  
9699.137864  
9755.647236  
9765.150175  
9735.200533  
9807.977774  
9747.797842  
9833.031504  
9747.102135  
9669.833919  
9708.78294  
9624.885  
9682.613431  
9624.53879  
9638.352915  
9602.725182  
9571.628897  
9635.060397  
9654.86746  
9640.383413  
9661.398099  
9667.964346  
9673.619835  
9663.315345  
9761.915161  
9786.144118  
9709.121413  
9676.416682  
9616.676551  
9709.6133  
9626.991718  
9693.002723  
9561.051316  
9716.402428  
9604.268968  
9655.680692  
9643.050678  
9656.774029  
9705.329721  
9766.312171  
9791.504244  
9775.040941  
9666.509568  
9712.721783  
9633.628437  
9573.615676  
9624.297232  
9589.997859  
9720.43181  
9716.196552  
9733.219623  
9656.160391  
9634.303054  
9642.187603  
9686.390165  
9711.607638  
9657.247333  
9738.740948  
9661.833815  
9635.64224  
9584.911217  
9670.049345  
9665.204665  
9740.838632  
9662.919058  
9565.471004  
9613.187481  
9596.299016  
9672.512921  
9615.15055  
9660.062744  
9678.811091  
9622.862192  
9679.634906  
9704.208459  
9623.420344  
9744.491934  
9709.374803  
9783.12361  
9715.94412  
9672.570453  
9602.307833  
9658.463125  
9718.704609  
9699.236075  
9740.913264  
9742.382747  
9713.952449  
9702.502526  
9698.51032  
9672.812669  
9640.06096  
9719.373488  
9678.872925  
9692.649226  
9670.164926  
9718.911818  
9754.980056  
9719.912804  
9767.7868  
9700.749324  
9748.006479  
9383.374437  
9578.390982  
9680.198881  
9683.317749  
9622.411274  
9602.770564  
9580.941491  
9716.004517  
9596.278856  
9654.850051  
9636.890972  
9631.199444  
9637.047241  
9603.643649  
9671.789091  
9613.179903  
9661.016658  
9737.541926  
9726.544809  
9702.51124  
9709.571524  
9794.957059  
9701.33266  
9643.387733  
9754.255334  
9744.531513  
9740.941444  
9793.117817  
9847.632672  
9771.574097  
9769.791025  
9626.424946  
9755.97353  
9690.29079  
9757.264658  
9699.961238  
9714.332322  
9645.29511  
9651.504751  
9693.91271  
9683.058284  
9696.498291  
9739.985295  
9697.996901  
9632.171143  
9667.328285  
9685.268602  
9675.004826  
9802.486244  
9759.533907  
9730.432157  
9713.136672  
9734.786602  
9790.990957  
9789.267184  
9787.973915  
9710.801082  
9647.123376  
9774.512414  
9730.92057  
9672.888794  
9693.541964  
9628.230065  
9622.732159  
9575.845121  
9581.528489  
9513.751333  
9583.508939  
9593.955548  
9614.955426  
9606.457369  
9639.988046  
9642.183444  
9629.975483  
9545.513662  
9697.55958  
9582.450524  
9822.346445  
9540.903658  
9804.196195  
9798.505052  
9748.641339  
9746.063054  
9770.796255  
9745.531316  
9780.080022  
9725.063467  
9713.730572  
9684.630991  
9736.070876  
9406.323787  
9673.788443  
9786.553645  
9722.154964  
9695.730647  
9707.573637  
9679.188354  
9632.035466  
9546.153358  
9645.546931  
9638.061073  
9701.59975  
9663.744657  
9684.530677  
9530.711783  
9681.701707  
9652.471924  
9614.287814  
9614.631545  
9700.515484  
9741.439265  
9748.718403  
9639.293382  
9692.122042  
9647.911424  
9639.674251  
9686.750958  
9612.889536  
9670.323946  
9683.013465  
9720.35452  
9715.810378  
9710.143423  
9686.300302  
9711.451397  
9731.075167  
9689.061176  
9782.416936  
9756.725023  
9780.785814  
9634.750413  
9715.053692  
9608.16902  
9586.690871  
9600.007493  
9622.116089  
9573.059861  
9701.612107  
9626.968797  
9686.77848  
9664.038339  
9583.921866  
9368.253963  
9712.885686  
9514.844698  
9654.732009  
9734.488619  
9674.33498  
9692.63532  
9454.671133  
9846.865385  
9637.588689  
9628.792462  
9687.449641  
9658.631939  
9637.805824  
10011.22715  
9816.452909  
9726.697632  
9710.340154  
9668.972591  
9700.432749  
9698.898034  
9733.641207  
9617.221173  
9649.687566  
9663.211022  
9792.899527  
9722.024715  
9861.532208  
9772.193031  
9780.512113  
9769.215698  
9807.183228  
9904.085055  
9921.297382  
9902.180617  
9767.245549  
9831.445012  
9815.001643  
9655.776489  
9645.721163  
9548.098379  
9652.467661  
9653.903705  
9638.475023  
9615.686082  
9565.235239  
9618.820068  
9602.79864  
9584.231952  
9709.200101  
9738.38377  
9588.057298  
9949.330303  
9378.981107  
9654.460121  
9744.737755  
9677.428852  
9771.968619  
9655.325815  
9647.408447  
9657.63455  
9618.596755  
9602.73261  
9685.469266  
9655.555617  
9619.763137  
9550.231408  
9587.672673  
9634.526405  
9612.306171  
9733.362107  
9777.725586  
9638.436082  
9493.062754  
9317.629751  
9798.258019  
9576.195744  
9748.9295  
9792.880784  
9718.106361  
9760.51816  
9718.489755  
9665.792687  
9720.162307  
9729.195331  
9712.306781  
9653.52925  
9571.623479  
9622.353882  
9661.124887  
9695.479276  
9744.952496  
9735.766855  
9736.92041  
9767.968553  
9846.191895  
9745.448834  
9719.407799  
9738.295185  
9636.946618  
9586.426645  
9663.117441  
9708.452778  
9682.901358  
9712.36761  
9705.092201  
9615.944627  
9656.947716  
9629.337562  
9603.519559  
9642.268696  
9627.7226  
9638.895001  
9621.86376  
9612.693322  
9866.704684  
9738.787588  
9740.398372  
9661.208402  
9631.968975  
9624.28972  
9548.468346  
9636.211942  
9839.441181  
9692.67641  
9649.238751  
9473.897029  
9740.135836  
9742.199115  
9740.733699  
9727.845168  
9699.175603  
9712.446205  
9759.381845  
9706.569965  
9745.995671  
9641.922955  
9557.445181  
9626.077073  
9659.623413  
9610.605722  
9654.510385  
9386.662908  
9684.350004  
9454.312744  
9879.246488  
9741.903414  
9711.611873  
9701.52555  
9693.650316  
9699.465914  
9697.059861  
9665.890475  
9587.236779  
9574.796744  
9568.480027  
9634.242619  
9649.481229  
9552.341271  
9662.230563  
9741.057232  
9694.855018  
9744.923387  
9687.183838  
9663.111056  
9730.508367  
9787.634193  
9652.126474  
9904.737295  
9800.873122  
9519.012367  
9594.084191  
9396.542002  
9775.02433  
9786.360971  
9851.46428  
9883.793335  
9759.831449  
9711.429349  
9600.511052  
9643.097628  
9683.812012  
9762.932993  
9756.761747  
9716.369657  
9422.247953  
9689.946467  
9843.881902  
9757.719764  
9706.238694  
9635.98445  
9736.60929  
9608.205266  
9635.652823  
9494.116324  
9664.731408  
9697.181894  
9685.816397  
9666.876587  
9720.513597  
9617.232281  
9742.086811  
9726.473708  
9734.594896  
9740.710243  
9713.584576  
9669.487183  
9639.821777  
9601.862248  
9644.509437  
9654.647602  
9711.105675  
9697.444167  
9702.306237  
9765.851121  
9825.280546  
9824.949228  
9861.307824  
9815.601591  
9791.409846  
9653.029729  
9735.90148  
9703.152231  
9702.448655  
9761.277391  
9748.910485  
9684.627639  
9737.6678  
9698.755803  
9648.903471  
9693.080191  
9709.309636  
9737.792584  
9698.229633  
9674.916908  
9614.787034  
9500.501409  
9594.302603  
9309.649236  
9655.951904  
9655.638644  
9839.383808  
9636.193322  
9583.283945  
9617.026151  
9660.766217  
9646.356126  
9720.573702  
9716.23923  
9674.292922  
9645.661818  
9639.389883  
9620.933678  
9670.049607  
9673.727445  
9736.169903  
9612.493314  
9630.199932  
9633.944186  
9644.638869  
9712.483802  
9717.53125  
9723.651865  
9618.962656  
9572.207116  
9627.961895  
9621.372221  
9606.937106  
9705.222872  
9738.085036  
9742.607319  
9655.835797  
9684.298593  
9636.506104  
9668.425424  
9623.123319  
9674.216731  
9575.702627  
9643.129113  
9822.840708  
9804.424523  
9690.654813  
9756.894456  
9805.713482  
9798.742394  
9694.863845  
9660.402963  
9685.972299  
9716.958543  
9746.158156  
9712.738197  
9704.551842  
9600.284255  
9564.21644  
9545.932026  
9599.501897  
9692.137752  
9669.140578  
9705.683519  
9647.903733  
9631.480281  
9675.078238  
9374.038903  
9666.391742  
9663.706778  
9686.467163  
9601.658419  
9642.951801  
9626.069111  
9780.281691  
9702.431913  
9730.153687  
9668.068697  
9605.62685  
9582.265024  
9590.126249  
9628.612502  
9606.593656  
9661.048612  
9652.48184  
9703.622493  
9475.1678  
9800.650916  
9828.749315  
9775.66949  
9784.386061  
9740.844858  
9728.252141  
9711.144325  
9649.919631  
9662.135029  
9727.136118  
9652.53018  
9712.265221  
9653.585909  
9699.823486  
9745.622136  
9678.82712  
9545.950195  
9820.488798  
9766.980713  
9591.407433  
9792.48938  
9725.168185  
9671.168279  
9664.916269  
9670.273053  
9691.862492  
9641.506742  
9663.050997  
9662.19628  
9570.586999  
9589.062622  
9750.580886  
9756.32297  
9735.541288  
9761.284133  
9601.516226  
9724.137911  
9730.523203  
9703.662278  
9745.551974  
9556.577496  
9572.859384  
9689.966919  
9672.82635  
9701.068866  
9708.513334  
9715.279175  
9650.559617  
9622.053683  
9576.218581  
9718.086238  
9683.21183  
9610.127948  
9584.249624  
9645.354117  
9602.892156  
9586.121986  
9698.248084  
9705.622108  
9696.392109  
9904.360361  
9826.868418  
9772.27679  
9762.648757  
9698.070791  
9653.672438  
9738.042837  
9679.304434  
9682.2717  
9723.460092  
9577.402748  
9747.601741  
9654.385968  
9782.268564  
9676.091158  
9712.840313  
9645.783776  
9514.315646  
9527.817364  
9638.96644  
9614.040997  
9663.335928  
9777.810434  
9715.60791  
9723.619112  
9652.019851  
9644.997352  
9751.092924  
9745.527992  
9791.113788  
9810.486084  
9743.792847  
9702.226863  
9656.555195  
9625.396212  
9649.403377  
9631.868718  
9622.85992  
9610.378146  
9642.714787  
9565.36315  
9590.082313  
9712.906682  
9743.065317  
9660.88777  
9732.418795  
9728.146682  
9683.154973  
9717.334398  
9729.92811  
9649.042772  
9680.065871  
9390.611413  
9835.913283  
9706.540462  
9689.695688  
9652.368756  
9646.257061  
9633.302594  
9591.416955  
9658.929462  
9583.754498  
9544.776583  
9486.711247  
9570.424551  
9576.8887  
9806.791851  
9785.62838  
9789.444158  
9735.08559  
9747.160889  
9739.053946  
9767.812228  
9857.205726  
9939.026442  
9741.249728  
9870.992685  
9729.959078  
9780.912814  
9752.314218  
9745.978102  
9851.752075  
9789.404635  
9828.805683  
9794.561007  
9750.678608  
9641.349422  
9643.543833  
9657.260526  
9595.89085  
9630.067918  
9686.344905  
9727.909593  
9592.591975  
9633.56697  
9589.68488  
9662.833336  
9659.182974  
9660.62453  
9750.316613  
9728.964515  
9643.674739  
9728.162898  
9795.286105  
9652.631075  
9686.211247  
9659.587055  
9706.885329  
9662.479295  
9642.525475  
9682.560556  
9528.808744  
9543.53818  
9565.496582  
9532.066322  
9518.581458  
9529.292039  
9744.030827  
9669.773268  
9602.922354  
9836.694082  
9579.940918  
9562.253211  
9640.843299  
9754.326904  
9773.756723  
9752.14855  
9746.933387  
9721.358821  
9635.69197  
9657.546208  
9564.251634  
9558.983567  
9604.473267  
9612.041401  
9652.855741  
9597.78418  
9634.473154  
9496.520667  
9787.140278  
9884.11253  
9791.896071  
9605.763287  
9561.742244  
9637.274339  
9724.389911  
9712.560425  
9734.27986  
9868.607046  
9815.999756  
9742.673546  
9727.96922  
9694.160917  
9770.237812  
9738.273851  
9685.878972  
9696.585477  
9712.225135  
9658.262601  
9616.650982  
9710.041241  
9686.145611  
9671.666485  
9635.243652  
9564.788227  
9782.349628  
9666.646456  
9724.575477  
9782.115244  
9754.164832  
9797.05588  
9763.691979  
9695.518771  
9603.869488  
9588.775531  
9552.048002  
9612.195115  
9396.135592  
9909.195913  
9713.724647  
9652.078003  
9670.381582  
9681.423687  
9755.295185  
9723.171274  
9666.710008  
9675.446655  
9560.759465  
9609.440824  
9715.282649  
9619.217548  
9688.348126  
9874.044753  
9753.611093  
9755.985183  
9704.743164  
9665.725417  
9695.862953  
9664.893658  
9714.297739  
9655.538217  
9716.646156  
9633.752592  
9574.775691  
9505.014038  
9540.267418  
9499.773747  
9550.206881  
9621.067871  
9608.800471  
9633.872127  
9860.246713  
9807.360258  
9720.014536  
9707.736403  
9597.098436  
9590.09114  
9564.648625  
9533.787372  
9488.462769  
9619.733577  
9674.160785  
9641.381545  
9738.497155  
9667.721407  
9646.691303  
9603.693613  
9536.03618  
9797.730149  
9622.05881  
9631.243925  
9665.438674  
9624.497052  
9688.503972  
9671.822144  
9714.528245  
9750.947303  
9725.663161  
9746.720684  
9825.577881  
9698.612568  
9654.758197  
9564.233905  
9587.959031  
9669.915189  
9761.278133  
9757.979764  
9779.415565  
9736.378981  
9706.82004  
9615.475764  
9650.193744  
9658.451275  
9702.04896  
9698.01709  
9661.149489  
9671.406738  
9789.014254  
9805.408457  
9785.575608  
9782.890174  
9828.283982  
9742.307739  
9801.288893  
9778.368371  
9773.612727  
9775.655621  
9756.252113  
9825.078548  
9786.571477  
9782.470938  
9671.37161  
9659.485614  
9720.041973  
9724.177143  
9817.821975  
9742.957379  
9763.940899  
9782.267588  
9756.070097  
9719.488422  
9708.620267  
9660.972487  
9710.757878  
9730.872136  
9683.003362  
9645.138747  
9718.99292  
9693.047091  
9712.677594  
9595.611309  
9513.657781  
9420.659217  
9462.197219  
9482.410137  
9581.15225  
9656.350736  
9603.785767  
9609.474722  
9564.245587  
9661.621413  
9695.516367  
9698.868117  
9771.929472  
9774.465398  
9835.693754  
9834.605365  
9744.777147  
9651.310594  
9526.651414  
9455.488497  
9593.764686  
9607.877009  
9684.935134  
9617.964731  
9672.020743  
9699.080106  
9727.064209  
9788.233483  
9719.596013  
9737.014799  
9718.192223  
9715.113563  
9563.458524  
9606.438261  
9689.53741  
9638.710712  
9599.679941  
9833.417621  
9647.38008  
9581.18703  
9622.651245  
9671.814829  
9692.968609  
9647.63023  
9670.61192  
9600.092623  
9520.303758  
9626.609215  
9804.628033  
9725.548922  
9738.699275  
9856.371056  
9857.071881  
9763.232779  
9704.464215  
9758.253634  
9680.837543  
9645.736084  
9565.296133  
9508.959153  
9596.476055  
9660.503202  
9585.358389  
9472.555608  
9741.186749  
9674.72599  
9747.138625  
9641.400926  
9652.683782  
9752.822144  
9728.087149  
9790.857506  
9792.094191  
9699.827458  
9846.586332  
9754.776546  
9794.204956  
9673.644203  
9692.542509  
9720.006733  
9710.985239  
9703.47753  
9748.190636  
9776.075759  
9702.854389  
9783.23045  
9746.539513  
9744.848915  
9582.540584  
9771.272508  
9703.054594  
9652.103591  
9673.049307  
9731.020959  
9756.762076  
9773.959275  
9863.030762  
9643.974994  
9630.248582  
9555.624211  
9558.469858  
9592.814434  
9629.769127  
9723.941143  
9734.820406  
9793.135179  
9695.596905  
9670.64593  
9619.293025  
9693.123967  
9535.039213  
9712.088576  
9705.928035  
9491.09745  
9633.295532  
9701.784903  
9661.45843  
9667.510188  
9657.383526  
9790.962524  
9740.162447  
9667.161067  
9547.196871  
9468.459595  
9531.107159  
9618.346379  
9691.991737  
9733.975239  
9624.367535  
9598.589243  
9708.019851  
9729.85837  
9767.696411  
9746.796678  
9764.779128  
9695.500178  
9640.555974  
9675.733558  
9760.881319  
9720.029325  
9705.568425  
9612.525926  
9749.503052  
9751.860577  
9744.656119  
9763.85791  
9794.651132  
9750.680007  
9775.689885  
9628.610943  
9637.039194  
9618.469407  
9647.915912  
9654.349591  
9667.504488  
9320.113375  
9659.531184  
9425.012132  
9674.304246  
9664.699838  
9653.958365  
9679.661011  
9636.302565  
9594.994958  
9640.632897  
9647.388991  
9641.562847  
9576.904118  
9658.22675  
9627.787701  
9687.137817  
9690.043438  
9752.395761  
9736.438411  
9694.157029  
9634.536424  
9570.205247  
9569.420175  
9579.952618  
9628.745286  
9680.898813  
9727.088022  
9566.47784  
9876.06357  
9705.630756  
9656.739399  
9728.292171  
9749.414232  
9773.754338  
9730.941218  
9695.053852  
9652.790227  
9653.811899  
9649.502657  
9768.114755  
9701.229023  
9677.1678  
9662.876249  
9553.443913  
9673.017738  
9570.050377  
9434.076388  
9597.587496  
9627.704195  
9583.923734  
9647.503333  
9675.885432  
9693.750216  
9626.473454  
9548.640916  
9360.68912  
9555.724919  
9617.404259  
9648.521409  
9678.343778  
9652.544574  
9713.079149  
9713.540077  
9711.671143  
9764.679556  
9741.606774  
9695.168739  
9748.786076  
9670.791232  
9706.880371  
9686.286368  
9640.851516  
9704.464215  
9551.79788  
9493.192439  
9639.889695  
9575.698054  
9607.749962  
9641.503559  
9660.633827  
9696.451951  
9979.345093  
9745.528602  
9771.590604  
9734.420927  
9652.315965  
9642.689124  
9600.277485  
9624.865037  
9735.695397  
9796.802979  
9802.277729  
9753.740882  
9737.893799  
9644.655358  
9693.764461  
9750.510385  
9743.27202  
9870.341928  
9818.010968  
9759.275776  
9774.239784  
9530.112389  
9713.223163  
9682.803946  
9735.226393  
9719.975445  
9594.772001  
9646.525287  
9701.28017  
9628.526301  
9654.140728  
9688.374446  
9613.363591  
9630.672044  
9572.055054  
9563.175171  
9510.324247  
9648.856304  
9637.204102  
9654.916523  
9683.293607  
9664.583111  
9629.624944  
9597.113629  
9432.761437  
9179.862028  
9880.874192  
9744.779588  
9870.408391  
9820.960759  
9884.336557  
9865.007484  
9946.399846  
9980.803514  
9918.368408  
9870.980309  
9732.337215  
9652.819749  
9669.376211  
9725.812519  
9845.353403  
9807.703801  
9792.043232  
9698.265625  
8760.308932  
9630.265991  
9822.595393  
9818.420485  
9680.562143  
9775.769325  
9785.828003  
9817.688674  
9837.746958  
9856.0291  
9800.365037  
9744.780583  
9691.900306  
9620.958346  
9727.32527  
9756.980168  
9811.13609  
9828.458139  
9772.845684  
9864.634935  
9756.840999  
9625.080876  
9371.804734  
9728.526705  
9751.587909  
9665.464271  
9668.52925  
9659.256517  
9696.744319  
9656.861967  
9545.470318  
9553.288246  
9563.373  
9566.705454  
9658.325355  
9660.807608  
9674.800321  
9686.450787  
9574.579195  
9600.192918  
9667.94997  
9647.325853  
9738.690167  
9747.180476  
9788.888334  
9723.405189  
9690.391442  
9631.740094  
9666.765475  
9704.789147  
9778.489267  
9821.4138  
9755.237023  
9778.939124  
9750.082247  
9684.831505  
9578.252404  
9556.708984  
9538.675462  
9574.949134  
9585.664354  
9604.133263  
9447.616915  
9762.82066  
9761.232488  
9771.761428  
9756.962102  
9756.487192  
9754.566406  
9682.982478  
9603.483398  
9602.808537  
9566.48845  
9570.257747  
9572.931566  
9569.106483  
9791.267559  
9751.221755  
9749.079787  
9737.578895  
9716.977605  
9733.688242  
9766.57205  
9762.477595  
9786.358201  
9740.609093  
9715.743136  
9557.286602  
9580.146287  
9617.971304  
9668.29864  
9635.081815  
9606.845234  
9715.662804  
9704.313185  
9632.261897  
9640.002845  
9614.268949  
9601.885827  
9670.732394  
9681.876493  
9608.009982  
9532.265325  
9457.74615  
9481.552021  
9600.3122  
9718.026771  
9744.533522  
9744.459538  
9747.196608  
9686.592914  
9725.623178  
9726.283964  
9698.363798  
9861.052575  
9672.6467  
9753.399649  
9733.987511  
9699.805335  
9691.247333  
9677.605816  
9682.134822  
9691.459914  
9672.891442  
9653.976347  
9668.39024  
9651.074238  
9736.335327  
9698.271034  
9686.389893  
9704.330012  
9688.203519  
9763.497728  
9618.921143  
9652.258  
9688.247239  
9724.190486  
9623.535513  
9569.214365  
9565.371075  
9628.461501  
9667.960365  
9686.108605  
9748.814416  
9675.995277  
9687.067674  
9610.346285  
9642.333928  
9688.920251  
9677.088144  
9737.599309  
9698.501465  
9772.909508  
9751.208881  
9643.844933  
9611.952496  
9604.407677  
9650.95812  
9616.386306  
9720.302772  
9695.703172  
9690.177866  
9689.548114  
9653.415678  
9700.162635  
9715.815505  
9609.51154  
9708.30142  
9647.617432  
9619.023851  
9914.674363  
9630.35499  
9490.362605  
9701.433246  
9518.188965  
9587.717726  
9699.620117  
9659.803946  
9721.964421  
9732.278114  
9765.788227  
9792.500817  
9632.450411  
9656.252779  
9599.854727  
9581.632681  
9592.842726  
9685.225492  
9655.997662  
9686.970778  
9692.09098  
9812.089327  
9872.423706  
9856.363178  
9778.21351  
9839.9061  
9852.185688  
9667.588125  
9770.867873  
9793.097741  
9739.080792  
9766.843675  
9785.347168  
9716.244817  
9519.980995  
9860.529785  
9799.770968  
9757.906541  
9711.535936  
9704.665518  
9697.36037  
9600.629404  
9657.240986  
9590.515644  
9452.314885  
9564.053326  
9539.057505  
9660.393057  
9751.793945  
9662.038537  
9694.710299  
9719.461623  
9802.310998  
9815.959679  
9721.176486  
9647.488507  
9620.242328  
9477.448768  
9540.94705  
9568.648992  
9621.027015  
9661.090435  
9646.769306  
9678.084153  
9647.932364  
9704.218947  
9712.48907  
9858.309129  
9647.165668  
9698.456468  
9779.894353  
9775.88839  
9737.764001  
9692.303636  
9680.951773  
9633.30911  
9606.105065  
9597.756169  
9713.59005  
9680.692204  
9659.427462  
9668.812509  
9662.121319  
9718.268254  
9712.661095  
9716.997089  
9713.338332  
9695.665349  
9612.913058  
9668.863554  
9567.008808  
9593.028687  
9757.755005  
9756.937462  
9645.588473  
9723.36777  
9832.660175  
9808.46968  
9844.684054  
9760.676082  
9718.331346  
9682.740957  
9670.956956  
9661.996713  
9630.663274  
9579.532884  
9553.456618  
9527.03449  
9620.933556  
9631.823458  
9656.162879  
9621.315402  
9586.341027  
9631.822989  
9657.563185  
9684.830191  
9717.241418  
9700.110661  
9767.197726  
9745.213125  
9730.584388  
9729.69458  
9570.064538  
9717.054396  
9900.666851  
9814.344736  
9835.671368  
9865.5625  
9847.767719  
9689.080754  
9649.651611  
9622.335459  
9613.293795  
9655.195951  
9731.938937  
9624.627272  
9680.111356  
9667.074294  
9597.173227  
9641.854793  
9698.812246  
9690.157471  
9737.673096  
9667.481821  
9633.745784  
9632.695688  
9578.75508  
9617.947829  
9635.114483  
9658.251531  
9612.339355  
9682.904015  
9686.16933  
9705.901311  
9779.152813  
9691.525109  
9719.095149  
9709.762076  
9700.809317  
9659.342191  
9498.717726  
9791.999493  
9851.770836  
9721.843778  
9694.897987  
9675.972478  
9681.298509  
9573.469849  
9567.978487  
9517.142916  
9468.063251  
9590.536058  
9667.566585  
9534.233783  
9407.432927  
9496.322425  
9225.4255  
9358.872117  
9357.371357  
9707.945172  
9751.892268  
9805.340473  
9886.492065  
9906.541156  
9838.790349  
9816.400879  
9790.911659  
9389.596313  
9787.577618  
9872.980826  
9875.254817  
9852.27186  
9784.684467  
9708.477811  
9652.401752  
9645.198139  
9625.706571  
9604.716215  
9670.114089  
9648.089994  
9729.032771  
9661.551579  
9676.361779  
9771.818294  
9816.039879  
9695.070416  
9765.428777  
9763.700552  
9607.425744  
9683.16456  
9721.381188  
9695.762301  
9657.979887  
9623.427462  
9666.715266  
9638.539119  
9644.678091  
9506.764132  
9542.586013  
9656.08852  
9655.641019  
9662.740356  
9693.945078  
9675.83251  
9636.049354  
9229.128221  
9857.337684  
9628.031128  
9659.084961  
9706.002657  
9727.308472  
9711.434185  
9693.079102  
9743.754545  
9738.467182  
9751.67333  
9731.153226  
9750.572735  
9688.618925  
9732.710684  
9735.077411  
9687.10268  
9672.124972  
9764.85915  
9803.882371  
9779.496197  
9799.512836  
9680.929077  
9768.820773  
9548.937829  
9557.245559  
9515.457764  
9602.02202  
9684.768104  
9832.743436  
9826.942364  
9745.862765  
9653.224046  
9612.804772  
9589.179049  
9609.603309  
9488.440467  
9644.111328  
9711.615629  
9706.284076  
9723.74384  
9636.913086  
9529.048631  
9597.49754  
9773.62838  
9758.224976  
9746.07835  
9761.928871  
9770.935143  
9781.807016  
9766.919067  
9752.966787  
9643.489558  
9647.457097  
9625.423725  
9640.899639  
9625.882897  
9610.64809  
9642.643235  
9695.454872  
9687.889404  
9641.234563  
9759.733699  
9746.297326  
9783.392691  
9713.283475  
9718.167039  
9585.076012  
9738.997615  
9756.37607  
9715.378193  
9677.700937  
9767.731905  
9791.736741  
9732.559195  
9644.593487  
9587.326707  
9625.572078  
9632.538321  
9596.062641  
9552.032161  
9548.464196  
9593.857506  
9547.874268  
9798.262939  
9736.835947  
9663.044049  
9662.678063  
9670.07728  
9596.401912  
9483.162673  
9604.433819  
9322.973708  
9654.36345  
9866.365309  
9795.46074  
9784.039955  
9736.689941  
9850.77356  
9822.304518  
9679.305326  
9725.243004  
9720.407133  
9624.886306  
9613.31542  
9579.615798  
9602.581468  
9670.369648  
9539.068134  
9880.752751  
9714.815993  
9719.901311  
9750.967003  
9607.935331  
9639.998404  
9674.314556  
9723.507503  
9677.514686  
9780.167649  
9723.911199  
9524.858492  
9770.536302  
9565.844604  
9654.266498  
9786.9392  
9765.056462  
9741.172645  
9832.597534  
9860.978581  
9747.851741  
9772.355478  
9539.352595  
9642.488882  
9616.117864  
9653.341609  
9683.578942  
9819.716224  
9752.492188  
9757.26293  
9190.99953  
9332.318885  
9504.581656  
9798.203472  
9740.919499  
9774.449322  
9779.789945  
9838.435707  
9841.037344  
9882.038011  
9819.951407  
9842.087506  
9826.452167  
9799.70289  
9754.257315  
9634.473764  
9548.09067  
9656.077937  
9612.074331  
9698.748939  
9677.268752  
9616.138052  
9617.627808  
9563.253343  
9627.629798  
9715.240047  
9724.029748  
9704.100821  
9742.455923  
9707.807871  
9689.315373  
9669.485643  
9666.864624  
9542.135939  
9608.835318  
9588.56066  
9484.89655  
9561.30803  
9632.921546  
9572.941378  
9697.856812  
9681.353394  
9747.748413  
9744.136766  
9803.880963  
9719.300434  
9767.812744  
9847.463529  
9719.074435  
9438.158222  
9805.507174  
9752.129601  
9545.57559  
9719.466938  
9768.04756  
9663.291091  
9738.755456  
9636.062613  
9672.909114  
9597.299654  
9763.388353  
9737.887216  
9755.146653  
9662.243511  
9693.733192  
9676.495136  
9715.724055  
9666.367422  
9665.646297  
9610.135094  
9603.32851  
9594.114164  
9705.2286  
9713.86161  
9705.21213  
9737.474027  
9663.005625  
9669.424035  
9648.115187  
9633.293185  
9606.650222  
9680.01262  
9764.693519  
9762.171894  
9683.694956  
9663.806913  
9595.455144  
9609.042537  
9717.428232  
9806.201773  
9855.846022  
9916.257991  
9833.869037  
9696.488234  
9685.178664  
9652.836379  
9756.376493  
9674.142447  
9836.549852  
9724.55788  
9630.263634  
9613.064894  
9508.164156  
9633.186279  
9685.372127  
9675.654269  
9528.527419  
9715.826238  
9659.328726  
9661.739248  
9612.17703  
9611.376399  
9668.708524  
9725.487211  
9808.436984  
9744.292762  
9860.862558  
9662.484929  
9591.499596  
9666.94596  
9658.23215  
9750.103722  
9740.299833  
9670.218083  
9615.738873  
9563.651348  
9631.075289  
9725.487023  
9712.71105  
9587.379967  
9566.38747  
9586.931021  
9527.733521  
9682.569815  
9690.981286  
9731.628371  
9677.694101  
9750.30804  
9743.795166  
9671.176579  
9661.232018  
9642.305345  
9641.338191  
9703.056359  
9687.596238  
9692.442073  
9611.558875  
9539.289823  
9637.062763  
9561.469482  
9642.630503  
9654.075515  
9703.20105  
9784.11622  
9788.790452  
9756.10575  
9695.498235  
9650.235126  
9593.664006  
9475.598905  
9520.443388  
9582.572078  
9607.994582  
9650.748479  
9641.889573  
9601.704609  
9513.442665  
9644.587374  
9667.783485  
9743.494488  
9734.72583  
9718.756282  
9776.853046  
9797.603732  
9840.849234  
9786.874484  
9727.163771  
9579.90332  
9551.2637  
9530.548668  
9538.01447  
9612.517306  
9547.637611  
9716.532029  
9791.568744  
9754.379629  
9779.751502  
9772.513409  
9693.547429  
9655.925988  
9720.224938  
9746.994263  
9747.025766  
9706.562838  
9658.845731  
9647.719191  
9718.963013  
9794.609985  
9716.39394  
9813.518508  
9917.023992  
9932.167678  
9828.922739  
9752.046884  
9842.589581  
9781.261306  
9747.651593  
9666.097562  
9619.763099  
9572.23414  
9600.363056  
8680.667649  
8424.419171  
9542.349431  
9618.591628  
9638.765231  
9702.895649  
9614.073261  
9569.679368  
9546.379686  
9546.08836  
9593.765672  
9581.399583  
9698.282583  
9635.086332  
9921.077299  
9825.996498  
9744.319439  
9743.152325  
9791.162344  
9812.391386  
9848.972703  
9916.29434  
9917.413884  
9913.441068  
9851.795636  
9776.940571  
9712.195312  
9749.405151  
9759.288349  
9786.99015  
9772.985136  
9822.760545  
9784.073421  
9834.810969  
9777.416842  
9745.142935  
9628.517015  
9377.762489  
9616.871638  
9874.129263  
9801.208759  
9772.761362  
9795.774733  
9818.501174  
9964.808735  
9888.606821  
9608.209942  
9834.316397  
9748.559655  
9662.136982  
9581.932148  
9631.303692  
9577.960815  
9288.152917  
9526.135526  
9643.988375  
9673.356239  
9774.121901  
9732.256949  
9737.623282  
9781.088567  
9764.268865  
9721.834313  
9701.797899  
9696.928063  
9662.836182  
9612.057035  
9623.733859  
9646.585027  
9518.576613  
9416.595252  
9704.770818  
9635.937369  
9672.713989  
9661.682814  
9681.090736  
9728.774508  
9801.328904  
9852.608248  
9849.336135  
9818.872427  
9785.155593  
9724.860089  
9658.769052  
9674.590013  
9660.977633  
9490.88578  
9302.890813  
9486.63685  
9750.029231  
9667.176673  
9655.90917  
9651.616943  
9668.34129  
9652.682796  
9670.455097  
9698.054518  
9667.836247  
9709.532386  
9368.170626  
9346.936617  
9729.076914  
9630.114652  
9635.323317  
9742.916448  
9679.800687  
9693.544875  
9733.873376  
9726.432232  
9780.76201  
9734.438392  
9768.902381  
9739.093299  
9762.812528  
9795.693284  
9698.827261  
9723.50832  
9664.016827  
9637.432899  
9650.488206  
9580.448073  
9615.06496  
9615.824576  
9655.908522  
9709.95474  
9719.758611  
9600.905405  
9813.873507  
9639.229445  
9745.400193  
9771.302462  
9748.861704  
9733.066331  
9736.317589  
9726.913415  
9678.632831  
9628.307965  
9590.437256  
9600.640719  
9719.312387  
9774.509249  
9695.732215  
9709.380888  
9598.261371  
9642.874991  
9673.624568  
9587.43581  
9624.656278  
9539.508057  
9610.85745  
9476.920297  
9699.49969  
9716.038508  
9669.99954  
9751.175734  
9749.758047  
9724.30204  
9769.258892  
9853.047692  
9790.562481  
9614.5879  
9923.157518  
9818.831768  
9697.529569  
9771.423152  
9817.393498  
9819.339384  
9720.232084  
9583.756986  
9460.290837  
9602.028489  
9664.909283  
9560.271898  
9486.74492  
7629.053763  
10045.87068  
9719.104708  
9552.837816  
9543.118211  
9613.049786  
9613.713107  
9600.613713  
9713.896804  
9690.692439  
9696.509371  
9812.726008  
9794.205839  
9842.937913  
9881.823486  
9788.070838  
9784.663978  
9804.305157  
9680.588398  
9657.935406  
9659.68658  
9671.542246  
9708.808434  
9869.828153  
9878.448308  
9810.065711  
9738.377836  
9817.195801  
9804.56665  
9764.464205  
9791.597093  
9821.497718  
9703.17534  
9722.534048  
9682.891602  
9516.109375  
9695.678927  
9785.049673  
9746.010695  
9759.614802  
9506.695998  
9614.058894  
9664.100764  
9620.899348  
9586.504676  
9597.166016  
9564.550997  
9670.002573  
9641.033607  
9679.846051  
9660.978591  
9634.047251  
9686.948026  
9669.688758  
9732.39024  
9771.306828  
9795.921687  
9789.143733  
9628.774517  
9712.904541  
9719.057392  
9724.557833  
9718.285598  
9692.327627  
9715.36854  
9783.860549  
9739.549091  
9722.191106  
8348.160245  
9877.77001  
9641.685575  
9654.496122  
9721.414466  
9761.987596  
9795.251916  
9723.392475  
9642.319355  
9562.003897  
9548.993568  
9606.09837  
9701.100239  
9673.918429  
9650.897433  
9790.918213  
9791.860145  
9778.317073  
9766.671218  
9775.555852  
9667.766724  
9696.361723  
9733.141808  
9752.068247  
9747.846811  
9773.406757  
9833.345262  
9873.715088  
9864.580181  
9836.955022  
9818.407659  
9736.117732  
9638.686298  
9609.769278  
9741.913255  
9654.010742  
9940.36223  
9798.176805  
9787.498648  
9766.943359  
9778.86684  
9727.671988  
9724.768226  
9606.590914  
9558.741558  
9629.250319  
9611.539119  
8669.213661  
8969.643724  
9524.276987  
9585.057448  
9555.906081  
9693.987492  
9770.681162  
9746.435528  
9711.385179  
9669.638503  
9633.42473  
9722.074604  
9734.207482  
9762.603178  
9792.667678  
9738.2283  
9682.379366  
9586.788687  
9644.143987  
9725.328069  
9782.193341  
9754.195284  
9747.908954  
9752.543532  
9715.054021  
9743.403048  
9762.951998  
9782.512611  
9809.818031  
9722.450928  
9788.816134  
9727.820125  
9743.790321  
9730.164964  
9748.937397  
9716.663443  
9773.891451  
9752.959783  
9804.831599  
9766.404241  
9824.935012  
9864.228713  
9747.438458  
9848.168495  
9835.707632  
9799.411123  
9780.96029  
9671.235605  
9717.457275  
9715.255578  
9605.533654  
9510.413377  
9497.023212  
9559.498901  
9705.202843  
9715.715088  
9637.96244  
9586.220083  
9507.863638  
9556.908297  
9577.494789  
9514.432279  
9513.560951  
9511.16457  
9552.128071  
9466.60992  
9705.545354  
9852.054556  
9787.170964  
9673.027231  
9571.92564  
9569.340304  
9537.100717  
9645.369995  
9635.021372  
9612.879441  
9618.806969  
9626.400128  
9671.796199  
9735.564096  
9744.875648  
9681.855948  
9693.712515  
9752.54557  
9464.655752  
9673.835074  
9807.411255  
9823.952543  
9797.608474  
9704.940101  
9657.159865  
9653.515559  
9691.198327  
9769.532696  
9702.779231  
9631.638644  
9727.06003  
8813.080116  
9829.705088  
9752.758639  
9808.992197  
9824.176532  
9772.192918  
9660.23307  
9643.375779  
9574.786743  
9644.900184  
9341.508028  
9720.262968  
9822.678655  
9788.315552  
9687.507766  
9651.841637  
9707.008038  
9682.548903  
9727.250404  
9757.383667  
9556.704994  
9519.870925  
9596.752977  
9635.306857  
9715.747925  
9698.41657  
9803.303157  
9868.721914  
9828.515202  
9875.469877  
9172.60284  
9692.445294  
9522.006348  
9638.790048  
9634.49077  
9732.901987  
9766.388343  
9851.160166  
9784.260723  
9750.844745  
9659.236769  
9578.574651  
9571.022123  
9590.943763  
9643.052199  
9706.021982  
9679.038339  
9710.662457  
9693.557946  
9659.365939  
9678.033382  
9752.865723  
9781.834529  
9795.722525  
9814.309627  
9806.217539  
9749.349628  
9707.523081  
9706.653114  
9647.465886  
9755.589956  
9722.482281  
9616.602098  
9677.564575  
9740.421471  
9708.003221  
9603.640155  
9688.824576  
9188.223173  
9606.488835  
9688.250554  
9717.693632  
9647.108849  
9570.236863  
9593.09159  
9662.042218  
9702.335008  
9701.703585  
9767.094905  
9802.615666  
9816.776123  
9760.271625  
9659.922063  
9599.63331  
9626.419396  
9618.410034  
9647.457933  
9656.165227  
9696.750751  
9703.508169  
9688.369666  
9696.817411  
9676.796941  
9621.302068  
9651.378042  
9680.2517  
9658.062754  
9632.442862  
9734.274564  
9723.583186  
