10338.53074  
10137.59359  
9883.065662  
9715.652087  
9660.909814  
9752.867975  
9883.326978  
9965.185852  
10012.10975  
9787.907727  
9834.761548  
9999.573389  
10160.64569  
10244.68813  
10123.5101  
10060.76826  
9893.459351  
9937.187286  
9954.905566  
10036.42629  
10153.34902  
10146.34584  
10111.09799  
10077.43495  
10044.91638  
9970.207971  
9953.407153  
10006.69967  
9988.87157  
9980.82688  
9922.597021  
9834.796289  
9855.620251  
9954.449658  
10043.55859  
10116.81454  
10102.04602  
10050.42339  
9953.532019  
9840.972321  
9803.590778  
9957.299786  
9821.045325  
9774.255133  
9866.925317  
9912.941412  
9827.670288  
9707.716663  
9702.543665  
9660.888623  
9773.297168  
9926.870264  
9920.849219  
9901.269177  
9874.257581  
9933.254749  
10074.66018  
10092.21807  
9972.068976  
9760.572357  
9597.944556  
9721.269843  
9761.862079  
9875.483972  
9953.041296  
10006.26362  
10027.83197  
9970.606433  
10030.13971  
10011.22325  
9917.80813  
9909.896191  
9871.745215  
9841.903601  
9766.319019  
9733.372394  
9819.768555  
9879.176459  
10024.22006  
9978.556995  
9881.871191  
9924.536462  
9998.268579  
9966.917029  
9950.957068  
10080.49292  
10075.17814  
10131.14727  
10225.8431  
10119.80679  
10071.17474  
10123.68165  
9911.23241  
10265.14398  
10132.62253  
10019.64594  
9857.109143  
9802.989795  
9769.927148  
9678.026532  
9696.45636  
9685.424951  
9800.20072  
9858.40874  
9978.208911  
9943.777924  
9874.39762  
9817.671753  
9875.272046  
9975.305396  
10027.30905  
10047.23219  
10002.86611  
9972.340002  
9908.051117  
9923.94447  
9990.78559  
10014.72075  
9993.537158  
9990.559131  
9938.822968  
9908.384888  
9938.216016  
10018.73834  
10118.89683  
10020.40074  
10127.929  
10098.62098  
10134.90298  
9968.822717  
9844.960767  
9949.667981  
9988.933313  
9909.757874  
9929.944788  
9896.286548  
9916.085675  
9921.684735  
9953.534692  
9990.167273  
9925.890442  
9968.845789  
9999.315955  
9978.718317  
10046.85385  
10138.75776  
10193.93739  
10238.07235  
10309.62921  
10196.15245  
10037.40673  
9687.888965  
9671.544067  
9677.202582  
9848.246777  
9882.180408  
9991.217737  
9899.557916  
9871.79696  
9870.958496  
9833.850958  
9760.247845  
9785.094788  
9675.16366  
9817.313806  
9973.373718  
10132.20354  
10105.39696  
10143.41326  
10150.47718  
10058.30769  
10015.17241  
9944.276428  
9838.158875  
9794.264691  
9756.175476  
9749.933191  
9822.383649  
9964.539771  
10050.58627  
10038.77936  
9910.862384  
9831.62511  
9839.580823  
9967.736389  
9899.337488  
9916.009778  
9926.468408  
10061.05255  
10168.39009  
10195.16865  
10188.8171  
9969.450757  
9798.297217  
9799.851685  
9824.860059  
9857.530286  
9816.117712  
9928.015808  
9859.847302  
9855.23175  
9854.428058  
9925.813672  
9903.227527  
9956.247278  
10042.99935  
10138.0693  
10160.84745  
10040.201  
9897.393591  
9909.402118  
10181.32004  
10238.52974  
10198.17457  
10090.37698  
9911.535474  
9742.272717  
9793.037781  
9843.136096  
9963.83136  
9870.920276  
9905.807446  
9957.700201  
9980.106262  
9941.87616  
9950.85473  
9927.950323  
10015.56876  
10080.43033  
9963.816272  
9801.108606  
9690.142322  
9686.902136  
9853.650781  
9877.116284  
9909.359802  
9838.350916  
9867.406989  
9860.570447  
9866.640002  
9917.70946  
9865.668896  
9912.452856  
9955.629944  
9987.748071  
9964.194214  
9979.566919  
9981.65907  
10028.26694  
10060.04576  
10185.08606  
10249.02567  
10128.10575  
9920.261072  
9761.426172  
9746.840613  
9803.634521  
9921.210876  
10013.14226  
10039.46508  
10016.76659  
10048.96372  
10067.78889  
10080.58713  
9943.690167  
9749.399707  
9736.821143  
9689.540192  
9911.339093  
10096.16547  
10176.37932  
10243.82058  
10117.96727  
9966.437988  
9940.713232  
9966.858215  
9872.080347  
9784.768213  
9733.834369  
9725.721112  
9797.70257  
9854.19068  
9968.885852  
10040.97493  
10101.54597  
10188.80393  
10129.94471  
9977.657507  
9862.896558  
9822.190955  
9835.03512  
8848.758508  
10261.0749  
9889.619434  
10066.59137  
10075.38838  
10050.93656  
10006.50229  
10102.31986  
10180.62671  
10183.86591  
10267.84042  
10128.35132  
9861.342944  
9781.647327  
9618.621967  
9620.455042  
9609.862427  
9673.641962  
9713.986102  
9865.114783  
9948.365222  
9820.467853  
9846.829962  
9946.025177  
10068.8283  
10110.68771  
10057.87448  
10040.60203  
10202.067  
10222.88995  
10221.03234  
10015.25497  
9779.007007  
9747.246478  
9741.594775  
9814.95094  
9818.543799  
9876.266895  
10013.39661  
10040.89404  
10017.38495  
10008.61833  
9882.791266  
9980.811316  
10031.40339  
10181.20017  
10067.80967  
9911.436572  
9866.385657  
9946.009705  
9932.661084  
9891.675208  
10001.31541  
10062.83138  
10124.58857  
10049.72963  
10090.34877  
10002.58303  
9814.877808  
9599.134625  
9772.184583  
9870.678748  
9977.484082  
10082.92289  
10124.57859  
10128.28971  
10070.84877  
10045.84264  
10132.56243  
10167.6442  
10091.61414  
9912.855347  
9807.151257  
9765.987268  
9895.015637  
9957.479395  
9988.345911  
9896.952295  
9990.616919  
9950.39295  
9933.094458  
9898.286078  
10035.26455  
9896.713074  
9806.479547  
9745.716455  
9715.0987  
9631.915186  
9683.425732  
9831.050745  
9825.005591  
9898.02832  
9877.58385  
10003.55023  
10054.93677  
10110.81759  
10046.12643  
9963.23299  
9937.878918  
10049.67927  
10108.23495  
10001.47273  
9881.350183  
9795.09718  
9774.508606  
9884.843433  
9862.930762  
9898.221497  
9920.944287  
10050.72993  
10056.39203  
10064.99736  
10002.99969  
9858.921454  
9833.261835  
9925.447699  
9978.934851  
10014.00279  
10124.41271  
10065.42991  
9915.876001  
9834.266107  
9868.877625  
9796.585864  
9759.952283  
9716.435382  
9758.016846  
9833.112512  
9949.773059  
10102.51268  
10292.27872  
10270.38983  
10179.81887  
10082.38982  
10115.31815  
10126.6715  
10047.27534  
9890.328406  
9703.835663  
9660.305194  
9804.922754  
9861.818689  
9894.804358  
10047.82026  
10170.46606  
10258.89297  
10122.70707  
9943.693488  
9774.388953  
9643.918921  
9778.759485  
9804.625635  
9776.7146  
9900.194568  
10076.96257  
10191.7885  
10160.83312  
10022.94001  
9855.191034  
9847.220764  
9788.182117  
9906.453394  
9953.13595  
10012.90383  
10051.01523  
10061.2724  
10046.16888  
9946.604901  
9848.683655  
9784.948132  
9840.943274  
9951.178479  
9994.862451  
10109.23479  
10070.21511  
10084.7449  
10085.03282  
9940.415778  
9926.344611  
9820.684106  
9815.756604  
9720.88252  
9766.942078  
9797.920087  
9764.00177  
9783.612781  
9808.764856  
9875.899475  
9865.613525  
9909.143872  
10097.46128  
10109.71085  
10087.27773  
10023.09169  
9897.916766  
9823.15387  
9834.783765  
9987.401404  
10029.0495  
10023.45878  
9996.230334  
9926.845544  
9929.544043  
9975.848352  
10087.58019  
10242.97101  
10270.15548  
10183.55959  
10031.36306  
9777.062634  
9840.838788  
9909.135107  
9837.677264  
9693.029199  
9718.462964  
9825.573602  
9907.701514  
9894.942029  
9832.736957  
9858.186792  
9882.109241  
9969.188525  
10046.21294  
10110.12169  
10131.74877  
10126.63407  
9942.947253  
9786.634229  
9771.881354  
9812.262683  
9940.873743  
10014.66904  
10023.95969  
9971.708667  
10009.86285  
10097.45521  
10183.60161  
10252.12395  
10100.86329  
9917.824402  
9897.580121  
9925.207367  
9872.694031  
9777.498468  
9659.094885  
9723.357739  
9825.794537  
9885.112134  
9900.935254  
9956.604138  
9960.292969  
9943.462793  
9919.427417  
9932.490845  
10061.22667  
10234.25137  
10096.68771  
10050.99556  
9881.578735  
9710.131677  
9703.000159  
9804.474207  
9880.641833  
9924.873059  
9955.062897  
10058.8334  
10071.49325  
9990.329883  
9878.118909  
9685.556927  
9754.990906  
9823.086157  
9940.460217  
10045.79728  
10029.61396  
9918.394995  
9930.199731  
10020.42836  
10058.61359  
10058.25203  
10145.82946  
10188.30894  
10253.12426  
10183.73627  
9929.542444  
9654.668896  
9745.538208  
9846.537256  
9839.979431  
9901.487866  
9903.474084  
9849.856543  
9820.980536  
9852.520178  
9935.519781  
9879.211047  
9864.915198  
9796.914886  
9835.467725  
9934.040796  
10058.57684  
10085.55352  
10121.11655  
10101.51273  
10079.02594  
10100.92123  
10053.67098  
10009.09337  
10000.62168  
9981.63844  
9899.335559  
9832.583765  
9870.968811  
9913.263489  
10047.99463  
10040.19865  
9977.886633  
9992.591174  
10007.86177  
9961.068658  
9918.975201  
9901.21665  
9990.579456  
9928.222101  
9869.890411  
9711.980682  
9769.464539  
9852.135114  
9942.459546  
10016.08241  
10057.85762  
10076.39572  
9980.771326  
9788.070032  
9612.841418  
9769.440198  
9829.731946  
9879.903369  
9926.599866  
9929.942065  
9950.585376  
9989.08894  
9955.009546  
10017.15859  
9989.170544  
9961.54613  
9947.799805  
9864.496411  
9957.769287  
10046.49998  
10043.46064  
10108.327  
10010.86454  
9996.616113  
10045.68932  
10006.94124  
10082.25958  
10086.72158  
10036.20662  
9916.139575  
9826.552625  
9942.658618  
9960.256213  
10026.47869  
10124.76985  
10018.55958  
10033.16033  
10001.23883  
9856.763177  
9822.290723  
9774.601135  
9812.501208  
9909.814062  
10118.37462  
10134.23765  
9964.889777  
9910.44303  
9742.752869  
9759.961597  
9859.559253  
9948.363965  
9965.217566  
10025.60977  
10034.73705  
9943.193127  
9773.66109  
9651.231604  
9722.02536  
9755.7802  
9865.993115  
9884.033118  
9820.1685  
9860.759363  
9847.311829  
9780.423279  
9852.184314  
9868.939929  
9922.9104  
10021.57291  
10149.27677  
10128.88971  
10217.2366  
10184.79089  
10216.89551  
10209.68099  
10149.46611  
10127.96654  
10151.24067  
9995.08374  
9870.992761  
9900.442865  
9809.269208  
9722.082806  
9873.232104  
9892.952661  
9954.026917  
9961.724817  
9836.548437  
9768.983374  
9880.170959  
9946.79176  
10055.52919  
10126.4569  
10059.44148  
10014.21511  
9978.086157  
9966.628101  
9915.338513  
9816.115234  
9761.743781  
9826.082172  
9751.328729  
9721.728125  
9850.353967  
9967.501648  
10100.39485  
10182.91798  
10151.74387  
9944.053296  
9741.76593  
9716.509851  
9828.297314  
9910.10387  
9938.221167  
9860.176233  
9989.075769  
9987.63208  
10006.60002  
9996.543176  
10043.05192  
9981.257178  
9883.183484  
9805.213733  
9853.718005  
9928.363647  
9952.743115  
9915.864087  
9945.790674  
9879.485986  
9906.866394  
9982.180847  
10016.11284  
10042.16302  
10019.12896  
9960.128857  
10041.71896  
10048.87599  
10027.44225  
9884.120544  
9837.00293  
9893.511774  
9923.462878  
10009.73652  
10014.58628  
10007.19263  
9991.7349  
9895.720441  
9964.415869  
10003.79052  
9993.257007  
10046.58567  
9964.420752  
9964.732227  
9938.769073  
9777.759155  
9834.877319  
9902.929089  
9986.521863  
10147.3955  
10144.3611  
10095.58622  
10084.45563  
9920.887927  
9899.465045  
9923.586096  
9852.301501  
9917.721118  
9863.491913  
9915.721973  
9867.655298  
9957.567175  
9926.84873  
9949.46377  
10034.68356  
10044.14905  
9963.367358  
9943.880212  
9952.320679  
10021.83568  
9998.263568  
9915.720404  
9721.578094  
9727.096643  
9700.74917  
9812.900891  
10128.42131  
9926.325122  
9760.632678  
9907.051306  
10049.80117  
10016.1256  
10035.71899  
9989.968573  
9984.917645  
9948.004272  
9870.221564  
9822.525391  
9866.468115  
9902.502661  
9947.982373  
9969.677612  
9837.437531  
9928.328662  
10002.00853  
10010.05358  
10059.61105  
10049.17482  
10036.20253  
9955.571143  
9906.772778  
9933.228485  
10053.57599  
9799.970764  
9932.932587  
10042.22001  
10019.68495  
10030.96823  
9853.683093  
9929.394324  
9926.186316  
9910.843616  
9956.982971  
10081.66616  
10157.7017  
10166.41492  
10165.98431  
10129.60657  
9890.534204  
9720.284192  
9628.824951  
9617.149915  
9696.325464  
9789.520325  
9916.251813  
9920.46889  
9940.19325  
9844.504419  
9918.016895  
9925.664612  
9905.961975  
10003.16237  
10072.75558  
10109.41138  
10116.46521  
10032.84772  
9980.340302  
10039.5329  
10054.69088  
10005.59081  
9892.637329  
9804.063342  
9729.104663  
9815.02876  
9793.309534  
9754.532483  
9852.240356  
9956.304553  
9955.288464  
10023.52919  
10140.52137  
10150.86464  
9994.345435  
9951.631653  
9837.000134  
9853.879553  
9861.095312  
9847.724927  
9858.726367  
9942.915161  
9954.924902  
10035.77057  
10151.46179  
10125.14937  
10243.30605  
10206.23677  
9961.755139  
9803.922729  
9851.119507  
9860.323926  
9836.066541  
9828.335999  
9865.719543  
9878.89447  
9960.347461  
9983.232361  
9966.297632  
10043.71086  
9995.874731  
9944.307056  
9864.473901  
9877.971204  
9901.564185  
9957.486536  
10041.08745  
10018.1932  
10041.76212  
9831.042737  
9930.220032  
9906.785547  
9907.237543  
9975.476599  
9989.458362  
10000.05194  
10051.2612  
10166.72203  
10199.37985  
10205.83137  
10061.05428  
9881.770642  
9640.527332  
9713.651587  
9706.980493  
9691.841748  
9801.483459  
9708.878571  
9709.690625  
9749.222186  
9722.736676  
9781.150195  
9785.917218  
10019.799  
10154.45941  
10060.44225  
9884.834058  
9961.683875  
9995.039429  
10095.47582  
10105.2051  
10024.9167  
9944.637335  
9896.983722  
9881.903577  
9938.263416  
9961.788281  
9997.629913  
9988.390436  
10032.22048  
9989.556921  
10006.84119  
10062.23336  
10111.28693  
10179.28151  
10100.51555  
9934.538342  
9883.306421  
9896.022266  
9766.097784  
9885.222327  
9866.823389  
9922.904419  
9799.646332  
9828.346869  
9998.402209  
10050.77648  
9942.772705  
9981.869299  
10011.26917  
9883.619031  
9806.514429  
9774.444104  
9868.331079  
9819.643713  
9936.617236  
9982.706561  
10001.07848  
10037.35885  
10044.91261  
10100.92894  
10128.41074  
9949.14458  
10014.44718  
9980.202631  
10001.16523  
10119.51084  
10138.33228  
10053.84822  
9912.452136  
9801.531006  
9800.083215  
9883.20874  
9804.737732  
9785.240247  
9728.079932  
9713.791205  
9880.586584  
9886.107532  
9856.03299  
9882.057782  
9891.474408  
9894.344305  
9869.167499  
9934.747852  
9995.748779  
10063.89086  
10114.69645  
10197.88195  
10064.10679  
10036.25248  
10028.81853  
10026.39906  
10067.89657  
10005.2508  
9870.562103  
9851.924078  
10026.03743  
10029.03535  
10033.24243  
9960.241113  
9870.595081  
9878.190906  
9825.738263  
9855.710327  
9884.613452  
9899.95448  
9951.192847  
9977.138672  
9915.892053  
9938.030566  
9878.230774  
9894.611096  
9852.571106  
9866.496741  
9857.805597  
9927.637817  
9910.471838  
9925.158264  
9992.438611  
10087.0528  
10101.27083  
10096.14803  
10120.12213  
10184.53262  
10108.8334  
9973.074872  
9867.00896  
9803.366522  
9761.151862  
9795.766351  
9905.028809  
9915.643262  
10077.72329  
10042.77531  
9889.731628  
9730.7008  
9682.589502  
9711.172632  
9799.933472  
9843.720923  
9941.822424  
10063.29513  
10046.85958  
10012.94155  
10016.34247  
9843.923773  
9805.62746  
9771.001276  
9808.3125  
9881.100037  
9989.453833  
10109.56626  
10213.04734  
10214.59465  
10233.53074  
10025.71899  
9841.563464  
9742.075208  
9798.146765  
9761.601062  
9875.856598  
9795.110974  
9751.780615  
9808.926318  
9776.934344  
9902.342468  
9927.506506  
10008.22676  
10033.63789  
9971.956824  
9990.71582  
10033.82277  
10010.79326  
9844.853027  
9994.565161  
9966.076202  
10067.84229  
10212.21931  
10137.77131  
10026.28674  
9900.258234  
9869.318256  
9863.770203  
9594.186371  
9734.767487  
9785.989325  
9968.879333  
10108.65962  
10194.60292  
10246.58204  
10280.28373  
10114.62031  
9984.153271  
9860.94342  
9914.811377  
10161.52672  
9846.2151  
9987.028345  
10041.09733  
10105.27964  
9886.671094  
9948.075671  
9951.948169  
10005.55134  
9938.30426  
9912.292749  
9704.262299  
9875.098926  
9913.042053  
10080.39878  
10100.84857  
10139.97711  
10110.70909  
10026.90244  
9947.17019  
9909.882019  
9912.079315  
9878.292462  
9925.456775  
9909.954285  
9879.49812  
9873.579034  
9905.895374  
9936.991296  
9757.794806  
9706.369696  
9816.475537  
9894.438831  
9992.817987  
10063.54022  
9944.686682  
9868.295154  
9748.007141  
9795.630737  
9841.087976  
9890.288586  
9999.090161  
10005.39991  
10028.7415  
10043.37006  
9973.693591  
9900.206201  
9924.710986  
10015.26101  
9922.69408  
9965.662817  
10017.35891  
10080.41429  
10118.94359  
10214.21771  
10204.59774  
10060.2074  
9946.765247  
9791.405078  
9732.442841  
9823.399872  
9790.257062  
9855.730194  
9951.658112  
9964.036743  
9982.538654  
10015.10505  
9948.663165  
9840.972412  
9756.164185  
9770.346228  
9924.50127  
9966.773779  
9927.000476  
9983.44248  
10030.52899  
10096.48872  
10121.01772  
10032.64562  
9846.358252  
9773.740002  
9775.479468  
9743.009363  
9711.654309  
9770.090747  
9796.22489  
9893.219043  
9874.240845  
9853.44353  
9899.064136  
10071.0573  
10101.78691  
10158.86337  
10114.9121  
10082.58608  
10057.77045  
9992.592328  
9953.417261  
9906.295221  
9931.122595  
10013.04229  
9975.208875  
9964.076355  
9943.494995  
9853.756897  
9824.968872  
9911.934973  
10073.32572  
10088.06982  
10171.0552  
10123.22179  
10040.33547  
9987.089648  
9817.141528  
9941.475183  
10467.43203  
10358.84215  
10354.61786  
10321.4342  
10193.0255  
9821.823499  
9581.762469  
9433.782593  
9584.681732  
9613.800549  
9823.733032  
9939.647827  
10008.44857  
9987.562805  
9914.307111  
9962.230286  
9937.819495  
10063.20403  
10069.07961  
10108.83962  
9991.041455  
10086.23474  
10020.06338  
10064.46478  
10132.96549  
10207.03103  
10097.61792  
9829.159534  
9685.913879  
9858.844666  
9849.588074  
9682.662585  
9721.980847  
9630.941504  
9684.839545  
9748.484558  
9858.365057  
9922.463525  
9947.968707  
10055.0913  
9953.826782  
9906.692969  
9923.969446  
9966.625098  
10112.94465  
10262.54081  
10287.73988  
10081.71353  
9819.96875  
9806.776294  
9759.907703  
9915.477209  
9955.498828  
9924.435352  
9979.245496  
10006.0054  
10042.90037  
10022.60305  
10041.35854  
10025.48115  
9975.596069  
9824.21604  
9778.752802  
9887.287164  
9867.934125  
9739.768738  
9771.002472  
9817.679846  
9795.006415  
9939.66391  
10087.54901  
10029.85126  
9863.369745  
9801.473401  
9788.730194  
9812.990271  
9878.959821  
9913.61048  
9831.808527  
9781.879242  
9750.253094  
9844.195465  
9992.762646  
9996.259277  
9824.404608  
9750.80061  
9725.944574  
9991.87644  
10097.91879  
10131.71204  
10194.32211  
10159.82776  
9877.206348  
9805.067297  
9858.573877  
9940.562073  
9869.014465  
9957.006372  
9955.932727  
9861.699414  
9862.011682  
9922.305408  
10099.78489  
10158.20562  
10106.27622  
10014.28723  
9944.577509  
9942.397595  
9934.861011  
9960.944067  
9980.751373  
9944.25603  
9815.189874  
9897.40351  
9938.033936  
9920.309192  
9992.109143  
10065.71628  
10091.21277  
10125.3495  
10137.04062  
10120.2642  
9950.498718  
9808.117609  
9832.920081  
9924.366956  
9915.11084  
9915.234338  
9929.758484  
9884.198212  
10091.41003  
10080.55864  
10085.18297  
10044.14821  
9955.294556  
9801.980908  
9774.330188  
9829.123584  
9901.98125  
9855.538202  
9863.873175  
9943.042187  
10015.53287  
10097.52013  
10181.19757  
10270.06957  
10211.72598  
10031.47084  
9886.353162  
9740.337335  
9817.654944  
9778.095392  
9696.799927  
9713.192694  
9711.199634  
9795.993433  
9833.461456  
9934.875348  
9885.967218  
9901.962183  
9986.2349  
9996.020251  
10030.93615  
10058.41478  
10066.82158  
9965.764111  
9943.604443  
9971.17644  
9927.811536  
9983.540369  
9964.149237  
10111.66716  
10110.08055  
10160.9145  
10104.21003  
9883.279407  
9834.672229  
9833.454651  
9852.328992  
9867.100769  
9775.43335  
9785.932446  
9836.368951  
9903.323358  
9929.154248  
9946.775208  
9916.708148  
9894.915002  
9848.706531  
9841.67052  
9837.937939  
9857.124207  
9925.177612  
10092.89359  
10115.1538  
9993.322705  
9780.803949  
9655.0388  
9706.646838  
9820.269885  
9899.806836  
9941.76825  
9915.25188  
9875.070398  
9812.879248  
9760.404443  
9816.579401  
9771.42489  
9994.458276  
10146.51735  
10242.69794  
10198.33721  
10121.55923  
10097.27253  
10059.84043  
10219.99321  
10209.31157  
10095.45103  
9875.540442  
9815.200305  
9848.341479  
9599.755585  
10075.82322  
9925.579291  
9887.500531  
10127.41639  
9973.911432  
10162.66063  
10074.24121  
10012.53987  
9967.340735  
9743.957721  
9887.878882  
9961.840051  
9858.448175  
9691.141187  
9893.360638  
10267.10032  
10403.57421  
10640.59539  
10534.26644  
10309.67489  
9887.428528  
9711.386603  
9614.09173  
9740.90946  
9758.412805  
9828.700891  
9845.117957  
9762.466968  
9906.479596  
9978.006317  
9574.359253  
9580.055762  
10099.87902  
9401.128943  
9299.175391  
9423.491235  
9972.85022  
10559.95546  
10651.85404  
10549.2364  
10255.84973  
9991.101624  
9876.353833  
9921.650745  
9947.038776  
9896.326099  
9878.325867  
9837.174878  
10035.68539  
10067.73044  
9988.255518  
10040.48071  
10103.38326  
10078.20219  
10054.37423  
10131.16525  
10083.68271  
10164.61561  
10240.77003  
10338.5785  
10147.88857  
9830.163055  
9730.785327  
9695.517206  
9676.630579  
9870.083398  
9955.582068  
10072.00963  
10125.43483  
10068.39691  
9496.611475  
9736.266296  
9724.461584  
9719.395551  
10007.67161  
9980.016113  
9844.67453  
9915.045087  
10007.64551  
9856.229907  
9962.056653  
10054.9576  
9686.084241  
10279.87039  
10122.20584  
9900.946326  
9933.639368  
10126.4767  
10275.77834  
10260.26564  
10147.66929  
9849.916083  
9577.143402  
9311.588434  
9353.404535  
9344.959021  
9463.632434  
9711.536499  
9773.058313  
9972.270557  
10066.17744  
10166.07617  
10174.36368  
10052.72389  
9811.66947  
9836.653912  
10008.12588  
10086.37275  
10170.37996  
10201.80175  
10259.09153  
10289.05514  
10329.21348  
10201.27666  
10006.96813  
10022.35524  
10114.86383  
10017.69827  
10012.43051  
9856.995093  
9695.912195  
9731.503162  
9860.584741  
9922.126331  
10013.87081  
10096.43839  
9888.157025  
9776.48299  
9951.684119  
9977.789136  
10047.01851  
9942.71062  
9880.879974  
9985.415436  
9952.1375  
9975.465479  
10105.21385  
10090.43411  
9863.380615  
9769.753552  
9753.731677  
9672.969348  
9638.429156  
9666.28313  
9690.320306  
9646.544739  
9705.250781  
9700.226385  
9684.347101  
9733.818317  
9896.757904  
9904.920715  
9805.242297  
9852.281567  
10009.38923  
10044.12928  
10022.87986  
9944.744104  
9831.229559  
9975.546643  
9914.011731  
9952.678723  
10082.8109  
10128.84047  
10236.04194  
10139.94048  
10204.58613  
10181.0762  
10029.23762  
10006.74359  
10074.45519  
10050.9787  
10077.96933  
10127.6896  
10009.23129  
9912.227051  
9807.460065  
9560.872992  
9566.855688  
9691.030127  
9831.298126  
9866.16554  
9989.330676  
10009.62192  
9945.337634  
10068.49192  
10111.36093  
10162.97833  
10150.53  
10023.11553  
9904.390155  
9913.121338  
9974.992578  
9912.436536  
10001.54069  
10134.80223  
10212.47971  
10077.79653  
10028.90537  
9992.436005  
10009.77674  
9993.987988  
9830.034973  
9809.082532  
9828.376117  
9680.661047  
9660.240521  
9707.992371  
9842.878644  
9907.014343  
9868.809106  
9780.039783  
9818.715692  
9806.573816  
9972.165784  
10013.78267  
10027.9047  
9975.890051  
10043.79688  
10151.66644  
10091.82343  
10039.70044  
9903.661755  
9865.526404  
9930.177612  
9918.150891  
10006.95269  
10009.91111  
10038.06786  
10071.98453  
10148.38397  
10122.64155  
10133.00086  
9948.826886  
9854.593835  
9896.318317  
9923.052618  
9937.995825  
9883.409827  
9833.780273  
9880.100354  
9870.796075  
9923.944763  
9989.255151  
9942.351599  
10046.10026  
10052.46672  
10025.63573  
9948.717871  
9946.026062  
9846.574792  
9900.054712  
9907.878857  
9935.697827  
9971.14502  
9993.264612  
10086.40325  
10138.81779  
10364.81045  
10420.55786  
10314.34907  
10098.28287  
9826.261176  
9763.316974  
9735.765082  
9790.217358  
9840.389612  
9916.65246  
10245.56592  
10265.01703  
10218.98508  
10046.78494  
9991.076483  
9730.400885  
9469.905927  
9344.98847  
9353.927026  
9534.827734  
9490.659052  
9503.923547  
9675.426471  
9782.392651  
9861.731836  
9990.300195  
9924.96792  
9683.222717  
9643.133112  
9513.962799  
9502.492877  
9702.818866  
9919.343372  
9924.180701  
9949.273499  
10049.18857  
9969.649829  
10015.29762  
10198.00822  
10292.51353  
10394.51854  
10298.83754  
10155.71821  
10121.89222  
10009.5173  
10059.55679  
10044.52178  
10077.0613  
10134.39077  
10011.90266  
9992.750543  
10132.85784  
10090.3267  
10031.38743  
9937.615308  
9961.409155  
9965.22666  
9981.036444  
10170.43892  
10105.79697  
9938.6396  
9809.531006  
9839.229541  
9826.13573  
9953.163293  
9982.412463  
9914.048242  
9868.108704  
9804.78197  
9981.599988  
9572.076556  
9924.56803  
9974.168188  
9966.24729  
10179.57198  
10162.32146  
10218.99143  
10253.1178  
9838.619598  
9698.059204  
9682.945319  
9621.391449  
9729.653125  
9889.053693  
9875.252179  
9877.650879  
9809.219928  
9857.242114  
9905.683984  
9976.761548  
10013.77793  
10082.6854  
10065.94694  
10030.9818  
10024.68029  
10012.09305  
10232.78008  
10140.20635  
9979.929944  
9792.005804  
9738.798413  
9825.044434  
9807.128333  
9832.58642  
9873.602618  
9913.895154  
9895.939142  
9921.404553  
9986.478699  
10007.81313  
10071.50784  
10180.19484  
10097.74249  
10111.34955  
10044.16041  
10007.01958  
9981.482751  
9965.951306  
10002.10089  
10011.84868  
9990.876764  
9945.790625  
9935.107898  
9806.752148  
9824.111377  
9837.665833  
9962.062451  
9949.908032  
9998.790076  
9896.291077  
9843.287201  
9801.466229  
9755.596509  
9845.077728  
9860.813959  
9826.733252  
9830.917401  
9871.64317  
9946.617322  
10011.32551  
10029.59515  
10025.26028  
9856.716052  
9912.695435  
9942.776941  
9964.502441  
9906.291382  
9946.683899  
9902.068958  
9922.069006  
9946.707867  
10021.14205  
10074.84356  
10118.21339  
10087.75123  
10038.22083  
9920.411353  
9829.653815  
9901.617822  
10020.41608  
10090.41495  
10019.85747  
9797.258545  
9818.537329  
9862.976245  
9902.478784  
9996.311572  
9986.909753  
9976.068359  
9869.323767  
9899.097998  
9969.659631  
10023.2118  
10046.34856  
10017.56873  
9838.726367  
9937.454382  
10001.86279  
10023.94456  
10066.56698  
9911.821191  
9805.341479  
9739.336218  
9823.238696  
9866.929688  
9981.111285  
10083.80581  
10092.09595  
10089.60707  
9971.375842  
9857.470886  
9794.088702  
9765.568591  
9834.538379  
9797.799609  
9909.454138  
9958.726917  
9995.299524  
10040.45018  
10015.37507  
10096.6803  
10077.60457  
10036.4056  
9864.15719  
9834.352057  
9905.363367  
9996.260181  
9963.174292  
9996.405255  
10002.38359  
9898.743549  
9891.184167  
10002.78802  
10088.50076  
10087.94139  
10052.99307  
10070.26482  
9947.255615  
9880.175891  
9901.468335  
9954.174463  
9950.867749  
9940.83512  
10030.66277  
10095.60104  
10120.37942  
10142.37626  
10232.35256  
10174.8214  
10191.69324  
9960.100653  
9802.422272  
9753.399573  
9876.283496  
9914.96886  
9830.253748  
9713.120758  
9816.917218  
9823.846765  
9793.669916  
9715.146039  
9577.64715  
9867.414691  
9986.339233  
9952.178943  
9954.162872  
10027.56849  
9932.284631  
9828.905481  
9801.086499  
9631.380756  
9649.672186  
9781.312781  
9837.830981  
9962.339661  
9964.076062  
9938.27052  
10033.42845  
9979.900769  
10145.12388  
10159.9869  
10154.71367  
10195.12826  
10104.19392  
9933.106067  
9888.472998  
9887.70636  
9798.637085  
9895.398425  
9930.362988  
9990.093665  
10024.32842  
9965.309534  
9931.930463  
9878.064276  
9939.854163  
9982.143005  
10047.3957  
10104.1776  
10249.66693  
10233.4005  
10092.53673  
9835.132959  
9912.849719  
9827.069598  
9710.605792  
9732.822937  
9785.725476  
9892.404065  
9926.905469  
9898.917792  
10017.82838  
10005.27399  
9991.41579  
9962.320618  
9939.042383  
9905.275513  
9897.490881  
10039.89547  
10041.46302  
9988.292444  
10054.70503  
9964.007806  
9995.63988  
9936.587708  
9868.652332  
9819.866028  
9794.799341  
9876.609711  
9874.346857  
9843.418677  
9795.379102  
9850.06347  
9759.985724  
9812.83902  
9928.493347  
9983.830542  
9963.876831  
10024.62841  
9986.285413  
10063.04678  
9961.881348  
9887.767676  
9812.013879  
9789.61991  
9817.563574  
9886.879297  
9981.722363  
10102.17568  
10145.36493  
10174.49917  
10013.059  
9991.364105  
9945.366724  
9854.468054  
9932.23114  
9963.644543  
9978.233154  
9949.034375  
9967.314868  
10061.04358  
10185.01521  
10067.3452  
9930.599084  
10008.41094  
9996.329401  
9977.784058  
9923.654431  
9817.932611  
9699.387469  
9771.701794  
9856.402008  
9876.576184  
9964.568518  
9953.171167  
10074.73739  
10096.34188  
10094.76245  
10003.71807  
9894.182306  
9748.998138  
9745.153375  
9745.844989  
9825.442365  
9899.408679  
9923.219434  
9838.788574  
9747.563837  
9872.007684  
9940.151489  
10038.69642  
10124.99304  
9951.835938  
10252.18098  
10227.2572  
10239.04319  
9885.118274  
9892.867908  
10016.77926  
9957.242798  
9995.17926  
9948.469067  
9845.841766  
9880.760657  
9829.049194  
9929.240942  
9922.608264  
9900.072205  
9954.74624  
10006.52445  
10057.69121  
10052.65898  
10077.08612  
9904.128918  
9886.799805  
9855.950671  
9869.713708  
9873.745862  
9890.791589  
10005.74601  
9988.067151  
9970.625134  
9985.571558  
9988.462634  
10099.02079  
10135.21139  
10106.09379  
10170.20261  
10160.86543  
10032.25776  
10130.79265  
9992.792175  
10030.63199  
9968.976105  
9921.255109  
9940.411603  
9851.49599  
9798.244208  
9815.684845  
9783.213287  
9843.032336  
9879.709418  
9859.410724  
9984.200854  
9979.555487  
9898.632159  
9825.817126  
9822.852942  
9863.999133  
9916.160254  
10009.67715  
9979.983997  
10032.32501  
9806.293872  
9615.54425  
9722.917285  
9723.455286  
9934.153992  
9981.423047  
10120.03435  
10067.69939  
9987.864282  
9993.397168  
9981.093799  
9903.792676  
9938.492737  
9959.984448  
10012.76029  
10103.41777  
10008.22423  
10074.4444  
10113.4833  
10212.44899  
10261.666  
10289.69231  
10086.06892  
9974.477802  
9932.554913  
9913.718817  
9882.81322  
9948.322693  
10012.31825  
10030.61473  
9965.49364  
9946.857813  
9867.415778  
9903.818115  
9848.134338  
9817.416724  
9856.862427  
9809.432422  
9837.704504  
9837.084662  
9796.757489  
9784.970758  
9876.890857  
9917.542688  
9948.981299  
10077.59528  
10014.99763  
10111.18774  
10053.94767  
10056.49445  
9925.951111  
9821.655627  
9824.13855  
9915.247815  
9940.383057  
10020.81921  
9991.935022  
10125.25826  
9836.472083  
9916.668127  
9927.69549  
9864.41463  
9900.451459  
9844.714172  
9905.648425  
9906.909576  
9874.75777  
9817.576367  
9916.787054  
9871.435028  
9899.283636  
9920.885602  
9848.976874  
9647.356403  
9577.054224  
9725.298895  
9795.111578  
9851.300452  
9928.464282  
10154.34878  
10240.81754  
10212.26473  
9918.33645  
9814.202124  
9750.631549  
9831.636792  
9937.115204  
9943.69162  
9991.108411  
10016.83741  
10053.24816  
10000.13429  
9935.777954  
9817.803644  
9741.61311  
9756.147131  
9867.025977  
9925.646265  
9921.060608  
9924.711841  
9865.303674  
10017.92111  
10050.49175  
10193.95388  
10128.63417  
10055.47671  
9992.976514  
10043.08916  
9974.147675  
9898.453485  
9895.020215  
9854.562701  
9752.664136  
9706.371649  
9709.810382  
9833.924255  
9920.387207  
10042.19437  
10023.82228  
10022.61877  
9919.019897  
9799.95719  
9880.012207  
9968.975562  
9944.2828  
9993.471375  
9966.590869  
9984.627795  
9919.308246  
9785.304932  
9843.711395  
9833.404321  
9858.059937  
9724.169006  
9676.997778  
9681.185907  
9763.29801  
10145.75332  
10288.4496  
10267.88586  
10340.06366  
10360.81809  
10163.69788  
10118.02144  
9949.561414  
9876.62583  
9903.16402  
9798.956897  
9719.789264  
9917.41059  
10000.17693  
10133.54614  
10234.82123  
10163.59178  
9975.5271  
9953.682886  
9885.459448  
10015.62297  
10088.75303  
10108.02417  
10072.63579  
9989.03866  
9838.387329  
9892.769434  
9919.918481  
10010.69709  
9985.493286  
9876.173309  
9831.900439  
9869.135168  
9965.986096  
10087.11158  
10036.7775  
10035.12267  
10020.8693  
9941.201758  
9941.442981  
9904.275989  
9897.295148  
9888.192157  
10003.46611  
10118.3806  
10191.46243  
10284.33986  
10101.1727  
9865.524866  
9727.865881  
9622.812378  
9596.87677  
9701.477753  
9806.786884  
9880.2729  
9954.728247  
9992.85318  
9971.836664  
9965.478351  
9921.721765  
9904.244275  
9680.786108  
9876.65686  
10022.54503  
10114.88152  
10119.52648  
10054.97925  
9980.161316  
9959.537109  
10077.94398  
10108.32863  
10127.26152  
10110.22595  
10020.3837  
10064.59548  
9983.93399  
9945.836115  
9873.12738  
9901.285199  
9828.362109  
9800.208014  
9791.928229  
9829.820239  
9850.853198  
9964.387634  
10106.9072  
10045.19285  
10046.95991  
10047.07849  
10028.25201  
9908.780957  
9872.238879  
9891.896741  
9953.096924  
10032.90333  
9893.244287  
9784.947467  
9784.21441  
9838.998871  
9763.314172  
9810.281348  
9902.211829  
9944.708356  
9950.253326  
9883.842786  
9953.31189  
10007.82979  
10112.85192  
10026.96367  
9902.386475  
9842.739075  
9665.988507  
9727.868726  
9871.168915  
9999.332336  
10083.45945  
9976.996814  
9952.159717  
9987.669299  
10087.7228  
10008.6755  
10008.65525  
9928.993604  
9902.652673  
9956.028613  
9945.143835  
9930.719312  
10052.7899  
10064.08895  
9981.418335  
10071.60802  
10036.41494  
9959.079187  
9897.059326  
10063.66921  
9885.797333  
9988.435388  
10071.72897  
10110.90239  
10103.87761  
10024.07037  
9828.180573  
9653.625555  
9589.141815  
9748.075055  
9816.928094  
9929.037524  
9903.091235  
9896.289417  
9855.668005  
9911.660913  
9938.221143  
9968.621619  
10004.58572  
10026.02567  
10069.23058  
10115.14578  
10089.33059  
10024.99559  
9955.249536  
9987.100769  
9928.122351  
9984.883618  
9974.026941  
9901.197351  
9901.400916  
9928.551563  
9974.102979  
10007.24696  
10004.00117  
9996.6479  
9975.372241  
10049.08711  
10081.97373  
10085.9621  
10184.88275  
10229.11464  
10094.89215  
9796.338147  
9657.388861  
9686.53208  
9700.519989  
9828.50238  
9895.153833  
10124.63545  
9458.877045  
9810.378296  
9778.812897  
9901.958105  
9975.793549  
10042.72443  
9963.112878  
9874.641028  
9800.426392  
9888.864716  
9944.23783  
9997.102844  
10001.92361  
9900.31936  
9921.726404  
9940.670642  
9975.339734  
9939.535645  
9817.675946  
9805.651892  
9803.654102  
9894.006299  
9959.265991  
9940.05705  
9941.556171  
9906.343518  
9947.508234  
9957.474719  
9909.568176  
9930.642407  
9923.590448  
9868.083295  
9974.686694  
10018.60795  
10003.3266  
9976.254431  
9933.912573  
9994.617761  
10066.78921  
10114.03295  
10104.44441  
10100.24502  
10117.45227  
10046.06449  
9937.30473  
9837.401282  
9828.870605  
9791.22439  
9810.565857  
9959.867188  
9927.891956  
9903.048425  
9816.570251  
9782.91524  
9788.334705  
9849.110596  
9973.014172  
10040.39482  
10086.7292  
10145.58187  
10104.66384  
10075.57299  
9977.428784  
9967.681323  
9997.889612  
9926.052911  
9941.222119  
9884.138977  
9843.840002  
9883.997449  
9853.767383  
9896.317273  
9984.917255  
9947.529163  
9936.512537  
9862.687366  
9884.532312  
9929.650403  
9903.39093  
9870.003113  
9988.871027  
9980.086169  
9945.62002  
9987.014136  
9939.375208  
10022.33475  
10065.90569  
9976.447461  
9868.133173  
9735.846252  
9758.471686  
9762.792755  
9786.162103  
9805.03667  
9813.863086  
10039.37631  
9993.781921  
9996.555457  
9973.57771  
9945.932056  
9985.632166  
10038.45988  
10049.69486  
10152.76434  
10075.28912  
10017.29491  
9978.725366  
10032.94889  
10051.57925  
10059.71665  
10089.37043  
10086.60657  
10153.98552  
10127.52588  
10049.47296  
9964.439197  
9838.048474  
9861.120947  
9898.466107  
9621.650647  
10087.83976  
10082.73053  
9975.32431  
10014.85926  
9868.86344  
9962.578308  
9925.186609  
10024.24113  
9797.594092  
9875.754285  
9991.253906  
9925.813184  
9817.053156  
9816.122778  
9748.091345  
9741.230322  
9910.357581  
9921.157898  
9955.251843  
9911.356653  
9826.027887  
9790.553644  
9841.991821  
9874.332739  
9942.045959  
9972.334888  
9969.248499  
9940.189746  
9863.483759  
9874.647278  
9959.034875  
9956.860059  
9832.154504  
9846.362183  
9847.403088  
9892.975623  
9931.252551  
9906.136511  
9973.810498  
9986.292029  
10038.69376  
10107.85371  
10063.37008  
10002.67975  
9988.096863  
10033.95077  
10037.74968  
9909.585443  
9852.257855  
9888.755695  
10039.54027  
10012.70129  
9950.422717  
9823.076007  
9818.093103  
9907.514154  
9910.447571  
10114.49191  
9977.567346  
10051.85186  
9897.924963  
10006.587  
10093.53392  
10161.65013  
10122.81858  
9944.92113  
9851.730292  
9884.281262  
10029.69465  
10105.82773  
10167.89365  
10070.40022  
10030.65201  
9951.449298  
9815.406427  
9823.31153  
9818.284534  
9838.931598  
9837.501575  
9809.120117  
9804.788812  
9822.076935  
9796.179803  
9790.64469  
9805.377734  
9700.629364  
9754.191034  
9899.065564  
9882.518994  
9904.627222  
9867.927759  
9946.285156  
10025.52239  
10004.35015  
9976.52262  
9941.280835  
10082.33593  
10189.81398  
10294.11405  
10256.06525  
10186.93758  
10071.55529  
9956.01449  
9998.863708  
9965.39093  
9777.076147  
9754.821692  
9710.44408  
9773.365393  
9845.97384  
9849.355237  
9933.968555  
9889.500159  
9973.039209  
10021.22931  
10084.54558  
10035.44104  
10100.95751  
10108.05105  
10080.53586  
10182.88113  
10264.08099  
10177.24602  
10150.93578  
9956.930701  
9967.565833  
9926.267212  
10024.34274  
10013.93445  
9981.913208  
10091.01077  
10059.58938  
10009.04785  
9860.037683  
9888.004425  
9875.657056  
10054.01807  
10265.93414  
10022.78674  
9989.891614  
10111.39072  
10034.14369  
9881.359125  
9678.259473  
9423.958203  
9445.695581  
9573.945642  
9682.810889  
9826.159082  
9920.930676  
9975.659338  
10046.06244  
10032.39303  
10035.9552  
10050.30396  
10021.55814  
9928.263562  
9820.347241  
9799.288416  
9895.770435  
9954.72843  
9900.579456  
9888.359332  
9946.352197  
9942.834644  
9945.521973  
9985.749957  
10075.26332  
10077.31077  
10076.85693  
10034.57356  
10039.83328  
9905.311597  
9836.077893  
9839.354224  
9866.644763  
9934.906525  
9894.134802  
9926.354163  
9895.28053  
9930.806445  
10032.14114  
10023.62399  
9919.288257  
9843.925171  
9919.225604  
9961.312213  
9965.810333  
9889.479443  
9905.786584  
9901.899707  
9963.832373  
10026.24128  
9904.966608  
9838.345752  
9809.134735  
9884.528156  
9971.471289  
9952.538757  
9970.627258  
9967.007233  
9816.889984  
9847.287048  
9982.565521  
10092.53462  
10165.54669  
9953.418799  
9723.491931  
9875.299329  
10006.61078  
9993.828296  
9850.60011  
9826.064618  
9867.333698  
9875.507977  
9930.39364  
10010.34282  
9942.675751  
9890.734131  
9800.428625  
9666.320892  
9604.390338  
9649.315686  
9751.453235  
9917.508905  
9920.085083  
9916.282654  
10000.6427  
9875.805786  
9891.570239  
9922.541138  
9949.248083  
9950.286536  
9906.89176  
9851.72915  
9807.355127  
9893.791687  
9868.230554  
9910.055261  
10000.30696  
10011.35972  
9985.001453  
9954.464673  
10025.4403  
10087.3433  
10282.13579  
10393.87069  
10247.51487  
9963.480945  
9843.014795  
9836.724487  
9831.503802  
9798.99317  
9900.752185  
9899.547522  
9955.65686  
9960.3245  
9897.984351  
9923.867688  
9938.12417  
10009.10258  
10011.58474  
9985.96283  
9984.044543  
9954.95509  
10048.64779  
10001.71335  
10086.37786  
10127.1666  
10188.6457  
10140.31973  
10138.2739  
10152.92263  
10189.90548  
10081.62557  
10034.51008  
9975.030371  
9865.116028  
9894.994177  
9792.4854  
9752.425415  
9735.737091  
9754.019958  
9843.69342  
9863.191309  
9926.716577  
9957.099768  
10012.36084  
10109.54976  
10019.72338  
9928.965417  
10044.81785  
10033.61743  
10032.76058  
9856.887299  
9782.827155  
9829.648248  
9865.859729  
9826.254199  
9859.650427  
9927.943542  
9920.238416  
9937.293469  
9932.934033  
9953.390771  
9879.032935  
9897.418127  
9905.441125  
9929.718518  
9870.234082  
9855.828235  
9923.18717  
9942.87583  
9975.934851  
9841.087537  
9812.242645  
9744.378876  
9915.296777  
10117.83263  
10143.00229  
10085.49204  
10109.20059  
10030.90175  
9845.98407  
9766.612585  
9824.629395  
9901.600989  
9962.042102  
9929.94552  
9965.406177  
9911.896582  
9829.910144  
9839.504718  
9857.875189  
9847.709546  
9838.78407  
9930.771423  
10087.34059  
10161.45345  
10093.3584  
10116.88297  
10009.31232  
9921.890027  
9889.976831  
9922.960474  
9901.292017  
9963.34303  
9973.412262  
10038.66594  
10085.39462  
10157.97386  
10052.0457  
10006.25002  
9918.365796  
9999.973511  
10094.98268  
10133.21841  
10036.32935  
9915.115161  
9969.599548  
9825.184039  
9957.976257  
10125.16171  
9806.913849  
9975.919653  
9956.986096  
10002.2801  
9999.752679  
9912.634698  
9781.927539  
9690.965485  
9629.422546  
9762.315454  
9884.645996  
9758.315015  
9708.529504  
9788.574225  
9945.067688  
10091.65911  
10273.90658  
10153.69763  
9950.551367  
9872.4047  
9836.827271  
9818.775623  
9871.129443  
9951.821826  
10053.24668  
9969.596045  
9943.224438  
9907.106458  
10012.29816  
9995.728687  
10148.45253  
10064.13575  
9854.469415  
9623.027106  
9525.255872  
9531.452527  
9558.131195  
9640.439655  
9791.941992  
9969.2573  
10145.26503  
10192.55267  
10133.3506  
10145.58317  
10014.33612  
10006.92593  
10116.83223  
10093.07419  
10098.59333  
10034.56555  
9963.157831  
9797.374707  
9747.736407  
9821.423322  
9843.081964  
9815.671667  
9850.853992  
9920.807556  
9970.834229  
9950.827185  
10030.41816  
10066.36191  
10060.55258  
10048.17488  
10058.14082  
10087.20883  
9919.731506  
9976.287622  
10014.56337  
10045.29583  
10131.06858  
10064.05524  
9969.592834  
9863.754736  
9688.474335  
9807.72514  
9976.722742  
10005.51733  
9936.308276  
9882.391821  
9855.459442  
9844.764294  
9880.149194  
9953.195361  
10134.06733  
10269.90677  
10222.19647  
10065.28259  
9898.359094  
9891.694312  
9917.626001  
9960.42074  
9958.598401  
9776.59436  
9850.445667  
10036.93721  
10007.97639  
9953.970142  
9820.034735  
9829.077661  
9829.331903  
9956.960773  
10026.27063  
10074.06691  
10039.90226  
9930.728119  
9791.539081  
9723.965503  
9644.870978  
9769.483752  
9866.784583  
10083.48379  
10158.29412  
10150.05546  
10141.88407  
10017.21704  
9892.611743  
9776.152246  
9807.020691  
9881.300476  
9927.551099  
9893.202649  
9907.658716  
9814.99563  
9860.557605  
9919.202063  
9864.330334  
9998.359839  
10007.67252  
10078.91669  
10109.64088  
10117.83513  
10107.64727  
10068.31749  
10057.80986  
10023.41373  
10002.79211  
9910.67854  
9935.518372  
9978.248975  
9971.784802  
10045.90432  
9958.184912  
9893.903662  
9772.036365  
9802.379572  
9850.12583  
9874.379297  
10026.42418  
10094.82395  
10063.78711  
9962.793555  
9995.237817  
9991.581531  
9908.410864  
9887.866913  
9831.407465  
9995.148651  
9988.630377  
9963.938837  
10029.84929  
9977.594507  
9895.41134  
9918.14386  
9986.566772  
9885.840857  
9974.647791  
9851.538708  
9874.249951  
9954.345374  
10039.62567  
9997.611841  
9912.232385  
9893.942053  
9859.007483  
9760.031146  
9786.144147  
9862.321851  
9976.402588  
9969.241199  
9956.185468  
9899.252979  
9906.295563  
10080.17531  
10110.31019  
10107.92931  
10034.3406  
9963.574573  
9906.122986  
9868.064062  
9920.936871  
9929.006116  
9952.224097  
10000.35109  
10063.15671  
9893.196063  
9810.546936  
9829.437317  
9876.378247  
9882.483081  
9908.331274  
9963.939783  
9970.952881  
9925.633032  
9920.992676  
9811.782489  
9925.125073  
9970.801501  
9998.122144  
10079.54353  
9985.378589  
9892.923608  
9825.407312  
9907.676831  
9984.5677  
10085.87543  
10135.05873  
10071.27319  
9968.370923  
9845.603027  
9908.432263  
9986.604919  
9878.466211  
9719.798322  
9622.048596  
9867.705627  
9999.200488  
10070.3778  
10056.49609  
10081.34384  
10102.72981  
10073.69897  
9987.569507  
9965.995361  
9985.36543  
10050.49563  
9969.389349  
9885.431073  
9877.82171  
9898.190076  
9883.339948  
9925.198975  
10008.17845  
9953.984064  
9815.127234  
9750.256732  
9934.882483  
9943.797241  
9934.402832  
9924.846497  
9914.530774  
9944.721802  
10039.64392  
10001.02661  
10023.16218  
9995.506134  
9954.793835  
9869.234302  
9860.79566  
9945.207886  
9961.606726  
10006.05613  
9920.610925  
9949.515234  
9890.774255  
9926.233154  
9955.073755  
9936.187463  
10036.10455  
10101.64098  
10135.74473  
10024.20567  
10021.43169  
9906.271399  
9960.648169  
9988.550098  
10013.73663  
10032.88164  
9888.35976  
9849.498572  
9897.368628  
9899.62821  
9829.59765  
9802.241064  
9770.64425  
9875.244165  
9910.723523  
9889.695581  
9897.617456  
9986.600989  
10032.97781  
10102.50573  
10097.95161  
10051.38263  
9998.787109  
9889.63382  
9948.114453  
9876.468542  
9991.568372  
10143.82013  
10314.56218  
10199.51969  
10051.747  
9894.286011  
9658.532135  
9649.541034  
9727.784552  
9815.472107  
9828.736951  
9912.029016  
9859.404736  
9842.933105  
9885.024249  
9969.850037  
10059.87393  
10100.03726  
10009.08845  
10116.42716  
10082.27229  
9999.816492  
9853.976001  
9834.85332  
9819.875238  
9708.109735  
9703.619775  
9762.080823  
9748.708551  
9758.951794  
9695.436121  
9768.434485  
9859.170618  
9922.963  
9912.619946  
10051.70994  
10018.03186  
10094.38356  
10088.38413  
10127.45596  
9995.655334  
10003.96046  
9945.002002  
9920.328088  
9995.790186  
10001.54646  
10035.68346  
9880.23465  
9766.823492  
9766.098199  
9799.013196  
9788.861743  
9810.126294  
9725.718793  
9785.418262  
9822.633185  
9926.92052  
9914.99447  
9943.287817  
9967.62547  
10036.84537  
10070.19156  
10096.3446  
10096.15026  
10029.00977  
10070.68079  
10013.47317  
9961.199524  
9873.968079  
9844.381641  
9763.619336  
9869.182947  
10025.93085  
10139.88357  
10120.25139  
10062.14829  
9967.725122  
9865.589948  
9850.749402  
