11337.41407  
11344.85203  
11306.23486  
11311.81104  
11303.74139  
11364.95074  
11316.97885  
11302.53458  
11354.90095  
11332.71405  
11331.17049  
11446.88605  
11418.95089  
11401.02749  
11312.82757  
11287.47538  
11302.72197  
11302.67699  
11283.13402  
11320.47708  
11292.90479  
11332.30406  
11353.85742  
11346.67883  
11323.80574  
11311.84144  
11269.69343  
11326.40244  
11297.54191  
11328.89827  
11312.69926  
11274.75816  
11326.14972  
11370.26777  
11365.76558  
11359.35851  
11386.88606  
11347.57829  
11308.91421  
11338.90488  
11372.58506  
11354.387  
11383.024  
11378.86123  
11347.18907  
11291.07905  
11322.93498  
11296.84583  
11290.59713  
11344.669  
11273.38278  
11306.3533  
11332.6429  
11328.69897  
11254.06502  
11318.19552  
11257.15042  
11284.67453  
11298.6913  
11303.99658  
11303.58577  
11217.36015  
11282.47402  
11281.35216  
11306.53213  
11330.29816  
11298.20604  
11313.81671  
11343.85722  
11332.71408  
11366.67299  
11355.35333  
11294.94652  
11308.30035  
11322.60603  
11288.05862  
11308.30798  
11327.55386  
11349.20272  
11332.77008  
11288.68453  
11296.41424  
11307.44275  
11275.24357  
11332.31654  
11334.57289  
11321.44723  
11325.04123  
11337.46265  
11365.23868  
11344.20938  
11348.79204  
11377.78615  
11339.39375  
11339.33813  
11360.72793  
11344.17893  
11299.27532  
11301.14809  
11284.73063  
11294.31171  
11272.85133  
11348.85247  
11341.26902  
11319.60426  
11328.43923  
11322.50975  
11338.92156  
11349.70768  
11328.40356  
11373.81468  
11353.63517  
11326.64641  
11313.96707  
11273.97622  
11330.29594  
11347.9028  
11308.32268  
11294.50576  
11337.90748  
11319.79874  
11341.64957  
11303.15608  
11306.89418  
11324.8784  
11325.98519  
11366.14882  
11339.36586  
11334.16149  
11357.35982  
11369.97454  
11370.5792  
11381.03602  
11341.85288  
11309.10031  
11320.74758  
11335.47837  
11375.63288  
11367.86539  
11347.45795  
11373.04093  
11331.25917  
11348.28557  
11337.04187  
11360.3914  
11374.63233  
11359.33461  
11356.51307  
11384.7769  
11370.50813  
11338.46517  
11347.52824  
11295.71321  
11303.33691  
11292.9739  
11252.05546  
11248.76788  
11273.53208  
11280.31674  
11268.0115  
11292.21344  
11316.74205  
11315.78331  
11312.38861  
11319.05826  
11312.59663  
11345.15184  
11369.12768  
11303.62771  
11361.18994  
11362.81565  
11327.99574  
11333.66225  
11293.30731  
11296.00589  
11275.01539  
11279.33138  
11313.71404  
11320.53789  
11327.55793  
11324.61257  
11302.39866  
11343.0753  
11386.61056  
11383.26788  
11341.24558  
11342.45891  
11312.21039  
11303.00731  
11366.60726  
11378.21569  
11377.90819  
11331.28328  
11372.57657  
11295.2994  
11313.80788  
11325.14058  
11361.89847  
11327.42247  
11301.72547  
11290.74444  
11320.26924  
11313.03243  
11324.27151  
11313.92381  
11307.92017  
11354.5342  
11313.82366  
11309.69484  
11274.51732  
11280.19464  
11391.44107  
11448.69561  
11425.80168  
11389.85086  
11353.71573  
11315.8042  
11297.54238  
11294.42077  
11271.688  
11321.84148  
11329.76293  
11314.36334  
11308.14651  
11326.31195  
11278.20614  
11358.43616  
11350.36897  
11351.05609  
11332.99249  
11296.33216  
11281.4258  
11264.46937  
11264.96127  
11294.63206  
11333.29163  
11328.50568  
11331.69518  
11315.98716  
11316.65733  
11312.64239  
11357.90522  
11272.30213  
11294.48642  
11362.23409  
11331.96396  
11319.36384  
11258.72316  
11285.10778  
11285.28983  
11339.6242  
11334.09296  
11359.88794  
11382.81423  
11368.50003  
11324.30074  
11295.36785  
11324.46746  
11293.99211  
11334.24442  
11275.43212  
11322.42801  
11329.07701  
11327.00583  
11327.46829  
11328.50718  
11286.65017  
11283.222  
11293.15491  
11346.38985  
11342.63115  
11377.63876  
11330.18864  
11347.91504  
11336.67841  
11346.97095  
11340.27693  
11347.20835  
11315.32911  
11312.45137  
11330.24268  
11325.58311  
11334.87901  
11305.51838  
11345.28215  
11381.36022  
11359.15299  
11305.56767  
11286.54569  
11279.20816  
11305.50127  
11292.38309  
11141.26393  
11321.03742  
11319.43247  
11400.38829  
11356.35465  
11354.37127  
11389.95001  
11413.3983  
11360.74251  
11401.50536  
11318.01451  
11310.61465  
11349.40199  
11347.81526  
11343.89365  
11310.45306  
11318.94193  
11326.68331  
11311.98471  
11286.43852  
11343.13248  
11381.6051  
11321.27378  
11342.27775  
11305.81936  
11320.63527  
11290.31257  
11289.01835  
11361.64365  
11382.69624  
11373.48363  
11298.28566  
11307.29265  
11288.07365  
11326.6567  
11354.14117  
11320.63954  
11352.87296  
11364.84917  
11373.35014  
11315.48673  
11302.63729  
11338.57407  
11376.81937  
11392.70965  
11317.2116  
11320.95781  
11346.16306  
11286.13216  
11287.56346  
11318.04994  
11317.68632  
11327.19495  
11384.05373  
11365.49924  
11338.56021  
11310.38  
11308.40339  
11313.22064  
11335.64677  
11351.8498  
11327.99504  
11319.25152  
11275.31344  
11280.03568  
11310.11477  
11291.82942  
11310.06127  
11346.00515  
11291.10021  
11357.90575  
11323.45211  
11332.88054  
11311.68293  
11335.47402  
11345.1897  
11331.35364  
11334.64542  
11343.78508  
11229.55784  
11398.21485  
11353.77213  
11401.35273  
11384.12668  
11405.25653  
11372.87139  
11322.17938  
11315.64259  
11312.64539  
11297.25638  
11289.59218  
11328.96529  
11282.80233  
11261.90692  
11265.09358  
11230.7939  
11335.76643  
11305.55278  
11348.08357  
11331.303  
11317.26702  
11320.76636  
11330.19344  
11382.82818  
11331.97812  
11318.93284  
11325.52445  
11339.57399  
11354.87157  
11341.60958  
11309.03615  
11324.04856  
11274.31751  
11315.12959  
11325.38974  
11340.69636  
11371.0457  
11377.91674  
11356.43936  
11343.81472  
11300.2781  
11316.50829  
11349.73462  
11344.65465  
11368.75614  
11348.95943  
11332.23385  
11316.96529  
11325.74744  
11315.13241  
11326.12903  
11357.98373  
11327.28962  
11336.79804  
11365.59599  
11354.00889  
11362.19973  
11333.51849  
11288.61784  
11246.02333  
11320.94254  
11367.87631  
11363.91223  
11360.98265  
11339.63137  
11284.21962  
11303.55353  
11297.31387  
11271.42151  
11290.58569  
11305.59474  
11298.33589  
11328.39155  
11312.56784  
11359.63947  
11391.33731  
11363.05273  
11309.57125  
11340.80485  
11329.888  
11309.1724  
11298.60212  
11324.74313  
11352.51299  
11354.91266  
11319.95832  
11321.82587  
11305.47306  
11275.611  
11252.99183  
11300.64195  
11361.42283  
11351.02016  
11305.31605  
11313.8037  
11346.10021  
11335.22284  
11374.93357  
11351.13674  
11356.34708  
11378.35  
11417.51755  
11356.48596  
11319.28683  
11345.86663  
11324.14464  
11303.74042  
11245.25906  
11252.39056  
11286.62554  
11292.00554  
11320.18262  
11353.50355  
11334.12904  
11290.91194  
11253.24179  
11300.96582  
11335.3978  
11347.93941  
11314.83946  
11359.80884  
11350.814  
11308.21458  
11410.80778  
11335.22702  
11355.82422  
11303.68501  
11315.80009  
11295.64799  
11286.43182  
11340.9391  
11355.96392  
11348.23677  
11312.61604  
11299.07803  
11297.87656  
11301.781  
11330.34486  
11340.03954  
11347.69162  
11334.68714  
11291.6739  
11299.87136  
11293.41615  
11310.95696  
11304.12201  
11350.03283  
11333.58495  
11331.79856  
11334.44561  
11396.76929  
11358.59671  
11351.88079  
11335.91745  
11305.88575  
11290.49492  
11334.30491  
11380.17164  
11362.63493  
11401.0875  
11397.1488  
11328.1838  
11324.8651  
11335.79184  
11312.99692  
11320.45645  
11381.06338  
11299.10821  
11362.02893  
11345.22658  
11311.53432  
11271.20895  
11309.53436  
11353.65975  
11339.34184  
11335.22992  
11327.98956  
11281.55384  
11290.50052  
11290.641  
11249.91263  
11321.13221  
11303.62142  
11321.48623  
11288.19145  
11324.32615  
11362.64176  
11329.70882  
11348.41455  
11354.73249  
11287.45685  
11311.94723  
11345.90508  
11380.81512  
11331.81942  
11294.99885  
11294.30878  
11331.23936  
11313.83907  
11355.56041  
11387.78008  
11352.21115  
11360.7414  
11357.78525  
11308.61915  
11299.03099  
11320.01347  
11366.95021  
11287.23539  
11313.27602  
11289.04944  
11290.88974  
11323.79209  
11361.29489  
11330.477  
11355.00444  
11362.91214  
11399.45396  
11362.5053  
11346.13717  
11327.55917  
11320.03486  
11269.24708  
11314.02902  
11270.83628  
11322.13914  
11352.29887  
11306.35413  
11320.64117  
11335.56333  
11307.66698  
11316.96975  
11323.797  
11355.88297  
11326.14535  
11345.47541  
11397.89363  
11342.43944  
11364.32486  
11355.50333  
11324.95699  
11297.46666  
11278.9095  
11316.46553  
11289.15372  
11301.00572  
11299.64925  
11310.12864  
11303.9588  
11292.54057  
11353.31879  
11354.58802  
11359.07836  
11369.14603  
11315.99564  
11316.38331  
11289.53999  
11286.85147  
11277.36598  
11345.83578  
11344.87235  
11338.37627  
11319.72066  
11288.02343  
11357.32076  
11361.178  
11322.36533  
11297.50004  
11306.72501  
11372.4112  
11344.29604  
11270.56132  
11329.16874  
11324.17931  
11332.06635  
11298.3535  
11356.40829  
11340.077  
11325.6022  
11297.95245  
11335.59497  
11321.69856  
11326.43572  
11309.83079  
11304.25445  
11361.52962  
11347.73465  
11336.04892  
11311.73422  
11314.65214  
11305.88846  
11320.78748  
11334.72911  
11382.16573  
11369.4752  
11327.96442  
11284.07969  
11311.89977  
11340.63171  
11353.83855  
11410.95111  
11328.16625  
11351.90153  
11317.36389  
11281.06948  
11323.51053  
11326.10713  
11304.35408  
11290.71028  
11302.51491  
11320.30413  
11339.3319  
11309.17215  
11316.48865  
11301.17432  
11292.17472  
11311.98803  
11337.4526  
11351.15695  
11341.46102  
11305.07703  
11366.17138  
11365.27299  
11347.41105  
11303.24481  
11314.14414  
11326.26243  
11374.70547  
11378.78008  
11343.33421  
11409.10457  
11164.23221  
11299.93582  
11336.28784  
11353.37376  
11364.48408  
11372.13361  
11359.67705  
11349.71225  
11359.74129  
11327.54677  
11347.21269  
11301.7063  
11313.02105  
11334.78752  
11356.98471  
11367.20451  
11346.60018  
11310.36543  
11244.67981  
11291.51358  
11261.18789  
11291.56863  
11284.37777  
11310.24561  
11290.39625  
11298.53847  
11352.56718  
11277.54956  
11249.66248  
11256.6957  
11310.69398  
11319.94823  
11347.48536  
11354.86486  
11340.77157  
11314.5094  
11361.72077  
11367.9342  
11351.99836  
11374.55958  
11358.58205  
11306.16016  
11346.31405  
11338.30294  
11351.22776  
11335.10828  
11361.41492  
11371.39333  
11346.69614  
11349.33236  
11346.49312  
11301.60182  
11289.79133  
11253.60767  
11306.32118  
11304.01099  
11336.18859  
11380.37394  
11404.03705  
11342.17639  
11286.49633  
11308.77854  
11323.89616  
11269.51991  
11267.77602  
11275.15788  
11298.28771  
11308.47075  
11300.81885  
11305.18582  
11333.28547  
11361.75736  
11333.50169  
11348.33371  
11323.74889  
11389.8059  
11393.93263  
11364.64825  
11291.46773  
11358.12427  
11348.98329  
11315.15425  
11346.05301  
11361.01486  
11369.60557  
11336.99852  
11326.94996  
11292.69233  
11333.72965  
11377.1253  
11344.16714  
11322.01524  
11301.30542  
11322.77403  
11281.82609  
11279.91221  
11303.82563  
11311.21667  
11386.3653  
11336.08603  
11359.0438  
11386.47384  
11346.09467  
11241.76273  
11163.47483  
11448.96086  
11326.33509  
11345.32153  
11343.63894  
11344.40403  
11283.8304  
11354.84584  
11360.03198  
11424.19338  
11403.22039  
11398.54979  
11380.01204  
11336.54985  
11306.96449  
11318.63822  
11285.7931  
11274.80165  
11240.48439  
11267.88374  
11275.01895  
11297.78271  
11320.24864  
11278.01741  
11253.02552  
11288.26248  
11249.58621  
11365.55908  
11368.24825  
11364.08867  
11356.06288  
11305.06094  
11286.40461  
11283.44602  
11337.06205  
11292.96998  
11355.7761  
11321.14185  
11333.90425  
11338.99871  
11355.18438  
11418.03083  
11395.50368  
11365.12864  
11333.13371  
11279.62899  
11346.52749  
11285.45268  
11289.3975  
11315.47343  
11316.78141  
11300.15391  
11317.51197  
11294.94662  
11322.28915  
11363.06774  
11374.6748  
11325.46694  
11306.22709  
11273.9905  
11267.19638  
11316.54291  
11318.05629  
11345.1268  
11361.09187  
11331.21546  
11272.5125  
11307.6902  
11278.51824  
11329.0665  
11388.27702  
11331.73055  
11393.72533  
11353.80981  
11392.21859  
11346.07082  
11305.16645  
11331.40975  
11348.58605  
11312.46736  
11295.98555  
11326.8673  
11352.0946  
11325.25486  
11322.46492  
11329.15737  
11303.82112  
11303.73057  
11317.24282  
11280.82397  
11331.77028  
11306.29558  
11307.27784  
11344.23776  
11363.05323  
11388.89694  
11368.80883  
11344.10847  
11355.09907  
11305.05316  
11321.69818  
11308.34479  
11344.95372  
11352.39149  
11259.24338  
11307.44686  
11294.9961  
11329.81322  
11319.91661  
11278.99527  
11323.67934  
11331.9675  
11275.66206  
11310.68571  
11273.03723  
11331.61418  
11341.52155  
11313.43728  
11379.59185  
11353.75274  
11371.34792  
11336.9576  
11308.23399  
11333.44024  
11385.05148  
11383.66877  
11327.55417  
11321.52796  
11321.85693  
11322.55527  
11327.34342  
11322.82449  
11327.19037  
11321.04942  
11388.66436  
11397.53953  
11329.63469  
11353.93536  
11327.73142  
11328.76059  
11342.88203  
11301.68356  
11330.05157  
11303.38695  
11306.43991  
11255.34031  
11275.89819  
11307.10221  
11298.58959  
11292.61696  
11277.5149  
11315.93338  
11386.90639  
11325.92627  
11358.6493  
11378.31327  
11387.54553  
11381.73298  
11341.77223  
11376.00534  
11349.43313  
11339.52549  
11308.81406  
11303.30707  
11280.67554  
11284.02767  
11339.12927  
11362.43329  
11398.66289  
11329.16803  
11306.73501  
11243.01607  
11293.40147  
11263.87852  
11332.53561  
11293.90111  
11325.93883  
11295.30291  
11281.64026  
11331.25179  
11334.74685  
11335.05158  
11333.63731  
11320.74627  
11289.62609  
11334.67321  
11386.30085  
11383.815  
11372.8515  
11382.69398  
11379.34401  
11345.80373  
11338.19242  
11291.08878  
11320.48778  
11297.58034  
11285.25849  
11340.79543  
11358.31784  
11293.91228  
11330.02015  
11303.93367  
11354.89515  
11300.97885  
11353.85454  
11337.53745  
11382.44645  
11366.86766  
11360.25675  
11355.73303  
11376.37408  
11359.27517  
11347.85973  
11326.87204  
11359.4909  
11317.23305  
11300.15431  
11281.39903  
11350.1611  
11336.01498  
11341.56679  
11339.66527  
11300.28865  
11295.98504  
11296.47881  
11335.8536  
11364.68365  
11303.90806  
11369.44911  
11339.22947  
11368.65548  
11279.7431  
11313.52531  
11268.63246  
11319.42369  
11267.62984  
11311.29315  
11313.33418  
11345.09568  
11358.97515  
11325.07271  
11261.99543  
11321.45752  
11285.48516  
11310.79184  
11290.92919  
11332.77311  
11338.89372  
11389.87468  
11284.28137  
11338.67019  
11325.0735  
11273.6959  
11193.60721  
11475.80411  
11427.3362  
11413.97299  
11380.66958  
11359.53193  
11368.33047  
11317.00399  
11280.6206  
11280.22268  
11296.18495  
11269.14922  
11291.4098  
11328.00291  
11335.86978  
11339.3274  
11334.71374  
11269.67256  
11276.69259  
11330.76387  
11312.93449  
11301.73106  
11299.71145  
11323.56752  
11330.96153  
11339.52766  
11323.35692  
11395.05683  
11365.56654  
11333.84634  
11329.99637  
11280.9448  
11321.86532  
11371.18612  
11405.31999  
11419.88914  
11413.69543  
11346.33278  
11337.90078  
11339.28161  
11365.45792  
11303.20041  
11262.63865  
11287.4498  
11332.32692  
11365.49996  
11315.64927  
11308.49249  
11360.6337  
11297.95666  
11291.92491  
11263.72565  
11335.28684  
11285.17756  
11263.50272  
11346.61184  
11315.01535  
11344.32488  
11340.61378  
11394.835  
11341.20084  
11339.72476  
11359.71112  
11321.65128  
11188.28505  
11397.82715  
11303.91816  
11287.51527  
11275.60601  
11325.38041  
11305.70941  
11333.13762  
11328.15668  
11327.07072  
11346.20261  
11233.58918  
11342.45364  
11359.74412  
11367.79867  
11340.11283  
11328.25248  
11324.51988  
11325.72618  
11327.05003  
11320.23439  
11329.81315  
11309.17141  
11330.95322  
11300.48332  
11321.73942  
11271.6331  
11302.35643  
11314.20025  
11298.78757  
11282.7794  
11318.87665  
11314.61378  
11364.99593  
11314.00274  
11336.06285  
11349.74461  
11314.42143  
11326.46429  
11341.70673  
11331.13428  
11352.64546  
11312.51541  
11349.00823  
11332.90864  
11325.72717  
11332.34566  
11358.09909  
11313.28436  
11318.66139  
11285.26924  
11348.64864  
11346.76772  
11354.45508  
11352.08332  
11368.46286  
11368.47071  
11313.70737  
11329.59661  
11286.25036  
11301.27729  
11332.65245  
11334.05056  
11329.82175  
11346.89772  
11366.50952  
11382.11007  
11390.87922  
11348.40525  
11343.69229  
11288.73158  
11289.33936  
11295.5198  
11308.58796  
11281.11456  
11290.24643  
11340.65973  
11410.09275  
11386.23761  
11376.17381  
11375.95685  
11285.2938  
11256.85248  
11215.11282  
11258.99635  
11313.68388  
11346.73514  
11313.94344  
11326.47326  
11373.54163  
11360.26459  
11338.40815  
11393.95153  
11316.34545  
11338.12818  
11330.64983  
11370.74365  
11340.72491  
11353.56531  
11414.97257  
11354.33228  
11317.49882  
11354.24749  
11333.93599  
11342.54989  
11313.49797  
11303.6261  
11319.1423  
11342.93388  
11351.39383  
11344.82863  
11311.72175  
11320.02659  
11338.84096  
11088.64907  
11301.17247  
11268.55716  
11357.24572  
11375.17546  
11359.38542  
11339.07665  
11331.28789  
11341.30012  
11315.96988  
11360.40245  
11402.08805  
11393.76853  
11387.72672  
11393.02586  
11320.47788  
11343.64708  
11306.14826  
11289.74259  
11269.52082  
11318.78493  
11331.08145  
11299.13083  
11295.86718  
11336.8053  
11344.36781  
11328.57214  
11356.74354  
11339.96586  
11280.87766  
11315.63365  
11335.14238  
11316.71898  
11314.33189  
11271.51953  
11242.10969  
11297.05074  
11384.64197  
11362.05375  
11288.41747  
11314.86005  
11306.002  
11288.23312  
11296.66472  
11263.87869  
11304.64852  
11351.04218  
11410.27688  
11366.97865  
11320.34445  
11289.47328  
11313.89041  
11314.07206  
11265.56395  
11252.93549  
11282.23029  
11318.11245  
11314.65738  
11348.2179  
11353.86017  
11353.73905  
11408.43739  
11383.88256  
11343.10288  
11339.71475  
11286.64269  
11315.57404  
11281.78808  
11268.91773  
11274.71601  
11315.42439  
11360.09431  
11321.36073  
11385.59253  
11277.15459  
11400.79946  
11320.29434  
11359.18842  
11313.15723  
11298.90757  
11230.75789  
11355.64911  
11315.70322  
11288.19681  
11327.79235  
11333.21691  
11323.632  
11308.7161  
11318.84083  
11331.00697  
11281.72066  
11290.1958  
11331.09277  
11322.52859  
11350.55433  
11346.60901  
11308.03177  
11269.62643  
11320.75214  
11385.57205  
11369.71965  
11284.00953  
11347.88032  
11342.0413  
11303.44201  
11321.02977  
11297.86588  
11356.48304  
11336.00318  
11301.92475  
11309.90236  
11342.34453  
11306.1437  
11341.81389  
11342.18812  
11365.07163  
11352.88025  
11308.45391  
11346.76627  
11319.08083  
11295.98158  
11303.7357  
11367.51787  
11371.46879  
11394.19935  
11333.88826  
11351.21674  
11326.01531  
11337.77546  
11355.0867  
11304.94872  
11339.48909  
11352.83343  
11406.03809  
11373.30806  
11362.27817  
11321.6106  
11330.8015  
11325.51407  
11277.86267  
11300.85398  
11236.66848  
11325.26644  
11323.31775  
11290.89877  
11344.62807  
11356.97617  
11321.18086  
11312.465  
11310.71968  
11346.87311  
11324.47842  
11342.18191  
11332.05245  
11328.70117  
11293.94597  
11325.38202  
11315.31113  
11324.21648  
11329.79802  
11341.69305  
11275.66548  
11279.55821  
11260.94  
11313.79213  
11341.7113  
11330.33061  
11398.33958  
11367.60067  
11348.92916  
11344.97127  
11327.41898  
11352.19952  
11348.93005  
11339.1392  
11329.38403  
11279.71582  
11311.95738  
11341.74448  
11315.57074  
11238.35067  
11299.80652  
11345.11406  
11345.70361  
11373.40133  
11371.24203  
11365.76165  
11350.19947  
11306.82837  
11278.61253  
11246.21677  
11250.51481  
11211.9874  
11286.73323  
11288.20743  
11286.0661  
11307.79253  
11319.86897  
11327.41907  
11350.25369  
11376.23615  
11379.49849  
11342.82696  
11349.04681  
11360.20928  
11331.66427  
11283.39916  
11263.03013  
11404.83827  
11355.72255  
11377.32379  
11379.53662  
11338.67656  
11346.01382  
11326.40403  
11315.21338  
11366.04762  
11322.11022  
11329.37172  
11381.85572  
11304.65128  
11340.31412  
11399.3103  
11366.46933  
11350.18533  
11339.46532  
11256.27804  
11468.72481  
11363.0349  
11387.65512  
11349.97389  
11356.83629  
11290.63584  
11277.29744  
11266.09163  
11162.06638  
11335.34518  
11247.38891  
11469.86869  
11412.17006  
11393.85415  
11356.72499  
11321.69998  
11337.77054  
11352.84333  
11285.95434  
11301.5613  
11285.184  
11330.92075  
11284.63019  
11310.45568  
11311.90389  
11295.8666  
11450.79177  
10884.14971  
11207.64301  
11346.2881  
11350.12928  
11366.54207  
11397.85122  
11414.63019  
11474.60589  
11455.61508  
11375.38712  
11401.30233  
11397.52993  
11363.70939  
11356.9959  
11337.32141  
11358.66178  
11355.15303  
11338.61739  
11349.42747  
11350.01563  
11384.18718  
11373.02962  
11384.01121  
11364.23189  
11408.66204  
11325.75138  
11302.2575  
11233.65987  
11260.35375  
11327.1935  
11325.52491  
11338.71083  
11311.43589  
11392.80187  
11336.05216  
11330.7864  
11286.6845  
11321.59836  
11224.45711  
10775.19203  
11527.97336  
11353.70785  
11330.92486  
11371.02561  
11397.69597  
11317.15078  
11312.78835  
11324.32951  
11388.48186  
11346.46325  
11396.98631  
10995.29809  
11413.90314  
11363.3359  
11378.21322  
11365.41251  
11383.64593  
11319.91484  
11312.2803  
11325.08208  
11273.68632  
11252.80497  
11179.20959  
11301.10968  
11259.46401  
11314.1815  
11297.0422  
11333.9621  
11330.58061  
11316.76417  
11293.76729  
11360.98876  
11335.54846  
11351.42525  
11317.01761  
11311.47342  
11223.46978  
11313.90286  
11286.8275  
11294.41347  
11358.12247  
11388.09837  
11317.31676  
11311.24543  
11371.94143  
11414.84568  
11376.0102  
11373.20858  
11335.84348  
11357.88726  
11342.98345  
11333.01028  
11316.77754  
11374.8642  
11339.93125  
11347.18217  
11293.66754  
11376.78634  
11298.31947  
11334.51774  
11331.93799  
11255.47701  
11274.03976  
11264.4039  
11379.06656  
11339.59868  
11335.5861  
11331.06143  
11276.02765  
11255.54932  
11304.61929  
11266.94979  
11273.89456  
11229.50854  
11292.5071  
11303.57534  
11348.05636  
11327.37392  
11343.6462  
11368.43469  
11396.96342  
11396.44082  
11342.50037  
11317.73653  
11264.99296  
11281.37454  
11282.78317  
11291.56302  
11308.0769  
11314.61212  
11331.10901  
11337.41778  
11362.11055  
11325.21999  
11335.67637  
11323.52778  
11360.80306  
11316.33302  
11331.93947  
11333.48905  
11343.12423  
11336.75383  
11340.32847  
11335.74482  
11336.64228  
11369.32989  
11329.84239  
11309.96226  
11342.74767  
11351.07299  
11406.89962  
11381.81315  
11334.84568  
11270.12743  
11310.28996  
11327.60999  
11294.87686  
11348.90993  
11341.32559  
11311.61785  
11336.83295  
11358.35335  
11361.00553  
11347.34196  
11326.31455  
11365.63712  
11335.90257  
11338.19543  
11306.26643  
11325.49855  
11340.09359  
11358.21059  
11374.14635  
11394.28258  
11332.45722  
11335.76144  
11333.93784  
11342.23732  
11342.68878  
11285.95649  
11258.87344  
11272.47424  
11332.48737  
11304.64563  
11277.80552  
11353.612  
11352.97181  
11279.12956  
11355.55601  
11320.50977  
11319.8426  
11292.10014  
11317.18507  
11282.6293  
11303.86062  
11300.1439  
11282.35504  
11265.79585  
11317.5154  
11359.90041  
11395.48667  
11467.85546  
11393.68253  
11391.98376  
11328.77621  
11339.60181  
11412.11569  
11335.9258  
11364.81052  
11384.73193  
11308.1118  
11392.19552  
11276.24718  
11272.8447  
11339.97685  
11273.15295  
11305.46239  
11305.79228  
11275.74851  
11254.99254  
11269.51216  
11287.85676  
11330.16769  
11307.66953  
11300.14882  
11318.68258  
11347.28822  
11307.37562  
11392.31818  
11399.44648  
11391.79001  
11359.21069  
11333.10252  
11387.23991  
11391.00572  
11372.93536  
11452.57879  
11416.27294  
11464.19887  
11295.684  
11283.13838  
11277.88718  
11231.91094  
11135.49008  
11120.01539  
11202.96716  
11207.91851  
11199.61501  
11247.07679  
11238.29432  
11264.73779  
11268.41925  
11237.14162  
11256.31791  
11280.36883  
11256.09449  
11291.33872  
11271.47348  
11320.21782  
11333.73399  
11328.60136  
11336.97633  
11352.02181  
11377.88105  
11319.09182  
11369.36993  
11392.24493  
11414.55412  
11416.35609  
11394.70577  
11336.41887  
11341.12495  
11364.43622  
11337.63769  
11384.54677  
11392.75706  
11347.33896  
11381.00917  
11396.84981  
11372.9362  
11335.68065  
11356.54043  
11329.86628  
11292.39454  
11286.36179  
11299.80736  
11296.54853  
11305.41186  
11302.96746  
11298.56211  
11316.47812  
11278.40699  
11301.68648  
11293.79095  
11341.90164  
11281.76475  
11335.86521  
11351.72076  
11274.92658  
11316.46614  
11302.24304  
11363.86182  
11432.91787  
11370.65295  
11187.89571  
11374.54104  
11281.08597  
11277.00355  
11295.91554  
11328.02269  
11332.57762  
11342.34979  
11351.62073  
11391.90391  
11333.56591  
11326.53267  
11291.99835  
11328.85484  
11355.60231  
11330.7401  
11281.73356  
11307.73919  
11355.63097  
11372.515  
11399.1765  
11368.16421  
11337.79899  
11328.94378  
11293.44728  
11278.89847  
11299.8826  
11313.08006  
11304.75658  
11319.59207  
11361.33936  
11351.93114  
11321.15513  
11363.23419  
11376.34272  
11337.17006  
11318.92246  
11308.74703  
11319.51796  
11312.69138  
11295.51764  
11317.83826  
11302.13422  
11349.27713  
11337.69861  
11372.09771  
11392.61186  
11427.6681  
11403.71621  
11377.38414  
11329.82022  
11348.55058  
11264.30679  
11275.88097  
11299.45958  
11321.41145  
11288.81839  
11315.02795  
11334.67328  
11324.2565  
11329.7067  
11308.79142  
11349.46978  
11353.8058  
11298.15144  
11311.70295  
11287.97146  
11322.5775  
11272.94324  
11308.36849  
11296.16807  
11350.86127  
11364.25757  
11386.11586  
11320.43292  
11322.74711  
11339.57877  
11370.89984  
11358.48476  
11339.20239  
11280.63763  
11308.5659  
11364.69858  
11368.09356  
11359.39928  
11342.71161  
11345.39819  
11327.47556  
11326.25538  
11283.05709  
11307.73881  
11331.85587  
11291.5118  
11301.09758  
11322.0281  
11297.66083  
11308.06672  
11312.06584  
11322.19345  
11333.23258  
11326.18248  
11344.22307  
11362.87799  
11346.41939  
11327.04063  
11359.75029  
11339.35227  
11321.29019  
11312.02283  
11321.24033  
11291.36869  
11344.71245  
11331.37421  
11347.16219  
11341.46549  
11326.93626  
11305.80591  
11339.13637  
11332.53077  
11364.54916  
11314.23551  
11315.28858  
11343.68837  
11337.79238  
11336.51221  
11313.79521  
11327.21743  
11333.86483  
11354.14823  
11322.49793  
11296.21919  
11331.71323  
11299.25519  
11344.47312  
11385.48271  
11426.62434  
11413.62819  
11317.32769  
11344.42955  
11323.92407  
11282.45732  
11292.27119  
11306.17169  
11308.24768  
11291.65827  
11332.05092  
11351.532  
11304.61702  
11353.79522  
11347.65466  
11354.05169  
11383.89011  
11385.66845  
11402.94662  
11379.26915  
11327.98197  
11353.37813  
11362.79278  
11388.29043  
11359.79891  
11290.39339  
11281.17126  
11227.60178  
11247.01109  
11344.02052  
11345.98334  
11289.34831  
11375.04504  
11335.72657  
11265.20275  
11256.90394  
11291.76863  
11254.3817  
11270.5334  
11304.35204  
11291.3095  
11284.5446  
11293.50841  
11294.20369  
11295.86991  
11304.15761  
11320.26695  
11342.45582  
11388.32043  
11355.16185  
11366.73056  
11367.88354  
11350.61485  
11321.04447  
11338.86559  
11383.4776  
11316.14334  
11306.56393  
11316.89078  
11283.2973  
11277.99751  
11350.78805  
11342.69886  
11316.318  
11314.93374  
11320.00158  
11343.99064  
11391.93885  
11386.43395  
11370.70903  
11322.65577  
11315.15312  
11313.33644  
11291.34144  
11295.00288  
11306.38899  
11320.95806  
11304.87912  
11270.28261  
11311.56281  
11334.72966  
11323.38559  
11342.73861  
11311.79406  
11330.71956  
11319.91643  
11344.80161  
11304.30137  
11287.90621  
11300.44042  
11336.8234  
11378.79661  
11380.04911  
11369.18446  
11340.53232  
11349.24556  
11353.97857  
11344.35242  
11334.45508  
11345.95021  
11304.4696  
11309.30543  
11327.27942  
11353.98457  
11323.75298  
11307.00285  
11320.68958  
11320.78828  
11296.80549  
11313.48311  
11330.07751  
11348.18333  
11311.64079  
11311.80894  
11326.57334  
11268.14572  
11319.38112  
11290.91686  
11334.41772  
11307.95757  
11345.03462  
11345.33649  
11352.32424  
11349.16726  
11358.65169  
11322.10104  
11289.54266  
11316.96808  
11330.4369  
11384.05998  
11362.39748  
11333.77158  
11356.37907  
11352.46553  
11342.07821  
11387.7221  
11378.55979  
11347.00714  
11327.4725  
11363.42845  
11335.51367  
11356.57254  
11306.46945  
11344.55313  
11302.72149  
11316.33894  
11326.70549  
11345.78522  
11284.3038  
11246.63006  
11266.67404  
11289.71354  
11325.45447  
11330.05273  
11342.10806  
11362.12555  
11321.76318  
11381.42781  
11399.35088  
11408.73474  
11296.81188  
11418.99092  
11360.46975  
11276.61225  
11373.20139  
11274.23486  
11320.02045  
11347.70893  
11365.45067  
11332.50343  
11293.94688  
11269.64898  
11252.23836  
11283.2863  
11296.28865  
11310.38901  
11267.40235  
11301.28876  
11345.91058  
11361.26561  
11360.32423  
11334.08339  
11373.02644  
11295.2795  
11346.59516  
11263.00454  
11321.54386  
11321.10424  
11298.61229  
11313.1708  
11287.06661  
11326.95894  
11336.08524  
11332.62389  
11326.58377  
11314.91769  
11344.97353  
11335.61944  
11312.19378  
11358.51892  
11377.79559  
11330.59119  
11347.27812  
11359.01581  
11341.86093  
11291.88585  
11307.52506  
11316.78835  
11295.82902  
11297.75265  
11301.44727  
11324.78035  
11266.34787  
11268.42531  
11285.23702  
11294.4183  
11279.38399  
11315.88875  
11315.23765  
11340.25978  
11343.62624  
11330.73243  
11321.71917  
11328.31365  
11324.09186  
11321.26935  
11343.25914  
11341.06925  
11366.46153  
11389.03432  
11395.95861  
11387.67725  
11372.39115  
11343.93987  
11306.54851  
11319.21692  
11361.45228  
11376.38489  
11385.38556  
11398.16727  
11348.16788  
11353.63295  
11340.2984  
11296.73881  
11274.03463  
11245.58813  
11235.4844  
11306.61552  
11339.6077  
11330.38123  
11340.35511  
11362.8795  
11336.19798  
11320.79221  
11320.95889  
11317.52218  
11336.40372  
11327.27917  
11355.87133  
11328.91956  
11320.08265  
11330.46303  
11310.67597  
11285.72674  
11257.4414  
11306.35515  
11315.63537  
11322.36396  
11329.88101  
11334.499  
11348.00933  
11320.57728  
11322.73921  
11300.52587  
11334.59131  
11324.68683  
11325.11145  
11377.29645  
11281.05028  
11403.51927  
11393.11122  
11380.18311  
11283.25051  
11326.11186  
11371.63791  
11305.85842  
11325.74355  
11308.48476  
11337.22217  
11301.7625  
11312.70408  
11310.16155  
11333.30804  
11343.78446  
11307.69496  
11316.58119  
11307.58721  
11257.87157  
11293.82679  
11294.20541  
11341.70583  
11357.94844  
11300.11058  
11285.61763  
11265.65309  
11260.57126  
11279.77191  
11313.89052  
11304.79995  
11390.69976  
11295.41065  
11285.81127  
11322.72329  
11294.27317  
11286.52426  
11323.70164  
11340.28287  
11340.99939  
11395.0226  
11379.34412  
11390.89986  
11363.12693  
11319.74963  
11321.30767  
11362.5907  
11342.10753  
11318.41006  
11330.7354  
11325.16236  
11337.12222  
11352.47965  
11366.87077  
11295.6794  
11351.39378  
11245.58934  
11299.11828  
11286.00694  
11314.47257  
11313.55927  
11333.05233  
11348.45905  
11370.53423  
11348.24427  
11300.42316  
11333.01251  
11294.15875  
11333.18382  
11290.85961  
11341.51344  
11347.46249  
11328.83412  
11338.00075  
11339.90122  
11321.36922  
11324.96759  
11331.95593  
11310.31183  
11327.83693  
11333.86997  
11387.91771  
11350.2708  
11361.15055  
11327.9933  
11282.18483  
11294.64947  
11305.27765  
11315.30496  
11325.85053  
11308.74469  
11296.14765  
11310.86686  
11497.12669  
11386.32087  
11326.65937  
11347.57108  
11270.99458  
11349.05602  
11290.58686  
11327.94935  
11325.62423  
11303.59148  
11360.94116  
11313.24261  
11346.07321  
11371.00409  
11356.24932  
11360.15712  
11334.56905  
11330.19245  
11309.37878  
11346.83947  
11379.27707  
11341.41556  
11310.37023  
11308.0344  
11289.622  
11309.66633  
11374.86861  
11330.10175  
11336.13293  
11343.54208  
11330.00012  
11256.64082  
11353.0238  
11359.07875  
11360.15899  
11393.69714  
11354.79383  
11356.10293  
11335.63671  
11278.18947  
11367.84173  
11294.71533  
11310.22672  
11369.09419  
11327.12155  
11288.86601  
11275.37939  
11233.032  
11290.87984  
11294.79299  
11365.00149  
11372.86088  
11329.24633  
11312.42955  
11321.23993  
11325.54533  
11319.15386  
11369.12174  
11401.26332  
11389.7589  
11410.79544  
11361.75893  
11321.31312  
11325.75502  
11291.9304  
11281.60153  
11257.59864  
11318.76533  
11323.86791  
11371.42919  
11353.46029  
11372.52078  
11371.94677  
11335.46282  
11308.2569  
11312.27513  
11314.14901  
11272.20562  
11230.63416  
11256.57809  
11368.32361  
11391.47832  
11326.37719  
11312.97549  
11326.43506  
11265.68627  
11331.03389  
11352.17879  
11368.54975  
11366.73522  
11369.61491  
11334.5111  
11364.34649  
11361.57873  
11376.20939  
11359.4887  
11330.63148  
11311.98544  
11284.88307  
11251.28361  
11295.34768  
11326.92099  
11328.3374  
11326.6803  
11306.02936  
11326.6572  
11260.25222  
11247.34503  
11285.20278  
11270.64409  
11258.71363  
11308.74998  
11350.0604  
11373.1938  
11399.56375  
11349.94131  
11385.31422  
11360.5414  
11337.63232  
11323.67352  
11347.83499  
11273.78761  
11424.89725  
11402.38453  
11396.05597  
11411.05969  
11332.05988  
11305.72114  
11331.91658  
11331.93974  
11317.97305  
11357.94479  
11311.50531  
11323.95978  
11303.96123  
11278.40219  
11283.83384  
11278.05647  
11258.17056  
11281.42024  
11284.79816  
11321.46725  
11299.32471  
11335.79702  
11345.88927  
11350.05427  
11338.39448  
11338.53258  
11316.48134  
11318.12344  
11319.14063  
11286.11942  
11325.56853  
11308.80324  
11323.17922  
11298.19439  
11316.7827  
11294.67022  
11305.26785  
11319.37493  
11313.57406  
11275.8282  
11277.31103  
11292.68504  
11304.01317  
11296.08395  
11286.70093  
11337.18624  
11279.82843  
11342.07973  
11352.81592  
11355.58024  
11295.58592  
11329.65657  
11397.09472  
11430.32559  
11387.91675  
11382.85702  
11352.89335  
11299.45215  
11301.54588  
11307.83178  
11280.85189  
11329.36288  
11314.41438  
11248.30079  
11356.12674  
11363.78492  
11370.18834  
11360.83595  
11318.15897  
11275.85561  
11275.20552  
11273.62603  
11340.08441  
11324.76174  
11329.9797  
11313.73354  
11311.3732  
11295.71957  
11292.50773  
11328.78503  
11349.93859  
11348.15763  
11306.33397  
11334.32425  
11377.86116  
11350.05127  
11330.16038  
11329.87475  
11272.30508  
11356.11536  
11372.29737  
11334.8056  
11372.10726  
11386.00747  
11346.26787  
11322.89641  
11357.73213  
11357.93538  
11330.08417  
11347.90401  
11350.43415  
11310.62502  
11304.7432  
11278.78535  
11279.61061  
11293.57382  
11318.88872  
11323.06384  
11309.33248  
11305.25412  
11326.58111  
11335.10001  
11308.9204  
11283.5008  
11303.21478  
11308.32404  
11312.46303  
11380.60549  
11383.06173  
11390.89516  
11345.46237  
11344.09967  
11369.38727  
11387.71103  
11343.42188  
11352.65442  
11341.1506  
11320.43956  
11316.30357  
11305.80338  
11316.69569  
11337.56668  
11329.87765  
11292.40491  
11351.99154  
11317.43013  
11334.63478  
11359.05748  
11260.18757  
11317.70922  
11275.41262  
11313.31999  
11317.42749  
11324.0566  
11338.48348  
11317.95348  
11340.57209  
11345.89077  
11315.80773  
11301.63461  
11324.37499  
11336.76544  
11355.59167  
11335.14948  
11345.66963  
11355.05156  
11317.12882  
11322.68697  
11317.83316  
11324.76862  
11340.41064  
11343.63917  
11307.43598  
11325.97077  
11332.02381  
11363.98597  
11376.30841  
11342.08899  
11371.26998  
11439.21399  
11046.01865  
11334.06581  
11362.78488  
11357.79124  
11396.76485  
11293.92974  
11385.07266  
11298.49488  
11417.85974  
11344.63399  
11319.14898  
11279.25985  
11327.1148  
11337.07069  
11305.67594  
11325.24398  
11383.25087  
11369.67906  
11323.40269  
11341.52941  
11306.47618  
11310.89311  
11290.05545  
11281.22787  
11277.38058  
11314.92831  
11333.06024  
11314.7711  
11302.84157  
11313.12128  
11341.21662  
11318.53126  
11305.18219  
11306.97687  
11334.86103  
11293.17713  
11265.51246  
11304.9672  
11269.95222  
11332.83491  
11300.82612  
11307.58517  
11325.82558  
11315.28975  
11284.73132  
11282.46155  
11312.71969  
11294.64556  
11318.88673  
11286.46047  
11324.84705  
11368.72476  
11385.16472  
11369.03472  
11336.64054  
11344.59887  
11390.91124  
11380.9906  
11354.31964  
11288.08464  
11311.28293  
11278.94522  
11288.62369  
11299.86543  
11286.20461  
11267.12494  
11253.32564  
11285.07814  
11291.25709  
11324.206  
11327.98151  
11342.27142  
11369.08679  
11375.3482  
11402.21374  
11426.37425  
11386.17703  
11328.76272  
11326.53621  
11286.75277  
11291.72529  
11303.16258  
11302.94136  
11269.79426  
11354.15263  
11349.04545  
11409.82454  
11339.74559  
11351.62931  
11367.2744  
11366.99958  
11327.64318  
11362.69546  
11313.50828  
11299.95021  
11288.49528  
11360.70175  
11337.95807  
11419.27541  
11359.23098  
11361.9381  
11342.53711  
11353.25126  
11344.81374  
11282.4886  
11313.99164  
11328.40857  
11304.22627  
11335.90309  
11297.73868  
11293.22076  
11303.09267  
11312.74871  
11326.10659  
11334.0587  
11328.26592  
11304.44182  
11279.40151  
11324.41527  
11314.48084  
11388.00435  
11405.99127  
11446.54974  
11400.28679  
11373.31415  
11314.95268  
11307.25891  
11320.13549  
11348.0094  
11365.1316  
11323.27623  
11307.05029  
11337.63727  
11331.13907  
11350.91612  
11298.74275  
11250.84325  
11314.81183  
11476.54651  
11356.70786  
11379.57353  
11348.63518  
11296.12917  
11283.42102  
11263.95286  
11303.58287  
11313.17428  
11254.77975  
11300.97782  
11314.02298  
11317.77897  
11277.58506  
11324.61673  
11309.44106  
11354.06945  
11295.65836  
11361.75323  
11316.33319  
11316.24337  
11348.83569  
11333.39876  
11299.06463  
11341.62452  
11293.01092  
11345.71702  
11289.39289  
11306.51892  
11348.47276  
11334.56216  
11357.31503  
11343.93825  
11322.60762  
11268.98725  
11314.62577  
11294.71173  
11295.58823  
11328.13348  
11382.88445  
11345.25028  
11290.66491  
11283.77357  
11332.33928  
11271.50589  
11294.07107  
11269.25279  
11277.43127  
11324.06643  
11288.06163  
11288.17868  
11391.87837  
11415.19777  
11389.47957  
11394.84996  
11364.636  
11330.00532  
11293.67318  
11309.34343  
11331.05232  
11330.63606  
11346.62083  
11309.24321  
11290.88485  
11315.06289  
11326.68591  
11368.54334  
11366.35838  
11318.37492  
11273.39276  
11250.2311  
11258.95983  
11290.51519  
11284.92091  
11310.51253  
11314.0559  
11272.04499  
11334.12255  
11358.12453  
11372.39282  
11344.7633  
11345.40118  
11334.85124  
11341.67093  
11271.77265  
11322.06389  
11326.85458  
11320.0871  
11289.21417  
11351.80971  
11270.59055  
11292.90108  
11306.70623  
11309.00761  
11298.80527  
11335.11192  
11327.83309  
11341.92065  
11302.92963  
11294.43114  
11307.7708  
11293.44011  
11257.29442  
11276.99686  
11278.59402  
11253.44524  
11372.46479  
11397.94908  
11395.92042  
11433.37932  
11438.09716  
11388.56452  
11368.89898  
11307.3043  
11338.18696  
11359.55956  
11325.38401  
11325.01334  
11326.98661  
11307.34488  
11315.95072  
11311.31623  
11319.2805  
11382.15887  
11353.02935  
11344.94628  
11358.72068  
11292.71988  
11313.31133  
11280.93819  
11283.45094  
11309.5315  
11350.20245  
11382.57579  
11348.84148  
11383.36446  
11333.31701  
11367.64834  
11353.99993  
11344.22948  
11342.21992  
11325.53  
11340.15578  
11358.79557  
11365.58045  
11305.44096  
11276.41184  
11281.7684  
11302.11312  
11310.62356  
11307.13443  
11332.12319  
11377.13589  
11334.6012  
11371.40811  
11338.20648  
11358.53441  
11331.19985  
11402.48282  
11359.87961  
11363.24066  
11302.63751  
11353.10212  
11312.60544  
11281.52785  
11326.59543  
11268.88069  
11332.09119  
11324.03127  
11336.42682  
11339.02472  
11298.38413  
11304.15381  
11300.7312  
11305.56044  
11282.52132  
11264.46094  
11291.38976  
11312.56027  
11286.56298  
11319.95133  
11311.45768  
11320.87781  
11342.61235  
11361.47069  
11358.78043  
11375.94486  
11325.09822  
11254.44399  
11264.16471  
11282.67731  
11322.44822  
11280.38431  
11347.74358  
11317.96468  
11344.79547  
11292.60773  
11350.3465  
11343.73558  
11362.72076  
11371.44509  
11329.56106  
11299.25038  
11255.36309  
11294.72376  
11292.2933  
11267.96226  
11325.76917  
11286.99823  
11305.12296  
11316.35918  
11362.85738  
11339.82485  
11357.10885  
11335.26668  
11357.10327  
11345.33363  
11316.42265  
11420.62784  
11380.76337  
11389.10842  
11355.61751  
11357.78085  
11346.87634  
11302.84103  
11323.5773  
11271.03332  
11334.32576  
11342.71161  
11296.58047  
11353.77353  
11359.59583  
11358.42136  
11356.50694  
11302.33077  
11333.01824  
11286.23193  
11285.43777  
11312.71184  
11399.30004  
11410.70169  
11364.21096  
11315.33839  
11330.17079  
11342.43751  
11339.66864  
11351.26167  
11302.96946  
11306.55809  
11271.06987  
11325.91193  
11296.43375  
11306.44246  
11315.53444  
11322.69536  
11368.5785  
11383.5728  
11350.48146  
11302.93078  
11318.54585  
11278.61092  
11293.88091  
11316.36826  
11385.88134  
11382.30306  
11363.00289  
11320.36432  
11310.48088  
11269.96162  
11313.33334  
11340.36628  
11330.33223  
11350.60072  
11316.80769  
11262.95518  
11241.16619  
11260.06179  
11292.61626  
11335.43376  
11326.23211  
11348.20771  
11373.51279  
11348.20218  
11301.37042  
11304.65689  
11307.83689  
11306.12932  
11228.35719  
11324.83895  
11354.29515  
11324.59649  
11317.24372  
11344.04331  
11320.87454  
11372.03822  
11419.76288  
11435.11116  
11397.38717  
11357.32119  
11329.2492  
11400.40688  
11348.23732  
11318.0132  
11305.53128  
11288.38203  
11311.74971  
11292.99969  
11281.94985  
11331.52964  
11375.19872  
11358.34294  
11307.60432  
11335.72018  
11289.00415  
11296.35252  
11294.71389  
11275.92011  
11280.17922  
11316.02796  
11316.52721  
11342.69451  
11337.23031  
11284.68181  
11333.01812  
11294.90781  
11335.97538  
11413.99169  
11431.10116  
11372.23369  
11362.8209  
11389.93159  
11303.59807  
11244.98901  
11286.12124  
11244.75558  
11294.85455  
11301.37179  
11277.73722  
11322.59935  
11357.21381  
11334.65207  
11375.46805  
11335.00821  
11344.98848  
11328.61081  
11345.58964  
11325.1015  
11298.55875  
11303.20407  
11302.98004  
11339.28214  
11339.72392  
11326.2809  
11324.43456  
11355.01615  
11330.36062  
11375.6645  
11386.80972  
11340.6327  
11316.27917  
11341.73626  
11284.24456  
11343.77954  
11366.78228  
11345.85335  
11375.25747  
11339.32704  
11325.53702  
11311.89459  
11300.20259  
11270.10321  
11326.88811  
11337.66509  
11364.24074  
11359.5154  
11373.67781  
11338.13321  
11385.1282  
11358.19816  
11331.10844  
11301.74494  
11331.16975  
11273.96508  
11340.67313  
11326.68986  
11340.98222  
11330.75111  
11329.06726  
11275.88641  
11278.05636  
11264.46736  
11296.47218  
11282.91148  
11326.63431  
11339.35847  
11383.51176  
11362.03622  
11345.24316  
11308.39568  
11278.72687  
11307.79058  
11286.4103  
11309.34444  
11295.9214  
11320.93109  
11300.97472  
11340.90966  
11415.57018  
11384.15102  
11428.31327  
11389.42847  
11376.52859  
11325.11556  
11297.64086  
11256.87296  
11336.15791  
11333.77375  
11373.96217  
11326.64028  
11326.68969  
11292.51316  
11328.66279  
11312.49355  
11324.87229  
11307.7444  
11307.74607  
11337.76986  
11342.98916  
11332.44459  
11297.51948  
11300.6607  
11282.65151  
11324.86643  
11307.24768  
11309.15574  
11311.32075  
11268.19123  
11302.84928  
11288.76095  
11298.12182  
11334.87078  
11371.96772  
11375.98406  
11356.15629  
11373.37294  
11349.38402  
11351.02951  
11301.09534  
11265.31047  
11296.68272  
11323.78479  
11336.61652  
11319.63857  
11331.49637  
11365.56677  
11374.02313  
11373.07733  
11327.01684  
11293.63283  
11321.52248  
11331.38276  
11332.14622  
11351.42859  
11324.62103  
11391.7065  
11360.06855  
11368.69031  
11411.6197  
11383.36007  
11365.70943  
11367.95931  
11296.03477  
11311.37866  
11239.93359  
11300.40963  
11293.24824  
11270.32985  
11296.65778  
11306.88771  
11288.49623  
11304.27034  
11258.56421  
11298.31804  
11329.83692  
11332.46588  
11327.59642  
11312.31646  
11352.17365  
11303.14242  
11355.34297  
11380.44402  
11367.70669  
11370.44904  
11386.49552  
11353.26501  
11383.00817  
11379.48233  
11334.57325  
11337.84308  
11327.31693  
11340.68403  
11369.70629  
11307.64989  
11309.6393  
11276.92415  
11309.01881  
11347.25055  
11362.6533  
11340.13534  
11346.12703  
11337.43771  
11313.79464  
11275.41758  
11287.52155  
11233.3474  
11315.24482  
11324.91296  
11330.26419  
11374.74677  
11282.51878  
11315.37721  
11293.38997  
11295.56598  
11317.17399  
11365.98851  
11330.95331  
11436.10658  
11385.14123  
11351.89213  
11333.50593  
11372.2805  
11353.96929  
11320.4212  
11322.96673  
11332.76181  
11299.59628  
11255.10043  
11286.94811  
11287.74209  
11319.02997  
11256.85905  
11277.8902  
11284.87811  
11293.61272  
11316.27779  
11349.44129  
11367.69831  
11370.21286  
11357.47906  
11332.46501  
11335.3432  
11309.3621  
11263.55766  
11302.23809  
11300.39689  
11355.21993  
11331.77554  
11354.94816  
11338.44469  
11304.41881  
11290.5912  
11320.67856  
11361.41622  
11320.46368  
11293.68246  
11332.47283  
11326.69205  
11315.22189  
11287.00347  
11300.91125  
11327.52513  
11339.83871  
11353.60805  
11322.47041  
11408.61495  
11364.6619  
11346.13704  
11339.33999  
11309.69712  
11278.14685  
11307.51241  
11323.72275  
11335.3695  
11296.93263  
11322.25356  
11361.75742  
11345.43714  
11378.95753  
11388.27754  
11393.25415  
11311.71926  
11323.48694  
11285.14859  
11287.95319  
11284.90258  
11263.15883  
11285.98355  
11342.39516  
11355.98256  
11389.68536  
11365.99954  
11322.28381  
