10624.17837  
10622.08138  
10511.49223  
10495.73051  
10513.52417  
10556.19157  
10607.51495  
10609.22904  
10545.30035  
10476.50246  
10481.47839  
10491.80044  
10494.84688  
10537.83504  
10531.25928  
10574.81335  
10531.62063  
10605.00549  
10631.7655  
10646.73423  
10638.4845  
10535.35822  
10598.03725  
10622.81667  
10666.55682  
10633.47087  
10599.35366  
10593.16541  
10565.77222  
10520.9564  
10566.62349  
10596.78282  
10606.01935  
10659.8677  
10632.09365  
10586.72394  
10607.13993  
10552.91563  
10527.83077  
10614.56722  
10654.23419  
10621.62036  
10543.24341  
10519.90525  
10514.39695  
10451.70941  
10458.45205  
10514.33203  
10541.84863  
10532.84778  
10454.13035  
10502.87596  
10501.76501  
10578.04881  
10574.2915  
10572.82937  
10585.95469  
10528.2512  
10567.30719  
10561.49284  
10384.09678  
10423.65582  
10469.47992  
10483.33988  
10504.99198  
10555.87284  
10592.30766  
10590.54488  
10623.10052  
10547.15133  
10563.24908  
10597.04116  
10598.12764  
10509.38159  
10487.04535  
10573.48551  
10632.9282  
10663.59723  
10616.87168  
10556.76851  
10538.91831  
10487.45365  
10547.36438  
10528.99465  
10530.45372  
10599.63914  
10638.61261  
10617.91866  
10593.63839  
10585.46059  
10598.77653  
10630.74066  
10438.20321  
10616.14443  
10629.30756  
10562.2805  
10551.06423  
10525.41783  
10508.27968  
10449.1168  
10460.7088  
10505.97485  
10608.35895  
10605.37378  
10610.38064  
10495.68292  
10473.12264  
10482.49274  
10557.45542  
10579.15619  
10586.47675  
10580.34304  
10522.13841  
10550.65997  
10550.02279  
10549.81606  
10540.14709  
10490.55766  
10504.16475  
10515.17177  
10582.83097  
10578.13525  
10612.07849  
10596.78436  
10554.9352  
10533.19527  
10607.49593  
10592.6311  
10593.05023  
10575.1429  
10580.48973  
10585.75122  
10538.22028  
10535.97479  
10537.84041  
10514.23838  
10547.33089  
10560.70656  
10597.15236  
10523.85732  
10551.97843  
10559.25149  
10589.37189  
10605.13881  
10670.09302  
10613.80391  
10564.70811  
10575.13493  
10567.72845  
10483.60114  
10495.41282  
10524.53975  
10512.36837  
10470.44196  
10547.72024  
10534.61312  
10604.91632  
10566.06354  
10532.03829  
10520.22689  
10569.40778  
10540.78172  
10550.8361  
10476.21722  
10571.82998  
10588.65554  
10596.79435  
10574.0498  
10616.75468  
10628.37305  
10532.49534  
10583.04496  
10537.78158  
10524.64148  
10543.75071  
10546.53872  
10479.82452  
10481.85577  
10546.26697  
10565.80086  
10557.00899  
10509.36688  
10532.68542  
10585.12681  
10587.45962  
10536.22182  
10594.1323  
10624.67253  
10651.03501  
10634.57979  
10581.16736  
10580.63593  
10459.97705  
10483.01135  
10522.35765  
10523.88611  
10539.99245  
10499.85962  
10586.60736  
10548.27875  
10590.72611  
10588.23494  
10548.4799  
10571.26052  
10570.45194  
10585.5165  
10634.31519  
10549.33474  
10588.14581  
10593.70017  
10659.85468  
10710.59129  
10669.0769  
10550.76526  
10505.2049  
10491.36741  
10491.09869  
10531.08944  
10581.63017  
10576.2875  
10588.74559  
10619.68785  
10568.41272  
10511.17151  
10524.44802  
10566.01843  
10596.83087  
10570.82125  
10540.02205  
10527.45636  
10457.86623  
10416.13495  
10458.1826  
10485.09882  
10478.65704  
10507.0367  
10487.79283  
10490.3419  
10529.38926  
10505.32914  
10570.41288  
10530.1153  
10539.81506  
10548.42955  
10506.3525  
10578.56641  
10607.00281  
10600.65316  
10599.69663  
10669.11328  
10667.46647  
10593.0756  
10547.9126  
10532.97561  
10525.41689  
10518.4845  
10514.63944  
10529.578  
10561.47028  
10585.21566  
10622.11623  
10585.31138  
10597.58329  
10480.47628  
10445.42358  
10449.32906  
10473.17102  
10572.2443  
10586.64036  
10648.5874  
10627.33138  
10606.1711  
10540.92006  
10499.58122  
10528.80448  
10500.3418  
10550.55668  
10524.58541  
10493.32876  
10578.39433  
10611.1959  
10547.05888  
10575.23328  
10576.24205  
10598.67344  
10587.07157  
10518.60032  
10472.69281  
10499.96468  
10480.98582  
10464.6436  
10351.22526  
10617.26359  
10615.70353  
10667.14311  
10636.23018  
10587.50159  
10616.64449  
10609.96938  
10582.70998  
10581.30786  
10551.83142  
10559.5781  
10565.01886  
10531.37596  
10465.33903  
10499.15389  
10476.1036  
10556.5436  
10558.82507  
10558.2288  
10507.1994  
10520.09403  
10563.8834  
10625.95459  
10676.76361  
10645.21932  
10650.46139  
10635.86066  
10697.52767  
10628.21499  
10541.20563  
10504.92393  
10523.05865  
10531.18506  
10536.4256  
10584.49736  
10572.56411  
10637.09831  
10532.2382  
10503.5415  
10506.36017  
10613.13735  
10600.83801  
10527.24093  
10578.24563  
10568.97215  
10557.95935  
10569.27728  
10583.05922  
10536.63989  
10524.34973  
10539.60675  
10603.71694  
10602.37439  
10606.03973  
10597.38507  
10555.66809  
10503.24066  
10536.48527  
10499.75071  
10540.28796  
10558.81991  
10616.31061  
10590.59249  
10551.93105  
10556.86973  
10549.598  
10543.83571  
10573.89667  
10582.05792  
10563.20612  
10556.58022  
10525.64229  
10490.53446  
10511.1287  
10553.28585  
10525.71055  
10570.18313  
10620.0882  
10587.54651  
10611.71983  
10626.02877  
10608.09816  
10580.34296  
10551.21057  
10559.44096  
10564.94954  
10491.4031  
10510.41976  
10521.24491  
10502.02378  
10567.17365  
10557.96403  
10566.5364  
10563.85659  
10556.13017  
10530.9951  
10537.9256  
10575.19879  
10651.67893  
10590.75659  
10494.31399  
10476.91463  
10536.43589  
10538.57662  
10545.71267  
10507.0671  
10530.0883  
10560.75307  
10541.07001  
10575.15631  
10616.6296  
10649.50236  
10602.57678  
10593.50069  
10629.08018  
10639.96086  
10630.6118  
10544.42592  
10510.4435  
10522.92922  
10491.57815  
10452.79395  
10539.23759  
10574.66005  
10546.93827  
10463.05548  
10486.81006  
10521.80284  
10559.06889  
10553.15466  
10545.39539  
10566.29218  
10591.90623  
10624.40993  
10611.48985  
10562.64404  
10556.92271  
10589.34334  
10546.13525  
10617.01904  
10587.6307  
10580.31659  
10613.33877  
10593.29688  
10597.14532  
10562.16018  
10532.00299  
10532.14659  
10494.32758  
10529.53453  
10545.52057  
10550.89028  
10562.54842  
10596.80239  
10612.88702  
10555.32332  
10493.33299  
10529.5174  
10529.07082  
10503.39604  
10618.53353  
10561.0895  
10611.75049  
10601.61829  
10633.95825  
10589.05396  
10517.30648  
10492.82776  
10425.61395  
10513.8301  
10553.9035  
10608.42474  
10582.71724  
10555.90887  
10570.28355  
10556.95239  
10604.05752  
10627.28267  
10575.10048  
10524.55872  
10514.6498  
10567.31097  
10532.92613  
10538.78314  
10505.24837  
10563.14791  
10508.12842  
10511.81014  
10546.98071  
10576.61094  
10494.36908  
10480.67881  
10562.3244  
10570.11165  
10578.04911  
10586.5934  
10541.16905  
10575.96202  
10551.85663  
10583.53562  
10609.96438  
10602.43663  
10617.60415  
10660.06651  
10614.92533  
10526.70376  
10500.04808  
10509.55676  
10484.64231  
10507.56024  
10478.98714  
10503.10154  
10484.40609  
10574.72695  
10548.45013  
10531.64722  
10521.21159  
10506.22321  
10555.85531  
10600.33671  
10580.07528  
10582.07458  
10577.34153  
10606.63072  
10571.55396  
10540.26294  
10548.30674  
10612.39836  
10622.72178  
10646.02574  
10542.14787  
10583.40601  
10558.89197  
10602.13993  
10640.78898  
10590.11133  
10540.48781  
10557.421  
10562.76927  
10467.85345  
10511.58207  
10496.4349  
10440.42106  
10537.77391  
10575.25423  
10573.5871  
10609.12065  
10648.70353  
10590.07876  
10553.1166  
10597.75419  
10621.20268  
10653.74388  
10691.28957  
10639.9729  
10598.57623  
10573.18992  
10489.36918  
10483.54085  
10499.29744  
10518.78764  
10484.42704  
10495.63039  
10472.94033  
10518.32345  
10477.54921  
10445.4283  
10499.14402  
10505.55485  
10537.39614  
10501.3563  
10529.56871  
10547.94135  
10516.10899  
10519.14689  
10596.61108  
10627.76823  
10622.47589  
10676.10132  
10653.71828  
10656.26147  
10572.50649  
10506.9188  
10506.34916  
10508.97719  
10535.33171  
10539.17147  
10514.16738  
10486.39886  
10486.52789  
10536.20852  
10592.48942  
10576.61707  
10599.61473  
10567.55678  
10521.28727  
10534.91429  
10590.08228  
10575.97585  
10642.07467  
10610.2819  
10537.9506  
10487.46395  
10566.56445  
10553.52527  
10586.62653  
10558.44232  
10616.02256  
10534.1861  
10555.56696  
10578.60622  
10596.26349  
10587.43101  
10634.24868  
10533.79289  
10594.8136  
10553.0154  
10548.76961  
10567.44348  
10607.4811  
10607.51461  
10627.25505  
10573.35809  
10508.06586  
10564.65023  
10542.43266  
10546.26986  
10581.75248  
10604.1687  
10602.80979  
10538.11163  
10505.2972  
10499.88523  
10458.37238  
10448.29954  
10485.79834  
10545.83643  
10517.43341  
10524.76233  
10538.04873  
10587.90517  
10570.86737  
10498.54519  
10506.2698  
10483.60234  
10495.18813  
10547.00488  
10576.14585  
10537.77171  
10480.2864  
10603.83181  
10588.94558  
10619.78202  
10631.95839  
10639.9069  
10597.4562  
10570.08598  
10545.45129  
10565.52472  
10506.49235  
10573.77671  
10590.47101  
10584.79474  
10584.61778  
10573.27716  
10554.27478  
10611.90841  
10548.85431  
10548.19438  
10505.20469  
10524.15228  
10558.9873  
10579.71454  
10559.95536  
10535.53015  
10555.92326  
10543.2557  
10537.76813  
10625.76497  
10613.86115  
10649.17491  
10608.30497  
10610.19045  
10506.23895  
10471.62649  
10471.49986  
10527.42344  
10481.51015  
10451.45549  
10454.49965  
10509.62522  
10515.91502  
10465.00254  
10490.46328  
10548.88519  
10548.29014  
10572.16266  
10587.40737  
10578.25323  
10610.13892  
10643.74495  
10636.79753  
10652.06651  
10653.13658  
10641.36267  
10573.58923  
10571.68339  
10539.9975  
10533.67806  
10502.67069  
10487.76902  
10474.79722  
10588.1004  
10627.44765  
10534.21729  
10587.84859  
10575.09131  
10537.25128  
10573.45292  
10554.80705  
10609.92529  
10604.34892  
10566.89577  
10592.06024  
10582.12431  
10556.97856  
10571.21305  
10531.18404  
10550.55963  
10521.70996  
10494.55804  
10550.33136  
10594.3301  
10627.88774  
10601.34021  
10606.2194  
10561.67603  
10481.02675  
10458.33934  
10483.16791  
10486.68335  
10567.20797  
10530.78815  
10506.58746  
10554.65916  
10598.84251  
10591.90043  
10500.62331  
10492.9398  
10508.87665  
10556.90682  
10550.81529  
10562.34218  
10528.58885  
10555.58238  
10500.10673  
10539.03752  
10462.47076  
10489.60529  
10571.68144  
10577.81704  
10620.098  
10592.29171  
10594.61641  
10606.71364  
10621.22679  
10639.92303  
10672.3207  
10575.73853  
10530.74209  
10546.05273  
10518.15405  
10515.31763  
10507.20184  
10488.9211  
10506.45791  
10536.91779  
10553.48739  
10501.94401  
10562.58527  
10555.16439  
10593.93174  
10589.49109  
10509.16799  
10519.46576  
10541.08698  
10617.49414  
10630.81276  
10566.03711  
10570.15407  
10639.44989  
10695.63678  
10681.45347  
10625.27212  
10480.3099  
10510.80155  
10528.479  
10510.27681  
10507.79537  
10499.66138  
10525.56877  
10527.55021  
10571.2265  
10561.61436  
10537.88635  
10518.02515  
10531.45978  
10564.493  
10552.79722  
10516.45473  
10558.09884  
10524.06836  
10514.13418  
10561.72555  
10205.26628  
10379.97925  
10581.0461  
10648.89201  
10694.62268  
10653.46283  
10644.0637  
10651.8229  
10671.06437  
10606.92043  
10570.45433  
10540.04592  
10509.60933  
10521.90826  
10487.96165  
10528.49851  
10482.50144  
10575.08911  
10573.82129  
10605.99548  
10634.49731  
10588.77132  
10603.29822  
10538.51611  
10576.19236  
10635.75433  
10618.88802  
10527.31989  
10598.11072  
10570.8175  
10486.42045  
10553.41062  
10526.18089  
10569.84823  
10578.18862  
10554.61316  
10639.38241  
10624.58984  
10610.25964  
10588.89494  
10578.0222  
10531.49634  
10482.27155  
10441.33311  
10440.28512  
10466.25189  
10550.56738  
10572.07043  
10592.35061  
10550.02736  
10623.56738  
10592.29256  
10619.35781  
10618.1967  
10652.56258  
10590.04673  
10633.98566  
10593.76164  
10565.36047  
10575.73574  
10584.01074  
10622.66573  
10621.86171  
10553.2215  
10478.01957  
10482.80918  
10469.14561  
10447.611  
10460.41201  
10502.7076  
10552.20919  
10534.11853  
10583.62384  
10615.75816  
10588.02199  
10527.72699  
10506.97512  
10554.63116  
10554.66838  
10613.16699  
10537.50208  
10570.96885  
10573.067  
10612.07391  
10582.32029  
10568.36342  
10607.59725  
10555.50881  
10587.27063  
10617.65194  
10542.6191  
10584.89795  
10589.69564  
10582.0402  
10580.32402  
10558.63615  
10572.42181  
10513.91107  
10492.02403  
10544.83897  
10547.60266  
10555.69114  
10552.68573  
10545.30259  
10538.99231  
10519.98568  
10560.5555  
10560.2746  
10509.62089  
10474.06236  
10561.42812  
10549.96932  
10581.08124  
10581.85789  
10568.59961  
10602.8646  
10652.87103  
10642.14821  
10604.51304  
10610.94023  
10633.27858  
10545.70009  
10494.62164  
10519.98907  
10505.87236  
10468.32074  
10481.95437  
10511.43958  
10496.8594  
10480.51101  
10475.92  
10473.60087  
10475.10781  
10528.3858  
10500.18764  
10526.9149  
10534.97658  
10473.00033  
10492.47835  
10601.55082  
10616.93768  
10607.5281  
10656.70394  
10603.44771  
10612.35451  
10606.59707  
10597.91378  
10592.60396  
10595.44356  
10594.24534  
10563.97713  
10539.01801  
10579.8892  
10617.70933  
10638.62911  
10659.69617  
10651.92908  
10547.30076  
10475.77633  
10546.91573  
10538.30485  
10548.53426  
10488.75321  
10530.82611  
10581.16583  
10587.21385  
10572.9376  
10554.78141  
10539.67995  
10528.7097  
10540.74341  
10539.38776  
10513.2605  
10523.77948  
10502.8111  
10598.7618  
10554.57589  
10546.0141  
10530.55957  
10562.85958  
10561.16484  
10532.79478  
10604.28853  
10648.49672  
10557.02738  
10578.04716  
10597.54783  
10650.53123  
10599.2018  
10518.48859  
10499.74198  
10514.41069  
10485.86469  
10473.28849  
10472.48564  
10462.15291  
10498.88666  
10457.60307  
10428.02128  
10490.07784  
10517.8006  
10575.37677  
10602.55884  
10663.66571  
10674.61222  
10647.79012  
10651.49845  
10657.84473  
10659.80809  
10592.8739  
10545.44295  
10569.73912  
10592.37065  
10579.92108  
10540.63226  
10567.35453  
10550.4258  
10491.50916  
10546.35622  
10603.59843  
10503.54551  
10547.62313  
10563.72947  
10651.99445  
10695.22921  
10657.23189  
10637.01929  
10585.51725  
10627.00026  
10581.52423  
10497.78178  
10498.73564  
10556.60972  
10511.51524  
10459.62872  
10445.54901  
10495.27966  
10519.53794  
10488.54944  
10527.86051  
10486.74477  
10513.42358  
10548.94649  
10508.38586  
10525.8454  
10596.98094  
10573.29059  
10584.87425  
10580.32426  
10630.8301  
10582.40633  
10608.89368  
10585.24054  
10612.55398  
10574.03743  
10672.0753  
10563.04734  
10511.47017  
10497.67851  
10524.90531  
10494.44871  
10447.62911  
10504.3336  
10525.28255  
10614.57117  
10562.02822  
10521.17871  
10551.6249  
10494.86924  
10465.57892  
10519.69157  
10563.3665  
10538.58533  
10592.08289  
10585.77035  
10616.00094  
10587.80841  
10577.8491  
10488.00295  
10489.36617  
10524.8927  
10511.83775  
10479.6391  
10520.50234  
10579.95302  
10616.9598  
10592.44257  
10556.82725  
10601.71006  
10590.19523  
10552.95526  
10477.39579  
10483.15029  
10498.38938  
10508.75604  
10570.6095  
10613.92293  
10620.25315  
10620.87134  
10673.32825  
10594.79761  
10539.19179  
10546.76424  
10497.409  
10513.25883  
10509.24974  
10510.06881  
10576.92753  
10582.74843  
10682.12504  
10641.51803  
10626.66026  
10559.28487  
10566.95872  
10554.28914  
10541.31278  
10533.51528  
10514.7757  
10520.37728  
10468.45744  
10562.38745  
10600.0673  
10542.62787  
10500.64545  
10583.43699  
10572.58425  
10616.69295  
10485.16494  
10548.18315  
10583.36458  
10620.9893  
10533.25875  
10535.63877  
10612.53316  
10608.90991  
10631.12687  
10663.63448  
10678.76591  
10685.46421  
10584.86029  
10540.14069  
10548.22744  
10532.27045  
10507.28107  
10591.53253  
10578.1709  
10542.23081  
10530.01864  
10562.25037  
10588.12115  
10596.99347  
10564.7147  
10515.79327  
10472.83004  
10415.26113  
10413.57491  
10533.49829  
10571.30806  
10562.81215  
10523.99622  
10582.44828  
10609.97786  
10572.14012  
10551.2973  
10596.94373  
10555.14712  
10603.01302  
10558.99697  
10505.46098  
10519.08988  
10540.91689  
10592.51534  
10591.68306  
10585.45394  
10549.54091  
10610.89539  
10599.60504  
10604.1  
10632.70048  
10640.68323  
10652.61973  
10589.1048  
10543.46582  
10555.17057  
10552.39748  
10490.84635  
10486.2242  
10488.56352  
10482.04787  
10534.03617  
10520.18211  
10502.91154  
10568.43599  
10596.23008  
10613.59361  
10530.29852  
10589.01176  
10560.63334  
10492.5517  
10478.59054  
10428.86491  
10482.69497  
10525.08287  
10503.04523  
10530.60817  
10515.83818  
10517.13106  
10533.12899  
10606.9291  
10648.85321  
10580.35966  
10579.1382  
10559.8549  
10617.79775  
10668.69004  
10647.98545  
10604.05617  
10585.23122  
10599.15076  
10595.80627  
10551.0991  
10496.16593  
10497.18044  
10545.53473  
10622.12065  
10669.51601  
10681.87701  
10592.43571  
10541.67271  
10541.76339  
10568.07609  
10186.43846  
10358.1417  
10783.87345  
10651.56602  
10602.8762  
10568.55589  
10559.25562  
10540.47144  
10471.41935  
10528.83557  
10561.96027  
10637.50004  
10601.8231  
10629.89852  
10584.84025  
10535.97408  
10615.83449  
10606.5292  
10581.17287  
10534.94641  
10533.21389  
10565.28845  
10552.88212  
10582.83488  
10583.98136  
10607.77228  
10577.705  
10575.08722  
10537.15267  
10535.20392  
10536.68831  
10560.05992  
10596.73926  
10538.51685  
10527.59477  
10534.71531  
10527.5932  
10567.2711  
10544.35938  
10526.03689  
10490.98966  
10511.94637  
10539.42393  
10536.36566  
10541.57682  
10584.50146  
10644.14827  
10582.65706  
10533.21244  
10479.79919  
10440.98969  
10515.48183  
10494.96714  
10510.27777  
10556.27244  
10553.3407  
10552.69025  
10596.10358  
10603.76654  
10608.22607  
10570.41996  
10590.29696  
10546.76807  
10510.4682  
10490.10915  
10565.56352  
10594.72434  
10524.15063  
10546.62044  
10582.4706  
10560.29694  
10572.62107  
10582.62541  
10455.3679  
10499.22251  
10557.6153  
10590.75549  
10525.00859  
10477.3715  
10552.7336  
10481.93687  
10478.01056  
10542.43203  
10532.5873  
10545.87994  
10593.5591  
10492.73501  
10504.62085  
10455.82749  
10489.633  
10532.59363  
10529.68738  
10469.29059  
10523.43913  
10503.21252  
10528.671  
10517.89136  
10553.23319  
10546.30782  
10549.63066  
10556.48002  
10515.69084  
10517.14166  
10553.52118  
10618.91152  
10658.55693  
10655.92283  
10585.97742  
10560.64986  
10646.65588  
10653.0705  
10612.59727  
10608.17171  
10598.86993  
10592.51371  
10635.41144  
10603.62449  
10598.53298  
10551.34355  
10607.19004  
10651.82355  
10649.6157  
10560.58191  
10579.21277  
10550.95256  
10517.09182  
10510.61031  
10538.8916  
10546.03931  
10573.14095  
10514.33246  
10554.04366  
10640.03644  
10597.25769  
10522.97483  
10498.79494  
10513.14018  
10524.45288  
10524.45911  
10546.69802  
10535.20345  
10487.67727  
10530.2005  
10579.61267  
10593.29165  
10651.25181  
10618.70884  
10606.82802  
10576.06431  
10575.15993  
10572.63298  
10569.49054  
10534.01239  
10511.77867  
10492.08685  
10495.4551  
10568.7913  
10484.48114  
10539.29024  
10549.07412  
10544.26186  
10523.39313  
10527.59487  
10496.65538  
10560.16453  
10581.00226  
10545.91781  
10547.22451  
10527.92529  
10573.41764  
10617.68278  
10548.33901  
10607.51603  
10634.72994  
10615.3041  
10568.2113  
10456.31938  
10511.18656  
10485.13835  
10486.64187  
10492.75216  
10523.54679  
10543.43276  
10567.42041  
10555.58244  
10558.96004  
10547.34328  
10524.71708  
10556.69242  
10502.18056  
10493.55526  
10516.25201  
10520.24329  
10521.16624  
10561.61806  
10580.99815  
10543.15194  
10511.59349  
10488.14028  
10495.72414  
10532.60061  
10567.17238  
10510.68671  
10540.75494  
10525.85484  
10509.23476  
10524.06999  
10586.46021  
10594.02456  
10598.74919  
10644.35103  
10592.11973  
10583.65887  
10619.84835  
10547.94391  
10585.97465  
10590.39956  
10640.01158  
10604.21495  
10546.1036  
10524.5734  
10502.40422  
10571.87217  
10450.62097  
10554.72382  
10545.17316  
10615.98704  
10582.32715  
10580.70374  
10638.7311  
10570.31201  
10585.15289  
10566.80503  
10540.18018  
10626.45445  
10163.31132  
10658.83846  
10620.23309  
10603.10657  
10686.91148  
10602.47213  
10613.91848  
10513.06671  
10442.93007  
10491.51225  
10575.47968  
10625.92898  
10587.24829  
10596.67491  
10598.79405  
10574.23549  
10624.0695  
10595.54043  
10579.62238  
10443.72064  
9752.632324  
10791.84668  
10599.3064  
10466.36837  
10606.97042  
10598.89028  
10628.48633  
10538.36493  
10541.0858  
10530.13631  
10531.0709  
10617.03422  
10611.46202  
10640.84918  
10611.3488  
10607.41227  
10538.94139  
10625.98564  
10573.83639  
10577.78379  
10693.03729  
10636.15715  
10584.15668  
10609.22538  
10564.98739  
10611.80898  
10631.10244  
10612.96189  
10580.43044  
10597.8149  
10525.86934  
10590.27773  
10623.54569  
10620.1583  
10700.69295  
10602.13531  
10624.25362  
10595.46147  
10595.60561  
10259.60514  
10491.20793  
10492.67527  
10541.36304  
10589.67568  
10545.21208  
10579.44277  
10619.81746  
10610.10474  
10534.62276  
10609.44875  
10533.58573  
9901.374064  
10690.57399  
10693.06565  
10627.77718  
10616.26017  
10615.28923  
10568.591  
10549.58081  
10504.29924  
10423.57556  
10356.06917  
10411.42391  
10487.8102  
10474.48714  
10537.76034  
10599.81142  
10564.16305  
10634.38472  
10592.34186  
10550.59344  
10573.68335  
10613.3443  
10527.16327  
10568.79688  
10553.53646  
10589.988  
10564.49502  
10562.22426  
10650.84283  
10643.01658  
10624.17242  
10529.52653  
10544.10105  
10588.29584  
10560.97972  
10519.56923  
10566.75431  
10544.41366  
10568.14227  
10638.06976  
10613.97534  
10614.94206  
10630.34727  
10629.37231  
10648.41901  
10691.03233  
10641.93193  
10553.64496  
10510.56909  
10571.92523  
10577.36481  
10615.26335  
10658.46783  
10598.80153  
10507.71456  
10490.86892  
10527.21405  
10503.02594  
10460.77305  
10389.74028  
10415.95795  
10500.89793  
10550.0899  
10563.18787  
10574.67751  
10519.93201  
10442.90391  
10443.30107  
10508.04032  
10489.15363  
10491.14614  
10481.40959  
10542.22546  
10532.59401  
10607.19368  
10620.6943  
10627.29618  
10629.50161  
10608.99416  
10640.21254  
10555.21659  
10543.94478  
10572.63212  
10526.8645  
10551.88865  
10578.04336  
10521.2781  
10554.52592  
10589.61338  
10615.82546  
10579.00905  
10622.2804  
10653.62974  
10573.99213  
10500.05831  
10523.42641  
10548.04934  
10546.16292  
10605.53151  
10561.97788  
10536.1665  
10543.11759  
10551.88843  
10556.10624  
10564.15708  
10558.92857  
10541.04795  
10523.19971  
10540.68054  
10520.32068  
10543.39842  
10576.61501  
10594.76656  
10547.50938  
10615.66907  
10584.53337  
10597.16355  
10595.58877  
10565.60787  
10604.85463  
10500.73802  
10547.46594  
10567.45205  
10554.20437  
10524.55182  
10509.8349  
10544.10974  
10566.88654  
10516.57408  
10551.78774  
10572.02576  
10543.78092  
10554.83547  
10546.31112  
10535.70447  
10530.7265  
10567.30111  
10572.25747  
10529.3218  
10596.66463  
10608.99347  
10610.49504  
10555.10093  
10555.30351  
10580.40118  
10537.06073  
10533.15633  
10512.3998  
10577.68835  
10494.95457  
10511.02372  
10486.55603  
10503.63588  
10570.89988  
10568.35942  
10548.30021  
10552.20349  
10592.04641  
10632.42837  
10609.38413  
10637.54352  
10560.71749  
10502.63676  
10544.84713  
10536.30019  
10506.50354  
10520.17572  
10480.75185  
10488.23366  
10534.95469  
10537.69322  
10560.91396  
10545.00079  
10601.75051  
10623.89229  
10654.09121  
10658.78349  
10698.39191  
10591.86279  
10629.77238  
10575.08496  
10552.84013  
10562.04742  
10581.71739  
10692.44183  
10689.59302  
10648.14545  
10558.76976  
10553.83858  
10478.66233  
10427.02313  
10405.01042  
10376.77645  
10388.86086  
10468.83134  
10489.04474  
10459.66919  
10476.49831  
10555.97292  
10591.17902  
10474.98547  
10414.13784  
10446.10852  
10489.54061  
10542.45241  
10496.53912  
10490.39825  
10527.37044  
10567.54515  
10545.94318  
10585.06374  
10627.56734  
10565.77  
10629.78748  
10659.72644  
10610.23928  
10563.0226  
10559.60677  
10562.95896  
10576.6368  
10595.14343  
10627.49398  
10636.64258  
10636.66064  
10649.31445  
10599.97095  
10646.08392  
10632.61672  
10593.83221  
10559.65253  
10587.55691  
10612.1911  
10613.12321  
10591.59007  
10600.08518  
10477.05599  
10466.90076  
10476.2982  
10470.16557  
10507.86373  
10536.0554  
10555.52193  
10602.42428  
10582.21021  
10556.45754  
10508.02663  
10465.8404  
10542.7204  
10537.90761  
10588.29091  
10646.79856  
10525.74945  
10481.96529  
10497.79362  
10585.75555  
10581.69238  
10589.38245  
10543.53396  
10609.13666  
10567.94277  
10502.02492  
10580.60942  
10569.61169  
10524.13224  
10571.56024  
10562.79032  
10564.72345  
10599.17116  
10595.28296  
10610.84757  
10610.15538  
10629.22668  
10606.58691  
10521.47548  
10556.54258  
10514.89797  
10524.73112  
10535.96645  
10538.74782  
10532.76839  
10519.95253  
10516.3478  
10519.13481  
10524.78015  
10589.68534  
10634.99062  
10592.74725  
10636.96726  
10597.02026  
10558.33598  
10576.5128  
10579.7216  
10589.28212  
10545.41479  
10562.03349  
10558.40145  
10617.50407  
10640.16819  
10543.26416  
10538.95312  
10534.89282  
10509.89815  
10564.25789  
10527.97375  
10526.42421  
10500.34239  
10489.93311  
10530.32446  
10560.39117  
10591.89246  
10566.66838  
10562.02507  
10564.16197  
10554.10647  
10545.68713  
10532.99878  
10563.44543  
10621.34904  
10564.00745  
10494.73802  
10495.3339  
10547.70913  
10563.81195  
10547.44434  
10560.46733  
10590.18518  
10624.87565  
10595.39693  
10577.56303  
10573.00427  
10575.85836  
10627.3633  
10599.23376  
10627.43722  
10612.71566  
10615.00323  
10490.31207  
10480.79513  
10484.80516  
10489.43132  
10558.68504  
10578.84723  
10546.48376  
10546.48256  
10528.24538  
10543.8843  
10610.58533  
10604.51208  
10569.43917  
10563.88023  
10505.72548  
10511.60872  
10530.86517  
10482.22618  
10474.80231  
10476.9891  
10484.07739  
10509.60236  
10516.69647  
10562.80027  
10561.80098  
10569.42405  
10567.79826  
10580.16319  
10570.32166  
10534.80766  
10593.65688  
10528.36719  
10499.88829  
10530.53107  
10528.13857  
10576.42586  
10534.3843  
10530.41659  
10586.00114  
10597.17963  
10617.03377  
10589.64274  
10556.74078  
10564.245  
10589.34804  
10586.19397  
10582.09875  
10552.43077  
10583.67391  
10584.41384  
10527.32892  
10566.51127  
10542.06954  
10533.37856  
10560.59845  
10584.33537  
10613.49613  
10534.69423  
10539.31008  
10518.96965  
10553.53385  
10565.56846  
10599.34491  
10608.86029  
10642.9246  
10591.36711  
10564.46517  
10622.12295  
10604.23035  
10582.31187  
10569.15599  
10561.10846  
10466.77539  
10520.85972  
10484.02342  
10510.7772  
10587.82676  
10569.33179  
10552.70518  
10601.15356  
10603.11794  
10554.50602  
10633.36076  
10581.3396  
10541.94446  
10513.72015  
10415.12008  
10461.41069  
10456.2805  
10494.73275  
10514.60527  
10556.75981  
10566.48106  
10541.50067  
10535.91229  
10524.4248  
10514.02519  
10553.59349  
10557.66331  
10613.31181  
10685.50661  
10633.09475  
10624.86839  
10605.65808  
10556.17674  
10577.10258  
10553.1543  
10531.29842  
10531.30131  
10557.45795  
10569.35618  
10528.07082  
10615.83634  
10541.5568  
10505.41313  
10574.38643  
10619.32231  
10660.62374  
10654.95302  
10593.63666  
10518.40332  
10535.4669  
10484.08545  
10554.64461  
10527.64524  
10485.09873  
10553.44383  
10516.02138  
10527.1887  
10500.69922  
10528.12028  
10576.43123  
10582.41695  
10531.48177  
10501.53398  
10556.50948  
10599.57355  
10601.26265  
10650.03328  
10631.68858  
10575.20286  
10528.895  
10584.91239  
10549.14366  
10507.05127  
10562.37557  
10497.50301  
10469.9327  
10590.53455  
10556.52301  
10571.0578  
10546.83439  
10533.68811  
10536.63479  
10581.09947  
10595.06677  
10599.00092  
10583.19877  
10596.60413  
10514.07617  
10550.79102  
10517.21181  
10551.27749  
10512.6145  
10505.95359  
10511.90035  
10569.39463  
10601.05072  
10579.40664  
10593.43929  
10578.7948  
10544.50236  
10537.89632  
10540.71999  
10558.28717  
10585.34202  
10654.5613  
10560.66994  
10568.23059  
10596.5451  
10570.25645  
10564.07489  
10495.83386  
10529.30383  
10617.49552  
10523.89579  
10537.39358  
10554.74266  
10536.18068  
10588.26432  
10608.19802  
10637.16606  
10627.89748  
10625.96356  
10511.64353  
10546.66962  
10502.61717  
10496.31777  
10547.35933  
10589.08138  
10575.24835  
10567.47109  
10638.54535  
10626.31508  
10623.74402  
10653.63489  
10650.50767  
10616.98926  
10599.02775  
10597.40649  
10582.16266  
10593.34507  
10435.47555  
10522.00238  
10605.93724  
10611.47294  
10539.75684  
10560.51272  
10524.45142  
10522.01636  
10475.8091  
10488.21246  
10510.79362  
10556.86715  
10561.48415  
10535.72404  
10575.75834  
10559.74569  
10546.84121  
10565.73171  
10599.5139  
10579.45089  
10545.75547  
10542.05113  
10564.90761  
10518.4527  
10508.55438  
10551.13464  
10537.05878  
10551.69442  
10563.93459  
10526.94452  
10602.16288  
10618.58716  
10662.45245  
10658.74196  
10569.28593  
10548.86462  
10550.46981  
10543.41042  
10590.93675  
10561.78357  
10543.73985  
10489.6512  
10567.40666  
10581.33134  
10545.53072  
10561.05259  
10522.91701  
10498.72491  
10550.88668  
10578.82196  
10576.17898  
10537.60758  
10527.1202  
10538.72963  
10535.39122  
10526.23686  
10524.78939  
10513.24666  
10518.8324  
10521.40344  
10544.64081  
10526.2618  
10484.62736  
10508.46822  
10501.47998  
10524.2487  
10572.01554  
10583.85911  
10589.62295  
10544.05127  
10547.48281  
10573.07599  
10590.30351  
10541.27155  
10570.89451  
10607.64183  
10643.10309  
10588.16954  
10631.50334  
10601.67816  
10579.00124  
10599.87362  
10593.97552  
10570.46289  
10560.46029  
10542.34426  
10559.1299  
10539.92657  
10559.79128  
10564.04287  
10611.13357  
10573.17769  
10510.05029  
10528.04525  
10568.01508  
10579.64557  
10555.1342  
10570.76821  
10518.33883  
10524.11395  
10531.57182  
10535.525  
10531.63936  
10545.89288  
10538.03717  
10498.04301  
10497.51855  
10521.11375  
10570.98676  
10575.02118  
10538.75865  
10498.47192  
10490.77834  
10537.47929  
10523.56539  
10584.65422  
10589.53796  
10562.56158  
10445.65645  
10535.38037  
10535.863  
10527.65277  
10501.28402  
10510.20546  
10534.28186  
10535.31679  
10556.70412  
10560.01137  
10550.27216  
10561.1051  
10524.26937  
10513.05485  
10530.55448  
10601.62272  
10595.93003  
10587.47365  
10582.97906  
10500.49731  
10495.78902  
10536.3266  
10557.56582  
10539.82037  
10564.57003  
10544.54547  
10519.54102  
10540.38373  
10562.44757  
10628.72986  
10565.47528  
10508.97089  
10542.07139  
10554.15749  
10511.77893  
10495.20966  
10522.4941  
10572.10779  
10542.44688  
10554.43795  
10558.9363  
10575.96291  
10509.24196  
10516.59963  
10545.4034  
10555.2465  
10603.78379  
10624.49764  
10589.90721  
10648.74965  
10606.43648  
10534.78257  
10514.97422  
10563.55013  
10497.67688  
10542.84753  
10518.44122  
10543.65133  
10593.25283  
10575.61782  
10530.86373  
10552.07233  
10565.15556  
10525.80898  
10528.2821  
10532.38942  
10617.26345  
10629.63139  
10612.07373  
10615.9703  
10528.31453  
10523.17261  
10534.28064  
10553.88354  
10587.0627  
10597.91939  
10533.95408  
10525.70302  
10549.23086  
10478.08667  
10713.07145  
10727.2003  
10668.84499  
10642.41319  
10523.7714  
10508.18894  
10514.14339  
10579.65161  
10580.60655  
10546.40399  
10597.07711  
10623.28652  
10572.35209  
10653.79692  
10626.69891  
10591.68793  
10544.31639  
10575.93286  
10583.4303  
10556.0471  
10561.6945  
10557.43376  
10540.79246  
10553.67529  
10614.19965  
10590.60919  
10550.29911  
10574.50014  
10524.70524  
10550.25061  
10502.21869  
10493.3361  
10496.19277  
10539.88413  
10540.73954  
10551.70762  
10584.24164  
10601.8291  
10594.33596  
10521.55273  
10561.01015  
10547.22526  
10578.03821  
10581.12716  
10606.96611  
10621.52264  
10566.18062  
10588.47404  
10542.07581  
10519.82379  
10460.79201  
10477.0036  
10499.27476  
10524.27714  
10591.31281  
10587.18304  
10602.14134  
10540.95217  
10512.08209  
10499.15554  
10462.06669  
10505.22302  
10583.60919  
10561.71806  
10572.51388  
10582.72184  
10585.04317  
10630.11466  
10611.01267  
10678.15487  
10629.38776  
10551.78436  
10578.58563  
10563.29779  
10594.39827  
10627.21851  
10602.54065  
10591.2007  
10603.65007  
10614.05432  
10579.86401  
10547.08  
10560.8728  
10498.40706  
10557.93715  
10570.244  
10541.3373  
10448.26449  
10524.64842  
10562.12059  
10494.06635  
10509.09961  
10547.26105  
10535.64044  
10584.22931  
10540.58512  
10513.61963  
10557.41958  
10585.43748  
10567.35876  
10570.98112  
10562.46025  
10522.98096  
10521.66618  
10515.99089  
10565.47784  
10638.55617  
10681.89134  
10682.02155  
10672.10091  
10610.6156  
10539.19611  
10546.19637  
10587.55898  
10559.3528  
10520.70544  
10560.17641  
10481.13578  
10510.27464  
10581.68801  
10520.84098  
10527.12221  
10526.89705  
10501.03406  
10501.27035  
10501.30737  
10521.51459  
10576.86096  
10564.16506  
10576.70585  
10607.96134  
10594.32556  
10577.35624  
10574.06712  
10663.76971  
10636.89248  
10668.46883  
10602.48387  
10515.0871  
10532.80243  
10533.97695  
10498.52877  
10514.31189  
10522.63375  
10551.70827  
10528.11021  
10513.00909  
10519.58293  
10486.53851  
10490.09684  
10525.72752  
10543.87087  
10558.57017  
10631.94598  
10648.08889  
10599.59251  
10558.41783  
10507.45146  
10512.25704  
10521.20778  
10509.95325  
10511.79274  
10513.96189  
10533.82212  
10519.81441  
10547.73165  
10553.56228  
10566.53001  
10492.3574  
10516.90501  
10532.62998  
10552.47437  
10565.96997  
10560.61047  
10543.80745  
10549.25472  
10547.59981  
10534.7982  
10528.03107  
10531.40993  
10490.22906  
10552.17855  
10547.78866  
10557.82542  
10515.1252  
10336.26483  
10511.28137  
10527.13367  
10595.42448  
10598.19729  
10561.0201  
10523.10858  
10565.6275  
10567.84414  
10578.67035  
10560.37154  
10532.71969  
10531.07121  
10561.34294  
10518.42763  
10557.01078  
10561.42143  
10513.67749  
10509.23429  
10539.9847  
10548.79596  
10599.99213  
10558.25049  
10559.40507  
10552.34408  
10531.60714  
10596.67739  
10577.60805  
10552.53855  
10563.48977  
10546.9625  
10594.38273  
10619.66758  
10577.73934  
10585.07753  
10555.83921  
10575.30908  
10563.66223  
10595.65906  
10647.03491  
10605.15902  
10628.84292  
10581.4905  
10540.84928  
10509.28691  
10507.25083  
10519.97052  
10511.0213  
10525.82666  
10516.18412  
10534.07924  
10537.78225  
10546.75407  
10497.08763  
10521.61035  
10571.67881  
10575.55695  
10635.33972  
10581.20719  
10541.9172  
10601.28951  
10534.32798  
10562.16036  
10589.5333  
10514.67686  
10617.62506  
10617.82896  
10585.9354  
10560.09853  
10531.41618  
10519.89437  
10518.77419  
10522.19206  
10483.99465  
10521.80101  
10544.10303  
10569.0328  
10541.71289  
10514.51939  
10571.92299  
10587.87832  
10564.08691  
10625.67019  
10623.79808  
10637.02004  
10608.64522  
10595.2583  
10588.49921  
10541.90084  
10548.81856  
10554.72805  
10551.84601  
10530.06655  
10579.84349  
10601.40515  
10609.59934  
10559.59544  
10574.9482  
10526.46358  
10546.98206  
10596.9707  
10577.54181  
10540.06708  
10530.33464  
10550.30131  
10590.01438  
10567.45026  
10568.90249  
10565.4826  
10566.98433  
10533.7759  
10520.21429  
10598.51872  
10582.41563  
10576.711  
10530.25096  
10555.57251  
10547.82438  
10576.83502  
10441.48826  
10527.93465  
10643.1026  
10641.63409  
10649.64994  
10669.25895  
10615.82983  
10532.39746  
10475.59906  
10478.5178  
10532.598  
10589.96305  
10595.87671  
10552.73472  
10564.46423  
10514.66836  
10569.23914  
10569.85706  
10549.22335  
10532.448  
10513.83396  
10510.22388  
10544.39537  
10516.80017  
10557.76821  
10590.48716  
10579.08539  
10535.43626  
10548.20431  
10576.38619  
10538.14844  
10559.13609  
10510.22778  
10494.9068  
10532.70844  
10544.29952  
10547.6331  
10478.36363  
10474.99841  
10490.86977  
10531.53267  
10543.42621  
10565.92623  
10499.11534  
10509.76731  
10562.32542  
10538.33201  
10537.49972  
10528.70028  
10582.63558  
10514.32263  
10553.60978  
10581.88611  
10530.61678  
10543.90428  
10490.77795  
10513.50303  
10554.23812  
10554.42106  
10514.20776  
10519.25655  
10561.80278  
10605.07815  
10636.95898  
10582.05666  
10547.7477  
10468.39325  
10464.87787  
10511.65068  
10581.34237  
10600.5969  
10589.11505  
10576.30796  
10616.4447  
10658.72365  
10661.18032  
10668.92285  
10520.76796  
10558.50185  
10535.99611  
10550.14345  
10567.66154  
10612.5319  
10588.60679  
10614.95526  
10579.427  
10581.94934  
10562.46985  
10573.08529  
10532.67002  
10533.70327  
10562.36283  
10554.73564  
10586.01701  
10546.06405  
10534.21071  
10531.46035  
10552.89083  
10637.52039  
10584.90556  
10616.68091  
10604.04451  
10615.18402  
10589.67731  
10637.51241  
10630.91221  
10568.88767  
10530.61702  
10505.18241  
10519.24687  
10519.07581  
10538.89292  
10514.38558  
10511.30699  
10565.72569  
10574.97255  
10584.95583  
10618.33626  
10650.43681  
10639.67112  
10667.64337  
10684.28477  
10647.59489  
10620.62421  
10525.34076  
10539.09072  
10476.81433  
10550.04877  
10583.38865  
10558.34462  
10601.09324  
10609.09037  
10650.49805  
10614.68406  
10620.91191  
10648.31146  
10655.57438  
10728.13395  
10665.89589  
10618.34829  
10620.8264  
10489.67324  
10514.11021  
10470.21702  
10410.73346  
10377.05682  
10418.60872  
10479.18018  
10494.98651  
10547.88434  
10517.65485  
10507.95154  
10539.58083  
10575.49113  
10596.21857  
10603.46912  
10577.13625  
10556.61737  
10483.88342  
10445.68652  
10497.72013  
10521.82068  
10525.62478  
10530.79289  
10528.23924  
10553.06492  
10558.97093  
10595.92767  
10624.67424  
10550.98291  
10524.38865  
10517.04736  
10564.96084  
10513.74042  
10501.75618  
10511.35211  
10572.06665  
10539.75321  
10515.5211  
10462.58232  
10503.001  
10534.25415  
10558.08116  
10553.53772  
10550.93888  
10567.2474  
10549.342  
10618.52393  
10564.73592  
10567.57385  
10527.2359  
10498.6594  
10481.55013  
10557.85345  
10557.78845  
10531.57011  
10501.92147  
10554.99274  
10597.92814  
10596.25535  
10622.43825  
10570.08046  
10597.32084  
10609.15271  
10625.12472  
10627.64992  
10515.89101  
10469.13397  
10424.21611  
10442.13546  
10510.46641  
10515.45455  
10536.15078  
10575.62211  
10556.91968  
10582.26725  
10597.3655  
10608.42287  
10578.68138  
10570.9766  
10441.07662  
10416.15544  
10423.41034  
10454.31087  
10470.21375  
10527.42527  
10592.30318  
10505.79747  
10550.51723  
10475.24809  
10551.83771  
10587.94979  
10571.97257  
10538.49506  
10508.10116  
10515.59467  
10515.47878  
10521.0639  
10550.27488  
10542.18675  
10552.2665  
10558.11761  
10565.23515  
10603.59985  
10548.26867  
10764.98881  
10665.1863  
10633.42887  
10577.55772  
10524.86666  
10503.74457  
10484.46271  
10529.52433  
10497.04816  
10521.65857  
10577.26046  
10586.41207  
10619.71903  
10607.42399  
10616.23022  
10591.21775  
10609.22487  
10544.69863  
10574.25529  
10557.73433  
10595.11196  
10573.90839  
10568.99141  
10584.98566  
10578.77289  
10538.16292  
10581.45392  
10584.10331  
10615.23431  
10630.38267  
10557.58433  
10553.42552  
10591.80471  
10576.38283  
10597.4234  
10553.68313  
10540.93435  
10523.47188  
10523.5215  
10534.98812  
10560.53355  
10567.32084  
10546.34491  
10522.78381  
10572.61839  
10599.66687  
10623.60655  
10677.01516  
10565.51849  
10558.90637  
10520.32894  
10509.33246  
10507.99967  
10544.40259  
10522.08793  
10497.03369  
10565.35179  
10564.8075  
10536.0509  
10529.44458  
10547.30233  
10547.98222  
10573.44975  
10567.99565  
10551.90658  
10553.51735  
10622.84007  
10665.6344  
10668.28682  
10602.39439  
10521.83872  
10504.12793  
10463.60982  
10536.71981  
10609.34416  
10585.66899  
10669.62823  
10587.96043  
10528.12136  
10458.87225  
10471.89451  
10500.30499  
10462.47235  
10518.35581  
10506.17625  
10542.06289  
10528.03206  
10523.72384  
10519.91663  
10561.54496  
10580.98651  
10602.20028  
10632.97729  
10562.66386  
10524.374  
10491.4055  
10503.88446  
10511.92118  
10543.66732  
10586.90129  
10586.86774  
10596.38942  
10599.76735  
10645.92006  
10657.25938  
10628.85144  
10573.17063  
10558.06156  
10515.16958  
10532.69989  
10571.15454  
10546.17265  
10605.84473  
10619.06576  
10566.27751  
10569.89115  
10532.72831  
10576.21873  
10604.75112  
10492.14795  
10555.71228  
10565.11414  
10480.33754  
10529.79995  
10559.99642  
10544.98743  
10514.87952  
10474.96016  
10506.54244  
10552.49009  
10528.10498  
10601.52979  
10628.92468  
10640.69434  
10557.12146  
10592.64341  
10550.66939  
10525.37842  
10557.48798  
10526.13029  
10526.53174  
10550.5411  
10558.20886  
10550.42336  
10502.6969  
10502.41935  
10469.44946  
10572.20964  
10553.73686  
10574.2582  
10522.12781  
10522.22864  
10519.24251  
10538.40904  
10593.91937  
10586.6133  
10608.61568  
10623.35586  
10625.63975  
10682.01176  
10686.58344  
10599.48305  
10561.02482  
10484.21505  
10472.61027  
10493.94342  
10503.72441  
10526.66339  
10558.45673  
10564.17944  
10553.24622  
10570.57526  
10539.06618  
10540.02738  
10492.71297  
10488.15597  
10512.82121  
10526.58333  
10505.32261  
10543.31466  
10564.47925  
10548.00321  
10562.31093  
10587.38452  
10545.43583  
10548.64441  
10528.94456  
10598.93707  
10589.40047  
10604.23938  
10570.07178  
10510.70182  
10527.00623  
10499.33836  
10541.91089  
10516.4471  
10475.69143  
10536.99239  
10515.86041  
10563.14071  
10597.81498  
10603.30001  
10638.90792  
10646.73991  
10650.44206  
10479.12585  
10513.60783  
10510.90096  
10561.46098  
10581.39152  
10580.18201  
10552.49131  
10482.03296  
10540.5592  
10612.96045  
10614.7781  
10560.72038  
10536.20748  
10565.96057  
10548.2349  
10631.46155  
10655.0682  
10641.10114  
10590.82558  
10501.79346  
10502.61806  
10460.36523  
10497.93026  
10549.50407  
10564.95721  
10601.3359  
10662.31101  
10606.04342  
10619.19753  
10538.44663  
10495.93052  
10460.99074  
10492.77909  
10500.97758  
10513.30129  
10514.16154  
10557.10248  
10599.08728  
10600.2125  
10622.09735  
10595.75454  
10622.29726  
10635.98669  
10622.07003  
10653.30556  
10634.88267  
10611.73718  
10564.22894  
10550.86379  
10537.62472  
10558.37533  
10548.57635  
10529.75427  
10518.85783  
10533.00085  
10544.5071  
10513.50704  
10518.10636  
10521.10699  
10537.2949  
10534.9647  
10563.36721  
10571.3089  
10563.70365  
10558.43996  
10547.25753  
10550.65322  
10523.93357  
10539.01817  
10565.18939  
10595.05294  
10572.53544  
10651.22593  
10601.2733  
10572.23515  
10612.50712  
10623.4659  
10601.5273  
10598.08582  
10491.79222  
10486.90291  
10484.70654  
10493.95339  
10546.53064  
10529.68894  
10577.96391  
10518.67051  
10511.56974  
10490.33474  
10505.84609  
10531.9588  
10541.36609  
10594.67875  
10580.54041  
10548.88495  
10584.42356  
10641.34391  
10639.14679  
10588.48401  
10506.79348  
10491.1463  
10523.0576  
10522.18569  
10532.95705  
10561.07764  
10606.86739  
10623.19161  
10594.91772  
10551.27091  
10522.9586  
10554.96281  
10526.43734  
10531.43691  
10583.50688  
10578.34875  
10625.58555  
10513.10311  
10537.9858  
10509.34733  
10555.83877  
10550.41738  
10558.9482  
10602.92981  
10559.2149  
10540.60567  
10495.48102  
10532.9361  
10563.2314  
10644.84955  
10631.23602  
10624.03534  
10538.28713  
10485.02448  
10463.67845  
10488.70858  
10539.53483  
10540.61188  
10520.82251  
10558.28534  
10543.70437  
10510.45251  
10534.53662  
10599.68732  
10580.48521  
10583.0166  
10519.32072  
10539.67562  
10582.76701  
10546.60573  
10591.62718  
10609.8575  
10612.40434  
10558.91734  
10520.84444  
10534.86766  
10525.21875  
10560.06116  
10534.15057  
10551.275  
10547.63511  
10578.5175  
10560.50901  
10609.52875  
10628.20789  
10611.77669  
10602.35638  
10638.02718  
10605.67769  
10586.58038  
10584.15196  
10533.19552  
10554.62895  
10544.53902  
10569.79159  
10540.3303  
10566.07465  
10570.34611  
10582.26357  
10486.8809  
10510.09672  
10550.66026  
10568.90731  
10599.18003  
10605.60783  
10632.20974  
10583.73407  
10580.22575  
10562.55168  
10581.56405  
10533.49754  
10594.15672  
10600.06392  
10598.51768  
10612.66917  
10585.48975  
10572.63379  
10500.03536  
10498.51139  
10501.53005  
10490.60286  
10480.96269  
10514.08215  
10547.32556  
10538.02277  
10564.19973  
10628.46873  
10571.90436  
10527.23757  
10542.40098  
10562.63116  
10570.99148  
10551.32389  
10615.94436  
10620.09538  
10634.80013  
10573.22394  
10608.53406  
10561.96726  
10482.09196  
10535.53585  
10521.93561  
10473.0859  
10518.80507  
10533.49801  
10583.16024  
10559.32003  
10577.07336  
10606.42096  
10597.5269  
10564.37413  
10557.59414  
10577.63141  
10541.11186  
10540.15369  
10567.44232  
10568.62079  
10543.48232  
10499.83063  
10496.16239  
10488.2416  
10479.20066  
10502.47803  
10559.76115  
10560.66996  
10581.45447  
10526.77466  
10493.61041  
10526.27165  
10516.81586  
10526.59426  
10486.76658  
10504.97746  
10511.97744  
10547.02148  
10567.88778  
10550.65033  
10602.57261  
10564.74013  
10538.31394  
10500.76878  
10472.24312  
10538.02759  
10513.05088  
10554.45264  
10565.65784  
10513.61428  
10523.24823  
10526.5498  
10537.112  
10560.65344  
10567.73039  
10554.54854  
10584.50421  
10538.07306  
10599.0992  
10623.77541  
10607.66648  
10524.09762  
10530.74449  
10586.50393  
10515.25694  
10535.6522  
10539.90224  
10612.06362  
10618.52736  
10618.11196  
10585.83046  
10589.85984  
10615.74438  
10520.38619  
10514.30479  
