8674.29396  
8694.180649  
8729.323324  
8739.970947  
8761.926491  
8779.469682  
8795.345526  
8699.803311  
8702.627915  
8691.211855  
8676.633101  
8671.312367  
8641.731971  
8651.489435  
8630.62025  
8706.362386  
8703.391135  
8717.110855  
8694.042214  
8724.375126  
8721.166933  
8707.678186  
8745.401301  
8759.441458  
8860.931034  
8850.022764  
8826.152662  
8793.507361  
8748.426528  
8732.523497  
8754.095141  
8713.226548  
8684.408817  
8664.008944  
8672.616877  
8663.987867  
8669.298651  
8681.281938  
8659.360973  
8688.021418  
8683.400021  
8693.382931  
8684.960309  
8683.200373  
8680.487327  
8698.687552  
8724.059814  
8705.735085  
8703.453377  
8673.999882  
8667.102006  
8668.011482  
8642.139242  
8664.68295  
8651.714304  
8683.718676  
8702.673037  
8713.957845  
8733.391949  
8781.691599  
8745.924035  
8745.128522  
8684.696592  
8752.34318  
8749.220185  
8787.47583  
8787.870946  
8781.73129  
8773.234331  
8723.795558  
8714.161858  
8730.615168  
8718.150428  
8698.738777  
8715.739872  
8711.267941  
8728.30539  
8742.133012  
8784.74181  
8776.34648  
8817.674442  
8788.290135  
8810.062877  
8759.750252  
8675.721842  
8625.74272  
8613.266298  
8627.090103  
8631.04271  
8637.480165  
8673.332364  
8682.070734  
8692.630948  
8706.904289  
8732.753433  
8704.889293  
8684.85774  
8641.12628  
8695.878647  
8696.815215  
8710.053452  
8737.626879  
8773.113666  
8747.190237  
8810.287753  
8806.629787  
8804.339  
8765.177416  
8740.737246  
8730.895878  
8766.704146  
8788.438543  
8787.662324  
8772.661399  
8744.65699  
8686.391365  
8639.158862  
8626.638502  
8629.444432  
8653.352369  
8668.53651  
8690.167355  
8729.605513  
8713.818396  
8718.162117  
8689.9137  
8679.283699  
8738.109086  
8760.003914  
8737.751872  
8726.8034  
8719.139471  
8693.458282  
8678.765632  
8683.919426  
8647.856468  
8675.425278  
8680.716597  
8725.895626  
8732.573605  
8743.55707  
8801.626191  
8772.072724  
8836.852613  
8821.099994  
8787.350431  
8712.32652  
8680.481667  
8665.853064  
8674.741507  
8683.137022  
8700.634595  
8713.761963  
8732.703813  
8743.718609  
8729.707727  
8693.492883  
8640.159527  
8681.296069  
8707.222242  
8740.233731  
8729.97387  
8739.875377  
8767.516209  
8757.492321  
8752.991315  
8725.49275  
8676.876916  
8629.271225  
8619.515248  
8658.156457  
8687.468203  
8683.338949  
8698.183764  
8728.414484  
8726.596635  
8740.837994  
8748.604892  
8775.290017  
8780.266417  
8806.00364  
8819.731098  
8745.633915  
8680.49093  
8633.267075  
8614.299191  
8661.682691  
8711.528202  
8742.176055  
8744.079819  
8755.11863  
8766.436301  
8792.11576  
8771.550212  
8760.842936  
8755.265854  
8725.390706  
8704.425012  
8650.127234  
8652.817139  
8675.584835  
8655.083444  
8665.391757  
8668.599817  
8693.770064  
8715.780828  
8692.515995  
8682.59537  
8655.867121  
8658.157715  
8670.193855  
8721.6194  
8729.187374  
8780.58886  
8769.651752  
8809.126147  
8807.439786  
8760.062278  
8685.662701  
8658.596828  
8678.239043  
8711.792014  
8714.610633  
8744.678622  
8752.505867  
8713.020271  
8694.10777  
8660.819795  
8650.380623  
8676.800929  
8652.459295  
8692.599225  
8712.087077  
8768.336862  
8799.905976  
8776.343314  
8776.529349  
8706.922889  
8692.272335  
8682.528498  
8720.888598  
8779.2976  
8797.979847  
8789.566732  
8815.875348  
8815.170861  
8758.400146  
8683.357089  
8612.32052  
8617.094327  
8666.010187  
8692.488681  
8700.987978  
8711.45021  
8681.170018  
8677.144036  
8696.276722  
8674.540646  
8652.481601  
8693.970503  
8727.713838  
8724.453488  
8757.774392  
8787.617469  
8763.199211  
8790.924398  
8759.552253  
8695.191821  
8648.681041  
8645.765618  
8658.304377  
8646.6966  
8726.380164  
8683.580463  
8747.359597  
8799.658625  
8786.26106  
8733.261401  
8689.792347  
8632.150768  
8616.856201  
8637.605032  
8679.874763  
8687.883345  
8717.619126  
8714.846473  
8747.545299  
8732.164906  
8722.766431  
8751.98604  
8787.194314  
8803.902832  
8833.849321  
8839.729181  
8831.186842  
8803.478797  
8714.982533  
8675.568811  
8668.089178  
8676.5509  
8680.706121  
8701.355853  
8712.121989  
8764.980432  
8686.336803  
8651.320875  
8652.653587  
8655.231016  
8641.537109  
8686.155259  
8694.688854  
8692.964881  
8705.871663  
8727.331351  
8731.219379  
8782.400938  
8791.935281  
8803.488969  
8784.487837  
8791.429162  
8728.267682  
8739.26908  
8809.89951  
8737.331617  
8703.029711  
8682.19242  
8682.00597  
8680.007635  
8688.830655  
8673.138805  
8678.885247  
8701.416748  
8682.790217  
8718.446555  
8710.515669  
8695.118719  
8640.922763  
8654.708459  
8642.041637  
8671.198309  
8734.62085  
8741.600238  
8843.653113  
8810.57902  
8806.816547  
8744.622781  
8667.802823  
8653.060207  
8668.439934  
8652.960538  
8713.046579  
8703.25856  
8736.996049  
8753.051573  
8816.338719  
8825.920151  
8844.065215  
8834.221332  
8739.67567  
8680.688595  
8631.706839  
8640.462025  
8650.677749  
8674.704464  
8687.637133  
8637.217574  
8685.105772  
8662.464681  
8697.321178  
8702.52613  
8721.209687  
8729.745687  
8713.909831  
8755.872818  
8698.414558  
8757.107873  
8721.440822  
8724.830811  
8732.550293  
8769.059104  
8772.14738  
8727.662228  
8693.751753  
8674.250858  
8653.975305  
8651.248276  
8689.749719  
8714.763672  
8772.071326  
8758.450943  
8728.021196  
8729.119192  
8752.324219  
8744.874112  
8740.121885  
8746.737971  
8765.381488  
8745.965044  
8793.010794  
8779.706417  
8770.804858  
8727.991943  
8682.675441  
8644.920617  
8614.281975  
8649.376088  
8649.280259  
8672.128396  
8645.016032  
8694.399525  
8718.772202  
8715.17243  
8717.766957  
8689.53253  
8757.507502  
8726.169781  
8755.381222  
8774.711611  
8768.488903  
8832.962942  
8763.529045  
8815.752508  
8800.55033  
8777.250385  
8698.90278  
8630.389811  
8628.578451  
8654.940726  
8669.363733  
8682.126879  
8693.363873  
8686.110736  
8691.81543  
8691.386127  
8657.968942  
8705.063388  
8745.645234  
8713.917947  
8748.144302  
8745.808031  
8802.722249  
8810.945616  
8865.641061  
8788.347109  
8784.070668  
8708.283551  
8636.017748  
8652.402691  
8599.305553  
8602.820305  
8641.735825  
8675.464141  
8699.842233  
8710.873631  
8701.103523  
8671.698227  
8666.006111  
8669.050559  
8699.557425  
8729.307166  
8759.35848  
8790.041319  
8802.671017  
8749.887629  
8711.917503  
8708.826808  
8668.458829  
8699.018984  
8709.924168  
8728.843314  
8711.386808  
8757.055472  
8732.256755  
8747.797533  
8769.232747  
8737.303852  
8724.813861  
8691.314764  
8691.094327  
8654.893562  
8690.708947  
8722.747351  
8737.986099  
8710.143362  
8707.756732  
8734.571215  
8740.477502  
8750.405495  
8794.55744  
8803.196075  
8799.75762  
8768.51911  
8753.222146  
8643.904334  
8611.154585  
8585.339429  
8597.221591  
8597.94043  
8688.011904  
8668.029082  
8797.400827  
8755.624031  
8790.263539  
8798.543664  
8785.321289  
8813.832224  
8757.507665  
8715.536111  
8685.512917  
8686.486691  
8714.770944  
8673.379372  
8667.265536  
8696.893244  
8728.997033  
8778.384351  
8771.624016  
8793.675796  
8724.599521  
8689.26092  
8684.786503  
8675.455352  
8681.373683  
8759.45146  
8763.266254  
8756.548665  
8704.619392  
8689.331232  
8642.473241  
8612.496811  
8631.334917  
8654.180065  
8697.451201  
8717.390706  
8708.592389  
8747.936553  
8797.881274  
8787.800219  
8839.20601  
8807.766579  
8815.852665  
8782.79325  
8721.420736  
8705.723056  
8637.301854  
8610.482444  
8643.859775  
8651.488614  
8712.750481  
8761.339814  
8758.012754  
8691.282952  
8718.386645  
8736.513087  
8705.485359  
8677.414617  
8710.815134  
8702.411702  
8699.895634  
8630.71784  
8687.830774  
8703.725519  
8703.611365  
8735.065385  
8749.279452  
8716.209702  
8701.495199  
8665.942923  
8700.740368  
8722.470799  
8689.709118  
8690.923591  
8696.225704  
8740.160807  
8737.278217  
8717.907952  
8711.830426  
8717.189682  
8750.025716  
8743.130342  
8798.536976  
8798.978656  
8796.711241  
8771.968387  
8773.419434  
8818.606786  
8788.223241  
8784.193537  
8767.881614  
8691.607696  
8694.281805  
8738.63171  
8756.834813  
8755.403638  
8700.380075  
8641.296061  
8577.429362  
8588.324973  
8609.98965  
8601.356919  
8665.793975  
8682.315896  
8715.938136  
8706.235707  
8706.807676  
8698.492668  
8680.961559  
8705.386445  
8712.04595  
8722.758123  
8711.727103  
8715.019243  
8727.792976  
8712.971598  
8695.5538  
8685.002811  
8680.269028  
8710.409305  
8740.162649  
8758.809104  
8812.348981  
8800.970814  
8766.230387  
8747.181966  
8743.238237  
8743.294189  
8717.263546  
8725.738296  
8719.248898  
8765.920381  
8780.998469  
8790.233088  
8799.051528  
8777.438025  
8673.828613  
8583.075691  
8583.648911  
8608.955463  
8641.527248  
8678.195349  
8676.488873  
8687.012947  
8730.006836  
8709.309422  
8743.728308  
8685.498409  
8713.882073  
8706.486365  
8733.151626  
8755.02963  
8775.626014  
8785.06833  
8748.567331  
8773.125133  
8760.123572  
8765.293058  
8774.794951  
8781.676588  
8809.896477  
8787.247196  
8728.615353  
8666.002538  
8613.369673  
8578.316895  
8619.292029  
8646.595563  
8714.055745  
8729.634914  
8739.067627  
8723.182247  
8688.610463  
8652.735751  
8673.156953  
8649.164455  
8705.080774  
8674.965317  
8730.169434  
8751.202  
8753.59537  
8769.082631  
8776.430427  
8798.408625  
8813.023585  
8792.676824  
8768.961041  
8720.541667  
8688.790609  
8678.883826  
8679.333888  
8674.50947  
8635.576963  
8650.182166  
8672.60356  
8661.950558  
8704.580922  
8756.392549  
8761.133737  
8796.716812  
8763.560399  
8792.205959  
8769.886009  
8765.682795  
8763.312559  
8752.655703  
8772.047223  
8737.8955  
8686.53546  
8657.667599  
8628.206343  
8615.67951  
8653.651663  
8682.391794  
8706.095607  
8729.41677  
8753.221465  
8732.044877  
8758.659165  
8792.276071  
8808.410682  
8811.129395  
8747.607592  
8671.111691  
8630.969231  
8599.294315  
8630.01584  
8681.19751  
8664.646203  
8705.620842  
8714.392378  
8715.37679  
8746.859974  
8751.837284  
8765.731645  
8747.165986  
8743.242409  
8738.177416  
8749.396913  
8761.099506  
8706.161481  
8641.770967  
8602.937685  
8640.255919  
8678.780133  
8690.023186  
8719.118704  
8750.690311  
8749.23635  
8782.44458  
8801.478094  
8826.757776  
8806.85865  
8820.96801  
8780.314461  
8714.150124  
8658.177675  
8615.115079  
8619.711788  
8689.295484  
8689.661029  
8685.64337  
8715.156672  
8712.131592  
8721.64243  
8682.936842  
8667.647106  
8659.119599  
8678.029068  
8692.677268  
8704.734989  
8690.277329  
8728.267778  
8733.686191  
8789.863962  
8804.400036  
8830.964511  
8835.564993  
8755.306419  
8705.226681  
8644.90082  
8648.907471  
8667.654622  
8696.858887  
8716.050308  
8697.218217  
8703.196289  
8715.94353  
8699.271847  
8750.631074  
8734.974979  
8759.391187  
8727.886097  
8733.154437  
8733.893525  
8740.096243  
8766.254676  
8813.527825  
8743.145131  
8705.422778  
8661.540498  
8611.22546  
8635.394687  
8709.473744  
8704.402536  
8706.777418  
8654.993297  
8673.386571  
8679.285963  
8725.167399  
8744.329745  
8717.034823  
8715.979315  
8746.606808  
8740.719956  
8794.735315  
8827.575906  
8799.746478  
8711.733487  
8679.278513  
8687.050648  
8707.162161  
8654.073583  
8681.467707  
8686.392452  
8697.208873  
8738.792547  
8760.217485  
8773.298103  
8750.420151  
8755.287834  
8734.097383  
8742.81432  
8713.515004  
8714.429887  
8694.098285  
8692.61195  
8759.464023  
8718.013938  
8765.096879  
8750.898053  
8753.504261  
8739.123705  
8719.688588  
8700.595474  
8717.873587  
8740.29484  
8748.805302  
8710.607074  
8719.735056  
8734.339392  
8711.613696  
8719.437507  
8735.916504  
8739.088002  
8742.281605  
8714.179347  
8697.769191  
8612.398526  
8599.098048  
8672.038182  
8587.510861  
8705.946726  
8702.745435  
8731.823427  
8744.330167  
8742.577659  
8713.049834  
8661.865049  
8642.044648  
8640.144679  
8640.358916  
8709.261445  
8745.598744  
8749.461648  
8730.243896  
8711.584591  
8738.011423  
8734.767682  
8726.931064  
8705.439046  
8716.998602  
8698.80616  
8733.015381  
8773.27178  
8764.408218  
8802.921668  
8802.145204  
8772.172119  
8726.160149  
8719.226607  
8737.620384  
8727.032892  
8732.575336  
8643.186168  
8624.995635  
8622.014293  
8661.212432  
8637.988585  
8724.468106  
8727.657249  
8753.271477  
8698.565962  
8676.8692  
8678.483265  
8662.343306  
8663.992188  
8706.516424  
8735.491374  
8786.944062  
8796.663811  
8801.673  
8688.22802  
8621.8214  
8570.649148  
8608.964681  
8657.84267  
8697.455367  
8711.497943  
8711.547533  
8719.725941  
8705.884366  
8724.084288  
8706.500644  
8723.630771  
8747.153979  
8805.919234  
8741.752996  
8732.132539  
8657.610366  
8647.956913  
8709.262007  
8725.878766  
8730.14297  
8735.464518  
8764.205374  
8771.341412  
8780.48453  
8807.246175  
8792.162095  
8771.998654  
8783.424975  
8764.16191  
8714.337254  
8719.830019  
8766.802897  
8697.008685  
8715.271026  
8708.319861  
8727.495154  
8775.541644  
8738.50603  
8744.808128  
8753.625111  
8761.957275  
8718.225653  
8683.195431  
8635.29217  
8661.329827  
8668.195838  
8658.593809  
8685.86536  
8693.223433  
8728.031812  
8779.684223  
8757.797482  
8781.748424  
8798.813351  
8810.26487  
8746.761016  
8730.115183  
8717.202844  
8716.083903  
8745.332919  
8778.013184  
8769.075691  
8737.850305  
8751.773955  
8687.799368  
8651.074056  
8630.49511  
8694.240079  
8695.381895  
8713.286836  
8734.099735  
8698.748846  
8639.066214  
8610.922201  
8638.180886  
8643.086552  
8717.746138  
8755.601141  
8809.112142  
8799.963579  
8802.473929  
8767.852169  
8711.021854  
8693.277447  
8632.894502  
8641.265988  
8670.662642  
8696.445986  
8707.807662  
8760.423214  
8729.367284  
8738.518784  
8767.41137  
8738.239561  
8710.936686  
8718.101629  
8675.571237  
8653.319647  
8620.825698  
8632.965295  
8649.089296  
8684.242617  
8714.997603  
8730.571644  
8803.604529  
8847.826993  
8822.808068  
8852.340236  
8866.432728  
8862.173954  
8831.150635  
8774.680509  
8647.152336  
8641.322473  
8628.016084  
8611.253803  
8590.542044  
8639.733147  
8641.394857  
8659.265403  
8669.176033  
8692.187271  
8664.764182  
8678.779082  
8726.606963  
8749.783817  
8802.597908  
8778.287901  
8839.309711  
8797.811531  
8734.938691  
8726.439867  
8717.801625  
8692.623868  
8696.134233  
8667.908529  
8655.534816  
8668.621441  
8644.337439  
8674.27383  
8724.612749  
8737.398386  
8801.545943  
8820.286037  
8855.460827  
8817.647535  
8741.924405  
8691.744141  
8639.566214  
8615.816251  
8641.223189  
8666.919589  
8657.07325  
8714.262703  
8752.163426  
8791.800818  
8773.309585  
8751.516587  
8731.6546  
8696.550692  
8672.519472  
8697.453502  
8713.665061  
8720.401197  
8727.00964  
8756.367876  
8731.451949  
8770.730691  
8724.652825  
8707.086803  
8691.009403  
8715.214385  
8680.492631  
8701.714718  
8701.624896  
8677.552512  
8641.20945  
8636.781694  
8674.937737  
8705.461559  
8742.128943  
8761.894206  
8776.042562  
8785.176706  
8759.366729  
8762.668679  
8666.422792  
8696.534712  
8708.944284  
8687.665779  
8685.751613  
8686.615959  
8720.603708  
8769.608132  
8798.222775  
8804.657656  
8748.549235  
8717.741181  
8681.500266  
8678.338394  
8687.101133  
8674.227413  
8682.612749  
8741.004395  
8758.274192  
8775.257287  
8762.139811  
8695.541541  
8620.370302  
8627.279289  
8624.437626  
8643.147675  
8631.052313  
8679.184733  
8701.795136  
8734.118453  
8770.063299  
8816.236054  
8842.564645  
8816.158721  
8794.802897  
8695.655998  
8624.351718  
8636.600749  
8673.301092  
8694.731608  
8724.801491  
8711.200114  
8750.547755  
8769.891357  
8783.532582  
8779.809045  
8756.535852  
8746.623846  
8721.208999  
8748.118652  
8734.125081  
8737.673569  
8716.647121  
8681.594238  
8721.758219  
8713.431966  
8692.579213  
8720.235218  
8663.723211  
8660.345385  
8680.117646  
8707.381118  
8742.269724  
8742.02801  
8721.487319  
8770.57885  
8794.736062  
8749.483517  
8715.941206  
8612.355528  
8595.896048  
8631.933971  
8663.374105  
8711.781117  
8731.745827  
8776.278209  
8780.324692  
8801.602228  
8756.844941  
8736.606179  
8706.606586  
8754.804066  
8770.279682  
8766.492047  
8814.864805  
8808.123498  
8727.67536  
8659.914129  
8615.581735  
8622.159187  
8617.493601  
8665.055531  
8655.462232  
8698.787161  
8761.934134  
8796.233169  
8794.83775  
8747.310147  
8689.877922  
8658.49966  
8637.467507  
8640.496323  
8637.640107  
8674.183431  
8727.904437  
8723.542717  
8707.731223  
8717.323072  
8707.57228  
8713.036229  
8695.339326  
8692.277285  
8706.970415  
8720.159742  
8766.085686  
8784.06978  
8797.258693  
8814.124519  
8790.077666  
8819.109708  
8818.074922  
8810.179569  
8725.483739  
8667.125148  
8652.776781  
8673.882073  
8705.062352  
8744.771233  
8763.28921  
8778.261171  
8767.566458  
8770.202296  
8734.792532  
8665.306485  
8641.395271  
8660.963667  
8667.330766  
8735.012673  
8697.460827  
8722.396714  
8748.896174  
8752.599787  
8736.259862  
8726.372618  
8710.17439  
8768.486247  
8767.261327  
8734.912775  
8709.845244  
8618.034002  
8547.839244  
8540.988355  
8591.508811  
8638.81671  
8686.023667  
8731.158854  
8722.477783  
8743.490308  
8751.404149  
8811.893296  
8796.753766  
8759.460397  
8812.407559  
8821.509706  
8827.820209  
8803.514131  
8841.113925  
8813.207719  
8768.208688  
8669.055183  
8612.415971  
8606.133967  
8618.440681  
8640.446578  
8629.921298  
8648.226747  
8655.176558  
8696.453132  
8706.377316  
8705.901241  
8696.406021  
8690.998691  
8721.428874  
8748.925944  
8772.772772  
8785.382783  
8807.113895  
8769.001938  
8729.112985  
8623.462388  
8653.026167  
8660.308135  
8703.723588  
8694.751731  
8723.998883  
8660.891912  
8661.161251  
8600.409786  
8643.440437  
8689.3895  
8716.139034  
8731.094386  
8779.497988  
8760.344586  
8749.832364  
8778.572717  
8784.894553  
8727.247181  
8695.665705  
8689.718291  
8685.800744  
8710.557351  
8719.59065  
8731.935465  
8713.624371  
8723.873624  
8715.225172  
8738.853641  
8796.114931  
8835.382546  
8789.186738  
8750.656072  
8648.516143  
8604.678681  
8594.26561  
8649.391735  
8662.242298  
8652.669833  
8698.408699  
8712.599188  
8742.166082  
8771.835612  
8762.013672  
8739.187352  
8766.576453  
8744.368719  
8724.036717  
8733.316909  
8737.254446  
8706.40335  
8722.629949  
8733.869451  
8758.902669  
8746.962743  
8784.871094  
8754.966575  
8707.833267  
8687.154526  
8650.681374  
8626.417081  
8619.34577  
8669.937071  
8700.254905  
8742.266616  
8781.314993  
8776.439919  
8720.378551  
8718.933031  
8663.134862  
8666.447125  
8674.746619  
8691.525154  
8756.459473  
8772.335257  
8792.712972  
8795.296779  
8773.551721  
8725.399126  
8674.500999  
8685.791186  
8688.41333  
8724.278646  
8723.792673  
8705.434348  
8763.466989  
8795.995998  
8764.893976  
8706.31648  
8694.901663  
8704.290172  
8660.552771  
8672.747965  
8696.82214  
8699.749697  
8739.92115  
8759.996493  
8810.804702  
8820.886046  
8830.807536  
8827.881533  
8766.738074  
8678.801773  
8628.854966  
8616.509899  
8602.048776  
8607.782005  
8682.001657  
8725.465902  
8745.979914  
8748.799198  
8725.212698  
8654.059999  
8614.086374  
8612.130127  
8679.608043  
8713.306226  
8719.49107  
8736.262266  
8727.507761  
8761.00978  
8753.966397  
8757.027854  
8741.304547  
8684.327681  
8636.377693  
8628.436176  
8613.708311  
8648.785667  
8652.865382  
8712.106068  
8725.958777  
8754.131599  
8782.581632  
8812.63626  
8828.404807  
8838.890433  
8828.188565  
8824.275124  
8756.842581  
8688.654363  
8655.936967  
8632.290305  
8658.545173  
8678.29231  
8685.691377  
8686.72657  
8701.345792  
8737.907027  
8722.786643  
8730.418879  
8749.944943  
8775.232126  
8770.744237  
8779.128803  
8781.282241  
8728.580855  
8643.898482  
8676.522868  
8668.084058  
8694.563129  
8701.605424  
8670.161762  
8687.341242  
8691.226133  
8705.246937  
8719.773881  
8737.650435  
8720.024355  
8765.407944  
8783.279896  
8748.155799  
8735.917037  
8713.431219  
8684.092736  
8694.906243  
8719.495546  
8764.991403  
8777.703939  
8786.395419  
8770.383153  
8767.856075  
8780.963571  
8769.628507  
8780.916482  
8794.521011  
8755.578591  
8662.301262  
8617.070601  
8599.761933  
8624.900945  
8666.353945  
8702.578628  
8754.58064  
8741.329619  
8745.932491  
8756.858598  
8763.404674  
8747.795025  
8736.688528  
8679.28799  
8652.753958  
8637.252404  
8615.116433  
8675.288796  
8676.197273  
8724.548599  
8723.996952  
8701.426469  
8735.111794  
8737.882842  
8732.583859  
8762.88552  
8732.455559  
8744.192346  
8720.917318  
8714.247211  
8703.414196  
8702.180871  
8700.538537  
8683.703236  
8698.680331  
8745.684948  
8732.013443  
8708.449012  
8676.398504  
8617.486439  
8651.402403  
8622.742409  
8683.096465  
8690.495065  
8744.534187  
8787.867106  
8755.609612  
8752.937811  
8754.429229  
8776.137895  
8719.737327  
8641.038042  
8607.797926  
8670.720629  
8724.236195  
8750.671039  
8798.537228  
8720.41748  
8639.959776  
8590.348137  
8593.138124  
8645.202178  
8651.602931  
8648.216642  
8669.274488  
8733.819965  
8710.315407  
8783.570623  
8801.382576  
8811.534542  
8804.499519  
8728.144258  
8693.304184  
8589.672726  
8651.461737  
8664.953983  
8668.352909  
8711.999785  
8714.923051  
8694.960997  
8694.29012  
8700.053156  
8696.158388  
8706.932691  
8742.545787  
8782.965473  
8817.986683  
8793.782663  
8821.600438  
8832.08343  
8843.104218  
8823.539492  
8735.118231  
8689.218935  
8701.399895  
8721.298791  
8710.266106  
8764.403542  
8728.835405  
8757.385639  
8711.753854  
8765.811509  
8741.004165  
8776.040993  
8777.811472  
8737.876391  
8697.635779  
8689.511112  
8700.42988  
8679.070742  
8709.298732  
8758.574811  
8772.150479  
8763.223411  
8701.952319  
8669.836004  
8613.00543  
8628.799849  
8664.990908  
8686.7558  
8749.756503  
8728.795861  
8713.213719  
8703.926321  
8652.604884  
8698.830633  
8761.852472  
8774.83195  
8794.418058  
8759.753285  
8728.967019  
8727.521218  
8696.329693  
8702.76544  
8679.548066  
8696.12409  
8689.355017  
8680.017556  
8662.291215  
8704.798406  
8724.611328  
8732.122196  
8763.749874  
8826.078909  
8871.268917  
8858.380179  
8844.606519  
8788.447184  
8695.127219  
8673.387725  
8672.09463  
8677.971976  
8644.768947  
8674.227006  
8733.121441  
8767.435229  
8775.21386  
8787.583659  
8739.998469  
8666.552845  
8646.6664  
8664.449729  
8661.501391  
8679.873912  
8688.518385  
8675.829434  
8696.820475  
8686.095452  
8719.496427  
8741.587365  
8733.538315  
8725.323353  
8670.967219  
8637.523031  
8622.381592  
8647.140551  
8685.785852  
8687.738437  
8704.179355  
8705.852606  
8768.73149  
8769.72273  
8769.83391  
8735.896899  
8772.367469  
8728.315896  
8741.78907  
8731.267911  
8715.710723  
8702.461973  
8755.673695  
8752.317368  
8777.140817  
8807.00415  
8838.218032  
8821.059548  
8770.611446  
8687.161754  
8660.534121  
8647.79251  
8647.389589  
8652.826638  
8652.505068  
8685.903557  
8654.96221  
8689.196592  
8714.323575  
8720.565008  
8700.496101  
8695.352983  
8656.575173  
8694.321659  
8717.749268  
8798.094431  
8790.507746  
8757.861165  
8709.229477  
8688.908876  
8671.690245  
8683.103161  
8701.073005  
8721.955589  
8715.029341  
8749.27795  
8755.758782  
8755.39425  
8779.571296  
8711.032315  
8649.201298  
8677.763975  
8705.867565  
8704.069277  
8761.49198  
8770.432247  
8750.101548  
8707.194033  
8700.389449  
8674.914477  
8706.363466  
8724.199263  
8745.955759  
8732.940481  
8768.513672  
8764.585072  
8793.738481  
8783.130637  
8777.086441  
8706.775302  
8682.810207  
8660.624697  
8671.244266  
8687.947783  
8681.136985  
8719.85723  
8730.360329  
8737.713053  
8722.817324  
8647.334857  
8646.647624  
8609.034883  
8655.841575  
8675.887703  
8716.543353  
8716.963986  
8759.591471  
8738.74349  
8752.96727  
8743.948279  
8700.862667  
8695.07464  
8679.478316  
8696.351363  
8728.969364  
8766.606053  
8776.27818  
8766.464592  
8746.95186  
8698.439046  
8652.88137  
8630.864717  
8632.154386  
8688.432787  
8721.002567  
8722.004609  
8767.851059  
8724.028579  
8733.399895  
8751.596369  
8778.305146  
8795.713727  
8789.735773  
8729.629276  
8701.245894  
8681.89411  
8746.826512  
8733.301787  
8735.305413  
8675.970696  
8665.498306  
8673.350948  
8672.893754  
8749.90716  
8775.130933  
8774.849802  
8716.398511  
8637.761319  
8647.42078  
8654.463068  
8664.073568  
8645.24781  
8678.161429  
8715.366655  
8747.633478  
8767.068936  
8727.245369  
8727.096288  
8717.580381  
8643.954272  
8684.837757  
8710.622751  
8706.338616  
8749.86044  
8790.515936  
8761.074034  
8749.41319  
8719.380815  
8680.195534  
8706.037531  
8734.60757  
8751.852206  
8752.977835  
8792.118963  
8783.527595  
8785.001531  
8784.479633  
8771.440393  
8768.727354  
8715.019842  
8723.507346  
8676.7765  
8709.38535  
8707.527447  
8724.831669  
8736.578887  
8708.947088  
8679.116973  
8628.079952  
8587.086196  
8593.533336  
8603.306929  
8608.426033  
8668.314631  
8689.030932  
8704.238252  
8732.676491  
8763.218188  
8777.748853  
8774.242017  
8751.462306  
8756.861476  
8701.652899  
8689.033277  
8650.659143  
8662.946755  
8692.086655  
8710.708304  
8743.996649  
8770.753011  
8760.360403  
8756.159786  
8734.812766  
8732.332046  
8713.794537  
8749.919241  
8696.544848  
8701.330766  
8744.876487  
8719.335597  
8735.379002  
8776.844815  
8777.743941  
8744.312115  
8689.312752  
8611.923251  
8669.699707  
8694.068811  
8719.879454  
8721.091893  
8714.180738  
8722.225046  
8677.288508  
8665.987615  
8630.379602  
8662.04015  
8693.100061  
8690.97327  
8742.5774  
8754.969105  
8725.540231  
8713.199211  
8742.828014  
8716.760439  
8747.595437  
8755.518806  
8790.110389  
8757.135165  
8754.578014  
8672.620065  
8654.731127  
8752.970459  
8634.602828  
8808.798377  
8721.46642  
8771.564993  
8721.653853  
8686.885187  
8682.92897  
8669.933594  
8708.728501  
8697.059215  
8720.291911  
8724.299731  
8732.972109  
8658.024303  
8646.253048  
8646.800204  
8716.427823  
8682.017327  
8748.092907  
8762.343891  
8752.543975  
8745.374837  
8706.67203  
8723.813691  
8729.677712  
8698.612356  
8657.35464  
8675.908862  
8743.042  
8707.5621  
8713.746271  
8689.685606  
8688.580463  
8717.807262  
8743.148881  
8747.559955  
8742.264168  
8778.300152  
8776.065985  
8750.324012  
8735.81725  
8649.706099  
8631.545099  
8665.168834  
8699.523031  
8723.138842  
8731.4524  
8816.400849  
8821.970918  
8803.44825  
8746.605868  
8659.125962  
8587.661806  
8614.510942  
8638.370421  
8711.655976  
8723.136563  
8773.855469  
8773.540927  
8812.327015  
8780.278794  
8779.113081  
8796.75651  
8758.342344  
8799.478323  
8819.198649  
8770.604648  
8713.168531  
8656.259588  
8693.308838  
8682.887865  
8726.945142  
8714.361239  
8744.375614  
8740.683298  
8775.126805  
8799.957889  
8771.620591  
8725.590251  
8657.025761  
8595.592559  
8614.316184  
8632.016994  
8674.06159  
8668.310976  
8683.809378  
8683.792333  
8713.439416  
8744.416985  
8771.750363  
8778.316939  
8767.091863  
8709.575395  
8687.047696  
8724.295898  
8704.054724  
8673.221584  
8683.26709  
8699.326335  
8748.152521  
8725.15932  
8719.950965  
8685.242091  
8684.899022  
8691.076675  
8729.003714  
8728.670713  
8744.400272  
8793.454938  
8802.514759  
8842.696777  
8789.987919  
8822.539188  
8777.34463  
8790.743608  
8734.177919  
8737.697073  
8747.387451  
8692.93494  
8592.110463  
8563.10572  
8570.550744  
8606.097804  
8645.232688  
8658.535082  
8705.030229  
8701.1579  
8769.656213  
8766.874297  
8802.406672  
8768.373136  
8745.172622  
8688.728627  
8668.647668  
8679.234871  
8735.603789  
8748.766439  
8754.196874  
8723.326801  
8714.273963  
8729.900309  
8707.548813  
8722.653735  
8744.997485  
8745.609612  
8708.77764  
8700.491536  
8698.406413  
8735.404822  
8788.731786  
8788.233931  
8810.956713  
8818.687826  
8767.414573  
8732.800729  
8654.969223  
8605.264264  
8641.691628  
8669.62224  
8712.244015  
8739.486084  
8745.509817  
8740.354995  
8781.918494  
8750.872825  
8795.546083  
8751.700033  
8795.241085  
8713.758094  
8674.789536  
8651.618504  
8646.267356  
8682.030451  
8673.054865  
8668.026611  
8651.761009  
8691.198834  
8726.134632  
8731.439172  
8721.736461  
8768.264848  
8757.79379  
8782.907567  
8756.84065  
8713.871123  
8693.38575  
8713.367047  
8716.094838  
8725.386682  
8737.336788  
8776.608835  
8721.356578  
8715.216124  
8693.328362  
8730.486565  
8698.618638  
8723.1103  
8679.452089  
8622.007509  
8640.685532  
8672.850719  
8725.942057  
8734.282744  
8744.7146  
8759.652691  
8744.754454  
8705.783477  
8725.290971  
8740.36991  
8760.947606  
8759.867025  
8724.359863  
8632.287243  
8644.040365  
8688.546291  
8721.490974  
8736.536555  
8750.624016  
8755.198205  
8749.520389  
8749.622455  
8729.73746  
8746.857688  
8704.572036  
8665.450469  
8617.749941  
8661.431574  
8673.338046  
8711.992217  
8715.493778  
8777.020944  
8776.039891  
8794.700772  
8756.832127  
8698.031797  
8652.511046  
8653.462521  
8693.057329  
8720.476259  
8761.025028  
8754.017045  
8734.029097  
8746.865116  
8718.884832  
8734.076098  
8726.381821  
8732.971103  
8779.028868  
8768.00688  
8756.500436  
8715.475793  
8695.377308  
8642.239287  
8675.686612  
8672.41714  
8656.832749  
8645.52505  
8689.958696  
8690.644184  
8699.203332  
8717.05127  
8718.95382  
8742.781043  
8696.357082  
8663.788397  
8604.94839  
8657.108088  
8698.971073  
8742.616573  
8771.176454  
8774.163641  
8737.796209  
8722.615471  
8718.56998  
8749.973344  
8747.72364  
8726.074086  
8723.698161  
8727.405355  
8749.177542  
8727.316088  
8809.958799  
8790.436043  
8805.533899  
8725.725534  
8762.400642  
8695.057514  
8730.80033  
8700.018488  
8809.144132  
8693.426055  
8659.417947  
8671.577615  
8661.39937  
8655.524214  
8654.70152  
8630.653949  
8671.803119  
8681.314498  
8714.926588  
8707.753647  
8717.708762  
8729.649407  
8694.672208  
8737.217263  
8692.845614  
8712.811183  
8667.847301  
8678.427172  
8631.369555  
8608.345178  
8618.400191  
8639.12989  
8663.882665  
8701.594342  
8733.526796  
8709.722286  
8728.926876  
8735.738155  
8736.357755  
8723.327851  
8787.352384  
8777.480535  
8775.479773  
8784.159113  
8719.348026  
8785.93511  
8897.254239  
8821.379454  
8846.572717  
8876.413093  
8714.366359  
8701.805849  
8678.436908  
8571.602909  
8567.773267  
8578.762059  
8601.108051  
8591.08664  
8611.245376  
8618.438573  
8663.210442  
8693.453902  
8708.327829  
8732.845992  
8773.037879  
8804.694469  
8774.839585  
8764.91333  
8762.819787  
8756.954368  
8732.180302  
8728.478619  
8745.553741  
8747.291763  
8706.927942  
8757.579575  
8707.560739  
8749.742017  
8805.875385  
8822.566325  
8799.182521  
8736.259359  
8702.148785  
8642.028579  
8609.665046  
8631.376065  
8610.870443  
8673.984826  
8693.092071  
8752.640625  
8764.700099  
8826.760217  
8785.214392  
8789.888849  
8730.58377  
8737.291852  
8687.671505  
8685.883612  
8690.382554  
8697.504861  
8668.499956  
8687.23095  
8705.345814  
8767.348833  
8748.484227  
8732.318914  
8744.652011  
8778.273778  
8769.167569  
8748.361017  
8773.164795  
8840.954301  
8762.189401  
8790.248343  
8678.545558  
8730.328791  
8705.991559  
8723.099698  
8729.567079  
8735.543716  
8747.696237  
8759.700624  
8787.067701  
8774.098603  
8700.729766  
8659.170432  
8613.114968  
8619.210272  
8624.364088  
8655.753351  
8700.048029  
8735.005334  
8742.763746  
8751.625629  
8707.2051  
8746.037427  
8737.944269  
8696.225246  
8697.018503  
8695.392578  
8698.469098  
8699.977228  
8699.183668  
8724.926662  
8754.690001  
8748.002715  
8772.915831  
8757.634144  
8750.51962  
8711.635283  
8738.982326  
8670.164055  
8710.251887  
8697.860144  
8703.744096  
8678.018281  
8653.784084  
8707.458585  
8694.290431  
8709.895049  
8668.771876  
8687.11485  
8695.739591  
8699.753152  
8747.126184  
8779.306433  
8826.001406  
8803.630157  
8760.1043  
8737.984197  
8721.202977  
8700.1608  
8666.07379  
8676.295943  
8757.352724  
8828.58991  
8861.132073  
8870.789129  
8835.662161  
8834.148741  
8766.158129  
8688.346214  
8614.182965  
8570.929022  
8520.254727  
8557.5329  
8578.48146  
8595.308135  
8603.399503  
8654.928126  
8667.0683  
8699.722974  
8672.957926  
8722.614961  
8692.990575  
8727.42715  
8722.023482  
8732.61755  
8766.927202  
8785.948309  
8812.983169  
8800.330352  
8811.825469  
8797.804946  
8762.552468  
8712.642119  
8647.628425  
8623.863947  
8667.031502  
8652.588098  
8671.962987  
8657.397298  
8675.682181  
8667.695697  
8682.683498  
8679.928186  
8694.551173  
8723.587055  
8740.821933  
8755.264597  
8739.710486  
8759.673162  
8783.542406  
8808.947081  
8782.86576  
8761.859279  
8714.441125  
8715.968706  
8678.275827  
8684.32211  
8688.230195  
8741.486217  
8722.116425  
8738.889131  
8719.217307  
8752.204545  
8748.36806  
8756.235906  
8755.481297  
8786.666423  
8814.696393  
8801.567242  
8822.534305  
8700.903971  
8677.440356  
8621.499134  
8545.838542  
8554.57052  
8570.174657  
8599.352398  
8656.944647  
8697.502671  
8679.781198  
8718.525309  
8716.276389  
8733.873395  
8728.263043  
8741.13228  
8757.137599  
8743.013391  
8752.960656  
8727.462077  
8731.036806  
8746.497226  
8804.417177  
8806.564017  
8835.113962  
8815.321385  
8830.634995  
8810.765137  
8801.372892  
8736.174442  
8721.287442  
8683.067997  
8708.153957  
8703.050648  
8706.898386  
8672.534661  
8691.817575  
8717.391224  
8721.122862  
8657.437271  
8621.8957  
8599.891121  
8605.579849  
8611.436982  
8614.939113  
8667.331232  
8685.886586  
8713.959917  
8707.476274  
8722.671143  
8708.105964  
8737.297097  
8698.965169  
8767.270175  
8749.415254  
8750.137029  
8805.535275  
8784.111232  
8770.653135  
8724.361476  
8713.582778  
8699.104921  
8731.384152  
8750.10734  
8766.444935  
8768.359671  
8779.694284  
8738.445157  
8690.291696  
8680.263213  
8676.579708  
8685.334391  
8676.185791  
8613.059519  
8661.861195  
8736.558224  
8789.063484  
8818.529659  
8798.157989  
8738.055716  
8689.63174  
8552.347575  
8523.143932  
8554.832852  
8595.823213  
8606.537043  
8657.943034  
8685.03068  
8707.864776  
8687.334428  
8726.461537  
8708.454804  
8734.07379  
8703.059637  
8746.462854  
8792.012525  
8788.963519  
8774.280614  
8801.534298  
8753.300966  
8765.544382  
8729.70385  
8707.862675  
8722.37224  
8829.377671  
8833.386955  
8792.4551  
8824.318389  
8769.833888  
8727.106578  
8702.256599  
8563.142001  
8638.602694  
8724.939875  
8740.3986  
8745.905732  
8714.954679  
8692.187589  
8663.738777  
8688.956691  
8708.740072  
8793.204094  
8766.291112  
8723.42297  
8700.683949  
8626.017045  
8585.882287  
8625.389086  
8638.54942  
8626.582653  
8680.476341  
8704.358865  
8712.074063  
8698.904837  
8701.719438  
8719.891298  
8717.291297  
8780.344209  
8791.64223  
8807.448531  
8818.813957  
8849.878255  
8860.922748  
8841.830936  
8800.863444  
8703.583696  
8619.009152  
8617.058742  
8621.76726  
8633.059955  
8649.316236  
8685.616588  
8690.805908  
8699.124009  
8715.6486  
8752.667636  
8749.197406  
8740.208074  
8786.452407  
8813.728323  
8812.980839  
8748.098381  
8698.011815  
8650.606815  
8631.923924  
8653.173651  
8651.259144  
8690.841442  
8738.55758  
8763.729352  
8780.962765  
8795.208651  
8784.644798  
8726.348507  
8695.596628  
8684.397609  
8633.079316  
8630.013443  
8678.801876  
8685.542303  
8718.883345  
8734.359064  
8717.214918  
8718.461174  
8711.293331  
8726.893902  
8790.859656  
8763.632132  
8768.255615  
8765.937663  
8788.242676  
8777.617498  
8729.039529  
8682.753004  
8676.93605  
8664.555287  
8719.022735  
8714.352347  
8752.6012  
8724.189542  
8718.62449  
8718.950617  
8718.47839  
8705.670913  
8707.763502  
8713.773031  
8725.500237  
8751.800537  
8771.435258  
8777.333577  
8805.293487  
8815.57265  
8815.567346  
8774.19441  
8698.030651  
8612.082268  
8537.001768  
8562.667022  
