11594.79076  
11561.7752  
11601.94206  
11639.81718  
11662.38823  
11637.76109  
11597.6227  
11608.93807  
11626.03725  
11611.29044  
11585.73226  
11610.48773  
11571.93876  
11636.3738  
11624.8346  
11638.11948  
11645.92134  
11572.35217  
11567.71389  
11550.87317  
11554.94478  
11536.79245  
11591.76536  
11546.94014  
11594.42743  
11535.95446  
11598.8629  
11553.90235  
11607.09171  
11650.22292  
11625.13629  
11641.89083  
11680.44583  
11636.51611  
11648.35497  
11667.29287  
11621.30991  
11582.92665  
11595.66415  
11619.01962  
11650.61421  
11591.0457  
11580.75726  
11614.29853  
11622.02354  
11629.7961  
11630.02073  
11605.6023  
11608.97217  
11550.47343  
11589.04594  
11596.14971  
11564.25902  
11527.31334  
11554.78833  
11600.44113  
11610.82624  
11592.81812  
11609.96882  
11618.19582  
11578.98497  
11576.6887  
11607.2396  
11644.69067  
11632.47089  
11645.01127  
11668.39725  
11655.39941  
11605.54323  
11572.5525  
11580.3567  
11595.86467  
11573.70133  
11604.96571  
11635.22609  
11629.23177  
11638.11714  
11627.42642  
11629.73452  
11664.00015  
11653.39835  
11672.75748  
11640.31362  
11590.9705  
11575.0872  
11529.11985  
11546.88472  
11573.59264  
11587.03935  
11600.68785  
11603.5627  
11606.37213  
11638.16834  
11604.32447  
11573.63806  
11578.17639  
11528.29994  
11550.48797  
11565.44144  
11587.82004  
11582.5304  
11607.74466  
11629.28704  
11625.59456  
11619.13509  
11658.7901  
11687.00739  
11654.84311  
11635.16626  
11623.32142  
11642.17046  
11609.31891  
11640.53091  
11634.10087  
11592.98911  
11574.03974  
11623.30122  
11622.99132  
11608.96701  
11603.08306  
11620.56037  
11571.25794  
11588.47319  
11587.50782  
11605.74728  
11614.46119  
11618.14731  
11610.12294  
11614.13815  
11561.50391  
11587.50281  
11614.63451  
11551.85167  
11638.83501  
11581.54514  
11560.81298  
11607.65531  
11604.12478  
11612.05973  
11620.17684  
11637.69905  
11656.82683  
11658.47737  
11671.22517  
11658.15414  
11680.81436  
11621.64785  
11626.96374  
11649.05079  
11600.1495  
11590.74796  
11574.2484  
11571.71004  
11540.76065  
11555.98561  
11554.81017  
11575.06533  
11585.98195  
11594.85717  
11624.51404  
11587.90389  
11606.72763  
11594.5272  
11615.73384  
11626.12841  
11605.99468  
11590.89166  
11584.19388  
11560.13239  
11585.81207  
11628.55102  
11616.79509  
11609.95978  
11617.54157  
11616.05867  
11620.04218  
11603.9325  
11587.67139  
11616.20824  
11636.6411  
11619.68795  
11615.36325  
11586.42889  
11639.17857  
11678.59073  
11640.44012  
11600.68287  
11624.13624  
11602.49167  
11619.9407  
11645.69717  
11663.02668  
11634.16604  
11627.49614  
11657.59774  
11663.7501  
11682.1963  
11656.34282  
11617.95395  
11585.00845  
11551.76452  
11568.37341  
11563.73741  
11535.79261  
11585.97371  
11550.57111  
11576.59309  
11529.66627  
11551.07769  
11555.87506  
11592.45124  
11588.49776  
11587.16427  
11633.89941  
11631.90443  
11653.18881  
11640.98895  
11599.83966  
11580.67507  
11579.03846  
11565.42009  
11638.37169  
11631.9395  
11631.57532  
11638.70766  
11622.20987  
11571.57415  
11589.53585  
11578.07591  
11612.66873  
11604.00115  
11596.0867  
11584.27072  
11586.82309  
11581.22091  
11568.2988  
11597.67949  
11591.40554  
11619.45672  
11595.66207  
11634.50025  
11622.97177  
11623.31768  
11661.11288  
11639.76933  
11625.60047  
11583.37449  
11560.33539  
11615.22069  
11607.19374  
11663.19759  
11663.56578  
11620.34696  
11619.39275  
11584.46314  
11570.00778  
11591.77583  
11578.89191  
11615.40546  
11604.40502  
11596.40742  
11582.97467  
11668.95723  
11643.50079  
11647.91953  
11644.56788  
11600.77405  
11600.42795  
11597.52412  
11594.95785  
11595.00074  
11602.58255  
11624.93465  
11616.34584  
11599.64008  
11590.16381  
11558.34021  
11560.3834  
11546.69498  
11576.90708  
11597.21916  
11647.40433  
11559.39349  
11601.18567  
11604.25434  
11593.239  
11584.29211  
11623.59862  
11599.36297  
11624.92658  
11623.58685  
11652.39818  
11650.60325  
11678.12915  
11673.3544  
11631.63801  
11604.62199  
11616.22019  
11613.97367  
11580.1575  
11610.88536  
11602.06626  
11608.03379  
11573.97739  
11576.27066  
11549.81824  
11549.50878  
11598.66381  
11622.78981  
11665.71  
11591.58184  
11622.22149  
11573.38877  
11601.14262  
11596.58954  
11625.06125  
11623.02881  
11632.24728  
11575.05187  
11591.0739  
11639.56813  
11649.82771  
11636.4983  
11657.24247  
11656.33159  
11616.95191  
11587.22686  
11601.16824  
11585.07207  
11609.80107  
11580.84486  
11575.33434  
11628.38721  
11568.79328  
11560.19178  
11558.96966  
11568.76724  
11599.70072  
11633.56628  
11629.74186  
11637.81074  
11644.49482  
11655.2934  
11655.12306  
11609.65845  
11621.70729  
11576.14637  
11594.32312  
11603.1946  
11593.41059  
11615.19281  
11645.08141  
11642.28047  
11648.02881  
11665.43729  
11637.97495  
11626.11374  
11600.99232  
11552.58289  
11595.35685  
11591.96783  
11592.12872  
11554.92216  
11562.1012  
11571.5049  
11561.12275  
11573.97987  
11577.8277  
11567.35222  
11542.82356  
11542.41199  
11579.52067  
11593.07595  
11600.95372  
11619.55263  
11613.40959  
11609.97482  
11616.97465  
11630.82509  
11669.97082  
11694.74354  
11706.35447  
11671.6431  
11695.96631  
11648.61013  
11653.86851  
11579.32782  
11575.18079  
11530.36024  
11547.34337  
11589.32022  
11606.02325  
11557.24378  
11593.47449  
11605.12262  
11616.29924  
11610.0264  
11574.21249  
11606.24824  
11574.13675  
11666.33914  
11632.95909  
11645.84382  
11606.90286  
11604.32801  
11591.50814  
11618.19951  
11606.35386  
11617.03773  
11566.85174  
11575.87297  
11597.38455  
11563.24879  
11585.91173  
11568.26271  
11616.31812  
11634.39313  
11611.09903  
11612.48788  
11623.37309  
11666.45716  
11672.74855  
11657.48608  
11650.35964  
11627.63917  
11545.92733  
11594.66358  
11519.33488  
11557.10474  
11526.90436  
11568.37933  
11593.17594  
11604.46774  
11637.96897  
11609.47621  
11560.02573  
11616.19177  
11634.98602  
11665.38911  
11660.4726  
11640.23619  
11650.61117  
11632.33188  
11645.47172  
11630.91213  
11615.4259  
11604.32125  
11594.17095  
11583.83995  
11589.34031  
11617.29303  
11608.18465  
11610.67846  
11572.51936  
11559.11811  
11589.32856  
11563.39445  
11576.31119  
11641.50227  
11639.22177  
11608.53237  
11659.71675  
11606.76101  
11548.67119  
11591.76868  
11565.76424  
11586.44723  
11594.77366  
11615.4175  
11612.53836  
11615.61681  
11575.80145  
11592.72475  
11612.61294  
11633.58184  
11632.59332  
11643.06528  
11657.14113  
11588.38278  
11591.70984  
11573.16938  
11572.71794  
11579.44471  
11605.6628  
11600.18214  
11630.87436  
11585.50076  
11639.94259  
11633.45738  
11670.25077  
11654.55643  
11603.66375  
11601.00154  
11593.52033  
11567.80519  
11621.34171  
11596.556  
11646.20829  
11642.99274  
11637.61386  
11665.06545  
11631.36075  
11642.38614  
11622.74549  
11648.26452  
11621.51335  
11615.54576  
11603.64108  
11585.79234  
11516.70335  
11565.7797  
11575.63207  
11576.39159  
11609.66916  
11615.53153  
11635.03804  
11600.21121  
11565.932  
11570.57309  
11566.08252  
11590.37789  
11561.05316  
11572.33338  
11598.93034  
11596.95075  
11622.31112  
11643.7147  
11603.31373  
11565.48449  
11602.01942  
11626.92228  
11607.49346  
11630.65837  
11619.28849  
11638.60548  
11668.49924  
11662.09986  
11625.75838  
11628.0319  
11639.23664  
11569.75929  
11633.82856  
11545.36115  
11543.49355  
11550.15349  
11551.79838  
11536.21147  
11602.99796  
11616.9639  
11666.12846  
11827.26096  
11633.95871  
11637.08592  
11613.3575  
11607.1772  
11569.30156  
11594.92512  
11563.54093  
11611.26538  
11646.24224  
11611.14469  
11638.22843  
11631.54045  
11613.09974  
11618.91525  
11567.62306  
11566.06048  
11539.24485  
11529.46485  
11550.65375  
11551.33575  
11597.5507  
11586.85552  
11607.63381  
11629.77737  
11635.92667  
11635.55967  
11636.90929  
11661.58512  
11648.45228  
11650.19115  
11651.91414  
11613.28678  
11608.95558  
11560.1118  
11555.75892  
11546.19821  
11525.91469  
11573.08342  
11607.69636  
11609.13742  
11635.84225  
11632.62383  
11632.34665  
11607.35644  
11600.56329  
11613.42529  
11605.79479  
11594.90986  
11587.97013  
11581.75605  
11578.43095  
11586.56878  
11575.96409  
11554.00185  
11588.85217  
11601.64122  
11574.9537  
11620.3152  
11603.22789  
11606.74166  
11604.26115  
11610.64227  
11603.32198  
11615.31766  
11600.66812  
11606.54444  
11571.37115  
11603.54994  
11647.7716  
11634.73431  
11638.3637  
11604.04951  
11665.11904  
11599.3809  
11609.26032  
11591.79033  
11602.51976  
11625.66999  
11640.94853  
11596.64882  
11687.77183  
11712.73636  
11664.72781  
11647.54614  
11628.76861  
11557.06571  
11546.90981  
11578.68533  
11602.869  
11613.53957  
11611.80552  
11581.0635  
11582.60349  
11609.89767  
11648.54986  
11594.86671  
11591.35703  
11595.02453  
11567.64018  
11555.76059  
11585.23425  
11623.80502  
11580.03836  
11623.47174  
11607.79895  
11619.37129  
11637.93941  
11662.435  
11647.06929  
11632.56165  
11619.2255  
11547.7725  
11549.39688  
11586.63286  
11582.13159  
11630.82157  
11619.84704  
11627.90643  
11626.67577  
11601.67146  
11601.60547  
11625.71783  
11578.33104  
11593.25629  
11576.79216  
11598.11872  
11665.11463  
11636.85036  
11670.02634  
11691.3853  
11680.36933  
11675.7809  
11614.41705  
11592.20381  
11592.94683  
11552.31078  
11610.00307  
11594.28616  
11514.42757  
11525.74194  
11538.33454  
11558.46388  
11558.29767  
11582.89692  
11595.78969  
11618.63204  
11637.9331  
11649.1211  
11653.204  
11636.40595  
11657.92253  
11670.44622  
11640.27403  
11628.79411  
11590.78493  
11580.83875  
11555.57114  
11576.04758  
11571.43521  
11594.09734  
11562.13799  
11614.23461  
11644.15318  
11627.43139  
11636.83358  
11658.60699  
11677.44361  
11712.2609  
11679.06583  
11690.05149  
11652.11657  
11638.52863  
11585.31233  
11564.05376  
11562.98039  
11591.61695  
11624.82887  
11595.66842  
11575.15605  
11526.67193  
11544.90351  
11604.81911  
11551.59594  
11587.13817  
11570.90901  
11624.37891  
11572.90501  
11575.03385  
11596.59296  
11557.89627  
11599.2169  
11615.22736  
11609.3181  
11598.64869  
11585.7718  
11578.95699  
11603.38761  
11631.56094  
11684.13577  
11631.85216  
11641.66158  
11640.23601  
11623.71499  
11625.93783  
11642.19751  
11614.20748  
11635.72842  
11645.26441  
11686.66248  
11637.92448  
11609.9658  
11570.60321  
11549.41805  
11530.75428  
11588.48815  
11593.52454  
11578.12825  
11641.22563  
11583.68633  
11631.92107  
11620.85254  
11627.88362  
11652.0757  
11660.26283  
11625.48885  
11594.24338  
11539.94358  
11588.7757  
11603.62079  
11552.89661  
11588.9165  
11558.07789  
11542.09641  
11640.75671  
11624.07255  
11614.27575  
11599.43871  
11576.9337  
11565.88408  
11596.23521  
11599.47353  
11600.90292  
11621.57913  
11643.29355  
11641.63069  
11642.12738  
11589.36487  
11612.7793  
11632.4346  
11597.86225  
11567.9591  
11557.6552  
11562.46552  
11569.84472  
11560.43867  
11637.2987  
11616.42686  
11651.22398  
11650.11039  
11616.17222  
11623.38898  
11622.29803  
11693.17046  
11660.38747  
11656.92322  
11672.14085  
11577.22519  
11574.51567  
11542.45852  
11548.55143  
11551.20522  
11627.83427  
11596.0702  
11619.24822  
11620.58564  
11615.54406  
11606.59454  
11611.84373  
11642.58296  
11584.96551  
11564.33518  
11602.22429  
11597.03994  
11576.54782  
11630.23941  
11611.51918  
11674.53754  
11655.00911  
11641.34122  
11647.65089  
11676.67237  
11674.9724  
11651.89571  
11633.39571  
11609.12741  
11618.96455  
11602.60658  
11604.75895  
11607.44992  
11602.69112  
11598.49086  
11617.70858  
11617.59379  
11607.66424  
11590.41615  
11598.40257  
11606.63194  
11595.56964  
11692.35839  
11602.5478  
11722.51153  
11569.38992  
11581.81099  
11504.3712  
11542.80513  
11536.89028  
11530.9804  
11580.44545  
11597.06127  
11601.76211  
11598.00372  
11621.97407  
11573.86502  
11584.017  
11547.89399  
11558.88492  
11604.50732  
11587.28058  
11594.21483  
11586.18516  
11626.37405  
11604.79012  
11617.12752  
11653.06015  
11595.58342  
11587.96068  
11549.17628  
11575.43948  
11577.54587  
11612.7897  
11620.00151  
11622.80174  
11621.20769  
11581.12534  
11615.82347  
11698.76819  
11555.55579  
11594.5715  
11584.00639  
11570.85463  
11604.66166  
11572.66242  
11582.25194  
11605.08391  
11595.97851  
11613.69856  
11602.47806  
11631.24286  
11614.5192  
11643.71009  
11604.46437  
11578.20265  
11577.46486  
11543.66935  
11497.87539  
11551.41465  
11615.65586  
11597.77731  
11586.8647  
11572.59917  
11636.71409  
11615.21493  
11647.85375  
11666.31106  
11670.30864  
11633.82726  
11644.54061  
11610.30989  
11620.00368  
11567.9498  
11561.80605  
11574.21304  
11611.91232  
11607.64704  
11619.55953  
11665.18753  
11669.53536  
11701.16502  
11642.23157  
11628.73967  
11649.48474  
11647.99119  
11655.4879  
11646.98027  
11636.08574  
11633.18541  
11642.65873  
11611.08071  
11563.64504  
11555.53768  
11557.83689  
11599.20755  
11612.58972  
11569.63771  
11568.89785  
11555.96748  
11566.37137  
11563.76103  
11590.14996  
11645.10526  
11627.75723  
11621.80861  
11619.76282  
11618.0951  
11595.71978  
11609.19453  
11601.87893  
11606.15412  
11548.88026  
11542.81944  
11541.76149  
11537.03224  
11558.29948  
11613.64593  
11612.5365  
11633.44133  
11685.76044  
11606.00887  
11603.86539  
11600.75649  
11649.15869  
11680.12441  
11673.97803  
11656.37129  
11628.66555  
11653.07332  
11652.80338  
11607.84627  
11629.2318  
11635.33148  
11637.45964  
11649.33016  
11613.35498  
11622.10796  
11640.12316  
11657.88633  
11629.71896  
11628.04642  
11610.65153  
11609.60955  
11646.45696  
11616.94057  
11576.00702  
11568.31171  
11565.0839  
11561.70197  
11607.39102  
11572.40545  
11575.66345  
11637.75365  
11598.93847  
11570.94461  
11600.44054  
11609.9122  
11640.5543  
11676.68384  
11672.92035  
11646.68898  
11683.47828  
11650.95485  
11641.80734  
11574.65939  
11599.92228  
11547.73883  
11561.73791  
11529.59071  
11535.68999  
11512.25106  
11516.24823  
11528.24721  
11581.11461  
11582.52602  
11624.59303  
11617.12225  
11603.57283  
11624.06407  
11661.08532  
11631.01275  
11681.10864  
11587.04448  
11555.34535  
11595.44773  
11605.76159  
11586.92556  
11582.59831  
11613.13699  
11620.09355  
11624.12585  
11633.74382  
11620.97793  
11618.01547  
11662.70403  
11631.55993  
11639.34928  
11677.06893  
11649.62437  
11664.36149  
11586.88884  
11579.47052  
11542.43486  
11588.09382  
11567.76339  
11597.54776  
11609.45355  
11615.89933  
11628.15313  
11583.91726  
11568.99347  
11562.06542  
11565.65898  
11592.21517  
11605.25833  
11566.94605  
11620.18244  
11565.38802  
11613.75601  
11637.80684  
11650.7238  
11599.7058  
11609.96214  
11566.66746  
11585.14898  
11606.0147  
11616.56407  
11650.6824  
11638.59829  
11621.84092  
11602.45795  
11570.74811  
11573.19908  
11594.51467  
11606.35175  
11599.82123  
11604.78693  
11646.40711  
11626.17542  
11637.81349  
11605.04945  
11648.74066  
11596.73218  
11611.11349  
11600.326  
11604.56335  
11608.66031  
11681.13121  
11628.87099  
11662.18181  
11609.73172  
11604.45363  
11610.74312  
11586.09974  
11592.3276  
11607.37075  
11609.3063  
11641.08202  
11631.68146  
11640.66498  
11619.70576  
11598.72665  
11612.68874  
11575.68019  
11575.36196  
11571.74921  
11545.71031  
11558.69917  
11591.51493  
11594.21925  
11601.54756  
11672.71461  
11614.67717  
11587.889  
11537.29037  
11588.86939  
11578.57333  
11577.36088  
11581.88256  
11591.62796  
11612.91205  
11586.52692  
11629.42702  
11623.10947  
11648.18899  
11630.46354  
11642.41958  
11659.24969  
11639.75899  
11613.18672  
11592.88206  
11617.76046  
11632.51233  
11592.21816  
11620.30381  
11589.03725  
11561.68067  
11605.57514  
11615.18727  
11609.33179  
11613.7673  
11611.25695  
11577.39177  
11612.77435  
11603.2487  
11608.86828  
11606.97195  
11624.8553  
11606.88437  
11539.89284  
11574.84118  
11629.3629  
11601.59498  
11608.47889  
11678.5253  
11675.54444  
11656.88062  
11665.52945  
11584.60936  
11616.18064  
11597.39671  
11564.91072  
11582.99423  
11621.14343  
11599.21162  
11605.57618  
11609.53646  
11571.07618  
11582.34967  
11565.11934  
11579.17618  
11572.67228  
11598.96388  
11601.58089  
11623.77013  
11668.84759  
11666.65611  
11680.39491  
11665.66523  
11652.73146  
11604.93804  
11577.49746  
11606.0066  
11609.92551  
11645.7624  
11632.44166  
11636.73975  
11618.63785  
11646.14128  
11633.87753  
11628.52425  
11615.73739  
11585.42339  
11564.94689  
11556.86392  
11593.10442  
11500.76594  
11549.46225  
11598.15977  
11596.46401  
11570.32583  
11537.92948  
11544.85316  
11583.55124  
11571.44913  
11612.82395  
11609.27333  
11605.56294  
11646.3527  
11594.8825  
11610.2053  
11611.07587  
11624.49942  
11603.73503  
11627.69967  
11606.21506  
11624.1036  
11607.0019  
11593.78293  
11635.54071  
11652.87772  
11598.87744  
11614.16988  
11614.52388  
11583.65263  
11669.93191  
11625.74165  
11620.3483  
11646.07632  
11652.23302  
11590.71877  
11562.6466  
11599.59147  
11574.89601  
11578.9331  
11558.82958  
11601.55194  
11587.1498  
11596.3587  
11652.35777  
11823.65627  
11642.45099  
11651.69372  
11661.44118  
11637.19337  
11697.27378  
11659.27854  
11634.81663  
11637.94706  
11628.43446  
11601.18616  
11547.17138  
11564.81156  
11603.73441  
11618.38023  
11548.01662  
11515.5733  
11474.33987  
11555.61607  
11543.96496  
11533.91492  
11577.42843  
11627.13739  
11634.85887  
11589.18572  
11596.55265  
11626.12951  
11625.91683  
11625.32519  
11651.74351  
11554.01106  
11580.48678  
11594.5416  
11585.10505  
11577.28203  
11550.45769  
11572.79761  
11564.75887  
11565.02434  
11592.88248  
11596.88875  
11563.0571  
11593.12005  
11609.14829  
11666.19  
11658.87686  
11669.45666  
11638.62784  
11613.50514  
11636.74925  
11619.33807  
11578.63486  
11552.47645  
11608.92189  
11584.22523  
11596.3333  
11604.08747  
11651.30147  
11659.46578  
11630.73468  
11624.63037  
11627.70833  
11654.30449  
11622.56745  
11573.23978  
11569.85993  
11564.79158  
11590.75265  
11578.04711  
11607.6109  
11610.0407  
11566.07224  
11556.57029  
11592.53636  
11574.96439  
11576.7272  
11636.44068  
11639.26808  
11637.29369  
11609.481  
11597.05125  
11599.65984  
11624.34933  
11618.55204  
11588.98788  
11596.95266  
11584.30255  
11617.04316  
11636.11436  
11616.64789  
11614.58404  
11595.88733  
11596.99441  
11632.59853  
11659.98079  
11653.58814  
11559.13511  
11595.76013  
11553.12163  
11583.25891  
11569.98497  
11569.82211  
11607.72839  
11637.94527  
11598.01331  
11603.49181  
11587.48348  
11572.96378  
11591.63558  
11609.02565  
11557.18952  
11580.10358  
11592.01093  
11738.36878  
11674.70164  
11645.62061  
11673.56085  
11615.53714  
11696.52238  
11681.7328  
11595.4052  
11617.67596  
11620.86452  
11606.72998  
11630.6815  
11625.52669  
11620.46215  
11605.17851  
11621.65402  
11608.02193  
11593.25072  
11639.45932  
11584.56578  
11577.50219  
11558.83892  
11561.23617  
11596.64331  
11652.53504  
11578.50517  
11649.84719  
11619.30605  
11588.02989  
11585.07111  
11555.57861  
11587.47837  
11591.38867  
11595.44214  
11646.1559  
11615.26379  
11596.58495  
11573.22094  
11581.55661  
11570.9209  
11568.47454  
11604.80556  
11564.68644  
11574.58138  
11562.70928  
11622.02571  
11622.42759  
11631.42634  
11593.42209  
11576.43889  
11588.68643  
11644.48048  
11623.25054  
11625.58832  
11638.57929  
11681.71501  
11660.60321  
11643.02738  
11632.52966  
11614.40845  
11595.68793  
11597.77595  
11575.65994  
11642.12166  
11641.45871  
11617.74192  
11571.97546  
11602.98662  
11615.03307  
11627.71121  
11604.45096  
11630.00407  
11590.56204  
11570.52624  
11559.44863  
11565.56538  
11582.7934  
11555.60951  
11601.6725  
11575.10817  
11628.68545  
11615.84081  
11612.89603  
11611.18342  
11622.67471  
11616.02775  
11589.44658  
11610.86689  
11626.15925  
11622.35473  
11637.53354  
11612.90661  
11642.52015  
11608.84745  
11614.09536  
11571.66456  
11588.84325  
11585.18525  
11656.44197  
11686.35379  
11709.71322  
11685.64678  
11647.34397  
11641.95397  
11602.38521  
11570.98279  
11587.52796  
11585.87229  
11547.21713  
11612.96922  
11586.97606  
11573.804  
11620.21673  
11602.99001  
11624.87002  
11598.77593  
11612.33069  
11588.91199  
11590.82077  
11601.71514  
11584.57562  
11548.10173  
11532.10302  
11563.31687  
11556.09527  
11594.92544  
11640.06333  
11638.25166  
11640.22569  
11632.49478  
11603.32095  
11647.13296  
11611.9517  
11604.57362  
11571.1032  
11562.90906  
11516.1745  
11541.51915  
11571.33684  
11585.10832  
11628.3687  
11603.93879  
11573.97934  
11594.90007  
11533.91027  
11611.71455  
11680.13024  
11612.35406  
11551.47683  
11635.18339  
11632.57288  
11599.67142  
11635.34894  
11600.57193  
11633.75949  
11643.45472  
11592.70054  
11624.8683  
11610.52415  
11598.73538  
11574.17593  
11554.34136  
11537.12037  
11510.86434  
11527.45229  
11581.27409  
11569.35173  
11608.49495  
11605.2582  
11626.67322  
11647.40645  
11667.97211  
11620.89812  
11601.43296  
11567.86847  
11567.03553  
11570.46988  
11582.9712  
11595.35233  
11594.51204  
11573.26512  
11599.90975  
11575.71209  
11598.13788  
11602.83484  
11593.15561  
11593.89884  
11648.62164  
11658.74234  
11648.23224  
11647.94953  
11607.13722  
11595.65081  
11643.42465  
11658.40663  
11628.27885  
11654.12425  
11683.77605  
11640.63962  
11647.08063  
11628.14089  
11620.57865  
11622.22513  
11630.45224  
11628.60928  
11674.08225  
11671.71063  
11672.21432  
11696.23224  
11706.06401  
11636.79158  
11591.9582  
11570.73724  
11586.45403  
11588.21632  
11625.22936  
11573.69579  
11585.03383  
11573.57261  
11522.0701  
11548.6776  
11592.72331  
11595.23068  
11596.85957  
11551.29797  
11594.35249  
11602.8629  
11579.23029  
11631.72139  
11629.82262  
11648.02427  
11635.66401  
11599.48832  
11588.79226  
11607.05443  
11565.83978  
11628.0882  
11639.30102  
11611.14863  
11632.12492  
11589.43315  
11560.16442  
11580.1934  
11639.63972  
11562.43925  
11616.78643  
11623.91804  
11605.07754  
11628.26597  
11648.81233  
11662.68899  
11627.73235  
11655.12336  
11643.35491  
11618.39107  
11606.2973  
11624.75255  
11660.54655  
11634.4594  
11646.43247  
11614.17141  
11585.45244  
11575.4133  
11575.19805  
11609.48026  
11591.90567  
11585.40204  
11578.10756  
11575.5437  
11592.01606  
11609.93827  
11605.39041  
11630.42601  
11615.53106  
11547.11228  
11599.22522  
11600.8003  
11597.40297  
11591.39991  
11590.17391  
11636.5088  
11605.646  
11639.69781  
11639.50483  
11635.05943  
11608.69945  
11602.66855  
11640.62373  
11597.96145  
11612.23323  
11623.60946  
11622.66975  
11614.37451  
11624.80791  
11631.75438  
11635.22001  
11659.30571  
11598.70737  
11595.24055  
11612.43961  
11646.60721  
11657.83629  
11646.3306  
11616.00841  
11646.73251  
11586.00028  
11615.65304  
11614.896  
11634.44529  
11521.9255  
11551.63332  
11581.36544  
11575.00865  
11530.15371  
11573.50673  
11575.41651  
11624.37588  
11620.75487  
11620.96237  
11610.38137  
11564.92702  
11582.82278  
11577.09926  
11561.90676  
11591.68038  
11602.1882  
11625.50173  
11610.98026  
11603.28249  
11579.4511  
11554.32399  
11565.87927  
11578.99284  
11567.00014  
11591.56786  
11621.52562  
11598.96475  
11594.40428  
11588.88506  
11595.2964  
11596.39207  
11639.58998  
11628.56652  
11637.51058  
11616.86192  
11625.38935  
11632.22946  
11626.47266  
11594.00503  
11633.03063  
11673.09377  
11642.12103  
11635.73514  
11641.93976  
11636.06155  
11619.35315  
11589.68086  
11643.89944  
11641.30962  
11630.45108  
11617.84085  
11591.24118  
11577.45175  
11544.45763  
11552.12603  
11528.07148  
11556.48864  
11590.26413  
11570.97125  
11588.09716  
11572.68175  
11575.80942  
11579.53598  
11605.02156  
11622.75283  
11625.51941  
11644.14076  
11645.06669  
11655.43274  
11645.17711  
11631.44677  
11623.3347  
11593.22079  
11622.31705  
11619.23892  
11614.13638  
11598.45092  
11589.60623  
11625.45336  
11619.87981  
11650.61783  
11635.02026  
11640.43738  
11614.06814  
11628.52299  
11568.9589  
11583.52282  
11617.88552  
11569.96389  
11574.80497  
11551.49153  
11544.65086  
11560.20989  
11603.12778  
11619.69338  
11617.61716  
11591.6413  
11605.20707  
11564.77399  
11552.32507  
11563.84887  
11573.93722  
11593.48722  
11650.35563  
11627.45522  
11661.32932  
11672.27863  
11646.45626  
11614.43356  
11587.45256  
11611.98578  
11572.98644  
11586.88306  
11588.52019  
11604.10223  
11647.51033  
11598.25984  
11591.04709  
11574.26084  
11584.21238  
11620.89912  
11598.89048  
11590.09014  
11590.88925  
11609.97606  
11600.97963  
11610.16129  
11542.239  
11579.90925  
11552.61077  
11573.75472  
11582.41826  
11575.94192  
11572.12763  
11605.1967  
11628.73451  
11629.51969  
11660.11868  
11653.75017  
11615.65436  
11617.48728  
11589.87488  
11550.07546  
11537.41714  
11575.44347  
11625.60783  
11608.95636  
11628.78929  
11635.25806  
11618.2616  
11604.81335  
11607.99461  
11672.92754  
11629.24355  
11634.53173  
11583.66611  
11635.73052  
11649.80058  
11617.7379  
11697.90647  
11674.06452  
11716.60084  
11634.23232  
11598.1767  
11590.25227  
11590.57045  
11582.68635  
11579.89794  
11533.80313  
11610.67874  
11548.5977  
11571.28852  
11636.80969  
11620.38579  
11578.08545  
11559.20202  
11557.22362  
11606.61063  
11554.41725  
11627.59945  
11593.61731  
11616.31033  
11597.93587  
11568.01856  
11550.61555  
11540.13055  
11601.21911  
11629.35019  
11652.83211  
11627.55888  
11625.86828  
11627.08421  
11614.34776  
11597.67512  
11586.60782  
11615.99447  
11637.11987  
11568.3099  
11607.69931  
11581.45571  
11659.15094  
11629.80972  
11651.15289  
11681.77426  
11708.16498  
11660.95652  
11641.3716  
11662.91687  
11562.27269  
11556.6195  
11586.98097  
11564.74586  
11589.6595  
11587.59763  
11549.34289  
11566.37716  
11540.53681  
11560.27329  
11539.66628  
11567.39714  
11563.46651  
11601.65928  
11634.39201  
11654.83285  
11640.90057  
11626.6112  
11608.50739  
11618.87081  
11610.49684  
11595.41967  
11603.13933  
11636.51065  
11614.02109  
11629.60241  
11585.55571  
11607.05939  
11580.78479  
11567.33638  
11609.66998  
11609.86817  
11612.6215  
11586.64384  
11606.73798  
11591.17089  
11598.785  
11556.12228  
11561.99144  
11535.01539  
11566.61386  
11629.25715  
11635.08446  
11659.27412  
11631.34583  
11565.77169  
11575.19398  
11563.49286  
11540.60156  
11589.90247  
11626.72469  
11636.14565  
11656.00805  
11622.48542  
11602.31291  
11609.2027  
11634.28501  
11673.82822  
11764.17472  
11703.1558  
11620.92265  
11629.13205  
11639.79843  
11653.992  
11618.83853  
11641.3006  
11642.31117  
11629.86787  
11664.00336  
11684.86075  
11724.64796  
11657.65043  
11625.31193  
11557.8822  
11517.4867  
11524.67145  
11544.4545  
11570.3408  
11564.17681  
11577.2136  
11562.67367  
11569.77165  
11577.12318  
11639.57351  
11654.32859  
11663.48193  
11622.71068  
11626.4585  
11573.02136  
11567.64578  
11629.3457  
11598.90024  
11601.15056  
11642.42752  
11644.24207  
11626.95188  
11609.90245  
11595.26997  
11592.59918  
11581.51561  
11615.43612  
11621.10328  
11588.01218  
11648.34971  
11666.02908  
11643.37192  
11660.27948  
11664.16243  
11648.94497  
11656.46963  
11600.32183  
11583.88815  
11566.0904  
11592.58382  
11610.97865  
11602.31641  
11568.13683  
11552.18708  
11602.28875  
11568.20131  
11593.90188  
11646.23178  
11648.25473  
11636.94295  
11672.80324  
11609.10073  
11624.13565  
11620.76621  
11616.65692  
11572.85198  
11602.52497  
11598.05048  
11624.84951  
11598.34827  
11570.43817  
11587.36541  
11570.09564  
11599.07143  
11601.04006  
11584.30401  
11595.16563  
11607.54842  
11637.47362  
11587.51921  
11652.14811  
11621.71189  
11612.79636  
11637.71779  
11634.00614  
11598.67605  
11577.22826  
11607.86552  
11596.71708  
11589.75833  
11575.59195  
11582.78124  
11577.76297  
11622.26102  
11615.42789  
11688.12895  
11652.53278  
11689.61685  
11638.33059  
11612.85929  
11533.78177  
11586.59019  
11586.50513  
11611.01371  
11583.23706  
11567.69674  
11564.11784  
11575.60545  
11570.30395  
11558.84838  
11579.51196  
11620.5271  
11663.29102  
11670.79257  
11622.50435  
11601.29965  
11632.19244  
11578.09687  
11611.63903  
11586.90379  
11624.92038  
11681.03841  
11637.88846  
11686.18801  
11664.95233  
11638.93921  
11655.58809  
11648.07609  
11581.25378  
11564.0482  
11616.52293  
11603.75246  
11565.32943  
11562.35681  
11545.58686  
11554.428  
11551.35407  
11585.006  
11653.66709  
11693.91609  
11698.36625  
11634.65306  
11591.05592  
11535.52628  
11603.03273  
11555.07646  
11540.13725  
11611.32114  
11524.70049  
11602.7158  
11595.83262  
11621.27889  
11645.80047  
11677.57592  
11622.6577  
11597.49575  
11579.8272  
11587.60111  
11537.3791  
11555.30148  
11623.95726  
11662.77182  
11685.37326  
11664.10925  
11657.88562  
11617.54491  
11612.01771  
11602.68306  
11572.75215  
11656.07336  
11620.3714  
11578.47048  
11603.13374  
11560.38263  
11606.70128  
11615.13442  
11621.86921  
11659.61287  
11680.83374  
11659.55246  
11635.06875  
11655.27013  
11635.14391  
11620.47629  
11591.17032  
11523.3395  
11504.79248  
11517.495  
11519.37306  
11577.49699  
11597.75073  
11571.31017  
11579.73699  
11535.42781  
11594.0711  
11567.07803  
11556.20223  
11599.73493  
11609.96755  
11588.11533  
11628.45807  
11600.69784  
11580.54526  
11605.52011  
11650.52959  
11624.34739  
11648.03159  
11651.03141  
11602.17208  
11610.87574  
11632.33883  
11602.32347  
11599.51286  
11610.80435  
11610.84173  
11605.52748  
11641.03886  
11613.57211  
11610.64861  
11649.42171  
11591.99819  
11646.79168  
11589.83245  
11571.12161  
11570.67488  
11574.79786  
11593.5081  
11559.22277  
11644.63822  
11643.94015  
11679.7864  
11638.37009  
11588.94915  
11551.81689  
11526.89746  
11535.91222  
11541.37237  
11542.33732  
11601.65326  
11569.46616  
11597.78574  
11568.12889  
11578.16228  
11587.5308  
11571.42108  
11571.75837  
11611.58187  
11598.6132  
11596.74838  
11615.07016  
11583.54067  
11583.17998  
11633.22607  
11610.63982  
11607.22502  
11509.55956  
11662.27494  
11629.74415  
11614.98772  
11662.39086  
11680.74924  
11712.24244  
11770.64044  
11603.76484  
11571.19125  
11541.89139  
11569.20351  
11568.89897  
11575.35811  
11601.55774  
11587.3127  
11607.05363  
11572.61995  
11661.83901  
11636.72197  
11630.31162  
11594.3632  
11602.91415  
11626.782  
11623.57451  
11640.06453  
11649.36326  
11626.6651  
11622.28455  
11591.29842  
11600.92849  
11600.19418  
11576.47876  
11559.99022  
11566.9623  
11589.22461  
11596.45851  
11626.42164  
11594.22376  
11590.6478  
11629.00921  
11650.31384  
11652.18124  
11646.90762  
11647.02694  
11663.47828  
11611.77658  
11615.40117  
11617.03243  
11633.22864  
11633.50964  
11622.37133  
11617.48011  
11607.03113  
11650.37934  
11587.86775  
11617.11593  
11601.20036  
11606.36186  
11620.18156  
11608.12044  
11614.97134  
11606.84636  
11579.789  
11595.73422  
11550.788  
11574.0234  
11642.38946  
11624.76607  
11601.72066  
11631.33493  
11581.68156  
11622.58907  
11631.66755  
11648.47729  
11652.7404  
11621.93806  
11614.43273  
11617.31187  
11643.55669  
11615.5707  
11675.52645  
11659.0543  
11659.75195  
11645.57494  
11581.25616  
11569.22113  
11593.11623  
11532.72877  
11602.96856  
11588.55435  
11608.20714  
11643.87962  
11568.34717  
11613.06167  
11601.53657  
11629.72775  
11620.69501  
11648.02035  
11599.28609  
11677.61444  
11642.50042  
11624.8277  
11587.59851  
11576.04674  
11601.53897  
11590.20433  
11604.51155  
11597.509  
11578.19129  
11571.32964  
11585.76523  
11580.77182  
11612.19688  
11638.45339  
11650.89961  
11665.48768  
11608.68188  
11546.23042  
11564.6546  
11591.45589  
11588.13529  
11572.3532  
11542.10631  
11593.63081  
11619.19558  
11646.06616  
11616.6712  
11601.24606  
11672.68289  
11686.44566  
11648.20777  
11598.51942  
11683.04031  
11663.55419  
11596.755  
11616.17571  
11582.70345  
11546.40796  
11488.46773  
11440.82833  
11473.44234  
11476.10463  
11511.01175  
11562.1005  
11614.89188  
11609.47877  
11625.54437  
11659.15318  
11618.51783  
11614.88033  
11590.17165  
11638.47878  
11604.37681  
11627.79655  
11580.53803  
11592.13016  
11600.49037  
11607.29118  
11628.86926  
11623.48522  
11589.8039  
11625.51329  
11629.40954  
11635.82736  
11652.66198  
11688.58362  
11684.20214  
11677.18707  
11670.20005  
11612.27654  
11606.94706  
11607.57308  
11628.78084  
11573.23607  
11585.23585  
11579.55972  
11545.62546  
11598.6487  
11579.97837  
11585.73187  
11558.06025  
11593.43357  
11641.79536  
11666.38606  
11664.94938  
11659.1089  
11647.0201  
11642.29902  
11569.37486  
11588.57136  
11550.64807  
11569.57219  
11564.79196  
11628.41178  
11605.19345  
11611.73528  
11636.71809  
11643.37484  
11639.84542  
11608.14857  
11625.0936  
11610.90334  
11624.64661  
11627.01816  
11595.22688  
11584.36817  
11601.31721  
11620.35223  
11564.88184  
11584.98873  
11552.95075  
11580.33535  
11573.83947  
11611.42832  
11632.45917  
11608.24404  
11656.12683  
11631.99103  
11611.43066  
11636.14186  
11638.24045  
11641.53921  
11670.6218  
11680.0266  
11667.84589  
11711.32177  
11667.7334  
11641.80546  
11576.23779  
11582.81497  
11534.59463  
11599.50954  
11571.40392  
11567.58675  
11561.00875  
11552.13122  
11590.92826  
11586.74316  
11608.1795  
11617.32308  
11594.87774  
11543.90499  
11571.10624  
11583.14579  
11571.50798  
11575.57915  
11589.63899  
11546.01454  
11547.184  
11561.02746  
11590.18234  
11646.31322  
11636.27335  
11641.83397  
11661.40108  
11699.34229  
11583.32192  
11621.30816  
11608.34944  
11583.07427  
11602.80746  
11666.57551  
11666.05758  
11580.93322  
11610.5146  
11645.3592  
11605.32112  
11605.81894  
11587.3889  
11591.18086  
11611.25598  
11607.18742  
11631.26596  
11662.40558  
11693.69516  
11668.24015  
11696.01838  
11626.07323  
11621.32737  
11557.95085  
11514.25196  
11533.12816  
11524.43916  
11526.6761  
11549.38836  
11555.33917  
11552.54237  
11522.30522  
11557.38971  
11556.27332  
11555.97508  
11565.89325  
11587.46772  
11590.14355  
11628.63994  
11621.10277  
11614.83258  
11635.03007  
11570.15073  
11578.57985  
11615.61299  
11596.78888  
11587.83383  
11660.89569  
11661.67557  
11651.30463  
11646.74438  
11636.81096  
11639.72798  
11705.10893  
11711.96749  
11590.8449  
11654.11822  
11570.61863  
11600.81482  
11624.0332  
11590.67213  
11653.85458  
11603.55923  
11636.9203  
11595.3695  
11560.07296  
11521.07604  
11549.91966  
11573.34877  
11609.86693  
11590.14403  
11609.15671  
11547.11008  
11548.1946  
11570.86784  
11590.22076  
11598.11104  
11649.08622  
11657.29598  
11609.87723  
11649.70626  
11670.24086  
11608.24855  
11689.47927  
11665.44074  
11617.80048  
11611.03691  
11599.48174  
11595.1398  
11617.37499  
11601.7784  
11640.01949  
11588.01472  
11618.13847  
11586.25771  
11542.62125  
11541.41021  
11597.58843  
11564.33706  
11604.16341  
11579.42085  
11571.5932  
11622.32195  
11624.20093  
11631.78253  
11602.48293  
11599.50057  
11636.03052  
11610.03243  
11623.86382  
11635.23651  
11655.17121  
11623.33458  
11649.06956  
11665.34884  
11671.03722  
11652.38255  
11663.82611  
11613.14381  
11622.81076  
11578.70071  
11570.16948  
11557.73895  
11580.13962  
11525.97015  
11584.29203  
11598.83481  
11601.94855  
11578.28214  
11557.5713  
11603.38324  
11625.34213  
11608.8491  
11631.77187  
11607.32392  
11597.79302  
11595.00769  
11571.58147  
11582.38826  
11616.53692  
11572.47646  
11600.30916  
11591.17707  
11653.36905  
11574.08626  
11621.28271  
11653.51759  
11647.26477  
11649.01404  
11628.11951  
11613.71459  
11608.07776  
11607.42239  
11594.08906  
11601.2886  
11586.09406  
11596.39969  
11608.4395  
11546.14465  
11597.41888  
