10393.68641  
10376.58618  
10389.51432  
10417.67379  
10432.41242  
10437.4788  
10375.45093  
10342.2124  
10333.16551  
10359.13513  
10370.74077  
10390.11267  
10414.11606  
10451.32169  
10465.48257  
10479.76639  
10473.95985  
10470.05138  
10422.19534  
10434.36728  
10427.27445  
10460.90322  
10464.82709  
10494.24407  
10458.43555  
10412.6113  
10402.81427  
10380.42175  
10406.99472  
10444.63319  
10479.73789  
10463.27955  
10383.36801  
10368.24474  
10389.73302  
10379.40378  
10363.58505  
10380.58795  
10430.58114  
10397.89831  
10366.5128  
10375.55559  
10363.80575  
10375.08403  
10383.24121  
10343.09862  
10344.45989  
10353.46158  
10393.44778  
10390.31483  
10332.35049  
10351.08019  
10357.80942  
10376.37169  
10365.85877  
10384.96632  
10445.74383  
10472.50696  
10466.94655  
10456.61089  
10385.19545  
10358.54324  
10389.58161  
10417.95771  
10451.75197  
10460.93105  
10435.39292  
10424.30421  
10411.17479  
10431.79075  
10404.90196  
10447.63197  
10431.36235  
10397.49045  
10470.32096  
10465.1117  
10485.32168  
10473.89492  
10529.17682  
10506.06479  
10534.9588  
10488.65428  
10458.51977  
10391.99402  
10361.72405  
10352.31136  
10349.64884  
10319.02201  
10329.1818  
10370.60225  
10379.76792  
10427.03374  
10417.95855  
10394.61185  
10355.48543  
10341.02659  
10340.18468  
10367.16973  
10398.0608  
10409.40825  
10428.41292  
10392.85175  
10410.83328  
10419.47001  
10436.89325  
10444.82237  
10423.71355  
10383.5185  
10407.78046  
10423.63012  
10446.32769  
10466.13841  
10463.13837  
10449.45515  
10352.62728  
10375.31713  
10410.95214  
10432.72794  
10437.3819  
10434.24266  
10413.22261  
10434.05506  
10394.6462  
10396.85728  
10379.52565  
10376.53454  
10387.58173  
10394.67135  
10425.77346  
10395.37281  
10357.32242  
10388.95321  
10368.08908  
10402.05976  
10419.57491  
10402.48667  
10383.77428  
10406.85727  
10451.33719  
10442.13698  
10482.35753  
10480.29112  
10469.13892  
10499.19777  
10451.93541  
10443.62265  
10405.07044  
10383.21482  
10412.34054  
10383.53466  
10365.9911  
10394.61507  
10424.99753  
10421.04975  
10375.81088  
10335.36473  
10305.57974  
10371.61091  
10428.39676  
10433.45868  
10452.56667  
10473.93106  
10409.14034  
10413.38167  
10408.88959  
10370.88085  
10378.42601  
10385.58678  
10371.20229  
10386.45006  
10406.06777  
10458.39434  
10425.58426  
10435.016  
10427.92316  
10371.96695  
10382.26837  
10429.26948  
10470.78571  
10479.58449  
10461.17969  
10453.39245  
10354.62211  
10376.68282  
10389.31755  
10416.96467  
10437.04864  
10417.72521  
10398.7549  
10392.5829  
10424.66465  
10441.68699  
10470.49785  
10442.65879  
10423.43944  
10415.55653  
10412.29545  
10420.7478  
10377.74041  
10368.82317  
10320.93634  
10335.32328  
10320.3263  
10402.04221  
10406.20489  
10384.96919  
10367.09227  
10375.9456  
10388.12733  
10391.02902  
10408.53064  
10431.19093  
10427.44266  
10436.80091  
10454.98158  
10435.13637  
10453.22193  
10444.203  
10431.94653  
10458.91582  
10463.73175  
10448.4393  
10399.17865  
10365.91534  
10378.16272  
10400.8342  
10353.53681  
10348.45544  
10331.98844  
10393.86383  
10403.14841  
10419.25587  
10435.83231  
10397.73958  
10384.90699  
10369.16837  
10356.33327  
10352.3747  
10370.18452  
10371.06813  
10439.79814  
10449.59483  
10520.29405  
10500.80011  
10492.39201  
10433.82844  
10367.71155  
10319.80325  
10354.44358  
10370.10029  
10422.82913  
10383.99529  
10415.79887  
10410.13182  
10389.9321  
10403.22226  
10371.83616  
10366.89494  
10384.90817  
10413.20162  
10437.09142  
10462.88214  
10494.19857  
10494.19898  
10473.02794  
10432.03494  
10415.18818  
10398.40486  
10389.02183  
10392.64238  
10415.33151  
10434.65834  
10427.73038  
10442.59423  
10405.67042  
10387.47805  
10341.21009  
10331.58189  
10322.20241  
10366.35509  
10386.45211  
10382.37818  
10379.76505  
10363.3981  
10368.36878  
10387.37988  
10412.37574  
10439.37654  
10440.74071  
10486.91165  
10479.58308  
10464.3989  
10465.02704  
10455.40506  
10438.69494  
10439.4589  
10429.54407  
10440.25875  
10418.74627  
10381.49139  
10386.99887  
10428.53119  
10382.53466  
10370.20776  
10342.05457  
10357.09052  
10371.05228  
10375.11343  
10401.3134  
10416.31502  
10421.5327  
10384.37191  
10357.09224  
10366.38712  
10412.61311  
10469.95714  
10469.38875  
10471.1971  
10499.68843  
10481.35821  
10496.52927  
10484.66685  
10494.53442  
10421.97406  
10385.21941  
10375.74534  
10381.96184  
10390.90673  
10354.37603  
10374.95623  
10377.24309  
10381.27691  
10369.9668  
10356.29665  
10351.00328  
10358.75958  
10345.17758  
10361.77393  
10426.26744  
10434.90645  
10468.62486  
10466.81643  
10435.46588  
10409.03467  
10385.22435  
10413.45984  
10405.36402  
10427.7398  
10436.13313  
10433.05456  
10462.75402  
10476.39335  
10477.93614  
10483.60921  
10467.85593  
10453.15003  
10377.49916  
10328.5631  
10299.91812  
10347.82576  
10347.5056  
10413.8646  
10355.29277  
10374.67182  
10402.28065  
10398.87168  
10415.68378  
10377.19519  
10372.47954  
10359.94951  
10341.45565  
10371.7205  
10396.31057  
10421.5397  
10419.39553  
10447.29132  
10439.99608  
10449.36869  
10466.47178  
10476.06999  
10493.18309  
10453.21094  
10392.33681  
10383.7348  
10410.55652  
10428.46806  
10439.8897  
10416.37321  
10381.81254  
10343.33795  
10388.24355  
10391.16192  
10410.25371  
10397.51775  
10419.32357  
10439.80298  
10456.57633  
10480.60821  
10422.32625  
10440.83368  
10402.7672  
10410.92121  
10371.25392  
10410.95689  
10420.38871  
10425.68535  
10369.24035  
10295.75118  
10365.05927  
10388.85564  
10386.83376  
10396.24986  
10360.76318  
10359.66471  
10367.51903  
10417.03332  
10449.99637  
10457.14759  
10455.85907  
10500.39663  
10511.06709  
10499.69113  
10452.63455  
10425.93053  
10336.80352  
10370.72858  
10416.47761  
10373.41377  
10377.12365  
10394.14421  
10383.2794  
10350.155  
10329.75705  
10338.49701  
10349.40291  
10386.18275  
10437.92199  
10450.79259  
10459.02355  
10453.68209  
10508.21618  
10490.57632  
10494.36396  
10495.88687  
10447.53743  
10410.08144  
10371.72848  
10367.97733  
10337.03816  
10387.18036  
10403.24438  
10378.20236  
10429.77572  
10388.74502  
10377.48316  
10371.28921  
10386.10122  
10374.77342  
10434.7627  
10436.27461  
10417.94096  
10408.259  
10346.01208  
10360.55927  
10359.38701  
10370.64646  
10357.60484  
10397.91559  
10410.23957  
10443.64689  
10476.00645  
10474.44828  
10443.77095  
10390.95226  
10384.02235  
10376.37466  
10391.27189  
10376.62934  
10391.48637  
10391.98821  
10412.12769  
10411.5648  
10393.20052  
10386.9159  
10412.61706  
10432.13827  
10453.7919  
10443.69827  
10473.45686  
10448.49457  
10490.68009  
10418.96576  
10370.56743  
10294.72963  
10310.55906  
10326.72629  
10378.27207  
10404.31962  
10456.02868  
10436.72972  
10399.33997  
10382.77971  
10437.02748  
10439.81469  
10447.12723  
10455.96651  
10419.97147  
10420.41246  
10383.70343  
10373.23018  
10381.94815  
10369.44491  
10398.67485  
10436.26216  
10455.29786  
10458.28626  
10426.53005  
10387.51774  
10359.88797  
10380.90769  
10412.87931  
10354.45975  
10389.69099  
10455.6423  
10423.43294  
10449.68133  
10407.79556  
10375.09978  
10340.55215  
10382.95537  
10405.455  
10419.51108  
10421.96323  
10444.20211  
10426.6662  
10486.83402  
10478.82869  
10482.22615  
10501.31981  
10506.27532  
10474.19738  
10472.63758  
10420.58039  
10374.10698  
10322.44104  
10280.04339  
10349.14545  
10376.84896  
10431.43912  
10427.90912  
10431.85901  
10387.37379  
10394.87211  
10393.77885  
10412.06836  
10420.5856  
10402.21889  
10362.8534  
10341.58372  
10330.14652  
10389.32563  
10406.96587  
10434.99273  
10455.33297  
10499.27224  
10461.82085  
10382.66946  
10345.83427  
10353.38434  
10356.46503  
10394.63574  
10410.9839  
10378.47708  
10430.25079  
10389.05017  
10385.22079  
10405.44247  
10411.8139  
10451.28312  
10450.67891  
10490.09738  
10495.97912  
10478.53188  
10466.57992  
10464.68213  
10444.05113  
10468.45478  
10459.16445  
10403.13062  
10418.31602  
10442.10511  
10440.93013  
10448.8563  
10394.93158  
10362.26232  
10319.19758  
10318.08613  
10309.21879  
10322.13687  
10364.74835  
10423.53477  
10442.1402  
10431.84871  
10417.01805  
10368.44871  
10383.97794  
10390.1813  
10416.72723  
10423.99126  
10399.71502  
10410.9972  
10392.2396  
10375.2953  
10408.74131  
10375.86009  
10392.99537  
10410.14845  
10407.10857  
10458.04771  
10468.32988  
10461.24151  
10444.87832  
10458.51196  
10439.38078  
10373.61731  
10361.88941  
10371.62263  
10407.10325  
10421.9281  
10427.3992  
10460.29589  
10446.89398  
10413.907  
10383.06505  
10358.72711  
10380.61137  
10398.03482  
10395.47196  
10424.04053  
10421.02146  
10440.71721  
10444.37643  
10433.82672  
10364.2705  
10338.0066  
10337.14924  
10387.87157  
10412.52014  
10427.84182  
10433.59369  
10451.02823  
10375.58035  
10349.6437  
10397.31513  
10419.83924  
10437.0957  
10476.20986  
10473.47884  
10457.1229  
10465.70577  
10438.47147  
10362.00373  
10326.07795  
10369.68511  
10385.18917  
10390.60584  
10411.76718  
10392.74906  
10375.62321  
10396.85375  
10408.82294  
10396.57404  
10405.33668  
10390.05276  
10420.90813  
10427.81797  
10430.65689  
10416.41261  
10499.01709  
10468.05962  
10458.25815  
10455.7187  
10451.56713  
10403.21729  
10389.39949  
10397.35116  
10389.98683  
10425.6299  
10365.321  
10354.90034  
10391.05302  
10347.08502  
10389.75357  
10428.35617  
10427.10922  
10433.65948  
10398.38961  
10378.04306  
10365.9899  
10408.24033  
10443.31528  
10434.98718  
10453.01525  
10450.26096  
10443.65683  
10403.78865  
10350.73042  
10368.78526  
10370.54964  
10379.62609  
10400.08633  
10442.57116  
10431.43147  
10457.8266  
10459.87986  
10463.93909  
10453.24992  
10440.56  
10445.25283  
10434.32036  
10387.46186  
10345.03253  
10320.78563  
10343.32633  
10375.18192  
10395.94805  
10415.95754  
10393.53178  
10386.33307  
10387.46914  
10381.25759  
10389.75091  
10434.91519  
10423.18731  
10403.65008  
10437.15484  
10406.24072  
10429.68768  
10397.31781  
10416.4872  
10375.25164  
10407.05745  
10418.95363  
10420.18207  
10400.73504  
10397.80672  
10401.94464  
10405.17587  
10445.28299  
10511.71183  
10465.22437  
10480.54579  
10424.24911  
10428.89949  
10459.45669  
10436.50572  
10387.95376  
10354.97666  
10306.75328  
10341.65783  
10358.9871  
10361.86303  
10354.63428  
10344.17772  
10367.87188  
10417.24954  
10409.50456  
10409.08572  
10400.88231  
10419.05485  
10464.88603  
10499.53894  
10511.32919  
10512.15984  
10484.07474  
10419.19118  
10332.29637  
10308.83293  
10383.74157  
10361.75369  
10371.91526  
10374.16356  
10402.69692  
10384.89429  
10399.91846  
10403.48072  
10418.25  
10405.9871  
10369.70468  
10404.04824  
10372.04005  
10402.93719  
10433.75299  
10473.96959  
10489.72602  
10474.01441  
10410.8179  
10396.06482  
10392.31977  
10378.41096  
10382.37179  
10357.87755  
10352.77287  
10335.51653  
10344.90929  
10392.90967  
10439.45265  
10418.79874  
10462.40128  
10447.30073  
10432.20364  
10431.47651  
10465.43716  
10470.67832  
10427.15024  
10431.56373  
10388.88254  
10412.35424  
10431.9351  
10404.79082  
10419.60592  
10376.77976  
10436.43369  
10417.59628  
10446.1467  
10442.81836  
10419.56495  
10419.45558  
10414.26696  
10376.92735  
10428.75116  
10402.49288  
10366.51311  
10368.38568  
10399.79794  
10399.33804  
10406.17715  
10431.69025  
10428.42305  
10451.11308  
10453.05625  
10477.23258  
10448.6498  
10408.1816  
10438.11887  
10464.16774  
10442.77189  
10416.35196  
10387.34389  
10430.96638  
10442.14842  
10451.8906  
10469.50637  
10469.34533  
10397.16644  
10405.92375  
10385.68518  
10345.61805  
10295.87161  
10362.14061  
10393.68101  
10378.54592  
10367.23178  
10366.36818  
10396.953  
10403.57351  
10365.33949  
10370.59032  
10413.545  
10412.64934  
10436.50024  
10407.10104  
10390.52766  
10392.40509  
10402.28795  
10405.33128  
10385.12283  
10361.64056  
10369.73202  
10410.87559  
10421.00194  
10439.36868  
10450.46973  
10437.50637  
10396.12464  
10391.80152  
10406.47491  
10436.88977  
10447.81429  
10435.91279  
10445.36645  
10421.51524  
10402.01666  
10395.1661  
10365.17842  
10358.15966  
10428.67716  
10455.67636  
10438.53926  
10374.30415  
10317.65229  
10355.04847  
10349.36354  
10388.33706  
10440.12802  
10475.60712  
10478.24037  
10472.68488  
10411.36461  
10351.35765  
10325.11423  
10303.65142  
10332.27271  
10380.10706  
10425.38708  
10376.76685  
10404.34543  
10388.34806  
10397.70793  
10393.24211  
10453.19788  
10454.47238  
10453.4437  
10442.81613  
10405.25334  
10384.56194  
10411.31942  
10425.79279  
10369.49249  
10360.44898  
10358.39576  
10402.83956  
10426.69864  
10423.25793  
10455.94009  
10465.40987  
10465.82253  
10474.04288  
10475.20952  
10460.80956  
10464.60439  
10456.99216  
10417.00597  
10352.23243  
10314.72635  
10352.1005  
10356.83902  
10385.45722  
10391.67509  
10421.0334  
10448.74434  
10445.37221  
10430.6187  
10387.09116  
10350.36543  
10398.79075  
10393.77458  
10374.27226  
10436.83942  
10426.62471  
10467.91101  
10472.58462  
10499.78091  
10455.69086  
10458.1878  
10480.94969  
10468.19361  
10444.14059  
10464.35598  
10394.81226  
10367.88116  
10408.63815  
10438.57825  
10409.5636  
10393.48419  
10355.2518  
10358.79576  
10400.77774  
10437.88156  
10430.03748  
10462.82214  
10443.9291  
10425.04183  
10339.59967  
10345.85111  
10347.71765  
10349.91622  
10398.91732  
10408.66405  
10470.53056  
10487.41416  
10424.59978  
10362.92047  
10371.55479  
10390.8185  
10413.15347  
10447.39464  
10369.41918  
10371.47855  
10393.69984  
10438.23937  
10462.31227  
10419.33764  
10393.10144  
10418.92926  
10391.40271  
10337.1779  
10339.0681  
10346.71156  
10273.89258  
10330.24488  
10353.85268  
10393.65963  
10403.43453  
10418.45281  
10460.81957  
10484.35577  
10487.96429  
10482.92832  
10486.27836  
10509.18855  
10481.60897  
10411.08012  
10391.78378  
10379.86717  
10373.34344  
10390.92899  
10357.55128  
10377.0021  
10342.06348  
10369.14707  
10385.89164  
10368.70717  
10402.3907  
10409.21151  
10447.57403  
10479.21682  
10491.03353  
10457.87593  
10415.79083  
10442.1384  
10384.27713  
10381.2399  
10422.20078  
10399.60614  
10406.08083  
10404.53422  
10422.36751  
10419.9737  
10410.62896  
10403.12749  
10388.8307  
10435.64264  
10451.0751  
10469.53964  
10440.86631  
10407.96602  
10407.68105  
10388.20743  
10357.52319  
10385.10223  
10342.22794  
10369.92935  
10376.08949  
10425.15719  
10407.72561  
10442.60623  
10425.12191  
10412.24212  
10394.57598  
10387.78603  
10404.38632  
10413.61262  
10406.66988  
10375.3603  
10381.50327  
10405.7867  
10420.70108  
10413.18656  
10414.08104  
10426.68232  
10459.31336  
10471.45659  
10455.50377  
10423.25908  
10375.87526  
10357.20577  
10344.67678  
10344.36035  
10386.79828  
10418.73475  
10415.61102  
10452.72381  
10448.53047  
10495.26541  
10476.0074  
10430.97398  
10409.11709  
10346.84623  
10362.8654  
10382.73466  
10392.44777  
10407.3829  
10440.76541  
10445.85816  
10444.74455  
10435.56038  
10402.68134  
10396.05409  
10400.46885  
10417.29099  
10421.09818  
10426.79009  
10401.07934  
10418.21503  
10440.89946  
10431.15291  
10395.67089  
10403.03925  
10401.45946  
10393.54039  
10393.98618  
10352.27319  
10364.58044  
10345.8968  
10367.99115  
10427.52239  
10427.71175  
10471.20737  
10453.60806  
10400.3827  
10380.66945  
10364.48514  
10352.0922  
10349.30278  
10374.65869  
10367.49551  
10377.88261  
10409.43297  
10409.4243  
10448.19045  
10481.72286  
10447.08187  
10459.71305  
10451.50804  
10441.29511  
10431.97899  
10397.38152  
10407.82282  
10429.33633  
10448.71874  
10450.89108  
10455.76489  
10446.05139  
10427.23655  
10388.98759  
10376.91921  
10391.06376  
10372.90842  
10349.55124  
10325.23177  
10344.9612  
10395.04043  
10411.98879  
10435.49688  
10407.75462  
10355.48679  
10394.87927  
10404.37556  
10454.7734  
10472.76865  
10476.39765  
10476.52176  
10500.0221  
10444.45259  
10412.21559  
10419.0545  
10407.45473  
10384.95877  
10402.78251  
10383.83224  
10413.55506  
10426.16299  
10353.65684  
10377.43557  
10405.19316  
10402.0371  
10396.94191  
10402.0706  
10428.47888  
10409.33625  
10412.11299  
10435.61846  
10430.70828  
10395.21295  
10344.72814  
10338.37837  
10368.66138  
10393.08079  
10417.66897  
10432.27211  
10448.9687  
10425.30965  
10448.69777  
10427.42814  
10410.52009  
10408.00173  
10407.20589  
10390.02183  
10445.07267  
10433.32674  
10412.04513  
10351.36651  
10331.4538  
10366.1893  
10369.18849  
10434.53218  
10415.42931  
10402.39617  
10398.06063  
10388.39916  
10396.68257  
10427.82411  
10408.8703  
10448.30526  
10443.34287  
10480.72775  
10391.3097  
10425.26966  
10427.14446  
10418.66012  
10382.56718  
10380.09537  
10392.57888  
10427.09444  
10411.50505  
10464.1078  
10453.14429  
10441.18426  
10448.64173  
10379.44866  
10405.83085  
10437.84582  
10470.08837  
10456.26089  
10443.09393  
10378.43876  
10353.60819  
10316.85382  
10404.91791  
10416.36773  
10407.32567  
10437.07318  
10380.226  
10388.02403  
10431.43649  
10402.38241  
10429.93205  
10414.97875  
10441.76844  
10474.23072  
10472.35871  
10469.33445  
10493.73345  
10462.50341  
10451.96931  
10400.17298  
10369.05779  
10373.63519  
10365.52082  
10373.09267  
10393.63493  
10400.17527  
10388.04621  
10368.66061  
10392.14989  
10395.77796  
10344.55722  
10357.01803  
10368.97885  
10377.65729  
10425.41588  
10410.70965  
10458.13066  
10439.15504  
10405.85385  
10332.09354  
10366.50441  
10427.08666  
10392.55876  
10368.6202  
10393.2034  
10412.6006  
10352.76275  
10352.81875  
10352.4754  
10390.10069  
10390.89224  
10400.45594  
10413.4229  
10414.54476  
10455.39477  
10464.37066  
10451.9939  
10402.41758  
10429.53775  
10434.79836  
10422.86404  
10433.5884  
10403.34165  
10411.13035  
10372.88732  
10353.237  
10407.08514  
10411.37732  
10462.74166  
10468.17031  
10444.21956  
10370.01426  
10315.27597  
10347.29056  
10388.34315  
10369.66595  
10409.48006  
10410.03857  
10446.21482  
10420.62144  
10457.22918  
10439.75422  
10389.82709  
10319.71315  
10298.03562  
10358.31097  
10389.06892  
10438.09772  
10392.29804  
10417.39585  
10430.70696  
10442.09946  
10469.62725  
10472.6716  
10484.79602  
10518.84048  
10468.71352  
10444.19476  
10403.92607  
10343.71258  
10343.43279  
10395.29532  
10407.77951  
10413.29374  
10441.67175  
10428.88772  
10380.1846  
10339.59525  
10339.3378  
10348.59938  
10370.41493  
10392.98417  
10441.75697  
10435.0142  
10472.71047  
10404.80427  
10395.59875  
10387.30506  
10409.77928  
10430.46049  
10446.07556  
10411.38687  
10367.19039  
10393.51609  
10451.41019  
10450.96012  
10452.6083  
10383.21245  
10377.80782  
10420.88002  
10411.62844  
10424.54783  
10436.16141  
10422.52532  
10433.92703  
10436.25419  
10431.93992  
10447.77768  
10412.62853  
10410.07903  
10383.42781  
10397.40373  
10401.4823  
10438.68381  
10450.64096  
10389.59991  
10367.84023  
10383.92537  
10463.66709  
10408.26298  
10421.26106  
10355.23747  
10404.71981  
10387.57517  
10398.0567  
10408.32115  
10441.71865  
10427.98177  
10423.63195  
10384.44363  
10406.6332  
10407.02712  
10398.28378  
10377.4317  
10350.87834  
10328.062  
10350.43423  
10339.41475  
10396.02226  
10406.03825  
10451.5625  
10456.33391  
10474.39284  
10483.77453  
10492.86173  
10452.32262  
10458.61428  
10492.28914  
10433.0018  
10404.0646  
10370.70764  
10371.82617  
10374.75774  
10382.9828  
10386.8666  
10384.01858  
10376.94844  
10432.38041  
10407.00948  
10429.30389  
10425.25394  
10453.22001  
10446.38453  
10449.33695  
10428.61107  
10313.53425  
10277.86652  
10327.55445  
10391.07223  
10403.41617  
10433.1801  
10422.1318  
10384.68546  
10370.74842  
10365.336  
10396.67649  
10407.65868  
10449.01375  
10422.08695  
10439.0697  
10464.15437  
10412.36412  
10414.69487  
10409.86104  
10423.34753  
10421.98018  
10420.63853  
10406.64151  
10427.9091  
10425.54177  
10419.12792  
10429.47334  
10450.7313  
10481.26435  
10469.59685  
10417.30524  
10368.61068  
10354.52353  
10380.30117  
10420.00436  
10451.93819  
10454.69997  
10397.73208  
10352.96304  
10346.34911  
10364.17609  
10405.83524  
10433.42915  
10392.48509  
10384.0464  
10358.33  
10395.63962  
10422.7988  
10373.56265  
10347.70267  
10346.15745  
10363.58317  
10399.26686  
10407.89344  
10426.96547  
10410.07098  
10449.40396  
10461.16072  
10425.21161  
10413.37899  
10437.86859  
10439.91052  
10388.23514  
10310.16312  
10335.85603  
10353.9816  
10404.57854  
10459.34622  
10461.74967  
10445.6638  
10369.62734  
10366.72319  
10405.27236  
10437.40267  
10399.68922  
10414.96777  
10431.38346  
10413.69763  
10432.19835  
10486.93096  
10439.06181  
10427.86321  
10362.02141  
10286.92028  
10351.6648  
10408.06396  
10424.64175  
10454.97486  
10401.27236  
10335.19521  
10323.63291  
10307.99917  
10351.12535  
10332.2277  
10336.57202  
10354.51933  
10383.42851  
10416.05843  
10474.69554  
10462.14201  
10453.72229  
10421.5947  
10400.73501  
10398.62435  
10393.87775  
10390.63436  
10395.74434  
10413.07631  
10418.98516  
10430.73513  
10433.20852  
10394.42758  
10438.70557  
10412.91783  
10440.6095  
10417.66574  
10406.45925  
10464.62575  
10441.03468  
10472.20783  
10490.7576  
10500.79015  
10487.92507  
10466.71488  
10400.83916  
10396.80693  
10399.70052  
10427.18308  
10445.57724  
10437.87316  
10425.44504  
10431.03091  
10437.01007  
10465.4291  
10457.83435  
10468.75349  
10385.33395  
10410.9595  
10398.02555  
10378.04704  
10411.53035  
10395.93169  
10398.91747  
10385.74711  
10383.15804  
10385.28601  
10402.09335  
10397.0154  
10391.48762  
10405.23287  
10430.81596  
10422.45582  
10435.35582  
10430.77145  
10409.75957  
10373.43243  
10328.95676  
10389.87818  
10396.21923  
10406.20847  
10399.76857  
10385.81251  
10401.13209  
10409.72033  
10417.04039  
10451.49087  
10472.01857  
10454.12847  
10435.60478  
10399.9914  
10377.13673  
10386.12883  
10394.79982  
10382.15457  
10407.30226  
10413.72332  
10456.04507  
10453.73419  
10440.66481  
10426.07516  
10442.41762  
10426.9526  
10417.83521  
10388.93821  
10401.9752  
10383.70687  
10415.55536  
10440.52843  
10449.61253  
10439.24959  
10427.52952  
10359.3496  
10314.03648  
10355.15665  
10390.92841  
10400.35483  
10424.24324  
10396.74548  
10425.79339  
10440.3499  
10441.18398  
10410.10594  
10424.3262  
10413.08395  
10401.7579  
10422.92911  
10402.12496  
10429.29249  
10387.85385  
10370.02143  
10360.08716  
10377.00515  
10367.93316  
10355.22372  
10381.37029  
10389.69207  
10409.40058  
10400.30788  
10405.38011  
10389.58726  
10413.77083  
10453.06258  
10472.97207  
10479.93773  
10503.51576  
10515.56155  
10488.82168  
10473.56261  
10419.03748  
10312.92454  
10353.68407  
10375.90325  
10392.8293  
10381.13528  
10380.32627  
10387.40178  
10415.76077  
10405.45901  
10388.56586  
10405.9057  
10401.32784  
10368.40318  
10392.69838  
10428.60432  
10456.72867  
10433.36923  
10383.10241  
10373.43448  
10378.62803  
10379.85966  
10407.60511  
10448.29178  
10411.80107  
10439.4268  
10449.06742  
10450.35046  
10434.66663  
10418.35871  
10377.29505  
10375.96267  
10380.92104  
10429.46447  
10397.86712  
10362.65611  
10365.40362  
10361.33522  
10418.49518  
10392.56995  
10408.05456  
10443.23809  
10460.05402  
10441.9874  
10445.96981  
10426.19149  
10474.07297  
10468.188  
10451.56492  
10493.51545  
10468.06011  
10458.29263  
10384.9713  
10344.92773  
10329.66622  
10339.05107  
10392.9403  
10388.85389  
10404.41093  
10415.0409  
10392.94636  
10382.69054  
10370.96021  
10397.47366  
10426.01833  
10421.63346  
10375.31909  
10389.70172  
10417.38098  
10408.86858  
10403.10954  
10368.59488  
10374.94245  
10359.7359  
10374.95649  
10417.57129  
10430.71303  
10429.01407  
10425.34409  
10411.18204  
10408.61671  
10394.59761  
10350.7879  
10372.24458  
10405.18313  
10417.05508  
10411.37555  
10421.50965  
10401.73933  
10410.18704  
10424.64365  
10472.93169  
10461.77045  
10480.27157  
10435.58991  
10427.90107  
10419.749  
10398.34555  
10404.71314  
10391.89209  
10337.50526  
10388.30704  
10374.86371  
10432.67304  
10436.92681  
10436.13765  
10402.06438  
10441.33505  
10354.33837  
10376.02753  
10399.44367  
10384.34711  
10352.44204  
10393.49428  
10431.35041  
10440.52835  
10421.29233  
10460.96395  
10450.5753  
10439.19837  
10430.11871  
10331.7824  
10338.10611  
10372.82652  
10398.94556  
10414.16123  
10441.14825  
10416.95265  
10398.2983  
10362.82483  
10394.78558  
10419.68172  
10433.62067  
10421.44999  
10405.22266  
10387.09842  
10425.6696  
10413.95816  
10446.02702  
10448.08688  
10450.66193  
10432.72818  
10439.8659  
10416.81472  
10387.94629  
10398.35864  
10385.51557  
10383.78815  
10343.82667  
10362.30181  
10361.05684  
10362.73771  
10386.91195  
10388.68639  
10393.84441  
10435.46369  
10447.0412  
10476.60906  
10429.37174  
10430.5829  
10426.15914  
10399.41814  
10407.42027  
10396.74354  
10384.93997  
10361.52619  
10372.18204  
10389.21812  
10415.94579  
10464.12878  
10456.66264  
10467.60452  
10438.0241  
10453.6123  
10445.61649  
10436.23816  
10400.49906  
10418.39225  
10362.87998  
10392.02073  
10378.61049  
10439.20016  
10436.87866  
10455.38772  
10410.93691  
10379.27404  
10392.02634  
10373.29328  
10385.81477  
10362.04612  
10393.5693  
10410.6476  
10393.92395  
10343.9133  
10365.41186  
10355.21184  
10387.52903  
10398.39101  
10453.06006  
10436.53191  
10442.8527  
10430.01058  
10395.53975  
10406.24052  
10414.29629  
10443.79142  
10380.31174  
10360.20627  
10350.99929  
10377.68864  
10394.66901  
10422.80278  
10443.21111  
10486.98491  
10452.96597  
10493.35435  
10454.07626  
10432.09518  
10385.0378  
10407.01456  
10393.07802  
10383.51072  
10356.65748  
10365.37109  
10382.28986  
10379.45136  
10380.61637  
10287.75602  
10340.43639  
10360.86778  
10389.9975  
10431.29808  
10452.44514  
10423.79758  
10377.45217  
10359.7364  
10377.58003  
10436.48653  
10449.24389  
10435.54074  
10468.21034  
10463.83053  
10479.14478  
10368.55283  
10356.12257  
10350.05262  
10405.95936  
10408.37211  
10421.58282  
10426.92658  
10434.91233  
10437.94297  
10442.88401  
10412.6257  
10414.2646  
10412.99452  
10429.28198  
10436.65956  
10447.73563  
10461.28595  
10404.20225  
10451.67477  
10415.19719  
10414.89796  
10403.55545  
10406.71939  
10363.00364  
10417.57786  
10468.86213  
10461.45746  
10445.69064  
10388.22008  
10330.39175  
10361.62651  
10396.9897  
10422.74259  
10484.98382  
10519.97336  
10473.59893  
10382.12162  
10341.32532  
10360.60753  
10360.56146  
10383.40952  
10411.08634  
10417.48073  
10451.90728  
10485.40386  
10483.16702  
10465.61408  
10457.07192  
10345.43831  
10367.46161  
10357.60367  
10329.16172  
10351.6851  
10325.11535  
10357.26471  
10370.23683  
10376.11819  
10389.50861  
10404.91993  
10434.80697  
10454.85186  
10465.65247  
10476.04662  
10401.27156  
10372.29793  
10400.11989  
10443.40969  
10438.96171  
10440.18781  
10414.80768  
10392.03879  
10412.41854  
10396.33226  
10385.67711  
10405.65316  
10462.22109  
10481.16847  
10458.72748  
10445.1091  
10438.595  
10447.8928  
10458.00605  
10435.29461  
10445.93109  
10459.65098  
10387.7168  
10406.13388  
10460.26038  
10414.75406  
10358.98942  
10354.50322  
10397.8186  
10390.85037  
10410.2661  
10434.85792  
10410.73213  
10388.37876  
10401.42179  
10386.42915  
10429.46844  
10398.60991  
10404.19579  
10353.71915  
10359.17761  
10338.00223  
10369.34863  
10392.9691  
10426.51122  
10410.42474  
10380.61821  
10382.0316  
10401.7473  
10421.73359  
10419.54202  
10446.2915  
10427.04397  
10403.69495  
10418.00874  
10432.71621  
10408.11963  
10404.0029  
10429.85489  
10454.52105  
10471.87509  
10417.66375  
10365.80723  
10363.1575  
10344.01063  
10341.05844  
10385.17812  
10421.21502  
10427.94381  
10433.64335  
10475.35902  
10468.28721  
10479.63197  
10458.87601  
10448.75605  
10455.37764  
10435.54207  
10426.21483  
10427.96221  
10403.00279  
10365.50662  
10283.3806  
10369.98903  
10368.5688  
10422.87735  
10381.64285  
10389.62871  
10432.86262  
10461.19805  
10488.05526  
10466.10616  
10395.41405  
10386.21703  
10392.69267  
10404.20928  
10387.94904  
10372.69942  
10428.95602  
10408.15063  
10425.7747  
10437.72043  
10447.42732  
10425.43732  
10359.42961  
10342.08731  
10323.71642  
10289.85809  
10352.81807  
10412.87364  
10422.44321  
10425.95244  
10430.34547  
10417.17214  
10416.53178  
10433.11001  
10465.3564  
10472.77071  
10472.72188  
10385.17895  
10346.84871  
10366.50706  
10379.26898  
10412.9316  
10438.66408  
10432.00992  
10400.9919  
10390.71797  
10412.13515  
10438.05985  
10459.69979  
10456.25367  
10396.83544  
10379.20712  
10366.72294  
10367.52295  
10392.58991  
10439.27598  
10477.33412  
10458.36445  
10460.99589  
10444.14726  
10430.58401  
10433.4294  
10403.27106  
10417.88246  
10438.55846  
10423.06533  
10399.06632  
10392.94277  
10357.65784  
10389.60648  
10446.74445  
10458.43195  
10437.42911  
10440.92056  
10441.40973  
10424.16274  
10397.7673  
10366.54124  
10357.30391  
10353.67576  
10352.12679  
10384.73699  
10391.57739  
10361.04475  
10334.58957  
10387.02199  
10428.53092  
10413.99927  
10390.0325  
10379.68372  
10386.65849  
10355.09198  
10384.78797  
10432.36967  
10462.12618  
10425.96825  
10434.70458  
10387.97137  
10385.23003  
10418.28284  
10432.48327  
10447.31952  
10444.91252  
10378.54624  
10352.59594  
10390.41632  
10376.54813  
10407.74145  
10469.84326  
10435.78961  
10429.81778  
10417.95081  
10404.59331  
10383.90164  
10443.45801  
10419.92016  
10398.10986  
10393.02512  
10390.77936  
10373.60829  
10331.85636  
10365.09773  
10384.21417  
10422.37842  
10449.33426  
10456.90976  
10424.31652  
10437.94328  
10343.51982  
10391.02744  
10347.02325  
10424.17884  
10401.16172  
10427.70605  
10417.54616  
10375.95668  
10386.00669  
10377.98952  
10403.62586  
10404.45224  
10424.71195  
10415.32628  
10405.73604  
10390.49984  
10391.12719  
10371.57431  
10407.94565  
10420.96264  
10447.42026  
10427.70172  
10381.79065  
10412.11172  
10429.74896  
10521.76769  
10542.75745  
10563.14196  
10538.39109  
10439.01004  
10394.28017  
10360.64825  
10303.39364  
10313.12337  
10326.19782  
10330.05566  
10345.15731  
10355.01624  
10390.61192  
10405.91256  
10408.95482  
10452.94353  
10442.86819  
10457.80077  
10429.1409  
10361.68962  
10329.8723  
10349.569  
10427.83934  
10440.39913  
10468.86044  
10457.29556  
10459.91528  
10416.83564  
10374.99966  
10414.00353  
10427.50131  
10455.25183  
10453.30985  
10451.3956  
10399.33292  
10401.02833  
10373.15273  
10390.91208  
10413.6977  
10442.5374  
10415.83353  
10440.22168  
10435.48121  
10432.53489  
10410.68849  
10381.4288  
10396.31369  
10408.20254  
10421.9074  
10458.16033  
10445.08541  
10420.35483  
10390.14358  
10379.11435  
10370.10827  
10383.90883  
10412.14663  
10440.27933  
10397.0411  
10429.5867  
10392.8913  
10405.29376  
10398.01034  
10421.36785  
10450.82193  
10524.09473  
10446.70281  
10447.66634  
10438.89287  
10391.19879  
10368.68659  
10347.34468  
10377.74184  
10409.38348  
10412.98357  
10409.00754  
10432.02902  
10412.52573  
10393.46295  
10388.55485  
10395.73173  
10403.17115  
10381.0055  
10384.98871  
10362.83038  
10376.93463  
10411.32171  
10418.90326  
10420.52968  
10446.99007  
10418.7172  
10419.73361  
10420.56686  
10437.86579  
10424.95598  
10407.05459  
10398.2347  
10445.59398  
10427.33079  
10453.0692  
10402.80387  
10379.93879  
10383.95082  
10383.28577  
10411.67321  
10395.42264  
10421.56444  
10379.89277  
10419.21774  
10410.21218  
10438.58815  
10424.29726  
10429.39869  
10419.80978  
10343.63088  
10415.59464  
10375.15695  
10407.87892  
10442.24319  
10473.8356  
10437.54289  
10432.14762  
10384.69509  
10313.74045  
10296.82494  
10312.28417  
10368.44921  
10435.51635  
10466.75769  
10474.13326  
10509.54835  
10471.88227  
10565.13131  
10463.44207  
10302.56728  
10263.458  
10213.79416  
10262.55391  
10293.81502  
10333.80623  
10322.7316  
10373.95662  
10387.69967  
10388.18442  
10426.55941  
10435.84654  
10406.0421  
10459.88206  
10456.92485  
10435.43198  
10417.62524  
10451.84758  
10452.95475  
10403.00263  
10388.69208  
10429.79065  
10456.97833  
10440.49478  
10422.53021  
10374.80852  
10361.61234  
10413.14461  
10428.39205  
10461.4625  
10409.62349  
10454.45341  
10453.56495  
10437.69103  
10425.28413  
10438.85809  
10422.85789  
10401.58921  
10454.46814  
10408.96259  
10429.67814  
10392.83377  
10389.39615  
10433.90838  
10399.22834  
10439.39433  
10360.53842  
10400.29165  
10414.34506  
10394.40998  
10405.68753  
10421.74788  
10431.32043  
10435.10627  
10450.86825  
10438.64466  
10440.10096  
10412.20999  
10384.98114  
10391.70652  
10488.42233  
10433.6631  
10452.45945  
10425.92839  
10441.56607  
10396.41332  
10413.75914  
10351.96007  
10312.54833  
10337.39577  
10376.36922  
10386.84244  
10359.62847  
10393.14406  
10433.30399  
10412.47321  
10423.37257  
10430.04135  
10432.28155  
10448.26794  
10474.16605  
10447.08052  
10481.76321  
10489.8577  
10508.63601  
10485.93248  
10452.78508  
10446.98238  
10467.90386  
10452.84747  
10392.82623  
10371.10971  
10377.17303  
10360.6336  
10349.57637  
10406.19306  
10421.4469  
10420.53119  
10423.61108  
10389.04221  
10368.62693  
10350.07681  
10395.59993  
10402.59978  
10398.90283  
10337.70211  
10356.99859  
10373.19763  
10399.85816  
10390.14844  
10382.84761  
10380.33991  
10380.44316  
10413.00021  
10440.43314  
10463.10329  
10477.20587  
10503.8608  
10492.32295  
10435.15017  
10400.20928  
10375.44815  
10404.76881  
10378.15397  
10425.86391  
10440.62415  
10429.92021  
10414.01859  
10432.06296  
10451.18128  
10445.90785  
10443.14166  
10408.51223  
10352.00823  
10411.05097  
10410.23658  
10439.87843  
10457.86589  
10471.93154  
10449.52403  
10426.97835  
10344.65219  
10289.68008  
10271.53589  
10337.58785  
10314.78329  
10361.1565  
10368.56285  
10396.80963  
10389.72683  
10363.74354  
10365.44055  
10380.28115  
10446.81152  
10442.23574  
10430.55867  
10467.87838  
10478.65601  
10440.58237  
10419.63135  
10416.42151  
10360.05677  
10383.40793  
10375.92945  
10417.51492  
10387.20783  
10492.73799  
10510.56229  
10524.88045  
10451.30329  
10412.25572  
10384.66413  
10322.99477  
10371.00687  
10389.19651  
10413.4969  
10335.02376  
10415.91942  
10444.07766  
10424.94623  
10402.83986  
10410.63657  
10407.24887  
10377.67609  
10349.4669  
10349.16609  
10310.93433  
10346.35263  
10368.81805  
10390.31376  
10358.49674  
10387.1617  
10377.38493  
10428.46603  
10430.69901  
10393.15749  
10431.61356  
10446.44072  
10461.57635  
10489.28074  
10470.52897  
10474.48965  
10454.42895  
10437.90502  
10466.56222  
10441.73404  
10414.47784  
10393.20831  
10376.94645  
10355.24077  
10369.26182  
10399.37578  
10408.28164  
10410.18321  
10394.36393  
10386.8435  
10434.74586  
10426.30236  
10427.97849  
10383.06169  
10389.28117  
10352.06216  
10391.86227  
10415.15264  
10432.52368  
10355.18528  
10357.80258  
10343.5788  
10382.92329  
10426.81706  
10425.94579  
10438.59205  
10418.36609  
10427.43558  
10437.01665  
10430.25467  
10439.22433  
10411.52364  
10372.34406  
10407.38336  
10405.96109  
10414.29555  
10376.95314  
10400.9374  
10399.99716  
10409.49604  
10415.8359  
10442.8654  
10448.48039  
10435.86637  
10403.29561  
10421.38952  
10435.96075  
10436.53891  
10416.9636  
10311.64244  
10327.17205  
10326.19693  
10404.98717  
10410.94792  
10435.85582  
10403.38828  
10402.86244  
10397.66975  
10395.75595  
10395.37089  
10418.30698  
10398.53887  
10486.0572  
10467.31008  
10484.179  
10471.28235  
10469.8175  
10490.32442  
10464.83853  
10399.9703  
10340.14007  
10309.80807  
10305.95418  
10359.03402  
