7095.100213  
7033.582378  
7022.963071  
6969.779117  
6957.008365  
6939.236225  
7021.365864  
7055.707442  
7111.130808  
6994.3318  
7066.477475  
7028.659295  
6974.890779  
6977.798635  
7013.99238  
7050.901444  
7088.532445  
7089.193436  
7030.070634  
7013.873432  
7022.046322  
7108.339805  
7105.401252  
7035.231458  
7098.234503  
7022.724147  
6977.572433  
6986.694028  
7049.166093  
7001.552208  
6982.121775  
7014.420911  
6972.407843  
7002.066702  
7025.975856  
7013.887593  
7034.430934  
7062.674124  
7117.82197  
7042.513659  
7006.604055  
7053.74576  
7046.254176  
7033.623034  
7032.16315  
7019.560958  
6960.624961  
7016.597451  
6973.555279  
7001.188207  
6963.539101  
7065.789846  
6969.544922  
6968.60836  
6974.029451  
6952.222888  
6916.34136  
6955.631605  
6976.761783  
7035.901984  
7036.910208  
7112.793174  
7141.975766  
7080.740376  
7041.602038  
6908.446919  
6888.411159  
6845.357974  
6855.307193  
6819.535606  
6827.526406  
6850.636796  
6973.603053  
6994.730237  
6990.201712  
7047.276688  
7145.607949  
7143.099545  
7093.792005  
7123.059904  
7212.84686  
7063.470832  
7199.048828  
7101.783858  
7064.872726  
7011.403359  
6979.195043  
7032.096191  
6991.926167  
7022.56525  
6903.813142  
6955.912752  
6967.846256  
7008.008416  
7000.243203  
7002.037585  
7046.204628  
6936.209383  
6967.124537  
7006.418894  
7023.596166  
6997.128289  
7032.096847  
6976.122212  
7070.094277  
7060.484748  
7074.304867  
7035.958535  
7122.1374  
7183.50469  
7182.675113  
7159.91351  
7201.614168  
7178.300511  
7106.616892  
7068.061189  
7106.658807  
7095.34808  
7043.93944  
7055.498278  
7069.220934  
7036.053544  
6961.065854  
7062.22371  
7005.8465  
6992.25424  
7010.857358  
7008.933812  
6995.558195  
6962.791273  
6970.489887  
6991.2601  
6964.860801  
6985.11977  
7037.537058  
6988.111251  
6977.47069  
6991.225162  
6984.36729  
6959.336503  
7036.191098  
7035.430754  
7051.165142  
7065.582365  
7086.666427  
6978.151367  
6906.808028  
6947.490504  
6918.062115  
6932.605507  
6974.624782  
6953.287366  
6942.078729  
6983.957455  
7060.649979  
7008.688284  
6975.267295  
7064.43795  
7002.56543  
6999.104197  
7012.621569  
7059.837274  
7033.081607  
7027.212068  
7051.290065  
6984.930189  
6941.139327  
6918.554366  
6925.909835  
6989.36738  
6990.573037  
7025.634817  
6968.465987  
6962.271279  
6952.979235  
6978.049805  
6987.372738  
6992.721423  
7055.406199  
7063.664448  
6971.060161  
7052.168958  
7027.513351  
7071.436087  
7085.614296  
7064.048494  
7010.11039  
7016.570043  
7040.067177  
7014.907291  
7120.836876  
7170.558427  
7174.350406  
7117.505757  
7146.302786  
7123.314492  
7017.748509  
7130.296798  
7064.870631  
7059.196726  
7049.367637  
7007.568899  
6960.468339  
7052.744089  
7003.57251  
6970.839047  
7053.461477  
7047.804431  
7095.750642  
7102.277061  
7062.193205  
6915.893799  
6879.348787  
6852.289564  
6854.623407  
6820.278886  
6769.547415  
6838.690288  
6816.155916  
6824.164564  
7022.905479  
6998.263492  
7068.365736  
7111.908781  
7130.798777  
7125.137207  
7090.958265  
7175.5965  
7169.458586  
7140.504484  
7128.960205  
7079.583316  
7067.703767  
7000.90377  
7060.610249  
7078.739862  
7084.972117  
7146.815353  
7139.856111  
7075.964895  
7020.292982  
7040.873856  
7001.502968  
7000.619192  
6992.554045  
6961.148193  
6921.843493  
6839.485596  
6913.55073  
6880.425293  
6842.301822  
6826.593082  
6955.129729  
6938.365607  
6988.962479  
7031.485364  
7048.830476  
7074.055047  
7125.421348  
7131.922569  
7092.848517  
7044.732859  
6904.894454  
6927.758069  
6969.647178  
6999.625835  
7014.866211  
7024.219148  
6990.199501  
6981.793971  
6978.201056  
6972.005422  
6983.671361  
7002.065648  
7039.11959  
7095.243524  
7087.773386  
7108.017989  
7089.745117  
7097.723132  
7092.780505  
7059.600881  
7088.776688  
7068.587621  
7052.025956  
7024.325182  
7018.826108  
7031.982473  
7055.975535  
7031.734683  
7044.266936  
7057.786416  
7075.710424  
7078.061755  
7099.677722  
7098.232178  
7091.028847  
7059.980726  
7073.408087  
7014.364284  
7003.143786  
7035.36756  
7010.808375  
6942.4191  
6996.075748  
7070.395842  
7022.008159  
7042.728451  
7070.289294  
6999.312037  
7019.806281  
7017.012567  
6988.271266  
6963.325529  
6929.397217  
6891.806859  
6951.519994  
6977.140548  
6983.911621  
7017.389469  
7003.129652  
7045.876889  
7086.782702  
7057.914307  
7075.758532  
7007.174034  
6951.411595  
6952.805047  
6997.744423  
7014.534707  
6995.557913  
6972.662842  
7025.304019  
7014.273939  
7003.280338  
7018.128829  
7012.746839  
7026.663651  
7032.300075  
7061.950388  
7050.726601  
7062.697703  
7022.112073  
7060.028359  
7101.531211  
7133.587068  
7184.86233  
7077.376915  
7110.977706  
7067.240903  
7077.903821  
7038.584164  
7055.571906  
7086.435585  
7050.278295  
7015.270829  
7005.592144  
6979.872225  
6940.57666  
6951.222271  
6969.129022  
6987.423815  
6999.811755  
7022.217285  
6952.470459  
6942.629433  
6965.54505  
6970.235904  
6988.123265  
6963.210655  
6970.132414  
6994.296168  
6991.001786  
7021.678737  
7091.056486  
7123.221654  
7154.17307  
7215.198268  
7216.703973  
7223.607782  
7158.489348  
7064.306307  
7064.896857  
7024.420731  
7025.678827  
7045.867753  
7051.251092  
7043.470009  
7053.828343  
7020.233874  
6997.883828  
6970.928325  
7004.070762  
6979.896754  
7026.242226  
7008.175833  
7025.886333  
7008.920834  
6991.028179  
6991.434892  
7010.509521  
6909.958612  
6939.948075  
6936.023245  
6942.496042  
6926.05452  
6963.204397  
6975.396716  
7005.489438  
7048.878572  
7068.311626  
7051.168688  
7043.134881  
7040.438104  
7052.240042  
7026.545192  
7044.645328  
7025.327136  
6999.959627  
7000.177195  
7013.476473  
6979.208663  
6986.370194  
6923.472605  
6932.143747  
7009.739669  
7042.664384  
7051.027973  
7066.270739  
7101.879729  
7118.921734  
7097.806088  
7083.262284  
7031.648425  
6965.604389  
6968.020007  
6927.39254  
6922.331941  
6913.327984  
6928.085501  
6972.30461  
6978.347875  
6897.805677  
6885.697253  
6900.527691  
6868.825427  
6884.787032  
6950.720382  
6988.410863  
6978.319053  
6997.73787  
7025.703048  
7072.800974  
7107.554302  
7174.877814  
7107.178081  
7112.24558  
7126.064389  
7137.561832  
7162.717979  
7128.370438  
7049.941984  
7034.269069  
7075.139623  
6989.657805  
6976.10624  
7014.075786  
7027.463469  
7048.138055  
7092.561459  
7022.938734  
7004.80939  
6985.386963  
7050.344971  
7051.259521  
7016.062204  
7062.834434  
6964.581967  
7009.055985  
7034.617534  
7062.38731  
7040.803942  
7039.751401  
6995.487947  
6970.180176  
6946.432232  
6959.620066  
6916.843403  
6955.2546  
6964.601177  
6964.40544  
6998.36463  
7058.133326  
7090.853143  
7091.170487  
7074.432386  
7044.43723  
6980.158229  
6983.888518  
6977.182848  
6900.553557  
6900.701673  
6871.151213  
6906.353747  
6971.225689  
7052.763698  
7143.17262  
7110.928248  
7159.285426  
7125.619989  
7012.178942  
6980.690044  
6940.722682  
6986.894506  
7039.38713  
7020.293688  
6999.814376  
6982.564774  
6946.101909  
7010.254189  
6963.680947  
6989.901637  
7004.955001  
6991.832828  
7092.149992  
7163.910195  
7184.070814  
7151.984272  
7143.032702  
7118.107705  
7043.230906  
7036.931152  
7062.563258  
7117.855726  
7165.746672  
7235.147255  
7122.318732  
7053.910683  
7196.089818  
7111.77629  
7125.130795  
7053.895752  
6901.229659  
6919.995644  
6883.757234  
6887.942511  
6905.274877  
6873.981587  
7020.510524  
6942.869642  
6947.169601  
7011.712377  
7041.395277  
6951.413381  
6923.566342  
6892.363924  
6881.013325  
6908.171104  
6861.905402  
6906.688759  
6915.424368  
6893.950452  
6916.52859  
6989.006258  
6976.389263  
7010.663664  
6984.072009  
7025.425087  
7019.9646  
7000.290013  
6982.242162  
6979.355983  
6993.172954  
7064.997199  
7042.516704  
7129.281648  
7103.22768  
7078.713071  
7074.959563  
7065.734362  
7031.997906  
7031.519891  
7024.419472  
7006.350637  
6996.258558  
7023.516679  
7044.78603  
7105.069978  
7070.983797  
7103.094971  
7151.549715  
7195.453305  
7123.517899  
7136.347977  
7109.603991  
7059.494398  
7041.016216  
7076.052336  
7101.43326  
7097.63483  
7118.712891  
7100.750771  
7039.172273  
7044.137438  
7105.465679  
7094.58834  
7038.985223  
7078.932566  
7073.477809  
7043.022178  
6972.425075  
6897.638967  
6860.647422  
6938.150314  
6944.328485  
6920.479158  
6981.459023  
7038.865389  
6983.814967  
6984.365992  
7024.008853  
7036.434969  
7101.113294  
7046.074489  
7025.147422  
6916.638518  
6958.205566  
6961.270803  
7022.667159  
7075.074566  
7119.738063  
7077.71194  
7034.74549  
7027.132504  
7059.978014  
7087.51736  
7083.512682  
6993.68935  
6967.19679  
6895.703266  
6885.997032  
6866.270328  
6926.300267  
6885.703138  
6936.09181  
7011.927889  
6997.275134  
7027.034951  
7074.140072  
7060.470523  
7059.190134  
7006.987973  
6956.892552  
7002.669421  
6964.873252  
6995.320325  
6969.649106  
6999.059725  
7017.872841  
6997.600817  
7018.015175  
7031.048892  
6982.963199  
7009.126105  
7042.644261  
7093.7601  
7036.946585  
7095.731612  
7049.631528  
7047.908344  
7001.363037  
7031.88528  
7003.422607  
7011.372893  
7053.633005  
7057.710282  
7128.504253  
7120.203806  
7119.831325  
7113.896677  
7097.917853  
7026.631425  
7007.789307  
6964.804019  
7041.647114  
7078.938168  
7137.787302  
7095.701763  
7012.682283  
6975.071302  
6969.814839  
6970.612549  
6981.890651  
7035.948808  
7034.568706  
7081.911608  
7072.349609  
7088.829192  
7037.655029  
6991.289294  
7046.336387  
7029.454577  
7033.074733  
7034.756669  
7076.987433  
6985.416941  
6944.263595  
6882.387503  
6862.694387  
6870.678248  
6900.408871  
6947.728002  
6934.317833  
6869.697086  
6928.100355  
6962.028295  
6996.669588  
7054.448602  
7117.156597  
7112.806345  
7091.958997  
7114.317511  
7084.014173  
7037.631874  
7023.601819  
7047.974622  
7018.991095  
7015.628983  
7027.780261  
7050.183337  
7077.501516  
7096.097489  
7128.350702  
7129.19661  
7168.968917  
7061.169138  
7036.7684  
6998.555895  
7003.986508  
6969.587582  
6947.001773  
6914.138171  
6965.74594  
7010.874447  
7018.32517  
7034.91279  
7112.98494  
7157.708972  
7151.492599  
7137.097849  
7075.208856  
7009.868048  
6954.980854  
7030.613281  
6997.108039  
6953.142038  
6891.596808  
6845.000938  
6878.344521  
6881.51186  
6865.358321  
6873.670616  
6937.580644  
6971.305638  
7019.581453  
7010.506322  
7043.650853  
7036.241031  
6884.651984  
6982.232268  
7162.995091  
7182.310149  
7204.436523  
7171.867085  
7072.812539  
7004.44733  
7021.660118  
7014.257054  
6950.802041  
6997.069028  
7056.426038  
7044.937551  
7046.862973  
7076.100111  
7081.557887  
7121.603464  
7050.656892  
7008.495901  
6928.569477  
6991.946186  
6979.491185  
6952.853117  
6966.489039  
7028.282612  
7012.241044  
7014.991596  
7054.795192  
7081.227385  
7068.096782  
7057.436703  
7111.176257  
7060.502865  
7068.018902  
7031.542198  
7056.472926  
7026.572317  
7025.151984  
7003.238474  
7009.964998  
7001.188438  
7010.925409  
6995.191368  
6993.998664  
6976.801873  
6987.359748  
7011.280518  
7016.779014  
7013.042493  
7034.068758  
7057.653731  
7125.047273  
7115.356587  
7123.601807  
7141.558838  
7107.531211  
7042.884072  
6957.839253  
6946.540643  
6871.336053  
6917.81268  
6974.289127  
6995.493961  
7003.485724  
7056.972027  
7066.375668  
7036.209871  
7070.787546  
7101.470022  
7073.530338  
7004.786621  
7008.33703  
6995.361161  
7014.566753  
6965.948923  
6938.479955  
6943.779091  
6925.17731  
6952.217195  
6980.270431  
7034.031199  
7054.31755  
7018.341064  
6965.584794  
6989.838006  
7016.127403  
7042.445043  
7089.161775  
7091.068976  
7094.565969  
7101.499473  
7117.008301  
7128.084884  
7088.94219  
7094.67857  
7101.721063  
7061.247443  
7071.406417  
6971.863461  
6929.791427  
6926.952418  
6934.816059  
6877.246633  
6873.042853  
6744.368768  
6742.468069  
7022.056602  
7149.265509  
7172.282741  
7177.086246  
7137.930613  
7032.315892  
6982.181679  
6935.931204  
6900.084897  
6945.038536  
6965.326236  
6963.49265  
6971.315083  
7048.111624  
7023.971705  
7077.823294  
7100.335578  
7134.841964  
7138.44228  
7070.87419  
7048.036647  
6970.445557  
6923.17343  
6883.509496  
6892.555446  
6952.599892  
6945.326737  
7053.770675  
7109.156006  
7121.459665  
7163.901958  
7162.550614  
7098.915193  
7063.812217  
7051.063374  
7030.673455  
7031.238782  
7058.037289  
7083.304148  
7025.257042  
7009.88023  
6991.953857  
6984.008211  
6996.066098  
7007.849956  
7004.994513  
7034.243768  
7033.939273  
7048.174175  
7038.754587  
7044.693257  
7112.596166  
7125.691265  
7051.913356  
6997.216823  
6958.938194  
7034.698512  
7072.192486  
7070.368819  
7102.636179  
7121.375732  
7045.962891  
7065.17149  
7095.210025  
7084.038728  
7031.5248  
7048.978824  
7119.344804  
7147.24928  
7074.693179  
6945.584164  
6866.754317  
6800.765278  
6688.945004  
6735.990877  
6688.618884  
6714.514661  
6802.074694  
6899.668701  
6953.671772  
7024.264571  
7074.989155  
7099.639186  
7108.041838  
7190.901007  
7208.061433  
7196.604505  
7184.620824  
7126.940365  
7104.986778  
7063.38005  
7077.942743  
7135.544202  
7090.678377  
6962.304276  
7017.623561  
6992.236277  
6966.914268  
6948.233463  
6926.875206  
6859.585167  
6910.360981  
6919.736816  
6962.486341  
6997.008275  
7016.083535  
7010.832455  
7021.782702  
7078.348016  
7014.225111  
7019.524298  
6962.535966  
6996.354749  
6942.379292  
7037.489232  
7005.415656  
7033.273438  
7060.697163  
7056.314556  
7106.299946  
7082.733334  
7103.198641  
7144.155569  
7143.805818  
7125.0873  
7149.855687  
7127.602719  
7110.231689  
7033.546682  
7001.934082  
6984.879844  
6943.586863  
6965.151817  
7036.949373  
7035.924239  
7093.814055  
7066.806242  
7029.989155  
7020.277035  
7019.239939  
6986.754626  
6967.991802  
7022.445659  
6995.84091  
6938.828909  
6939.662816  
6973.967735  
6945.666581  
6999.404888  
7018.300576  
7043.808054  
7058.791632  
6975.269133  
7026.792429  
7080.882427  
7087.071173  
7043.385408  
7047.655094  
7101.013929  
7039.249949  
7055.72096  
7043.580155  
6984.262811  
6885.557437  
6855.830746  
6852.765432  
6804.531096  
6826.669819  
6971.278307  
6936.210938  
6972.696495  
7028.739181  
7042.70396  
7102.972553  
7111.302786  
7104.291581  
7081.092182  
7074.208869  
7063.870027  
6980.721436  
7000.120503  
6976.708175  
6987.759727  
6938.684365  
6952.442139  
6903.489566  
6914.337582  
6946.731985  
6921.73972  
6937.79631  
6976.515702  
7013.678557  
7091.401239  
7169.263338  
7262.55321  
7264.42361  
7246.80781  
7193.357422  
7169.07905  
7159.791607  
7095.553171  
7086.215191  
7030.503238  
6969.926321  
6927.892681  
6944.640021  
6955.962467  
7007.504125  
7028.94548  
7015.657509  
7039.390869  
7008.651778  
6979.299702  
7007.180613  
6997.667044  
7018.969598  
7014.561742  
7016.124576  
7052.831286  
7054.505924  
7060.478991  
6994.039833  
6918.822728  
6916.432039  
6990.534899  
7063.078176  
7115.919703  
7072.531173  
7108.227269  
6997.744475  
6988.111701  
7075.629626  
7096.442293  
7033.50081  
7034.791812  
6986.844354  
6972.672813  
6992.064646  
7034.017013  
7050.955335  
6998.499319  
7002.018054  
6985.914204  
6994.798545  
7070.030865  
7050.995554  
7073.53878  
7104.421592  
7056.974571  
7109.289564  
7046.420963  
7075.029348  
7020.565725  
7019.531263  
7001.84817  
6996.817267  
6983.621826  
6959.020071  
6925.010472  
6964.807283  
7029.579063  
7006.730148  
7031.7808  
7019.581055  
7007.705849  
7001.781751  
7023.229903  
6946.774337  
6964.245464  
7005.588328  
6996.846089  
7059.192216  
7035.935187  
7075.378842  
7011.962364  
7004.534167  
7019.716643  
6987.5193  
6955.811626  
7002.769056  
7017.153423  
7006.922338  
7013.563746  
7018.25072  
7048.878161  
7110.040579  
7187.271099  
7196.615556  
7117.926411  
7022.328356  
6936.159758  
6953.07959  
6952.478336  
6960.183941  
7013.27354  
7049.245413  
7043.57278  
6984.573345  
6965.139456  
6953.888158  
6964.023476  
6917.037443  
6965.019544  
7014.639019  
7021.921065  
6989.116185  
7022.543573  
6990.378341  
6954.93317  
7019.951313  
7015.405145  
6993.63988  
7034.947741  
7049.512978  
7060.799111  
7074.035041  
7087.446932  
7114.83126  
7080.775057  
7069.864078  
7070.248548  
6977.185187  
6975.603683  
6945.013004  
6988.07463  
7004.292095  
7058.425614  
6993.283319  
7030.631001  
6996.625977  
6999.223402  
7036.107563  
7025.09321  
7015.686241  
7005.21618  
7004.572381  
7031.148887  
7010.196533  
7009.501452  
7044.332275  
7036.908948  
7026.857178  
6993.553634  
7029.725355  
7036.73841  
7093.39245  
7018.384033  
7036.371608  
7047.982139  
7047.305253  
7029.512567  
7033.928608  
7046.057951  
7066.565147  
7067.343454  
7091.55028  
7089.393825  
7110.997237  
7055.889828  
7078.675833  
7038.107987  
7070.510832  
7045.484272  
7013.684121  
7000.71361  
6986.905954  
6940.354556  
6881.619539  
6878.080656  
6921.105494  
6932.064132  
7002.332777  
7046.702303  
7064.655106  
7065.852269  
7081.98805  
7031.592362  
6984.260639  
7003.710192  
6991.395598  
6932.145161  
6937.913253  
6955.291799  
6968.74919  
6992.040245  
7013.433864  
6996.974751  
7004.01461  
7079.157818  
7094.054289  
7067.602089  
7076.954037  
7075.571764  
7078.784719  
6969.501812  
7003.449077  
6983.872327  
7012.663793  
7043.446726  
7030.455322  
7038.360107  
7111.600573  
7115.418072  
7074.55064  
7070.362459  
6987.838417  
6960.218197  
6871.210141  
6850.488924  
6862.589882  
6898.342285  
6949.241815  
6980.772692  
6991.609645  
7036.89669  
7061.969611  
7072.378148  
7081.380397  
7135.00663  
7159.564222  
7099.103143  
7106.885986  
7035.441702  
6993.181037  
6965.885537  
6995.304932  
7001.294369  
7007.890625  
7013.636693  
7023.755628  
7028.050563  
6999.283743  
7003.244205  
7006.417211  
7007.334241  
7059.477488  
7083.048494  
7073.985544  
7107.450144  
7090.440211  
7104.041414  
7089.548982  
7105.880384  
7105.447356  
7123.065057  
7145.332712  
7057.253739  
7039.383275  
7007.105276  
7039.208201  
7022.841039  
7009.69787  
7023.5317  
7014.152768  
7083.042686  
7004.583804  
7016.47556  
6988.643388  
6911.771921  
6911.89227  
6944.531931  
6969.924265  
6997.830412  
6938.464831  
6957.408512  
6997.2854  
7109.701686  
7249.777768  
7257.049162  
7253.946854  
7249.670667  
7113.253135  
6943.146549  
6858.694028  
6787.811433  
6714.124383  
6619.008712  
6630.488384  
6700.349841  
6759.261719  
6843.299175  
6886.975393  
6976.375437  
7068.503238  
7100.902228  
7167.433697  
7162.475213  
7213.856175  
7160.106304  
7114.986572  
7087.136629  
7108.852282  
7099.264379  
7108.743755  
7079.191059  
7150.947317  
7097.384778  
7110.203099  
7056.717683  
7035.923854  
6979.111919  
7017.699296  
7019.007003  
7061.861585  
7036.239142  
7026.472001  
7037.729608  
7056.517694  
7076.653192  
7071.527549  
7089.677246  
7032.196469  
7089.325067  
7061.84429  
7015.292532  
7035.01231  
7032.829076  
6956.135742  
6961.761577  
6948.798211  
7013.956569  
7014.162765  
7018.598671  
7001.300627  
6989.725432  
6962.12554  
6925.406263  
6940.008738  
6972.472888  
6957.714034  
6939.001323  
6927.531224  
6963.761719  
6986.931962  
7005.254266  
7021.716784  
7012.85827  
7048.039538  
6997.893426  
7023.994578  
7034.300537  
7000.401097  
6975.789731  
6980.721744  
7018.757556  
7035.047877  
7033.614759  
7048.912816  
7112.143914  
7133.457995  
7156.652125  
7146.451146  
7143.627223  
7122.182322  
7069.336002  
6988.823294  
6962.158936  
6940.385601  
6969.543894  
6990.308992  
7033.420873  
7087.033434  
7036.66166  
7079.657188  
7075.753778  
7037.305561  
6992.537623  
7016.443  
7041.0965  
7050.232538  
7095.765625  
7043.419575  
7014.523797  
6993.529798  
6942.498124  
6987.753662  
6974.924085  
6982.82427  
6962.161313  
6959.127146  
6979.916722  
7029.403192  
7003.524247  
7029.860583  
7057.417134  
7066.541941  
6981.064954  
7028.80754  
7065.273309  
7031.910156  
7024.054752  
7051.672787  
7109.289949  
7052.16103  
7021.428621  
7005.803839  
6966.600547  
7063.105289  
7075.060226  
7088.500527  
6997.121762  
6971.569028  
6985.854454  
6965.055574  
6968.836593  
7028.74698  
7025.336156  
7032.226447  
7098.474147  
7094.441034  
7082.468108  
7051.657573  
7117.66757  
7085.05321  
7046.913998  
7050.292185  
7042.774208  
6958.646266  
6932.904824  
6954.166517  
6898.398836  
6864.161017  
6884.72362  
6950.749358  
7048.967388  
7086.432579  
7056.213289  
7053.536133  
7025.829114  
7067.523219  
6991.421914  
6992.003701  
7080.48309  
6985.606163  
7053.337916  
7011.764533  
6976.308067  
6936.874216  
6899.073345  
6873.211194  
6928.305908  
6995.886911  
7001.781096  
7124.442062  
7042.493524  
7009.551912  
7050.471821  
7004.4251  
6978.336027  
7023.144827  
7077.601473  
7076.782085  
7036.63253  
7047.542095  
7040.163793  
7012.082892  
6980.022487  
7007.384342  
7035.501028  
7035.101331  
7020.485493  
7072.128444  
6748.993524  
7209.989361  
7055.432951  
7049.88483  
7089.691059  
7030.718223  
7060.739181  
7042.196867  
7011.468956  
7021.536326  
7011.158486  
6996.172569  
7024.579821  
7067.036223  
7080.332905  
7137.868986  
7160.998792  
7148.750206  
7097.518388  
7106.643555  
7067.571173  
7053.484825  
7015.367612  
6990.263543  
6985.252557  
7052.018105  
7008.120426  
6986.15846  
6962.523746  
6935.162765  
6944.461194  
6996.413754  
7022.449296  
6994.478143  
6980.191085  
6974.965628  
6926.918149  
6882.08356  
6909.032741  
6945.203549  
6934.170834  
7007.86995  
7055.104248  
7013.064851  
7054.536159  
7101.340461  
7038.69503  
7003.99071  
6977.23363  
7187.312461  
7148.583213  
7187.877865  
7151.295166  
7087.616237  
7061.220048  
6979.053441  
6926.979094  
6949.473222  
6961.400969  
6901.91297  
6948.95662  
6894.297813  
6878.235287  
6901.908807  
6948.458856  
6945.820235  
6940.532573  
6948.504639  
6942.409745  
6930.385511  
6936.995413  
7046.08171  
7046.5248  
7088.703292  
7087.988782  
7133.20991  
7118.228593  
7098.033267  
7109.05754  
7110.422993  
7056.386847  
7011.342658  
6982.81913  
7049.605623  
7093.466964  
7099.074347  
7126.162084  
7154.33604  
7104.667686  
7131.476909  
7054.126079  
7049.602719  
7039.185624  
7053.625013  
7059.09907  
7034.126285  
7081.836169  
6998.109581  
6945.677837  
6972.82941  
6982.472772  
7044.096898  
7033.270315  
7050.274774  
7031.117522  
7035.316214  
7030.251568  
6969.430947  
6999.188387  
6919.786762  
6898.991352  
6878.818359  
6931.467555  
6966.058337  
7005.58951  
7070.085244  
7072.445171  
7127.889404  
7140.765317  
7138.954924  
7091.937256  
7015.350535  
6972.591296  
7010.149992  
6986.941265  
6996.5294  
7066.360994  
7045.210925  
7072.058748  
7106.557013  
7103.055741  
7078.293406  
7055.838674  
7120.28179  
7059.870143  
7017.294125  
6967.723967  
6960.361971  
6943.501208  
6946.363821  
6913.344547  
6984.5795  
6995.325825  
7002.921233  
7032.407818  
7030.6659  
7054.020662  
7079.402883  
7041.362112  
7001.202752  
6971.599044  
6991.117869  
6931.965268  
6993.97894  
7043.40075  
7123.17149  
7099.085359  
7059.164114  
7018.103811  
7008.085655  
7040.108308  
6959.369346  
6923.171451  
6806.772872  
6710.119025  
6747.676809  
6815.319297  
6865.631296  
6916.446263  
6942.693976  
6896.080117  
6874.475509  
6986.609105  
7038.548481  
7066.876979  
7107.242663  
7139.772499  
7130.193372  
7150.577277  
7203.779477  
7258.930317  
7295.183954  
7251.898797  
7174.997135  
7144.922852  
7126.438759  
7060.055818  
7196.939068  
6910.376234  
7228.664923  
7174.318861  
7264.090049  
7175.540026  
7066.793508  
7008.559005  
6813.407522  
6712.144737  
6757.177246  
6835.566535  
6869.338417  
6901.663587  
6991.519955  
6924.573461  
6983.958162  
6977.147384  
6958.845305  
6976.078498  
7000.368845  
6968.203806  
7020.138762  
7004.613076  
7036.29568  
7007.409154  
7024.755949  
7108.70991  
7155.120014  
7142.453767  
7132.102899  
7107.774054  
7086.714021  
7013.403179  
6995.389276  
6906.026727  
6972.116339  
6971.412161  
6998.633532  
7015.44715  
7030.3773  
7011.44918  
7088.117869  
7130.816201  
7158.164191  
7092.953986  
7038.494115  
6984.639893  
6964.687115  
6968.168753  
6969.229377  
6983.059609  
6945.01948  
6940.338906  
6917.639944  
6923.687924  
6940.997751  
6967.140432  
7067.410503  
7061.686973  
7049.088906  
7030.390072  
6986.978207  
6971.696032  
7057.285118  
7157.608334  
7036.831928  
7185.257478  
7205.58703  
7183.094174  
7132.327187  
6975.860917  
6878.974584  
6756.569811  
6911.340036  
6896.330502  
7000.492779  
7057.916067  
7081.612125  
7092.892308  
7118.823833  
7041.105854  
6991.66802  
7015.604492  
7022.764803  
7061.688502  
7070.852154  
7041.766345  
7093.12261  
7021.606574  
7032.408524  
7078.241031  
7038.77913  
7027.160092  
7033.129729  
7066.505307  
7107.779978  
7044.953433  
7036.342889  
7043.97051  
6980.707185  
7002.322844  
7021.051501  
7023.443938  
7061.646472  
7066.435226  
7006.885524  
7005.808157  
7085.140985  
7055.692717  
7021.17555  
6968.670886  
6940.438207  
6870.26001  
6869.308131  
6877.803274  
6853.98485  
6832.669613  
6852.390998  
6950.122559  
6904.777177  
6876.71839  
6949.332545  
6954.14881  
6945.40589  
6945.522255  
6974.634149  
7013.545359  
7089.551745  
7104.175293  
7143.88253  
7105.549818  
7135.47308  
7159.664936  
7111.860043  
7123.8851  
7092.31498  
7129.215036  
7126.740196  
7122.620014  
7081.990067  
7101.415707  
7040.648656  
7015.259599  
7045.184365  
7018.321225  
6984.442164  
7013.205322  
6989.225573  
6947.748458  
6934.042712  
6917.693179  
6971.481844  
7063.416003  
7038.979659  
7059.041273  
7105.847643  
7103.068218  
7102.791427  
7071.676706  
7031.985711  
7034.318809  
7013.856561  
7023.517475  
7080.471179  
7051.064543  
7016.848145  
6988.876208  
6938.40589  
6929.852783  
6899.528063  
6944.036416  
7000.306679  
6988.250064  
7010.910696  
6995.784514  
7001.316445  
6954.163022  
6973.612562  
6972.330888  
6988.412084  
6990.173455  
7019.4499  
7087.296657  
7066.265638  
7129.798545  
7134.940957  
7140.215846  
7106.94467  
7049.158704  
7047.570852  
7012.41049  
7047.610917  
7039.386166  
6996.218056  
7014.916645  
6957.880975  
6964.329423  
6941.333188  
6978.445068  
6981.264379  
7000.574553  
7023.788716  
7047.339857  
7087.145508  
7055.962107  
7021.122199  
7007.740543  
7041.24477  
6986.311279  
7021.549753  
7068.589394  
7001.617869  
6966.350663  
6969.085192  
6970.146446  
6969.845459  
6981.560624  
6960.452727  
6957.340705  
6957.179186  
7068.090422  
7130.633725  
7132.418881  
7128.883404  
7091.883018  
7067.763955  
7026.833329  
7020.870477  
6962.988525  
6981.859234  
6940.853361  
6955.104107  
6961.941882  
7021.336554  
6966.717761  
6972.26682  
6973.870554  
7029.496094  
6989.957828  
7025.118177  
7064.440815  
7059.548353  
7093.75406  
7067.783537  
7029.403783  
7063.039384  
7024.444272  
7024.450272  
7077.34339  
7097.659128  
7142.126144  
7118.341411  
7072.989001  
7129.847464  
7092.118524  
7070.092414  
7067.307476  
7040.516113  
7044.485968  
7014.120528  
7029.503688  
6978.66121  
7062.985891  
7054.161043  
7060.88668  
7079.899208  
7114.799059  
7085.495798  
7080.18962  
7046.069606  
6965.321687  
6852.315738  
6875.997353  
6849.392874  
6899.779374  
6922.773168  
6934.66297  
6940.690674  
6920.691252  
6883.953022  
6899.787251  
6877.84817  
6889.910092  
6876.015175  
6939.060174  
6963.100021  
6993.908319  
7072.361675  
7146.455862  
7150.374923  
7182.466797  
7162.191393  
7117.314016  
7091.387258  
7095.957609  
7116.512721  
7202.985737  
7164.735197  
7183.604081  
7144.383661  
7118.757864  
7106.826249  
7070.533203  
7051.313656  
7073.498779  
7088.198499  
7071.153487  
7055.686832  
7108.760986  
7051.098222  
7007.118074  
6904.330888  
6932.027511  
6925.531147  
6925.247469  
6930.372571  
6904.621389  
6896.371094  
6969.885742  
7035.332558  
7004.51159  
7036.792339  
6988.047903  
6987.914409  
6922.984079  
6966.31647  
7012.061022  
7073.726601  
7041.917596  
6955.741211  
6984.676475  
6949.486277  
7022.164769  
7075.566535  
7076.372764  
7048.420963  
7016.961092  
6208.908222  
7343.560624  
7086.704307  
7078.433581  
7062.827123  
7002.774607  
6969.439119  
6957.070955  
6903.32711  
6941.263351  
7015.554392  
6980.979865  
6994.597425  
7049.042596  
7052.23877  
7126.774633  
7126.414294  
7158.383172  
7075.993794  
7073.692961  
7017.386179  
7009.133082  
7018.424599  
7034.552786  
7023.539127  
7040.363011  
7090.199386  
7096.485017  
7086.024555  
7075.115183  
7087.805034  
7001.039769  
6913.179585  
6854.845163  
6818.149324  
6804.599121  
6977.047736  
7098.876375  
7169.662842  
7043.33861  
6982.184429  
6946.067357  
6925.996569  
6915.023013  
6858.100997  
6897.984041  
6929.572818  
6940.010768  
7016.052786  
7100.242175  
7081.420526  
7091.510113  
7101.071109  
6902.835513  
7150.145675  
7123.995297  
7073.725342  
7087.812166  
6995.738307  
7006.226023  
6937.328215  
6947.898052  
6908.95432  
6924.759432  
6963.977668  
7020.596114  
7120.898386  
7081.165052  
7073.150249  
7058.545217  
7029.936511  
7037.985416  
6985.582609  
6996.209755  
7004.825696  
7029.761153  
7066.987934  
7095.753392  
7158.748252  
7150.412379  
7137.941535  
7034.110763  
7060.936588  
6999.003919  
6994.657496  
7040.359259  
7048.122816  
7103.445595  
7029.512837  
7010.116082  
6999.836991  
6987.989232  
7014.679315  
7050.985326  
7039.174188  
7043.553582  
7067.048494  
7033.640201  
6993.36075  
7024.399633  
7050.877184  
7031.095061  
7092.071495  
7082.117689  
7097.777973  
7079.979916  
7088.06417  
7061.793753  
7069.453832  
7061.508442  
7014.342439  
7041.918418  
6984.045346  
6973.434262  
6968.511796  
6985.433183  
7006.285156  
7043.21167  
7003.756361  
7020.646304  
7020.091861  
7042.387361  
7039.335359  
6985.628521  
7002.100702  
6987.556589  
7007.174355  
6974.313888  
7024.604389  
6998.349365  
6990.470176  
6987.21361  
7059.305638  
7069.305626  
7009.742329  
7029.103965  
6995.361328  
6987.927015  
6982.478092  
6977.545821  
7043.787636  
7078.818179  
7002.204808  
7096.051334  
7059.322497  
7107.472386  
7100.684416  
7093.271009  
7015.74549  
7040.258648  
6987.594264  
6885.411929  
6877.865992  
6872.472232  
6918.015008  
6977.093917  
7033.776213  
7036.332777  
7063.180137  
7071.874049  
7026.343506  
7016.648091  
7020.108964  
7032.081132  
6943.060123  
6954.188785  
6964.500128  
6953.495798  
6982.034308  
6989.206299  
6994.635061  
7007.367804  
7006.649131  
6996.494526  
6997.382221  
7068.739476  
7058.766036  
7010.218377  
7004.608617  
6933.87951  
7026.349147  
7026.771703  
7010.051732  
7057.581132  
7087.957725  
7047.301501  
7056.003855  
7069.184288  
7106.150339  
7046.22556  
7163.53815  
7138.354364  
7056.072189  
7064.721012  
7090.148951  
7067.19679  
7021.466321  
6902.590499  
6910.513222  
7005.815648  
7048.228066  
7038.508404  
6962.736983  
6932.735853  
6913.975098  
6967.397512  
6925.652536  
6962.426951  
6976.452264  
7010.856664  
6962.408177  
6931.81331  
6952.47141  
6944.4214  
7030.999152  
7095.912341  
7074.796888  
7128.738988  
6959.030363  
6954.912546  
6978.586426  
6944.6135  
6967.698396  
6998.39227  
7009.030967  
6975.483733  
7043.049483  
7084.379549  
7093.545513  
7117.957815  
7087.787019  
7164.880795  
7160.635537  
7099.960064  
7086.255898  
7079.836233  
7066.302619  
6982.249358  
6986.618113  
6999.731368  
7019.554688  
7018.629305  
7048.417313  
7067.449861  
7074.422428  
7076.310573  
7100.590769  
7067.986238  
7027.248137  
7003.51019  
7009.00762  
6961.505602  
6978.901855  
6968.924316  
6950.411878  
6970.654284  
7032.290502  
7008.563592  
7086.075684  
7065.437115  
7069.534552  
7015.391833  
7015.727693  
6949.984645  
6962.403706  
7001.031803  
6985.479569  
7005.588353  
7026.142912  
6994.816342  
7025.607782  
7000.484144  
7009.626555  
7033.752865  
7028.459524  
7011.078279  
6939.830297  
6935.461451  
6867.712158  
7129.98868  
7223.400686  
7218.418418  
7214.308093  
7115.045102  
7116.292339  
7027.626568  
7012.074514  
6915.726691  
6946.017642  
6907.103837  
6972.527704  
6941.511655  
6951.341771  
6968.577817  
6949.177426  
6968.333573  
7032.395623  
7050.44548  
7129.301115  
7080.689042  
7068.539461  
7097.171991  
7105.196071  
7108.66405  
7118.194567  
7060.603683  
7063.380166  
7048.998766  
7043.090358  
7000.041324  
6989.220241  
7001.19769  
6992.363166  
7014.803146  
7053.142925  
7077.095665  
7035.875128  
6969.282895  
6912.647088  
6871.121839  
6913.051655  
6950.938862  
6968.839073  
7055.000848  
7065.310508  
7086.351742  
7089.148823  
7129.64962  
7052.252686  
6999.227282  
6978.527626  
7025.122122  
6999.726755  
7009.730636  
7079.4476  
7111.027357  
7053.027986  
7065.113847  
7065.408974  
7038.569195  
6982.106317  
6959.70865  
6911.076275  
6915.536724  
6886.982859  
6969.80019  
6973.576095  
7030.811382  
7077.729492  
7081.957841  
7114.962685  
7104.207494  
7000.85029  
6949.501555  
6927.39376  
6962.213533  
7052.724622  
7051.17077  
7126.587094  
7109.221397  
7022.613256  
7015.641139  
7027.184622  
7037.047672  
7000.283396  
6973.353708  
6959.902048  
6981.160902  
7060.783653  
7044.951288  
7121.423931  
7088.39493  
7078.756361  
6983.48363  
6941.955721  
6912.563027  
6950.755448  
6976.760858  
7022.914744  
7106.315263  
7119.575619  
7133.89457  
7127.891936  
7131.505564  
7067.320081  
7031.313412  
7011.337608  
6922.873381  
6923.314916  
6956.561485  
6970.944143  
7020.442717  
7028.801809  
7040.260601  
6989.039294  
6969.595613  
6962.119282  
6979.032946  
6991.661917  
7003.21812  
7007.48981  
7036.158139  
7010.566291  
6976.087685  
6946.95184  
6978.30596  
6966.496325  
6930.572574  
7012.440802  
6977.078086  
6937.353696  
6979.627634  
7075.174702  
7036.567216  
7047.336349  
7102.169588  
7079.671811  
7067.042519  
7096.159411  
7255.180394  
7009.393182  
7144.98805  
7051.316727  
7101.969945  
7115.557167  
7087.415694  
6999.256116  
7005.311536  
6903.155119  
6925.496299  
6904.449694  
6994.043046  
7002.083008  
7060.908987  
7036.628868  
7050.895598  
7045.752094  
7100.906905  
7044.539165  
7020.702418  
7068.510819  
7073.728246  
7099.239977  
7134.557759  
7156.224005  
7089.369398  
7036.228002  
7003.56561  
7048.707751  
7088.750925  
7040.763068  
7058.09871  
7008.075298  
7007.986894  
6936.672222  
6988.240992  
7027.284527  
7072.543457  
7057.739425  
7009.127094  
6956.065314  
6940.931409  
6886.793675  
6957.635549  
6930.194207  
6979.240633  
6972.444721  
6972.013788  
6994.085102  
7022.293907  
7055.540489  
7014.226203  
7003.411608  
6927.874319  
6926.730379  
6945.213109  
6911.145893  
6909.044755  
6999.581119  
7039.393606  
7138.936074  
7111.859272  
7210.930767  
7163.586374  
7125.293161  
7026.850483  
7013.328035  
6983.35651  
7043.707417  
7080.1604  
7112.353657  
7088.5386  
7055.70112  
7015.714857  
6991.934493  
6937.374794  
6966.184262  
7013.69981  
7074.41653  
7068.262066  
7067.566239  
7084.975355  
7051.262438  
7048.373869  
7014.227886  
7055.969765  
7028.842298  
7054.214253  
7051.87491  
7085.510948  
7075.083342  
7085.8635  
6878.237934  
7093.843185  
7073.571263  
7107.671926  
6959.29595  
6987.640946  
7018.77453  
6986.041311  
6925.961837  
6970.473993  
6944.757967  
6890.952174  
6949.249653  
6973.793932  
7090.72416  
7040.905775  
7027.213109  
7010.563258  
7052.428557  
7031.669768  
7040.76876  
7071.22768  
7061.901252  
7059.759727  
7028.75212  
7018.082365  
6983.170153  
6959.292763  
6997.76894  
7010.60854  
7033.355392  
7081.022667  
7038.981484  
7044.00185  
7032.708856  
7022.817383  
6999.804675  
6976.712351  
6972.433298  
6953.107024  
6910.773823  
6928.752788  
6929.81002  
6946.617971  
7011.789821  
7010.877596  
7026.821161  
7074.850907  
7077.117637  
7022.291722  
7064.19512  
7099.33338  
7041.809943  
7050.41748  
7024.060971  
6954.108925  
6931.513081  
6898.64741  
6877.854377  
6851.594431  
6913.200247  
6959.232242  
7003.85633  
7018.042134  
7051.266679  
7070.763518  
7088.972052  
7021.286467  
7075.524568  
7116.842157  
7049.827328  
7063.882299  
7090.773438  
7096.877634  
7104.907599  
7116.874345  
7131.017038  
7030.802979  
6999.117483  
7051.643105  
6903.419536  
6958.62802  
6970.150314  
6971.489014  
6953.134894  
6938.455952  
6855.005255  
6910.525699  
6878.57774  
6960.394454  
6996.490337  
7081.900481  
7075.578074  
7056.617367  
7036.573101  
7009.947638  
6991.752531  
7024.851961  
7005.47398  
7009.979839  
7095.325581  
7279.650995  
7268.600162  
7262.019313  
7205.678955  
7086.704783  
6939.274003  
6940.121968  
6962.058478  
6871.516267  
6820.484992  
6802.316342  
6854.188027  
6849.578588  
6852.747726  
6916.787148  
6946.534976  
6988.887862  
7060.795706  
7111.132453  
7105.257042  
7091.450902  
7126.060226  
7112.531828  
7112.511282  
7026.066059  
7059.511141  
7087.813297  
7118.157663  
7072.164769  
7122.343557  
7021.44061  
7007.958894  
6985.855482  
7048.152639  
6982.654502  
7033.71334  
6994.788703  
7039.184545  
7006.928274  
7075.877403  
7041.211901  
7024.435393  
7000.453549  
7066.743228  
7038.63934  
7076.842452  
7108.860647  
7103.922852  
7073.179366  
7063.345189  
7084.189248  
7023.174638  
7093.917866  
7019.788124  
7045.506579  
7000.253431  
7027.064492  
6978.232859  
6943.33135  
6932.715525  
7014.778333  
7001.845202  
7019.533447  
6968.044511  
6978.01213  
7012.288471  
7029.708291  
7036.765265  
7015.173083  
7020.240658  
6989.888042  
7049.830181  
7067.782008  
7173.356034  
7056.237883  
7083.508571  
7060.038831  
7013.365658  
6968.757466  
6956.461965  
6904.030145  
6960.998985  
6929.170423  
7001.099802  
7041.995194  
6991.984311  
7008.878585  
7078.229569  
7074.463687  
7028.294575  
6952.913279  
6910.354415  
6878.813425  
6933.835616  
6974.774761  
6991.056474  
7035.388762  
7033.934185  
7078.345433  
7040.723414  
7028.340769  
7042.337672  
6993.167545  
6968.851755  
7023.008995  
7056.378881  
7082.485557  
7052.532278  
7125.173738  
7081.487986  
7074.728657  
6986.847361  
6945.004793  
6944.420834  
6941.236547  
6943.761667  
7043.038806  
7044.607525  
7118.81791  
7134.299432  
7109.499872  
7038.010909  
7068.528937  
7028.00487  
7062.357666  
7008.605533  
7010.711143  
7050.224841  
7017.817023  
6958.794806  
7001.793149  
6921.442087  
6963.336606  
6966.659578  
7012.369552  
7044.249229  
7006.758815  
6997.314286  
7049.327431  
7044.036338  
7066.659989  
6999.876195  
7038.760113  
6947.366751  
6966.045616  
7008.342337  
7029.291337  
7033.76276  
7132.009136  
7076.720112  
7097.041234  
7056.954359  
7076.655016  
7024.785156  
7055.469971  
7121.669125  
7100.35746  
7127.386911  
7095.007851  
7009.283344  
6888.372019  
6998.502364  
7016.860557  
7039.411467  
7004.601742  
6992.427696  
6980.68822  
7051.261243  
6970.992239  
6929.904682  
6875.421772  
6916.67086  
6839.113898  
6899.663484  
6944.578408  
6978.787366  
7050.538818  
7028.153076  
6939.162019  
6945.646125  
6935.967401  
6951.268439  
7013.112767  
7004.136989  
6986.427105  
7078.033486  
7014.674522  
7074.260125  
7108.002544  
7115.118421  
7069.19467  
7079.08356  
7058.86057  
7030.668778  
6903.231985  
