10653.6731  
10727.13989  
10717.98495  
10740.06046  
10751.50276  
10758.28589  
10750.51314  
10716.16573  
10727.60429  
10728.93562  
10825.83772  
10759.78074  
10768.91412  
10745.85649  
10749.12324  
10721.19273  
10694.706  
10732.25077  
10753.02757  
10776.6965  
10778.72096  
10774.72898  
10748.54722  
10765.41994  
10752.43481  
10715.36788  
10700.07457  
10736.29266  
10722.17416  
10702.18388  
10670.84769  
10690.75485  
10687.92337  
10703.78822  
10728.41525  
10731.73762  
10731.007  
10767.77902  
10788.25278  
10768.09636  
10746.00278  
10743.40155  
10781.3349  
10714.77966  
10730.15675  
10751.18538  
10724.1614  
10719.99818  
10721.04048  
10715.97972  
10746.95329  
10755.54012  
10725.25239  
10756.85466  
10779.64691  
10731.3599  
10753.67265  
10730.78208  
10693.51015  
10692.54797  
10743.60192  
10768.27242  
10744.92722  
10766.55725  
10772.9243  
10723.41145  
10684.73795  
10729.43255  
10692.56095  
10696.17868  
10700.21263  
10752.55228  
10743.88708  
10724.34392  
10746.45804  
10757.46423  
10763.02934  
10740.55945  
10721.68436  
10757.52259  
10722.65242  
10782.65593  
10774.1235  
10734.11078  
10743.25381  
10741.69815  
10763.57779  
10790.9719  
10827.98149  
10779.4253  
10712.35984  
10715.08628  
10611.80991  
10621.62982  
10625.08536  
10715.51614  
10660.11057  
10686.78614  
10696.49639  
10703.40665  
10706.98125  
10716.46768  
10735.29159  
10774.21906  
10789.77678  
10758.07488  
10757.4153  
10743.48886  
10788.15838  
10751.22454  
10795.36582  
10768.40813  
10770.62747  
10744.31964  
10743.42884  
10768.01497  
10744.68729  
10772.58453  
10755.33111  
10782.8501  
10746.93744  
10755.93562  
10751.09602  
10786.47393  
10729.49761  
10755.26718  
10739.88777  
10716.1734  
10694.42183  
10670.50763  
10685.5633  
10715.97128  
10702.64831  
10696.27031  
10741.04727  
10740.41498  
10733.64026  
10788.26031  
10745.99292  
10720.45565  
10739.05771  
10711.97294  
10764.74661  
10749.52578  
10728.4123  
10704.66389  
10718.91359  
10698.6888  
10722.34489  
10717.40413  
10718.24147  
10750.44734  
10733.36563  
10808.87114  
10740.21815  
10785.13358  
10746.41148  
10760.80698  
10755.89737  
10747.61278  
10774.8021  
10779.21225  
10795.28512  
10773.99268  
10769.00148  
10716.89596  
10688.85436  
10684.09448  
10678.24685  
10671.9575  
10724.45349  
10736.51826  
10730.34565  
10658.57409  
10688.37849  
10656.20178  
10684.24727  
10702.44408  
10730.72741  
10754.42063  
10722.95256  
10766.86441  
10732.59852  
10747.04177  
10713.18028  
10718.64899  
10721.17009  
10734.40448  
10765.2561  
10780.77809  
10825.84363  
10757.0638  
10774.17335  
10725.8292  
10719.91951  
10696.99601  
10731.31959  
10759.7136  
10783.67351  
10811.57916  
10780.28551  
10748.02897  
10775.92387  
10739.06096  
10743.09881  
10709.09272  
10723.83753  
10691.54507  
10721.9494  
10726.50478  
10746.15402  
10733.5157  
10765.02903  
10709.50776  
10641.16374  
10645.65987  
10675.13765  
10672.59748  
10714.10066  
10700.74096  
10729.6448  
10729.7553  
10746.96798  
10778.09002  
10824.88295  
10783.02451  
10760.69256  
10765.13238  
10679.92054  
10730.49246  
10766.11191  
10748.89672  
10750.98409  
10741.31794  
10789.29587  
10805.66516  
10766.88922  
10700.83664  
10713.18753  
10683.17675  
10684.54761  
10710.29341  
10674.64671  
10663.28327  
10687.87096  
10732.29129  
10737.04514  
10750.37003  
10719.36229  
10701.94326  
10704.48491  
10706.85912  
10731.49035  
10769.68553  
10795.22248  
10791.64393  
10734.09144  
10760.1356  
10738.04315  
10693.88734  
10676.69959  
10741.92608  
10781.98398  
10790.2432  
10748.64899  
10814.08556  
10845.90706  
10814.10174  
10766.06625  
10758.08007  
10746.2731  
10757.75703  
10737.6521  
10717.83672  
10746.60951  
10761.33709  
10733.37027  
10743.1284  
10759.55027  
10751.49842  
10794.61062  
10725.25331  
10730.47299  
10696.38149  
10702.61031  
10689.96076  
10691.65789  
10696.29177  
10702.11406  
10674.53875  
10715.05008  
10785.0147  
10794.31533  
10763.59221  
10768.83279  
10768.91923  
10772.6411  
10731.10471  
10737.79827  
10734.97779  
10730.49441  
10724.61924  
10703.00348  
10680.92909  
10736.62711  
10748.85485  
10735.79995  
10751.01913  
10761.61753  
10710.73837  
10720.04418  
10693.87249  
10700.34362  
10739.57191  
10743.6405  
10718.01752  
10757.99463  
10729.92583  
10737.97241  
10735.5944  
10745.11057  
10758.81093  
10790.12859  
10777.4607  
10730.22739  
10733.60684  
10725.74605  
10732.19563  
10757.77406  
10746.20301  
10754.3292  
10738.55281  
10738.90221  
10752.22435  
10741.37068  
10730.46556  
10786.08225  
10761.60329  
10752.47645  
10730.38743  
10726.85457  
10749.37568  
10695.16603  
10697.90727  
10749.5564  
10793.27934  
10794.19541  
10761.76069  
10748.7022  
10741.78719  
10763.1396  
10725.01574  
10715.18072  
10709.16629  
10703.21003  
10735.32649  
10714.28125  
10720.12029  
10775.57034  
10716.67943  
10731.82689  
10743.95629  
10743.1079  
10727.31666  
10768.3549  
10768.4151  
10771.99177  
10771.44832  
10739.5582  
10756.91805  
10730.43428  
10727.11495  
10717.80126  
10711.14193  
10731.00833  
10730.80014  
10719.32425  
10724.06809  
10732.18194  
10758.85391  
10738.25393  
10710.39759  
10734.7297  
10726.18654  
10775.1747  
10760.91879  
10789.19853  
10752.36932  
10729.60224  
10723.33459  
10722.798  
10706.29109  
10699.11079  
10727.67933  
10723.67182  
10718.65035  
10696.92662  
10738.55931  
10748.99253  
10739.69203  
10794.95497  
10775.82136  
10751.98991  
10692.59132  
10690.02488  
10665.95455  
10670.81955  
10691.94412  
10723.62761  
10715.93163  
10731.90112  
10703.41491  
10737.0429  
10777.25021  
10730.87902  
10751.45785  
10779.39708  
10738.59024  
10768.33222  
10779.88549  
10756.99885  
10734.58599  
10750.11811  
10758.47861  
10671.54088  
10729.80764  
10762.5185  
10763.74869  
10738.082  
10749.8888  
10744.4553  
10760.82656  
10773.65114  
10748.40594  
10682.60255  
10690.40651  
10737.00923  
10705.03497  
10684.61224  
10655.77025  
10654.34756  
10691.12511  
10705.89634  
10748.11562  
10711.64237  
10759.49232  
10801.7332  
10807.17233  
10775.76128  
10739.30763  
10730.14718  
10742.05171  
10714.52574  
10671.39267  
10695.81942  
10752.82616  
10722.43175  
10748.39401  
10788.82516  
10763.70025  
10760.4645  
10782.92055  
10751.80653  
10677.78223  
10676.01359  
10719.75588  
10692.38399  
10701.11916  
10691.81092  
10716.49922  
10672.89387  
10803.21998  
10825.2775  
10816.32322  
10787.93365  
10706.24277  
10709.91141  
10708.45914  
10646.92392  
10662.63182  
10682.31861  
10722.59379  
10727.56721  
10778.16396  
10755.21359  
10717.44339  
10717.10342  
10694.03744  
10701.92645  
10698.0741  
10707.47952  
10727.43177  
10733.01235  
10770.69556  
10767.1423  
10833.98046  
10849.37957  
10784.99736  
10765.58179  
10663.19986  
10694.85597  
10655.75451  
10669.48323  
10727.07112  
10744.51246  
10785.62616  
10779.38778  
10794.98892  
10765.28895  
10774.51292  
10779.38447  
10780.85958  
10789.09848  
10781.96604  
10768.89702  
10739.43686  
10724.64433  
10729.09345  
10712.05503  
10719.04611  
10720.06575  
10743.44521  
10785.20626  
10792.07378  
10799.89273  
10760.49231  
10787.68605  
10739.88083  
10756.16139  
10699.31788  
10698.28453  
10695.44254  
10699.49072  
10740.00496  
10750.07869  
10833.64544  
10825.8716  
10743.00692  
10701.70123  
10759.84878  
10745.0053  
10730.71645  
10712.1759  
10689.41738  
10710.45996  
10715.22636  
10740.26034  
10747.88643  
10777.25635  
10853.08067  
10724.51798  
10747.68404  
10711.76675  
10730.92785  
10672.28234  
10675.94256  
10700.00021  
10729.2722  
10726.13068  
10729.77314  
10730.40146  
10737.18659  
10750.33855  
10739.22984  
10695.11854  
10735.10843  
10704.57972  
10681.60774  
10708.07123  
10753.95733  
10776.2706  
10781.70263  
10765.32164  
10811.29638  
10757.27318  
10709.83217  
10687.04625  
10710.17461  
10727.79981  
10720.94859  
10746.0623  
10724.55787  
10757.14297  
10761.77517  
10784.36138  
10785.3157  
10745.86106  
10780.14905  
10719.11413  
10796.38576  
10707.50198  
10712.1092  
10709.73043  
10688.61537  
10660.06041  
10712.47239  
10740.59729  
10733.78064  
10753.78726  
10734.56304  
10770.98434  
10735.55651  
10785.15983  
10776.53015  
10772.55529  
10802.62799  
10782.80423  
10742.23583  
10699.37162  
10640.95707  
10696.07858  
10640.97601  
10720.91646  
10750.23645  
10758.74681  
10718.63058  
10757.11578  
10737.08496  
10734.32424  
10699.24102  
10696.68938  
10713.5721  
10712.60877  
10713.7197  
10737.35799  
10783.91114  
10718.90748  
10755.49133  
10750.45558  
10755.41844  
10779.72423  
10724.54542  
10748.61185  
10716.69205  
10757.13725  
10721.70425  
10731.78614  
10662.40146  
10670.36442  
10675.38952  
10719.29469  
10683.1374  
10751.87595  
10731.24219  
10715.16153  
10767.66178  
10766.30042  
10746.03131  
10710.34903  
10714.38343  
10737.88923  
10746.83029  
10737.40819  
10794.46041  
10759.92264  
10798.82776  
10724.64087  
10712.28452  
10681.76963  
10693.0542  
10716.7644  
10740.34218  
10718.47488  
10798.95205  
10815.43018  
10784.08819  
10763.16657  
10754.39333  
10703.544  
10684.25714  
10704.33443  
10725.2265  
10732.28164  
10737.91609  
10788.86213  
10789.75588  
10803.17118  
10742.39538  
10682.53397  
10693.66083  
10703.43208  
10681.3888  
10661.10352  
10716.76285  
10732.28367  
10784.89844  
10781.38045  
10799.77399  
10791.5318  
10777.20322  
10752.54616  
10765.84536  
10727.74026  
10719.59364  
10712.71392  
10721.25673  
10671.16551  
10692.89149  
10725.06414  
10715.47973  
10739.28015  
10754.62235  
10766.42839  
10760.65304  
10747.46348  
10727.60833  
10715.44422  
10727.72783  
10690.58444  
10745.11607  
10724.62387  
10725.51793  
10767.2211  
10728.50619  
10733.58108  
10785.6175  
10757.88467  
10770.5611  
10749.64005  
10727.76977  
10739.80449  
10702.52715  
10776.81738  
10721.82046  
10758.87024  
10738.94458  
10737.74683  
10797.89981  
10746.42653  
10764.17294  
10741.12655  
10764.20497  
10798.32053  
10787.40267  
10761.69495  
10753.25317  
10706.28325  
10730.53296  
10708.75088  
10671.91333  
10682.21315  
10663.23541  
10692.48562  
10703.12355  
10690.9942  
10703.74759  
10753.42822  
10747.6163  
10760.70974  
10736.84615  
10740.76285  
10748.65237  
10776.11319  
10774.93913  
10757.36615  
10749.48522  
10721.09731  
10754.53902  
10725.62525  
10748.30673  
10739.28191  
10750.91584  
10777.05416  
10753.66169  
10739.98572  
10702.92022  
10721.60499  
10751.58646  
10740.31927  
10570.68176  
10901.76705  
10792.01354  
10737.4532  
10728.07528  
10727.76254  
10722.20494  
10670.72102  
10702.26896  
10718.30276  
10761.80494  
10747.65828  
10748.48996  
10732.77296  
10779.55833  
10725.20771  
10740.76761  
10734.22236  
10759.08615  
10699.52113  
10709.61151  
10708.87313  
10742.97503  
10697.95779  
10692.12576  
10707.14098  
10767.34821  
10744.48977  
10766.30105  
10729.84384  
10794.57575  
10767.1917  
10755.53998  
10745.34064  
10725.44914  
10673.653  
10676.12556  
10686.38365  
10700.60367  
10718.31924  
10751.13758  
10723.7361  
10808.32116  
10809.04115  
10798.45864  
10789.27942  
10752.24313  
10739.02353  
10725.17972  
10770.57907  
10747.70735  
10732.35333  
10761.34077  
10785.71367  
10776.85305  
10732.87917  
10725.71787  
10737.85016  
10724.53549  
10727.60045  
10739.27036  
10761.32079  
10738.0527  
10759.63471  
10737.30213  
10671.29099  
10680.24498  
10710.81295  
10701.59384  
10700.92289  
10717.47571  
10709.00661  
10754.29324  
10746.54546  
10794.6453  
10831.42557  
10817.03546  
10806.41988  
10743.87384  
10713.1734  
10693.70586  
10713.51501  
10696.88945  
10703.70115  
10750.74551  
10736.56995  
10728.5718  
10726.62785  
10729.42286  
10728.36049  
10699.42154  
10700.48153  
10655.96015  
10743.72919  
10731.25475  
10725.49803  
10745.93389  
10786.58533  
10781.51463  
10828.4158  
10800.28048  
10730.71565  
10652.64831  
10684.07507  
10670.76319  
10786.81964  
10756.28702  
10728.28937  
10784.86488  
10736.13474  
10738.99822  
10713.96914  
10701.69316  
10727.10525  
10710.90644  
10797.98793  
10767.20877  
10756.00054  
10752.96003  
10720.29579  
10672.66183  
10684.3887  
10724.9013  
10687.94614  
10696.65051  
10734.82387  
10742.87983  
10723.39628  
10730.04859  
10744.51973  
10758.22702  
10715.4872  
10758.5813  
10766.8572  
10829.01516  
10790.28582  
10767.01188  
10732.01226  
10734.01841  
10726.32689  
10750.41142  
10794.35909  
10754.84595  
10804.46533  
10716.44126  
10742.11801  
10674.39279  
10719.16521  
10697.95288  
10660.32633  
10681.59235  
10684.37327  
10716.29587  
10693.11861  
10747.99473  
10775.53496  
10728.38413  
10730.37091  
10746.01507  
10730.89523  
10729.71605  
10730.51375  
10747.8218  
10691.84938  
10727.65935  
10713.82635  
10759.3823  
10738.81272  
10764.13629  
10780.47978  
10794.97962  
10831.91063  
10764.6862  
10746.65565  
10694.25  
10733.00659  
10687.03722  
10719.8573  
10731.62254  
10735.52727  
10737.07335  
10776.21893  
10746.67433  
10772.07235  
10742.52531  
10737.70027  
10756.73358  
10739.90495  
10696.35412  
10742.46677  
10745.6396  
10775.66166  
10733.25062  
10691.55326  
10645.44151  
10689.46431  
10672.50871  
10746.22079  
10715.32945  
10731.49223  
10743.65424  
10775.7699  
10717.03123  
10764.05643  
10800.11138  
10755.39898  
10761.53158  
10757.14919  
10740.44233  
10754.80979  
10743.60397  
10768.63841  
10743.75228  
10764.98172  
10738.37032  
10715.16362  
10748.7804  
10770.67372  
10758.66004  
10782.38284  
10783.11459  
10761.53187  
10728.92466  
10688.61004  
10677.66165  
10661.29647  
10677.24845  
10675.65315  
10680.47666  
10676.92777  
10695.755  
10748.02587  
10701.89057  
10710.58495  
10688.11887  
10673.04863  
10741.7708  
10699.58346  
10698.99814  
10735.98479  
10745.94302  
10753.67042  
10755.84308  
10765.80755  
10735.08461  
10761.01565  
10800.78305  
10793.60008  
10773.74217  
10783.09796  
10762.18628  
10752.23707  
10738.68406  
10740.03579  
10736.19256  
10733.56512  
10765.61387  
10752.73145  
10743.39003  
10777.61032  
10730.72251  
10782.78644  
10748.42992  
10739.07739  
10760.06808  
10735.84898  
10694.05652  
10671.7229  
10656.85332  
10657.48674  
10697.1498  
10708.5896  
10731.86577  
10820.28866  
10819.18182  
10826.81308  
10757.64388  
10748.7994  
10702.93787  
10666.65478  
10719.78901  
10709.53769  
10733.57879  
10733.86792  
10708.68754  
10722.09051  
10678.23108  
10711.49518  
10724.0631  
10745.92359  
10792.41993  
10767.4545  
10761.52174  
10783.75948  
10729.12152  
10729.34302  
10701.16319  
10771.51031  
10737.08354  
10754.8495  
10751.31404  
10726.33381  
10804.32324  
10778.90029  
10764.65352  
10712.28647  
10701.30293  
10646.35194  
10690.42677  
10693.52777  
10710.86135  
10703.66139  
10738.89818  
10727.74909  
10770.12992  
10724.79887  
10718.58191  
10718.57928  
10783.32074  
10747.91381  
10774.39313  
10808.12311  
10786.77154  
10783.76232  
10771.87162  
10758.69278  
10720.9905  
10697.78913  
10717.89502  
10728.49537  
10750.10783  
10718.02294  
10739.47358  
10750.77645  
10758.73163  
10775.41781  
10777.80392  
10759.89563  
10748.82007  
10737.44413  
10710.24264  
10777.49539  
10731.13991  
10736.60166  
10752.63305  
10735.00981  
10751.94778  
10785.01869  
10810.65935  
10800.73832  
10706.68924  
10690.23994  
10665.51059  
10633.6354  
10684.0602  
10694.92157  
10705.64848  
10706.72932  
10744.81158  
10766.19719  
10762.58407  
10767.47402  
10723.96948  
10733.6666  
10699.73016  
10764.9033  
10760.11773  
10796.64245  
10749.5865  
10742.24502  
10652.3975  
10691.79545  
10667.71643  
10696.87615  
10699.37719  
10699.80705  
10763.25308  
10764.58661  
10797.5971  
10802.36812  
10767.89396  
10764.10373  
10728.14753  
10704.5465  
10714.73379  
10670.17553  
10712.82609  
10675.26761  
10718.63396  
10700.97172  
10824.6262  
10829.09572  
10734.23332  
10738.5637  
10742.31631  
10709.64  
10731.35591  
10721.86949  
10701.81782  
10738.3647  
10815.56634  
10757.90876  
10730.2181  
10767.72315  
10720.6157  
10687.39332  
10735.78307  
10811.95497  
10768.44107  
10793.01062  
10744.93761  
10693.90897  
10710.91257  
10688.3051  
10681.25092  
10692.59516  
10766.18927  
10732.40694  
10785.86078  
10771.51296  
10730.70841  
10753.90376  
10716.65644  
10726.57908  
10724.57029  
10704.44577  
10703.59997  
10729.49791  
10727.26621  
10784.49172  
10759.08512  
10735.21145  
10712.74224  
10738.36611  
10679.42681  
10691.1549  
10709.43756  
10736.36244  
10727.07718  
10766.63876  
10752.97024  
10765.27044  
10808.58911  
10745.93098  
10766.39391  
10720.16262  
10717.0435  
10718.46004  
10722.33866  
10769.62088  
10756.88621  
10761.97131  
10738.30288  
10705.29278  
10727.81925  
10723.07491  
10764.05267  
10780.14251  
10803.15577  
10827.50598  
10777.21075  
10739.10007  
10702.82513  
10649.52694  
10670.78142  
10746.14239  
10738.61502  
10733.26983  
10753.15985  
10754.95638  
10757.04088  
10748.30932  
10730.70919  
10718.68911  
10728.99061  
10726.60717  
10735.05999  
10686.37815  
10679.79536  
10705.94835  
10699.28797  
10711.99272  
10708.93288  
10720.67611  
10745.12083  
10762.82753  
10783.6539  
10758.17107  
10756.21481  
10777.58366  
10702.08182  
10702.9884  
10698.93798  
10689.75683  
10711.34989  
10697.50398  
10680.48792  
10724.90893  
10709.79132  
10782.23538  
10785.12385  
10799.51491  
10769.33091  
10793.92194  
10751.03374  
10704.62791  
10693.22167  
10704.632  
10717.39897  
10737.18016  
10707.65675  
10749.17588  
10719.2228  
10702.08435  
10744.25874  
10729.73328  
10746.16492  
10750.50176  
10755.52483  
10747.75435  
10719.56493  
10758.69273  
10748.53106  
10797.87845  
10801.49089  
10757.52418  
10792.72565  
10765.97117  
10725.3346  
10757.58957  
10705.17236  
10705.65932  
10738.09394  
10772.36817  
10741.28767  
10738.64595  
10751.10153  
10757.67689  
10777.80542  
10760.69067  
10727.72941  
10698.13145  
10708.10683  
10744.33917  
10753.43613  
10751.7639  
10731.51809  
10700.1895  
10678.26739  
10702.74515  
10761.40344  
10751.86324  
10784.60464  
10759.56376  
10745.0628  
10711.62606  
10772.1352  
10765.70913  
10686.61773  
10714.89846  
10716.63751  
10672.55424  
10648.68085  
10700.90646  
10708.89568  
10760.8985  
10746.49822  
10743.18212  
10706.38286  
10727.34873  
10689.8049  
10743.34469  
10724.14915  
10842.72258  
10853.5705  
10761.88932  
10735.78953  
10715.48707  
10693.08563  
10707.25946  
10705.40517  
10686.15248  
10703.5693  
10720.55979  
10777.9725  
10742.30919  
10756.17599  
10767.96657  
10748.58018  
10766.47905  
10813.54444  
10737.26156  
10767.73385  
10710.81516  
10707.85961  
10665.45431  
10688.02251  
10659.02489  
10724.20517  
10720.41147  
10827.17253  
10824.33721  
10790.63442  
10761.3241  
10729.04688  
10716.99309  
10704.58247  
10701.76119  
10698.93053  
10715.75294  
10709.5775  
10718.28465  
10713.43727  
10725.64904  
10754.9721  
10729.58844  
10773.24234  
10805.44836  
10780.47526  
10778.87799  
10731.58824  
10765.84218  
10746.7972  
10738.70811  
10751.15171  
10772.07755  
10734.34223  
10743.04094  
10723.27781  
10746.56265  
10681.05297  
10698.14213  
10724.95724  
10692.32286  
10718.37992  
10680.81139  
10717.14129  
10766.93263  
10805.83677  
10800.50417  
10775.64123  
10752.33502  
10745.78065  
10730.95546  
10695.69407  
10708.93923  
10712.01671  
10738.72872  
10775.44765  
10775.37684  
10732.82599  
10713.87829  
10696.4913  
10708.40419  
10698.58048  
10713.74635  
10711.09553  
10750.92938  
10741.11511  
10794.75239  
10780.17004  
10791.23752  
10745.22725  
10737.15347  
10702.52544  
10683.92589  
10677.26457  
10692.59487  
10683.65893  
10698.27685  
10722.37649  
10728.23492  
10726.10884  
10775.81519  
10724.38061  
10717.2544  
10725.63349  
10751.5068  
10742.82528  
10706.00894  
10757.93088  
10750.53428  
10782.67338  
10822.6994  
10745.12113  
10766.1379  
10717.81984  
10726.46591  
10718.38659  
10716.24672  
10696.81222  
10748.60322  
10738.75493  
10736.21071  
10753.65098  
10773.1322  
10761.99359  
10718.6099  
10728.17659  
10740.06356  
10704.51926  
10720.26375  
10779.76607  
10806.59809  
10774.15725  
10752.89923  
10729.07944  
10779.81298  
10756.63782  
10742.97866  
10714.8534  
10700.21927  
10716.23904  
10712.22389  
10740.40616  
10716.25226  
10727.3902  
10732.10086  
10733.91041  
10733.50692  
10730.3331  
10721.53547  
10730.76636  
10731.41585  
10706.48771  
10698.60793  
10718.59724  
10759.96821  
10760.33784  
10766.73217  
10798.96812  
10811.83944  
10748.16725  
10724.49238  
10729.84221  
10682.51241  
10739.98368  
10713.57908  
10696.75991  
10721.9914  
10711.65666  
10742.44513  
10747.39841  
10737.33112  
10775.59381  
10764.58877  
10775.43074  
10796.16809  
10745.7372  
10757.57884  
10736.74547  
10715.53706  
10739.32125  
10762.44812  
10791.0457  
10766.24648  
10737.90131  
10778.36962  
10702.27366  
10773.38394  
10705.96223  
10680.66642  
10719.03341  
10740.57951  
10698.365  
10745.08916  
10728.33225  
10772.37703  
10877.55258  
10641.66782  
10842.16564  
10751.91815  
10682.55744  
10677.60055  
10689.95348  
10659.03098  
10677.97204  
10688.20633  
10703.96534  
10703.41094  
10699.61497  
10733.0162  
10758.16728  
10731.98077  
10724.87411  
10740.31349  
10749.52652  
10763.41597  
10768.41798  
10764.33546  
10756.29579  
10744.14672  
10739.18753  
10746.18059  
10764.20664  
10775.71237  
10814.36605  
10745.91386  
10739.73438  
10730.94537  
10700.33544  
10717.53317  
10721.13706  
10702.65038  
10691.41981  
10723.37033  
10750.71954  
10726.76171  
10728.97506  
10729.78292  
10792.23916  
10743.46043  
10731.95504  
10708.80702  
10733.41525  
10724.25096  
10925.0599  
10699.37358  
10729.8182  
10715.82846  
10722.67655  
10725.37293  
10711.75296  
10724.48287  
10701.44619  
10705.42511  
10713.69206  
10707.68099  
10693.68933  
10698.52011  
10720.47675  
10770.98747  
10749.64221  
10721.908  
10749.08358  
10706.35872  
10697.53658  
10678.62309  
10725.43143  
10691.5003  
10736.3865  
10720.24342  
10779.11419  
10769.53302  
10769.6489  
10785.12918  
10798.74792  
10762.82503  
10773.80801  
10722.39575  
10750.34066  
10749.66066  
10780.30822  
10801.64831  
10749.76184  
10786.83862  
10743.9348  
10700.33646  
10734.18834  
10711.57485  
10750.96865  
10720.58689  
10720.07888  
10780.55769  
10739.75595  
10725.80092  
10753.54629  
10791.37607  
10780.73814  
10715.18597  
10733.60423  
10735.47844  
10745.4772  
10693.74734  
10725.30578  
10726.10733  
10760.72372  
10742.99444  
10742.07905  
10751.89599  
10713.71386  
10712.6546  
10695.4398  
10697.45872  
10700.09865  
10694.26031  
10745.48195  
10736.71251  
10760.16479  
10736.29275  
10777.12484  
10788.17711  
10782.90021  
10776.60951  
10753.85564  
10727.26314  
10720.34851  
10724.51073  
10678.67387  
10705.74067  
10716.18408  
10718.59346  
10783.03607  
10781.97892  
10776.12859  
10783.58741  
10750.87465  
10760.33493  
10732.09995  
10719.32152  
10696.86196  
10696.98966  
10706.29992  
10685.06818  
10703.5921  
10768.04783  
10763.72544  
10782.35657  
10808.64416  
10766.81536  
10819.02106  
10779.15692  
10789.84271  
10763.78614  
10702.20928  
10677.42151  
10663.15923  
10644.44197  
10688.43729  
10658.81606  
10671.16811  
10712.2758  
10708.22027  
10729.5571  
10724.1947  
10708.32037  
10748.38413  
10774.43991  
10748.57985  
10812.2644  
10838.59621  
10801.24422  
10763.18543  
10748.86094  
10727.94614  
10699.0085  
10730.14768  
10722.54756  
10670.59287  
10737.04747  
10699.57781  
10712.40012  
10761.84228  
10771.87691  
10812.24615  
10760.72844  
10777.56117  
10831.95066  
10750.23376  
10637.48497  
10650.86275  
10673.92354  
10743.78113  
10685.29213  
10704.46337  
10686.78068  
10710.76515  
10708.77493  
10719.41303  
10794.61299  
10766.55351  
10765.29076  
10765.89923  
10739.77168  
10759.06812  
10735.84343  
10688.60305  
10694.8544  
10700.84634  
10708.00937  
10729.28536  
10731.28828  
10781.35803  
10757.72589  
10852.33925  
10811.68183  
10758.74579  
10753.13639  
10706.04956  
10693.1396  
10726.57028  
10691.02798  
10739.09286  
10722.58901  
10747.2764  
10728.7533  
10772.991  
10770.86655  
10818.62833  
10756.73016  
10735.32539  
10716.38811  
10708.35325  
10718.99821  
10729.65732  
10747.05862  
10767.73102  
10746.24725  
10734.35211  
10681.64148  
10728.45997  
10732.73761  
10751.48558  
10721.70181  
10748.13441  
10674.07374  
10698.19038  
10722.31668  
10665.53396  
10677.79956  
10816.09975  
10869.27028  
10854.99185  
10744.06073  
10744.61746  
10692.72846  
10691.17026  
10693.09677  
10703.9384  
10762.39914  
10775.08949  
10743.40597  
10803.30872  
10780.12456  
10778.37071  
10782.66283  
10699.02501  
10694.6338  
10703.64252  
10669.21951  
10687.73921  
10713.24933  
10734.17384  
10740.46064  
10721.36577  
10708.55562  
10731.03674  
10713.69479  
10703.52258  
10680.00324  
10694.32839  
10712.92765  
10708.29867  
10710.06734  
10736.8981  
10737.199  
10755.75671  
10720.31883  
10790.31439  
10805.27155  
10734.21156  
10775.53126  
10711.33066  
10739.48666  
10690.61036  
10697.71494  
10687.33752  
10729.93746  
10712.12755  
10707.73226  
10749.53583  
10772.03727  
10809.80502  
10848.162  
10825.52085  
10782.28929  
10722.11431  
10713.95864  
10684.82303  
10670.56467  
10684.38268  
10709.7212  
10733.10516  
10756.45213  
10741.25699  
10781.73802  
10743.90662  
10755.35623  
10727.34993  
10760.51318  
10751.15063  
10774.45159  
10770.21059  
10747.01854  
10746.80304  
10709.66412  
10715.56998  
10696.46674  
10732.29585  
10672.54333  
10726.57317  
10751.19662  
10686.32933  
10724.12666  
10736.97719  
10760.35055  
10770.99464  
10749.73851  
10707.47698  
10709.30312  
10715.84377  
10711.64697  
10741.69119  
10719.25674  
10739.404  
10732.12851  
10737.16218  
10720.03896  
10736.78244  
10751.54291  
10717.42907  
10730.42948  
10737.14996  
10774.13898  
10759.31295  
10757.5308  
10696.63061  
10718.53611  
10682.3903  
10713.72388  
10703.20751  
10692.24215  
10704.02856  
10726.61934  
10696.22  
10724.65672  
10729.09536  
10743.94274  
10778.15802  
10819.34892  
10801.58491  
10777.88277  
10740.43773  
10684.09446  
10688.29189  
10708.86943  
10766.26054  
10772.10152  
10773.50801  
10751.75865  
10700.43604  
10708.30131  
10667.30319  
10688.82673  
10751.52418  
10752.91962  
10828.99354  
10825.04712  
10784.87959  
10791.85098  
10753.79639  
10751.58697  
10731.2758  
10734.02777  
10759.56989  
10692.69858  
10696.28246  
10696.59183  
10730.07668  
10768.68493  
10751.66044  
10786.17209  
10770.99176  
10780.32281  
10715.70392  
10688.43457  
10728.21847  
10688.99281  
10661.54287  
10685.11555  
10664.81573  
10703.82671  
10744.12605  
10739.67073  
10766.80643  
10774.20829  
10787.32676  
10801.27776  
10803.68469  
10757.15453  
10757.11531  
10709.65741  
10723.83316  
10754.30296  
10720.3413  
10750.1731  
10750.76022  
10758.71491  
10761.06896  
10749.89843  
10773.91755  
10757.23695  
10732.86043  
10700.88413  
10731.03458  
10780.22886  
10736.12061  
10712.4276  
10678.11759  
10637.31244  
10687.69464  
10723.66259  
10728.51518  
10706.44832  
10723.25979  
10712.88339  
10700.10562  
10724.94475  
10746.51956  
10720.13627  
10731.83545  
10749.29533  
10751.85852  
10783.93198  
10802.60744  
10762.97547  
10788.37193  
10760.51207  
10751.83667  
10742.16511  
10749.75866  
10705.50996  
10734.68002  
10736.00517  
10709.40642  
10737.06451  
10745.21299  
10754.57287  
10778.30875  
10820.05107  
10834.94914  
10838.43043  
10769.08084  
10768.65362  
10723.50887  
10715.57266  
10697.43626  
10680.67055  
10704.8404  
10710.6091  
10698.02125  
10753.95029  
10742.65108  
10745.18498  
10743.18598  
10751.27933  
10797.25304  
10778.56281  
10707.92333  
10678.85513  
10719.33992  
10731.84769  
10702.36565  
10715.37184  
10721.22414  
10665.34838  
10706.57891  
10728.95245  
10761.27371  
10791.30824  
10820.94999  
10774.73161  
10774.28964  
10785.96998  
10766.04738  
10696.85308  
10726.29493  
10761.57286  
10743.75816  
10742.14789  
10742.43585  
10749.24702  
10784.3743  
10786.38988  
10748.105  
10735.0309  
10727.10915  
10701.9959  
10768.06688  
10745.80208  
10749.52227  
10793.68893  
10788.27438  
10487.33901  
10318.17747  
10946.56743  
10817.8312  
10782.76105  
10707.10277  
10684.59857  
10707.39146  
10668.76139  
10725.00561  
10752.75967  
10721.43259  
10712.94403  
10692.80103  
10670.468  
10710.17455  
10679.25618  
10695.83094  
10692.68381  
10754.60698  
10731.14029  
10754.31585  
10762.78429  
10737.79558  
10715.13912  
10674.57922  
10681.33253  
10722.00745  
10723.80699  
10735.55076  
10730.48373  
10769.76123  
10742.57404  
10752.80575  
10753.97984  
10798.77677  
10765.41978  
10698.96146  
10725.76394  
10753.90284  
10692.08491  
10691.72537  
10681.34813  
10691.38833  
10767.82758  
10730.18969  
10757.25574  
10747.75816  
10765.04234  
10773.81939  
10786.32648  
10786.31053  
10753.72957  
10839.03112  
10797.25914  
10742.65725  
10718.46345  
10713.24396  
10690.22445  
10711.30479  
10711.31598  
10737.89069  
10765.01807  
10781.24896  
10794.25362  
10786.59317  
10777.09958  
10741.80321  
10730.76984  
10700.665  
10731.17869  
10704.9577  
10676.06783  
10676.34649  
10714.63198  
10755.31145  
10807.06071  
10771.3555  
10852.16502  
10770.365  
10763.08566  
10745.36635  
10719.59939  
10711.72846  
10684.3317  
10701.09296  
10679.62362  
10723.0536  
10689.14624  
10706.40559  
10715.93345  
10699.4722  
10701.68438  
10684.15137  
10708.54469  
10731.27291  
10715.08206  
10776.22832  
10805.02924  
10807.95221  
10833.03842  
10789.71289  
10793.49209  
10761.93575  
10726.74452  
10717.24335  
10695.25062  
10712.49855  
10765.37223  
10746.54835  
10732.17622  
10817.78108  
10790.71004  
10770.8995  
10799.03147  
10737.52779  
10707.49765  
10740.5462  
10719.69726  
10692.55354  
10713.62655  
10764.92975  
10785.30362  
10760.51107  
10722.75277  
10680.82244  
10666.91411  
10656.81815  
10660.92139  
10676.65179  
10711.76094  
10793.7401  
10758.93757  
10819.05891  
10772.50836  
10792.72662  
10723.12683  
10680.12646  
10765.7386  
10734.41832  
10727.51466  
10708.04398  
10710.39868  
10728.0467  
10782.62282  
10723.80837  
10688.77242  
10672.34011  
10699.43799  
10718.28894  
10716.9151  
10741.37614  
10758.14801  
10789.15561  
10810.50894  
10812.50136  
10797.55332  
10782.95327  
10700.26848  
10707.29075  
10679.87728  
10700.33127  
10729.39792  
10715.66335  
10690.51132  
10723.29016  
10700.51102  
10736.09979  
10726.06538  
10753.56194  
10730.78041  
10709.39046  
10689.63688  
10721.34503  
10770.82647  
10759.50665  
10730.64286  
10741.59393  
10755.25136  
10780.76988  
10813.32297  
10747.14442  
10722.44649  
10712.7417  
10683.25771  
10678.58099  
10734.62757  
10714.23364  
10763.59538  
10742.08731  
10747.44191  
10738.35547  
10718.08032  
10728.56026  
10708.38583  
10772.94084  
10729.50288  
10722.84425  
10558.33813  
10933.69661  
10771.07988  
10743.92009  
10718.99142  
10677.62685  
10675.35741  
10678.43084  
10720.38195  
10686.34394  
10747.73597  
10740.07878  
10776.70993  
10810.63176  
10767.14679  
10926.01988  
10651.1227  
10819.68227  
10739.05475  
10703.63689  
10748.86435  
10750.26057  
10701.31167  
10698.89029  
10693.1287  
10714.95008  
10729.14781  
10768.82814  
10777.1561  
10792.3047  
10762.32445  
10752.56079  
10752.87444  
10705.79737  
10705.35191  
10735.86578  
10737.4632  
10780.10625  
10803.97497  
10737.06524  
10676.47087  
10652.4682  
10623.87845  
10680.53664  
10685.54969  
10698.08557  
10717.52707  
10769.31875  
10776.7055  
10828.05614  
10840.41092  
10812.93025  
10769.134  
10719.6898  
10681.96407  
10659.39032  
10711.53103  
10706.07637  
10737.57303  
10735.12003  
10772.39632  
10817.34853  
10778.76256  
10773.60218  
10748.48568  
10795.01637  
10795.23646  
10740.05705  
10796.27523  
10721.54622  
10705.84388  
10738.177  
10719.52234  
10722.01624  
10710.73762  
10765.37076  
10787.67746  
10782.83638  
10758.62843  
10778.75663  
10564.55164  
10667.68293  
10848.57161  
10734.41224  
10714.40071  
10661.42744  
10720.59888  
10711.68751  
10676.82397  
10727.98166  
10778.8288  
10761.63838  
10751.33449  
10769.93611  
10793.60664  
10763.05566  
10712.11575  
10686.51982  
10662.75194  
10661.33294  
10723.89116  
10707.75372  
10684.80617  
10708.13704  
10763.61977  
10783.13058  
10761.71864  
10787.91388  
10742.66541  
10705.17958  
10670.69057  
10658.18789  
10711.65493  
10723.73651  
10702.65156  
10714.06348  
10750.49627  
10787.54672  
10775.74697  
10740.5049  
10702.27839  
10727.91712  
10742.19262  
10686.99949  
10703.40509  
10760.56608  
10734.96905  
10763.82773  
10744.12077  
10730.66276  
10759.30152  
10786.98699  
10813.40117  
10792.11158  
10792.25164  
10743.04846  
10744.54166  
10715.36392  
10666.38956  
10722.37331  
10730.958  
10684.51658  
10725.31849  
10726.31352  
10737.0163  
10740.59521  
10762.25995  
10833.13871  
10740.63878  
10717.00176  
10699.76535  
10652.21094  
10692.71561  
10728.87347  
10736.41819  
10760.21285  
10716.19085  
10678.30081  
10692.67335  
10707.57477  
10717.28214  
10777.3248  
10788.73628  
10749.37926  
10821.45201  
10814.50313  
10748.36917  
10734.33522  
10685.05882  
10674.94879  
10711.63621  
10705.28208  
10738.95841  
10752.12454  
10761.96039  
10803.07747  
10791.15066  
10735.2274  
10754.98404  
10720.9618  
10670.1672  
10719.9028  
10784.39283  
10780.99535  
10784.19671  
10755.60226  
10761.11599  
10747.98311  
10765.71122  
10739.27298  
10728.3953  
10703.80811  
10707.51958  
10694.41509  
10694.16331  
10741.20277  
10760.51679  
10738.42878  
10760.4995  
10757.04249  
10765.1309  
10754.81484  
10757.89155  
10730.27822  
10745.55876  
10715.10611  
10730.09737  
10708.22519  
10708.92911  
10722.6801  
10764.16605  
10729.83038  
10754.05203  
10765.7638  
10765.60382  
10755.7328  
10767.91253  
10766.48131  
10759.82721  
10737.45695  
10751.44133  
10744.09101  
10868.97112  
10768.1682  
10750.29  
10697.61605  
10680.72374  
10687.41647  
10678.39623  
10674.14313  
10737.18564  
10753.06586  
10723.43123  
10798.52673  
10775.66464  
10722.54813  
10747.08216  
10734.60419  
10732.66988  
10674.42966  
10664.14077  
10710.10691  
10712.79433  
10704.83964  
10704.95284  
10731.42578  
10698.6514  
10738.06619  
10761.06394  
10765.97294  
10804.93758  
10766.95  
10741.19782  
10729.12826  
10704.91396  
10706.89816  
10701.32503  
10733.6394  
10731.63563  
10735.54244  
10730.27565  
10746.43119  
10759.8044  
10738.8085  
10735.39402  
10747.09239  
10745.35927  
10760.28706  
10721.99494  
10742.32048  
10721.75557  
10735.16528  
10728.89484  
10744.89068  
10751.56577  
10723.43977  
10751.88509  
10728.22776  
10712.32188  
10746.74218  
10790.67455  
10772.98214  
10770.64645  
10762.54911  
10731.536  
10688.6813  
10717.74452  
10692.03378  
10718.35886  
10736.01503  
10755.60449  
10738.89919  
10745.4494  
10728.04209  
10738.3739  
10677.95799  
10748.47186  
10768.60308  
10778.93333  
10770.18418  
10753.43636  
10677.82973  
10679.14568  
10664.56951  
10628.91934  
10679.74203  
10709.3619  
10722.68346  
10760.3318  
10735.98833  
10673.70749  
10669.01894  
10663.14181  
10706.66781  
10797.45003  
10810.24297  
10813.99636  
10831.73225  
10830.32329  
10804.18912  
10817.56632  
10750.64875  
10744.54468  
10746.35914  
10686.03486  
10733.48215  
10778.32256  
10765.59506  
10775.40938  
10709.88763  
10727.25288  
10706.91659  
10679.10541  
10761.02832  
10753.70495  
10752.71418  
10722.97444  
10716.40722  
10702.91273  
10758.9133  
10739.31395  
10778.08348  
10782.82542  
10728.6415  
10751.85113  
10727.48507  
10714.12165  
10694.90437  
10728.63181  
10751.76669  
10705.22656  
10731.64947  
10714.64681  
10726.05112  
10745.99453  
10753.66729  
10790.09894  
10726.04673  
10699.11777  
10698.11247  
10692.98614  
10727.1666  
10682.37838  
10652.82095  
10722.28857  
10736.69867  
10773.06284  
10757.74653  
10785.56383  
10763.70442  
10773.03453  
10749.25631  
10735.69115  
10757.90297  
10740.27537  
10783.87914  
10761.91218  
10727.8466  
10744.6411  
10709.19892  
10697.14175  
10708.35568  
10736.48637  
10774.8031  
10753.68175  
10761.33608  
10775.95099  
10798.85229  
10762.08655  
10758.39549  
10756.57874  
10720.87646  
10723.76947  
10749.12833  
10768.35161  
10742.43863  
10790.66162  
10723.48604  
10759.02667  
10743.75512  
10740.31612  
10765.42229  
10723.72175  
10741.65779  
10747.73805  
10752.58026  
10753.50474  
10779.12209  
10798.46532  
10772.08023  
10742.69593  
10777.95494  
10734.4808  
10761.0723  
10772.30462  
10880.56297  
10687.67944  
10702.33233  
10637.95521  
10681.66287  
10698.54279  
10721.9928  
10674.59075  
10669.95385  
10681.9724  
10734.56401  
10741.25653  
10728.01834  
10751.97273  
10755.3862  
10768.29142  
10726.8812  
10766.26379  
10722.10835  
10711.38848  
10732.63502  
10712.75849  
10743.12299  
10725.59366  
10645.53948  
10648.73165  
10715.27209  
10726.42669  
10709.01845  
10716.05179  
10712.89941  
10775.87433  
10762.88124  
10785.77093  
10781.40804  
10733.70488  
10735.90398  
10736.3007  
10708.5387  
10686.71062  
10647.48456  
10700.98087  
10696.16141  
10691.67631  
10719.12566  
10773.87921  
10780.8358  
10774.60898  
10803.55081  
10780.63147  
10782.95018  
10789.05944  
10773.21132  
10751.60437  
10738.74981  
10712.70157  
10710.94886  
10672.64645  
10673.79345  
10673.39145  
10723.47286  
10721.78445  
10722.63149  
10718.93867  
10735.93517  
10770.56065  
10794.23213  
10809.73569  
10766.67629  
10726.48399  
10704.04444  
10711.45633  
10715.52945  
10726.83309  
10693.82562  
10729.15566  
10722.61576  
10763.27088  
10787.01532  
10754.01286  
10759.47521  
10775.00373  
10747.03683  
10714.07174  
10717.83086  
10683.49697  
10703.663  
10720.77191  
10713.44032  
10719.27531  
10775.16066  
10724.18309  
10796.25083  
10790.36479  
10764.3605  
10774.83228  
10755.00224  
10700.64752  
10701.66535  
10748.4358  
10741.66915  
10747.6916  
10778.16281  
10788.64469  
10733.43756  
10752.83096  
10711.51795  
10738.69616  
10732.34136  
10699.73033  
10730.26337  
10757.60275  
10714.64291  
10683.48349  
10723.93804  
10684.3228  
10738.36902  
10756.3712  
10768.01919  
10726.45255  
10706.69927  
10764.7114  
10744.08593  
10737.8502  
10754.76806  
10747.47863  
10739.54652  
10707.96586  
10709.26677  
10687.03949  
10715.90811  
10706.13388  
10712.75105  
10748.25073  
10728.97917  
10716.46826  
10694.16431  
10693.70325  
10697.3071  
10716.30446  
10794.80007  
10776.58968  
10797.67867  
10768.13195  
10769.52499  
10771.52573  
10774.19461  
10749.1264  
10782.46391  
10771.70697  
10768.82604  
10749.25206  
10763.84475  
10737.37004  
10722.8184  
10731.99804  
10715.32221  
10755.70823  
10766.64959  
10758.31597  
10722.90472  
10664.01994  
10706.17269  
10680.5353  
10723.14242  
10702.77713  
10739.47036  
10720.07603  
10710.98069  
10799.84566  
10762.8918  
10755.94418  
10731.30411  
10749.40774  
10762.58081  
10760.47725  
10777.51439  
10721.29483  
10748.57042  
10698.96603  
10773.34657  
10751.67466  
10762.31499  
10757.07713  
10736.89345  
10722.15073  
10700.90533  
10675.36712  
10704.53195  
10718.4468  
10721.48349  
10725.14389  
10751.68721  
10729.3383  
10803.07876  
