11434.66202  
11321.51163  
11303.88277  
11303.92267  
11322.1337  
11355.62003  
11387.22035  
11394.33794  
11494.51904  
11462.13645  
11459.14604  
11436.48247  
11391.7445  
11372.33145  
11342.5004  
11321.56823  
11328.6032  
11349.44864  
11374.16792  
11362.88983  
11359.87957  
11334.70481  
11327.35658  
11345.04616  
11369.45335  
11390.84482  
11377.97155  
11392.6958  
11354.02228  
11425.45184  
11389.31547  
11408.7468  
11390.8323  
11369.61426  
11415.41757  
11378.4964  
11359.73895  
11333.84868  
11351.25031  
11311.01749  
11328.6155  
11360.93297  
11383.84535  
11392.85791  
11440.75324  
11389.85511  
11382.41433  
11400.3477  
11377.98438  
11408.57253  
11364.11497  
11398.39422  
11348.8477  
11352.05424  
11305.33856  
11337.34628  
11352.86279  
11327.48873  
11345.97079  
11345.62447  
11389.52836  
11401.86697  
11443.32773  
11475.86297  
11428.17538  
11437.76744  
11411.01358  
11393.57302  
11403.40745  
11448.36537  
11401.96875  
11334.93754  
11358.44238  
11401.87944  
11422.41468  
11443.09277  
11384.79834  
11374.37722  
11355.51096  
11264.95455  
11354.48983  
11396.05935  
11424.14582  
11375.46085  
11315.072  
11363.57475  
11325.178  
11391.76722  
11347.21294  
11368.625  
11380.17738  
11380.48202  
11381.01518  
11363.71928  
11404.36466  
11328.64897  
11352.36794  
11331.23002  
11370.28249  
11384.72532  
11389.27424  
11363.7959  
11367.84943  
11423.53356  
11379.36896  
11447.60054  
11450.73353  
11399.60804  
11408.06556  
11353.56317  
11379.78147  
11357.09499  
11403.66229  
11348.18404  
11396.90576  
11360.18284  
11368.536  
11400.68208  
11387.07067  
11408.50431  
11407.89023  
11379.63765  
11378.51718  
11436.1013  
11384.5585  
11370.10347  
11322.61186  
11365.46236  
11398.47687  
11350.7172  
11410.11972  
11349.23184  
11344.85951  
11313.15132  
11292  
11333.71436  
11358.23473  
11328.15896  
11372.3584  
11365.10649  
11336.18564  
11397.91473  
11361.44167  
11393.08026  
11405.14244  
11355.41202  
11394.43453  
11350.14462  
11349.08931  
11382.11257  
11399.68302  
11441.24951  
11413.02326  
11363.07475  
11335.52157  
11351.09877  
11355.10165  
11368.02566  
11366.57271  
11384.14875  
11440.37442  
11420.18679  
11365.77055  
11389.33505  
11395.3908  
11347.95703  
11418.06388  
11435.74609  
11352.79213  
11341.3521  
11405.37895  
11355.63534  
11317.38383  
11328.37571  
11355.74964  
11348.57595  
11355.84015  
11324.01132  
11340.7148  
11378.9339  
11403.86355  
11351.71134  
11373.9086  
11344.97079  
11386.06166  
11348.45494  
11384.85831  
11374.22195  
11322.44891  
11392.24143  
11423.53396  
11365.39187  
11343.90891  
11376.84197  
11377.09557  
11383.36994  
11416.37123  
11405.04843  
11417.24698  
11456.229  
11354.79399  
11379.17441  
11346.12407  
11379.73513  
11345.62314  
11375.09446  
11301.93883  
11354.42982  
11371.55282  
11377.25586  
11363.66486  
11395.75004  
11402.89986  
11378.22203  
11360.02326  
11360.45184  
11346.79847  
11334.29408  
11347.9755  
11403.92103  
11411.79759  
11420.30571  
11386.02011  
11412.45712  
11414.34566  
11376.16934  
11410.1622  
11405.04106  
11350.80553  
11427.49041  
11389.12678  
11361.33802  
11398.23327  
11386.62686  
11416.47625  
11362.91384  
11373.48957  
11337.62136  
11331.84229  
11324.8323  
11336.18688  
11373.23406  
11318.84854  
11375.55389  
11403.15625  
11400.17121  
11370.80735  
11426.24032  
11390.91495  
11410.05065  
11390.44971  
11360.57138  
11337.49933  
11405.6424  
11412.36515  
11443.73438  
11437.21684  
11394.46689  
11401.93612  
11353.12256  
11413.11111  
11427.71657  
11443.10951  
11481.59686  
11447.09579  
11404.72701  
11334.37735  
11326.0427  
11317.91366  
11368.18808  
11345.07741  
11288.56046  
11316.74458  
11345.08856  
11365.64853  
11371.51017  
11355.43435  
11367.75062  
11377.46511  
11357.33137  
11388.78773  
11405.3849  
11386.86932  
11352.4652  
11326.57142  
11311.42503  
11314.16331  
11355.18333  
11330.06299  
11339.75857  
11361.36883  
11360.10454  
11363.40532  
11371.68173  
11395.82648  
11356.80882  
11375.5918  
11432.07777  
11358.23739  
11367.97354  
11386.60032  
11364.51185  
11340.22203  
11327.75151  
11402.34144  
11365.94327  
11394.22439  
11370.30669  
11384.12163  
11388.8877  
11339.03951  
11394.65576  
11456.50568  
11446.15847  
11479.60813  
11515.12305  
11482.36523  
11363.65407  
11304.27104  
11314.66797  
11332.02765  
11353.7658  
11385.75488  
11412.70694  
11358.14671  
11399.03174  
11378.29186  
11381.71711  
11355.71768  
11358.07542  
11349.59828  
11338.27743  
11384.86883  
11388.16899  
11375.47261  
11400.71582  
11350.57187  
11356.25737  
11389.94651  
11398.6887  
11384.95654  
11425.37522  
11392.70774  
11353.3054  
11392.06539  
11363.96351  
11405.76616  
11369.54057  
11357.04612  
11348.55438  
11383.83261  
11386.86168  
11415.99751  
11406.80549  
11367.5419  
11329.02273  
11355.46333  
11393.86945  
11382.63277  
11396.11763  
11401.60125  
11407.06614  
11371.35822  
11390.55185  
11398.69021  
11382.90634  
11400.98699  
11386.77739  
11413.95858  
11458.17498  
11439.86608  
11397.83532  
11356.14617  
11331.3335  
11338.68333  
11306.82222  
11378.53693  
11400.37726  
11421.82524  
11364.78121  
11373.60449  
11398.58225  
11353.23722  
11397.54248  
11428.79745  
11424.37837  
11371.03746  
11389.60352  
11348.75648  
11362.5146  
11361.57138  
11328.82693  
11343.29994  
11406.17019  
11378.56143  
11354.142  
11344.30899  
11356.89968  
11362.45104  
11388.96968  
11421.25044  
11427.37056  
11376.9446  
11376.80611  
11376.53542  
11396.04381  
11402.81161  
11423.42028  
11381.03671  
11418.81516  
11383.13832  
11333.59601  
11386.51283  
11404.88241  
11338.57932  
11356.4312  
11339.75218  
11374.40603  
11316.06867  
11361.7294  
11364.54301  
11385.75937  
11380.37917  
11405.68666  
11359.074  
11364.81179  
11373.21569  
11333.41366  
11329.32986  
11329.10054  
11344.59948  
11382.31863  
11353.68288  
11353.35574  
11341.5506  
11331.84646  
11346.27885  
11384.30273  
11440.9023  
11437.29909  
11380.00888  
11441.16775  
11402.20561  
11343.8588  
11399.24822  
11404.92973  
11358.72026  
11308.48118  
11408.44571  
11407.73797  
11416.59295  
11379.51651  
11384.54843  
11383.55433  
11357.9007  
11370.23051  
11409.767  
11366.34539  
11408.8782  
11406.2263  
11364.18723  
11386.79776  
11370.86914  
11373.79661  
11374.79648  
11383.532  
11382.24494  
11429.28471  
11389.76407  
11388.88437  
11362.12314  
11376.41211  
11435.97443  
11450.33678  
11426.65474  
11353.29648  
11304.44078  
11347.82351  
11343.88561  
11308.39276  
11318.6784  
11350.16792  
11371.15945  
11379.06725  
11418.46875  
11336.43657  
11341.75178  
11345.94545  
11382.2085  
11371.5384  
11402.50382  
11407.58598  
11407.16588  
11390.17716  
11455.89462  
11383.67782  
11370.24379  
11342.95459  
11385.77277  
11396.53826  
11385.67596  
11395.42316  
11346.29368  
11389.14782  
11379.04661  
11409.93497  
11380.1218  
11393.28755  
11412.60316  
11424.23513  
11450.98402  
11434.75728  
11362.26456  
11332.68706  
11400.99889  
11389.91491  
11347.77836  
11354.78609  
11334.31095  
11300.08172  
11312.41029  
11308.79426  
11344.71697  
11376.99521  
11442.51434  
11419.43675  
11333.93093  
11325.16397  
11346.98429  
11343.61621  
11335.79399  
11334.11612  
11420.30597  
11368.51931  
11390.11301  
11403.90323  
11326.05811  
11329.01531  
11440.07497  
11409.54643  
11366.10684  
11355.43395  
11355.46307  
11289.48171  
11292.25493  
11314.68519  
11304.30251  
11399.64  
11346.30513  
11434.6705  
11417.84295  
11422.83292  
11410.08598  
11425.53587  
11465.96436  
11427.63299  
11468.37247  
11462.63943  
11475.40993  
11428.68888  
11357.69305  
11335.15288  
11331.1713  
11381.45099  
11366.92583  
11372.04865  
11420.86648  
11388.34837  
11433.69221  
11388.28671  
11343.15945  
11317.24072  
11335.45827  
11363.08319  
11307.26935  
11339.30642  
11333.4094  
11386.77916  
11434.271  
11403.61239  
11358.21644  
11342.51913  
11333.04421  
11359.73917  
11359.18475  
11381.60747  
11359.38907  
11414.83057  
11398.9664  
11419.37092  
11351.3477  
11362.43044  
11346.21968  
11336.517  
11313.33421  
11383.43399  
11364.78405  
11332.07355  
11376.23264  
11353.01301  
11372.17099  
11361.36617  
11382.23482  
11408.48433  
11418.1519  
11392.39129  
11397.55779  
11385.61084  
11355.16335  
11429.35356  
11393.89764  
11376.52606  
11394.6527  
11358.20561  
11346.23997  
11330.67214  
11327.06445  
11314.66593  
11291.61692  
11324.20543  
11347.86768  
11407.84881  
11416.19802  
11460.18954  
11479.37988  
11430.09149  
11431.39449  
11367.60467  
11319.8568  
11316.47918  
11354.57302  
11366.32821  
11277.04079  
11542.57249  
11481.34282  
11473.22789  
11425.75209  
11404.06747  
11456.72954  
11372.14893  
11376.13454  
11347.72021  
11333.47146  
11356.43444  
11327.99254  
11342.43093  
11309.14302  
11319.8556  
11329.89298  
11354.92347  
11330.76953  
11346.20685  
11422.37722  
11379.89134  
11373.36626  
11341.99996  
11338.62371  
11345.86306  
11351.89941  
11400.87686  
11385.38858  
11355.95712  
11377.97368  
11382.43803  
11407.87562  
11401.19363  
11387.45051  
11401.21919  
11375.64355  
11333.212  
11360.66482  
11365.30145  
11371.08896  
11364.94021  
11379.96857  
11365.97599  
11394.00772  
11328.32733  
11363.4905  
11412.40123  
11369.92458  
11338.95579  
11369.98628  
11311.80482  
11332.61013  
11334.07005  
11391.49902  
11411.43728  
11408.05961  
11410.22177  
11384.23433  
11379.89138  
11405.96871  
11409.5257  
11403.05562  
11410.01855  
11385.02535  
11398.95011  
11388.69456  
11386.48691  
11367.68679  
11395.38237  
11418.13454  
11399.66215  
11416.8916  
11402.483  
11443.95903  
11402.50253  
11419.53738  
11438.32306  
11446.59411  
11453.76749  
11430.21933  
11394.19318  
11328.08052  
11325.76629  
11327.4517  
11314.97235  
11282.28977  
11284.79319  
11323.16127  
11320.40745  
11386.9051  
11366.623  
11361.20858  
11323.27069  
11362.39058  
11324.70761  
11379.55708  
11368.29133  
11374.28715  
11344.5609  
11373.57129  
11363.7892  
11392.71396  
11444.5388  
11447.88281  
11438.48189  
11354.52077  
11301.87185  
11320.05633  
11288.12496  
11229.55349  
11301.44065  
11344.84459  
11348.16007  
11450.29945  
11459.21764  
11422.52579  
11423.74711  
11470.57844  
11446.42103  
11428.27015  
11420.47634  
11336.34122  
11374.34965  
11362.93852  
11354.71915  
11432.60325  
11433.50297  
11422.0099  
11387.68794  
11383.45304  
11353.1416  
11377.18137  
11353.17591  
11399.80513  
11413.12877  
11347.31676  
11539.44616  
11524.15807  
11446.84943  
11454.48704  
11432.66402  
11394.72638  
11374.03103  
11336.81281  
11314.99392  
11327.24134  
11284.26966  
11358.43284  
11326.35369  
11311.95681  
11338.06254  
11344.17001  
11337.83909  
11415.89049  
11396.41974  
11372.07826  
11389.86737  
11361.90847  
11329.64857  
11361.36324  
11373.99547  
11370.44864  
11347.84086  
11338.26349  
11346.65865  
11384.34686  
11361.29772  
11385.56064  
11370.92942  
11357.96884  
11360.18501  
11327.44078  
11312.31685  
11360.12061  
11363.35875  
11380.55704  
11381.5463  
11353.76824  
11378.37824  
11379.4925  
11385.32626  
11399.36741  
11388.49245  
11364.13303  
11375.82773  
11429.55149  
11421.45947  
11423.89169  
11376.78214  
11401.60724  
11395.29572  
11400.25706  
11430.4252  
11455.69096  
11457.57746  
11425.26278  
11405.16539  
11400.49103  
11354.47337  
11316.84948  
11328.70228  
11366.19047  
11336.02637  
11367.88055  
11316.63707  
11395.31792  
11362.01651  
11352.30278  
11386.39711  
11406.87278  
11357.76105  
11410.54807  
11442.88472  
11436.83292  
11418.31468  
11402.8643  
11340.17591  
11358.96529  
11370.75377  
11327.14537  
11360.02623  
11343.13699  
11319.31565  
11329.69371  
11351.42702  
11351.46942  
11361.88379  
11336.21014  
11359.57124  
11343.92787  
11346.65758  
11346.96325  
11343.98748  
11357.34095  
11380.86621  
11378.44203  
11394.02894  
11348.01136  
11322.63042  
11320.40106  
11305.34561  
11203.87318  
11497.69025  
11479.56068  
11465.43439  
11440.51727  
11405.03085  
11382.26105  
11400.42179  
11386.4296  
11416.62709  
11384.09153  
11337.33731  
11381.25155  
11360.03289  
11339.1199  
11340.02268  
11370.24392  
11352.41211  
11368.3406  
11309.14045  
11353.03285  
11398.79075  
11421.10458  
11387.23979  
11409.09703  
11396.72319  
11363.91016  
11420.89995  
11435.67964  
11460.9929  
11400.55531  
11360.24685  
11372.93106  
11359.08807  
11327.58181  
11404.5771  
11388.91344  
11406.90137  
11370.02512  
11344.60622  
11343.07227  
11328.75963  
11349.84375  
11361.44305  
11383.71174  
11354.98619  
11330.66402  
11321.50244  
11322.77575  
11337.606  
11345.35698  
11370.48233  
11342.06006  
11348.74592  
11347.25613  
11358.76318  
11328.96729  
11337.38756  
11340.74165  
11328.8153  
11330.36617  
11360.37939  
11341.01238  
11352.93324  
11437.48304  
11424.59823  
11469.06614  
11374.24929  
11419.42525  
11434.91544  
11432.45921  
11453.33496  
11469.99689  
11498.91122  
11512.04492  
11441.71147  
11486.96919  
11469.4569  
11447.5926  
11408.19851  
11373.64675  
11375.93568  
11371.05162  
11428.47279  
11413.6863  
11377.80691  
11373.97235  
11331.62327  
11284.02868  
11310.08105  
11354.74015  
11339.69336  
11366.13809  
11273.6555  
11281.50914  
11300.02588  
11371.06494  
11399.85911  
11444.37678  
11453.58101  
11459.1013  
11398.10245  
11328.45086  
11282.80349  
11324.52157  
11309.46893  
11375.50542  
11369.53067  
11371.73944  
11341.97181  
11359.47927  
11369.11768  
11440.53627  
11422.74529  
11441.70623  
11406.11253  
11395.63983  
11402.79688  
11392.22985  
11384.23806  
11433.52592  
11402.36164  
11419.27162  
11432.64648  
11387.28795  
11344.50581  
11377.14094  
11376.2176  
11412.50999  
11381.71564  
11410.2892  
11359.71249  
11323.23873  
11319.26434  
11352.78294  
11306.98216  
11342.24645  
11290.8287  
11351.92645  
11366.59917  
11360.03933  
11343.0012  
11368.69682  
11368.59464  
11373.12704  
11377.91988  
11394.71564  
11354.22825  
11374.40106  
11375.18528  
11389.10884  
11400.8291  
11417.01638  
11424.92583  
11411.02362  
11407.56317  
11382.15288  
11364.12078  
11372.17183  
11402.82653  
11419.99743  
11442.11617  
11435.22714  
11461.52996  
11421.07329  
11477.56299  
11426.11017  
11384.75826  
11323.36248  
11321.46964  
11284.68248  
11305.88228  
11332.96289  
11347.8916  
11376.32005  
11370.14227  
11355.70716  
11390.33066  
11338.86404  
11345.73113  
11365.44673  
11359.71307  
11371.86257  
11367.24174  
11381.748  
11334.53161  
11373.1159  
11386.7409  
11379.55584  
11322.61963  
11329.47425  
11346.28258  
11377.93919  
11373.38255  
11386.09166  
11388.81734  
11408.36963  
11436.33536  
11433.3952  
11393.1373  
11347.30447  
11349.08332  
11409.66104  
11373.12154  
11372.57573  
11379.80686  
11344.3584  
11363.86879  
11347.76966  
11324.2235  
11321.51434  
11345.98935  
11388.88161  
11361.14142  
11387.20659  
11393.08301  
11409.49228  
11468.14094  
11373.82537  
11404.28764  
11331.56041  
11338.98837  
11335.64901  
11361.81578  
11398.99347  
11404.74321  
11378.46001  
11390.79559  
11338.80083  
11363.57338  
11409.43746  
11389.04097  
11368.89307  
11445.23047  
11404.2227  
11422.15141  
11375.21928  
11367.93466  
11379.03835  
11400.88841  
11358.84353  
11436.98153  
11427.20375  
11408.56503  
11421.50462  
11354.75826  
11373.39933  
11353.42352  
11326.83367  
11348.31978  
11316.12145  
11281.03023  
11349.3062  
11364.86142  
11349.26376  
11361.83425  
11414.30566  
11328.14648  
11396.62393  
11406.16056  
11418.47066  
11438.89675  
11416.17356  
11370.56286  
11363.89178  
11348.157  
11381.34881  
11396.29186  
11348.96431  
11381.38801  
11387.46662  
11361.70708  
11394.22252  
11392.14875  
11353.05802  
11370.62607  
11379.15771  
11389.18732  
11391.34331  
11401.56605  
11378.96112  
11366.71431  
11394.73611  
11360.91566  
11357.81059  
11318.42716  
11442.42014  
11428.45117  
11487.73486  
11412.38801  
11401.90922  
11383.26554  
11358.96502  
11370.24126  
11342.82884  
11352.15039  
11323.69105  
11305.91122  
11334.12988  
11378.85969  
11402.88823  
11380.51869  
11400.8145  
11327.87828  
11344.25346  
11353.02575  
11317.82968  
11314.16544  
11348.28418  
11337.17396  
11377.01145  
11352.26167  
11366.65194  
11413.46342  
11381.943  
11421.64107  
11418.29159  
11368.69735  
11414.01318  
11434.05864  
11424.73593  
11431.4094  
11451.21373  
11450.60591  
11391.37522  
11314.27974  
11294.16575  
11346.5977  
11326.2306  
11357.33847  
11350.65083  
11313.04719  
11369.91997  
11367.92059  
11338.95921  
11314.60556  
11327.22119  
11368.9181  
11358.61812  
11380.42933  
11403.91295  
11412.33252  
11398.25719  
11379.574  
11373.71884  
11400.39733  
11384.35596  
11339.57644  
11354.48389  
11353.5142  
11377.9854  
11383.26017  
11407.85467  
11394.66824  
11368.6891  
11372.6843  
11386.02348  
11332.71458  
11399.51216  
11380.13232  
11385.31259  
11412.29634  
11414.1709  
11459.24161  
11466.33873  
11421.15949  
11410.6349  
11391.23877  
11366.16317  
11379.75573  
11357.45259  
11357.67183  
11316.7093  
11320.99272  
11299.06991  
11353.72483  
11339.16615  
11338.25271  
11335.37163  
11349.49663  
11298.6954  
11369.60898  
11421.35347  
11411.13024  
11385.28635  
11359.252  
11443.69709  
11428.03493  
11373.05469  
11368.0787  
11286.16673  
11307.33829  
11293.30495  
11291.37713  
11316.65146  
11325.52947  
11404.72807  
11413.85294  
11395.79292  
11429.33483  
11349.99649  
11375.54732  
11439.83727  
11437.98517  
11381.51571  
11434.76727  
11439.5546  
11428.92472  
11493.39648  
11472.08061  
11486.9889  
11448.71555  
11435.49401  
11433.28773  
11347.746  
11355.91628  
11358.40297  
11357.64555  
11348.98393  
11413.29741  
11385.90891  
11370.536  
11316.16144  
11295.26709  
11290.90878  
11310.38428  
11308.41739  
11331.42396  
11356.29093  
11371.02117  
11353.68501  
11370.3861  
11354.22239  
11379.21902  
11362.88761  
11380.22647  
11373.71649  
11382.15763  
11394.86337  
11406.03209  
11386.74649  
11327.10312  
11326.22346  
11365.54417  
11374.0665  
11402.45588  
11400.16198  
11359.34708  
11384.11182  
11381.92543  
11350.67569  
11376.05233  
11390.51762  
11376.54026  
11349.76705  
11384.64209  
11348.01589  
11348.67103  
11343.13579  
11353.38712  
11435.12469  
11392.10156  
11410.59406  
11342.54776  
11330.93652  
11313.59575  
11374.55682  
11373.69389  
11325.62176  
11428.96973  
11432.96942  
11503.67121  
11512.70335  
11553.95965  
11480.95321  
11459.87385  
11538.72687  
11512.97616  
11468.06476  
11455.40891  
11370.02251  
11314.91002  
11254.23593  
11296.61151  
11294.34925  
11313.78249  
11340.77317  
11325.37065  
11327.46138  
11346.77162  
11314.0534  
11378.82724  
11346.12522  
11382.63406  
11395.80327  
11411.86488  
11369.3485  
11359.71591  
11339.88295  
11329.19189  
11360.43968  
11359.73162  
11346.83909  
11352.15918  
11380.31086  
11349.64782  
11366.93164  
11406.81454  
11369.64684  
11348.32595  
11364.1167  
11306.24685  
11353.74299  
11375.63374  
11424.33887  
11447.80282  
11411.90878  
11401.96666  
11322.96262  
11403.84615  
11410.17827  
11421.91952  
11413.47239  
11441.41468  
11412.62638  
11361.78556  
11399.74627  
11326.02082  
11338.09282  
11335.73229  
11393.84619  
11361.07608  
11391.10609  
11406.7132  
11342.11728  
11347.72541  
11354.7504  
11350.72971  
11363.63445  
11403.31374  
11366.10605  
11354.5111  
11358.73748  
11339.93097  
11330.68719  
11348.91042  
11345.55926  
11355.32484  
11363.19798  
11427.2789  
11369.82404  
11399.64901  
11349.91584  
11353.91788  
11358.12345  
11447.48739  
11371.8085  
11322.19975  
11303.91779  
11315.72523  
11339.43279  
11374.30686  
11413.39906  
11369.22212  
11369.30669  
11355.52446  
11350.52379  
11375.69367  
11362.85174  
11356.52526  
11415.33807  
11480.06561  
11438.59193  
11407.56059  
11409.6772  
11335.52393  
11373.71609  
11427.20344  
11428.09069  
11435.17059  
11445.50098  
11458.24876  
11426.91699  
11382.97763  
11350.03622  
11374.75617  
11352.62491  
11333.31254  
11307.15314  
11324.71808  
11363.84952  
11312.0803  
11313.26034  
11370.2516  
11341.83918  
11367.15421  
11330.69314  
11536.78982  
11550.12189  
11469.88907  
11421.56898  
11351.11728  
11321.8398  
11354.85201  
11354.08345  
11405.05757  
11369.87664  
11355.84743  
11306.91939  
11356.57804  
11394.45552  
11364.77055  
11372.13907  
11388.33421  
11389.0502  
11416.18541  
11417.86182  
11395.72554  
11431.92534  
11429.00843  
11431.21902  
11433.44478  
11437.83212  
11397.11306  
11342.75368  
11301.79843  
11292.2848  
11301.51327  
11310.73837  
11372.0589  
11365.19087  
11348.40505  
11372.15683  
11369.30167  
11327.31903  
11319.42085  
11350.4498  
11338.15896  
11381.77801  
11399.87549  
11325.28538  
11355.532  
11369.82546  
11366.21333  
11391.23273  
11398.82773  
11442.94518  
11374.45512  
11396.12567  
11409.98509  
11381.33629  
11364.20819  
11338.88255  
11365.58638  
11395.39031  
11390.46826  
11367.70423  
11353.16899  
11336.7939  
11368.54727  
11425.52801  
11424.06583  
11418.3932  
11335.62824  
11472.38956  
11440.89839  
11461.08842  
11374.40945  
11403.36861  
11370.69935  
11344.50471  
11317.90021  
11307.4486  
11330.80535  
11321.96285  
11350.99969  
11362.95437  
11353.65159  
11355.50919  
11354.95934  
11393.52974  
11412.74654  
11466.53156  
11424.78298  
11343.55784  
11357.34544  
11338.51496  
11361.70113  
11350.23939  
11349.59304  
11393.15536  
11447.68404  
11434.44824  
11429.31028  
11396.73801  
11353.55713  
11326.51758  
11344.29315  
11386.93817  
11364.24192  
11337.41096  
11385.13494  
11330.64071  
11313.4343  
11321.39475  
11335.01651  
11363.87815  
11362.83971  
11384.09743  
11373.29625  
11342.21125  
11370.4264  
11445.54177  
11393.50741  
11423.43355  
11399.55451  
11380.54714  
11404.39502  
11451.23016  
11448.69021  
11409.33718  
11412.80398  
11409.75373  
11368.93546  
11373.33674  
11363.87331  
11342.47931  
11383.55655  
11356.1962  
11359.38965  
11353.91668  
11394.96888  
11359.07608  
11384.65709  
11370.09881  
11355.56805  
11362.03112  
11345.82315  
11345.1673  
11407.63792  
11409.61421  
11405.22239  
11422.22692  
11382.74081  
11383.22035  
11353.74796  
11358.87513  
11372.55846  
11360.56143  
11338.03409  
11326.85542  
11341.58731  
11314.67512  
11320.72368  
11343.46515  
11317.50426  
11346.04195  
11366.99916  
11384.71369  
11403.20344  
11459.82586  
11431.48273  
11419.85698  
11356.09011  
11347.90554  
11324.95419  
11375.68066  
11340.82737  
11365.50644  
11392.40203  
11417.15163  
11371.35276  
11428.56641  
11339.30575  
11341.31072  
11346.63632  
11364.57338  
11348.41366  
11375.20858  
11388.46347  
11384.17152  
11377.92054  
11420.21032  
11389.99165  
11423.44371  
11399.30966  
11406.58794  
11374.72678  
11409.0012  
11414.77947  
11391.85951  
11389.34668  
11396.52348  
11363.12864  
11319.3406  
11330.04794  
11378.81485  
11393.70228  
11365.77965  
11378.87544  
11403.79164  
11420.38632  
11486.55367  
11477.21995  
11436.53507  
11346.84051  
11336.30859  
11334.49747  
11378.7425  
11373.93435  
11363.57169  
11326.09828  
11363.18137  
11362.00275  
11416.23145  
11485.12646  
11463.10365  
11449.39196  
11434.54363  
11351.32764  
11324.15314  
11368.16309  
11344.91766  
11276.69664  
11356.71444  
11373.42325  
11393.6867  
11354.94957  
11337.91215  
11305.02197  
11345.75821  
11410.07147  
11423.27051  
11426.19988  
11431.69354  
11455.93808  
11360.51469  
11340.31126  
11347.23868  
11353.1582  
11369.57737  
11431.40985  
11389.21409  
11330.12575  
11341.00945  
11353.20614  
11408.21777  
11387.85254  
11409.40368  
11403.14418  
11417.8315  
11344.99987  
11476.5087  
11338.27934  
11320.44549  
11416.79958  
11390.53289  
11301.00364  
11288.86404  
11323.25795  
11350.98295  
11396.94722  
11368.46622  
11325.38179  
11327.88277  
11322.8497  
11327.06903  
11340.93888  
11338.35356  
11396.00071  
11368.58532  
11334.90865  
11378.76136  
11388.80731  
11339.27348  
11372.1681  
11385.39036  
11405.24055  
11436.96848  
11444.35969  
11479.45179  
11489.79639  
11438.17512  
11482.34344  
11375.67609  
11381.46365  
11340.78378  
11335.38042  
11334.61013  
11380.41193  
11458.93714  
11400.22576  
11359.3184  
11371.65838  
11360.27805  
11406.51079  
11324.11195  
11322.85445  
11304.51602  
11351.90328  
11335.60001  
11380.54692  
11399.44846  
11364.59837  
11387.46302  
11391.84761  
11375.16326  
11393.70344  
11412.61665  
11398.57027  
11399.83243  
11386.46973  
11294.89915  
11330.41513  
11356.79501  
11418.69997  
11355.06596  
11446.01895  
11388.62411  
11319.62354  
11316.7801  
11355.42951  
11366.8924  
11403.23628  
11421.88574  
11370.09561  
11341.7805  
11311.24774  
11346.84921  
11377.32329  
11359.45153  
11346.69198  
11375.58199  
11393.53085  
11384.81064  
11397.56046  
11364.6582  
11391.69864  
11380.54448  
11389.02654  
11370.48167  
11380.74299  
11350.6104  
11377.27428  
11377.31645  
11319.61714  
11360.92973  
11447.35334  
11387.53587  
11399.51744  
11420.22647  
11382.96116  
11422.76998  
11421.61972  
11417.44305  
11354.05726  
11312.6432  
11293.2828  
11344.07306  
11392.46183  
11389.18861  
11474.68621  
11458.05868  
11428.44096  
11433.43892  
11365.76944  
11377.12469  
11377.52965  
11396.01083  
11428.47394  
11384.23358  
11363.63348  
11307.4846  
11310.97785  
11345.44229  
11366.13805  
11389.02433  
11380.99703  
11405.00293  
11392.38339  
11369.74205  
11379.24525  
11375.50795  
11315.771  
11347.45188  
11359.57684  
11345.3188  
11362.44092  
11405.11017  
11365.46529  
11349.96196  
11366.93355  
11368.11239  
11323.50146  
11326.58208  
11360.65816  
11404.62069  
11375.6456  
11405.29798  
11333.89955  
11365.57506  
11346.96791  
11372.64213  
11357.75648  
11404.04359  
11409.70366  
11446.10072  
11472.4858  
11463.72141  
11428.41562  
11442.3758  
11454.01265  
11406.47252  
11404.18426  
11309.53471  
11341.58514  
11336.0146  
11384.79204  
11371.83008  
11366.19811  
11396.97203  
11360.55464  
11362.05034  
11355.68311  
11349.52437  
11368.85556  
11335.19846  
11368.63335  
11398.13854  
11383.83345  
11334.47283  
11384.31321  
11385.51656  
11386.79572  
11359.98069  
11350.13694  
11334.74263  
11319.3501  
11343.03817  
11339.47186  
11403.89702  
11417.05824  
11408.2844  
11394.07373  
11357.22492  
11314.80176  
11345.29173  
11375.58154  
11401.70477  
11424.73433  
11433.4715  
11461.87536  
11409.95659  
11413.9743  
11327.67418  
11332.51181  
11311.11226  
11349.88841  
11377.53462  
11405.82746  
11379.83669  
11350.71249  
11357.14711  
11404.29585  
11357.31228  
11407.14906  
11357.64462  
11388.86945  
11381.75222  
11334.60236  
11350.71262  
11323.36737  
11364.20477  
11370.71888  
11355.55815  
11360.64999  
11383.32369  
11406.5676  
11420.90678  
11418.12673  
11332.93714  
11363.03804  
11444.60511  
11403.77051  
11402.67915  
11368.46262  
11318.42227  
11354.95494  
11395.49925  
11388.95561  
11449.52548  
11431.27033  
11357.32493  
11345.01243  
11322.71751  
11382.19975  
11380.67591  
11348.39555  
11362.63272  
11341.58185  
11376.58785  
11388.89977  
11398.26114  
11337.61679  
11296.24734  
11376.30305  
11386.96014  
11419.18679  
11386.33172  
11379.16495  
11354.22789  
11329.01021  
11316.14839  
11344.22892  
11354.39755  
11373.01847  
11433.93382  
11450.73868  
11479.51505  
11452.69567  
11431.51545  
11428.64493  
11442.54084  
11389.39888  
11378.6001  
11384.32471  
11412.38188  
11444.74503  
11442.7354  
11460.95743  
11452.39169  
11465.1582  
11462.53449  
11406.84664  
11376.89799  
11342.32786  
11323.45432  
11341.60693  
11360.08944  
11329.50497  
11322.4252  
11336.06907  
11383.71276  
11322.09606  
11316.45259  
11334.9557  
11359.66437  
11339.27801  
11340.40439  
11353.68541  
11401.08354  
11387.79688  
11428.40336  
11413.04399  
11364.82138  
11309.61341  
11346.93541  
11325.64262  
11371.8592  
11357.14169  
11367.99543  
11344.80509  
11376.70841  
11399.33714  
11382.76598  
11356.44806  
11369.92232  
11363.62984  
11391.69371  
11378.17645  
11373.46715  
11371.9905  
11342.81334  
11350.64089  
11322.51984  
11367.48988  
11405.56463  
11391.04816  
11432.74756  
11351.6341  
11320.51607  
11368.68364  
11354.32027  
11377.50985  
11367.54363  
11395.43342  
11399.5455  
11434.32231  
11186.07684  
11467.99201  
11488.76931  
11465.92587  
11418.94114  
11418.64724  
11349.74512  
11336.13086  
11334.49587  
11321.21911  
11317.07963  
11379.25746  
11396.10356  
11392.51443  
11426.73757  
11410.24787  
11357.18714  
11353.76265  
11382.3663  
11379.69105  
11395.79301  
11385.91317  
11301.04275  
11298.54625  
11323.52401  
11378.20401  
11412.37624  
11436.44145  
11443.03187  
11404.63499  
11460.53698  
11449.63738  
11417.9011  
11484.24525  
11465.62296  
11456.90776  
11428.31423  
11313.12553  
11281.8865  
11287.64839  
11344.77166  
11280.68368  
11289.32018  
11303.51558  
11363.04328  
11326.17343  
11337.52761  
11336.20348  
11307.3754  
11328.33811  
11317.61204  
11375.30114  
11389.99467  
11392.46618  
11476.59681  
11424.17893  
11343.37296  
11321.86115  
11341.37043  
11312.4138  
11328.20104  
11382.62846  
11413.07107  
11495.16553  
11441.22088  
11439.13192  
11388.86958  
11325.74765  
11326.09073  
11340.97226  
11373.24667  
11405.06317  
11311.84224  
11325.38077  
11376.94496  
11440.05779  
11383.09326  
11419.07693  
11355.97084  
11432.52934  
11413.93124  
11383.47856  
11368.31379  
11356.26589  
11288.86173  
11318.82875  
11232.20858  
11297.96467  
11334.84157  
11322.25293  
11367.79119  
11359.77881  
11340.68022  
11369.95508  
11351.5518  
11348.98149  
11405.47829  
11401.84317  
11451.57311  
11473.4585  
11407.74973  
11411.18945  
11435.31565  
11433.07191  
11423.54594  
11408.81503  
11459.65035  
11440.60489  
11465.28063  
11498.05797  
11471.8936  
11460.04328  
11401.3374  
11402.53485  
11382.9976  
11339.24929  
11311.53218  
11316.16433  
11340.74308  
11353.92813  
11394.4941  
11382.10059  
11374.269  
11327.44629  
11324.8196  
11311.75954  
11323.63956  
11384.61963  
11388.23322  
11440.70526  
11402.29337  
11453.49734  
11472.97283  
11422.25355  
11320.36745  
11317.22954  
11334.08101  
11288.53493  
11291.02521  
11303.15332  
11328.80429  
11329.38095  
11302.32262  
11285.0095  
11338.51363  
11345.12322  
11367.35294  
11337.46884  
11364.24299  
11379.27273  
11361.48966  
11376.02197  
11411.67103  
11370.23149  
11367.95614  
11387.91131  
11401.02615  
11366.21054  
11365.9482  
11386.32551  
11352.07089  
11365.91011  
11448.6934  
11395.95987  
11398.90696  
11413.4359  
11445.50448  
11397.8667  
11374.04363  
11394.37602  
11354.65807  
11391.31379  
11346.28462  
11370.81121  
11406.91451  
11381.90496  
11421.50022  
11449.14142  
11409.95867  
11471.22319  
11408.88321  
11325.19181  
11311.75142  
11353.9604  
11337.12402  
11323.18701  
11367.29417  
11401.59517  
11373.09899  
11300.23256  
11343.67396  
11345.34095  
11312.34331  
11307.67401  
11306.87185  
11268.92765  
11328.93608  
11255.83749  
11467.90927  
11544.96853  
11568.57218  
11507.36701  
11488.89227  
11435.27295  
11348.81148  
11298.81237  
11292.44141  
11354.36244  
11359.60906  
11382.4039  
11363.91895  
11397.83043  
11393.47128  
11303.35245  
11349.93417  
11416.29133  
11541.59495  
11526.1238  
11475.39848  
11434.56312  
11437.73917  
11350.17978  
11455.5384  
11437.73247  
11459.20526  
11334.68546  
11274.6926  
11272.35028  
11271.51341  
11290.05309  
11323.17356  
11236.51571  
11319.68297  
11347.74463  
11387.61563  
11387.03924  
11381.63303  
11366.71325  
11335.20375  
11359.19487  
11381.18235  
11379.48686  
11337.55802  
11331.45095  
11346.34837  
11419.11998  
11428.82293  
11439.91131  
11473.53027  
11393.57391  
11384.47465  
11398.32946  
11383.4157  
11377.82386  
11329.04164  
11347.20073  
11391.09007  
11378.31494  
11408.15967  
11412.58243  
11406.37913  
11330.92409  
11376.70805  
11385.90035  
11438.24765  
11406.2955  
11424.69567  
11328.15976  
11309.00759  
11318.39036  
11336.92436  
11324.40292  
11342.35911  
11395.71524  
11399.97155  
11413.8034  
11459.85902  
11407.42636  
11232.31263  
11348.21768  
11407.30944  
11398.5574  
11380.58119  
11373.58656  
11393.38281  
11447.07932  
11418.6337  
11452.65767  
11394.20663  
11393.73637  
11379.08381  
11382.07613  
11388.71586  
11362.84988  
11318.1772  
11350.89711  
11330.47714  
11349.2923  
11390.73167  
11371.03671  
11411.4763  
11396.38517  
11454.71049  
11424.49392  
11445.49316  
11474.71422  
11388.04057  
11311.968  
11299.79026  
11266.46564  
11309.89506  
11275.64249  
11315.8121  
11350.19722  
11376.48176  
11380.59792  
11445.56152  
11401.0301  
11420.8097  
11426.27859  
11422.60152  
11435.30819  
11405.8936  
11362.11923  
11372.54275  
11340.30793  
11322.49836  
11329.53414  
11351.74672  
11333.73748  
11419.37939  
11406.95814  
11423.25351  
11417.67596  
11330.18222  
11302.7516  
11414.96236  
11384.36941  
11349.63805  
11354.31854  
11363.90234  
11361.59775  
11354.66384  
11338.44513  
11322.80842  
11311.57187  
11307.13761  
11333.67769  
11331.96848  
11343.57497  
11384.05216  
11468.09806  
11491.6527  
11427.75337  
11437.63348  
11394.09459  
11339.10618  
11344.25843  
11334.21347  
11370.33802  
11320.48868  
11404.6958  
11425.6954  
11424.91206  
11385.24942  
11344.27517  
11349.99365  
11314.40088  
11295.99849  
11347.10711  
11425.17813  
11365.26989  
11403.77308  
11405.60254  
11375.6713  
11407.81188  
11360.58079  
11370.36155  
11360.22985  
11390.53866  
11401.89888  
11394.96578  
11388.70153  
11388.89373  
11384.92591  
11411.81072  
11419.98904  
11448.85827  
11358.01536  
11313.85134  
11350.44398  
11387.10822  
11398.84047  
11372.12678  
11432.53143  
11474.19607  
11499.18137  
11497.27774  
11443.76776  
11422.07462  
11364.52477  
11432.29084  
11391.22385  
11398.33607  
11366.38627  
11375.93928  
11369.89995  
11411.91193  
11372.57999  
11370.09371  
11331.3964  
11317.77162  
11358.0574  
11351.41903  
11307.95286  
11322.14631  
11345.49556  
11380.93555  
11397.05855  
11396.20597  
11238.2021  
11378.34921  
11398.18049  
11326.92503  
11304.19318  
11352.42512  
11399.34695  
11399.07067  
11397.51811  
11366.21733  
11356.73664  
11387.59637  
11336.02433  
11344.21436  
11367.97838  
11355.35702  
11328.25457  
11363.25573  
11396.11435  
11371.53649  
11350.44767  
11383.4573  
11333.25169  
11340.93284  
11321.41091  
11333.54661  
11356.2049  
11402.33176  
11351.87158  
11326.11373  
11317.46276  
11344.02295  
11380.4442  
11381.41872  
11381.96507  
11410.02583  
11394.56046  
11403.96032  
11419.00701  
11444.7148  
11402.42849  
11405.78995  
11387.48935  
11446.10329  
11423.80691  
11386.44429  
11380.85383  
11433.94021  
11414.35676  
11435.62695  
11400.66491  
11357.64116  
11384.1642  
11358.58873  
11386.93297  
11442.6377  
11432.21236  
11404.72931  
11382.91273  
11390.23096  
11377.98646  
11373.38907  
11465.80362  
11423.7745  
11455.77317  
11467.48526  
11495.63232  
11359.73509  
11374.97829  
11297.01212  
11302.8252  
11322.61936  
11372.44287  
11330.32395  
11380.0732  
11355.74676  
11416.17232  
11357.92418  
11311.98833  
11315.22905  
11322.32306  
11316.64733  
11297.05025  
11302.84513  
11331.65314  
11321.12762  
11311.54954  
11347.34282  
11336.47146  
11363.43559  
11399.8089  
11402.59379  
11379.01642  
11348.70521  
11332.47625  
11413.01696  
11416.56104  
11386.16264  
11396.84632  
11335.1444  
11403.39111  
11353.0783  
11375.07733  
11407.72798  
11499.52521  
11486.354  
11447.26425  
11390.16202  
11353.32826  
11324.19447  
11356.0253  
11332.93235  
11315.18235  
11334.83762  
11334.79155  
11344.496  
11366.33736  
11385.08026  
11388.96733  
11380.58589  
11364.64915  
11385.16051  
11328.89764  
11311.12695  
11304.34664  
11343.36177  
11390.95486  
11424.77641  
11373.66952  
11343.54616  
11345.42427  
11366.2769  
11279.70335  
11358.57338  
11341.40305  
11344.77868  
11349.7555  
11349.70463  
11326.8588  
11381.55828  
11414.62442  
11408.61941  
11417.61448  
11383.09761  
11374.22852  
11415.09792  
11431.00781  
11445.92441  
11490.88818  
11495.79972  
11517.6183  
11543.36679  
11533.03587  
11482.23393  
11362.0265  
11300.08616  
11270.7168  
11335.56685  
11371.33927  
11367.53205  
11378.69354  
11390.81938  
11399.65718  
11438.3204  
11409.48167  
11348.56747  
11341.3473  
11335.94078  
11417.65239  
11410.32955  
11411.82449  
11390.15949  
11373.76132  
11410.18026  
11372.63539  
11334.07533  
11421.85551  
11474.82244  
11442.856  
11485.6167  
11434.59277  
11406.99973  
11377.63903  
11335.75839  
11346.4272  
11354.62154  
11364.57928  
11350.42849  
11352.218  
11331.48464  
11294.06454  
11274.54031  
11478.74485  
11451.9387  
11452.94882  
11478.37522  
11481.44278  
11421.86186  
11346.74383  
11245.36137  
11287.75249  
11266.42698  
11294.55003  
11352.27166  
11335.51061  
11348.91553  
11334.9407  
11315.27401  
11383.97572  
11384.31459  
11411.27725  
11418.25  
11456.99476  
11460.16575  
11443.52357  
11390.07377  
11314.88463  
11318.15652  
11362.49809  
11333.71764  
11305.9842  
11416.82662  
11391.58274  
11341.32959  
11412.64959  
11404.89866  
11381.64426  
11385.78738  
11329.66051  
11321.55322  
11308.05957  
11360.93941  
11366.038  
11336.40829  
11357.96493  
11301.25306  
11338.83572  
11297.29639  
11341.48216  
11360.59539  
11372.16859  
11365.21356  
11348.22794  
11400.34575  
11429.53218  
11432.45184  
11389.92849  
11367.34393  
11368.03538  
11389.96498  
11375.42556  
11352.30655  
11297.21054  
11329.04781  
11356.82093  
11406.85529  
11379.74969  
11376.23429  
11354.00977  
11415.57542  
11418.28591  
11468.02304  
11363.17796  
11374.21839  
11344.70455  
11304.95326  
11332.37966  
11321.15097  
11386.72607  
11368.38068  
11391.17263  
11388.24312  
11352.99241  
11363.65643  
11357.66384  
11352.21844  
11383.27313  
11368.5407  
11395.88188  
11383.69984  
11416.81987  
11407.38792  
11430.6523  
11502.67196  
11477.68657  
11429.50226  
11482.76807  
11366.48509  
11329.301  
11264.58643  
11293.08469  
11277.67152  
11344.92432  
11434.37105  
11433.59277  
11465.87762  
11480.51247  
11489.77654  
11394.51585  
11314.73704  
11316.29679  
11342.61692  
11316.7255  
11340.23961  
11358.99276  
11379.39977  
11338.46622  
11313.81499  
11352.36057  
11328.42112  
11344.82666  
11392.83993  
11344.788  
11309.18719  
11363.51935  
11354.52153  
11326.17201  
11383.68941  
11441.20494  
11463.17472  
11456.31055  
11476.84308  
11452.38867  
11405.37589  
11371.00679  
11371.16264  
11341.78564  
11340.12837  
11322.64009  
11269.45357  
11307.78667  
11315.76518  
11349.80606  
11388.14502  
11359.32697  
11357.73553  
11318.32861  
11344.45268  
11342.04794  
11338.10582  
11396.81343  
11393.0882  
11401.41677  
11430.73375  
11446.04958  
11382.90763  
11419.68706  
11350.67742  
11318.88414  
11388.22994  
11465.54279  
11533.44163  
11516.66704  
11459.96879  
11416.11408  
11381.26847  
11351.12056  
11348.27819  
11346.04865  
11384.58509  
11380.76389  
11375.2259  
11414.06516  
11381.13188  
11444.17671  
11466.43524  
11481.22745  
11403.95077  
11395.52734  
11386.94593  
11419.394  
11416.99423  
11337.97634  
11369.87003  
11379.14537  
11337.34903  
11352.32812  
11347.72261  
11354.1495  
11360.00826  
11364.98051  
11382.45122  
11376.20295  
11386.63756  
11362.96937  
11326.62504  
11344.92902  
11421.8548  
