9809.694791  
9854.578176  
9965.604829  
9951.754378  
9939.284365  
9944.586156  
9902.411907  
9917.232254  
9864.441171  
9894.628351  
9938.39246  
9963.349424  
9913.101664  
9888.561692  
9869.044147  
9898.919905  
9907.247879  
9873.098145  
9901.27768  
9918.946626  
9927.799199  
9924.040948  
9856.415915  
9895.5263  
9833.118568  
9857.497239  
9880.387779  
9895.263722  
9880.698006  
9863.100451  
9869.932516  
9866.94309  
9855.558223  
9925.091426  
9979.549771  
9945.955684  
9933.680075  
9822.691457  
9823.784079  
9854.152596  
9929.777916  
9947.933223  
9964.034062  
9993.548289  
9955.776367  
9849.462082  
9822.653388  
9769.737928  
9853.021956  
9886.055765  
9924.923306  
9882.196356  
9830.011449  
9868.250303  
9905.218801  
9896.012274  
9882.222  
9827.732725  
9827.376515  
9853.377441  
9905.762291  
9944.980031  
9902.837907  
9915.028388  
9883.074741  
9903.843868  
9870.175478  
9941.70267  
9897.576391  
9939.74244  
9862.910156  
9848.475013  
9853.352842  
9903.051505  
9933.834439  
10000.13519  
10027.54051  
9966.339591  
9939.560732  
9936.131364  
9919.920191  
9876.655678  
9854.431994  
9797.089844  
9772.335584  
9771.937264  
9797.191507  
9825.594457  
9867.087066  
9847.623434  
9836.192652  
9880.931237  
9833.751667  
9861.954236  
9875.539635  
9925.764042  
9931.748316  
9930.88096  
9921.364241  
9940.179586  
9927.234308  
9972.000808  
9946.466157  
9937.931843  
9893.76512  
9900.040494  
9877.215248  
9871.140574  
9889.688291  
9930.228516  
9932.564739  
9922.051421  
9885.347387  
9857.66285  
9879.847757  
9932.50362  
9983.907563  
9980.234644  
9949.127778  
9938.691659  
9862.116598  
9837.821037  
9917.457738  
9937.121077  
9913.409096  
9952.048256  
9888.32203  
9892.792278  
9898.637561  
9911.420814  
9911.742979  
9914.280846  
9910.575044  
9930.158877  
9908.85722  
9948.670865  
9958.663338  
9929.927785  
9875.639682  
9870.96156  
9854.611513  
9842.73126  
9888.893622  
9862.778219  
9860.200532  
9859.356546  
9937.287783  
9880.652647  
9829.714322  
9840.71119  
9896.931152  
9864.322939  
9895.734661  
9903.372592  
9855.358213  
9846.202973  
9917.32336  
9951.113904  
9993.795562  
9923.071676  
9865.130388  
9877.864931  
9863.292211  
9848.454438  
9882.864174  
9855.732304  
9901.7319  
9887.776721  
9902.605014  
9856.396535  
9866.747239  
9827.02699  
9912.333159  
9919.855368  
9915.530374  
9872.843952  
9853.192484  
9896.628974  
9906.838884  
9922.364073  
9930.581762  
9955.916386  
9947.201138  
9931.228297  
9929.675731  
9891.046016  
9941.043592  
9951.987423  
9947.216881  
9910.980166  
9848.26049  
9841.956189  
9804.873737  
9829.870791  
9934.086998  
9916.739914  
9895.499461  
9885.324185  
9898.126212  
9913.93617  
9922.494343  
9911.968363  
9929.535762  
9927.444942  
9936.872996  
9881.20885  
9909.37697  
9932.4819  
9909.792918  
9924.435176  
10096.37177  
9979.471461  
9939.62958  
9864.361766  
9880.298256  
9896.852236  
9900.763941  
9931.773235  
9892.331998  
9854.882375  
9904.896097  
9822.264632  
9861.367962  
9898.368551  
9927.453041  
9910.559116  
9924.501633  
9905.314419  
9862.581425  
9921.982102  
9942.873653  
9977.375488  
9925.71348  
9922.111059  
9924.042632  
9935.0757  
9868.098279  
9889.930681  
9862.266719  
9847.629832  
9840.233297  
9852.768302  
9904.530273  
9888.054014  
9956.145609  
9972.29408  
9934.281587  
10022.82282  
10001.12187  
9964.847774  
9906.805226  
9848.518858  
9847.297296  
9881.795797  
9869.288928  
9845.383233  
9875.1546  
9871.675057  
9862.579792  
9913.036756  
9899.758503  
9908.515221  
9884.032176  
9835.223515  
9874.999613  
9916.128115  
9877.253839  
9971.27044  
9871.261146  
9902.745993  
9919.090197  
10048.22185  
9934.659887  
9980.448343  
9988.138049  
9941.185698  
9920.419333  
9903.574  
9851.342773  
9878.172582  
9836.802802  
9790.95267  
9824.965399  
9811.181237  
9860.849475  
9896.212806  
9898.923761  
9963.734156  
9930.7763  
9907.842959  
9909.074252  
9927.268336  
9899.908742  
9859.432146  
9846.615874  
9878.502593  
9885.717555  
9922.837975  
9887.615403  
9883.397562  
9887.033607  
9897.768302  
9871.840332  
9877.493046  
9930.002172  
9919.748434  
9933.136752  
9909.378637  
9883.718481  
9846.646198  
9863.575532  
9880.459321  
9877.719154  
9883.475249  
9873.996548  
9883.743922  
9855.241918  
9867.858365  
9936.994393  
9930.811507  
9893.719844  
9895.752004  
9894.76485  
9881.745706  
9948.442568  
9961.949303  
9884.069555  
9903.944319  
9911.092201  
9912.506078  
9925.587823  
9944.808459  
9950.619966  
9963.071828  
9940.362608  
9886.748064  
9850.725636  
9862.762881  
9875.529566  
9905.446441  
9880.339659  
9865.108584  
9913.437668  
9890.836544  
9917.34471  
9924.061456  
9956.290005  
9912.674872  
9879.417918  
9807.492507  
9852.671016  
9844.38517  
9947.244124  
9923.347353  
9878.814251  
9881.754546  
9876.468733  
9860.295764  
9901.49569  
9871.475552  
9865.481715  
9860.99239  
9862.822821  
9938.418373  
9958.928627  
9943.664332  
9946.74473  
9890.185581  
9864.243838  
9862.715803  
9866.299788  
9851.86377  
9872.215972  
9869.585213  
9843.886163  
9875.329691  
9844.521872  
9878.83353  
9865.508233  
9938.271417  
9899.775121  
9890.003435  
9909.0724  
9894.733011  
9948.142477  
9981.951913  
9981.772781  
9921.422868  
9919.315733  
9892.771888  
9816.761331  
9865.245993  
9917.487945  
9898.782479  
9906.194892  
9924.638285  
9897.080836  
9891.700279  
9866.818326  
9908.554418  
9880.826913  
9872.15194  
9900.933964  
9899.593346  
9956.743652  
9932.424889  
9933.361682  
9893.795461  
9861.434873  
9830.416554  
9846.240133  
9888.314605  
9851.469945  
9899.262426  
9849.369461  
9859.089911  
9832.905577  
9905.182937  
9890.117625  
9944.973549  
9900.697586  
9976.909601  
9964.780257  
9915.12729  
9897.738786  
9941.612288  
9985.840349  
9977.841763  
9951.437264  
9904.730166  
9842.409146  
9843.224795  
9884.917194  
9872.769296  
9912.099744  
9879.283119  
9839.823124  
9838.337823  
9865.987002  
9830.913456  
9880.999697  
9883.704506  
9866.395491  
9931.944454  
9884.073613  
9870.872205  
9920.960702  
9892.997256  
9914.922986  
9984.248889  
9953.004058  
9947.941171  
9934.88879  
9853.67829  
9904.239275  
9912.116884  
9951.144178  
9988.556927  
10009.9867  
9951.057095  
9960.305159  
9843.146922  
9854.038035  
9885.563796  
9883.954388  
9878.071457  
9900.273235  
9833.314655  
9938.615049  
9910.887881  
9933.384261  
9950.46114  
9879.150003  
9879.203226  
9908.396754  
9921.010944  
9940.790207  
9962.873619  
9860.449909  
9826.472387  
9879.485082  
9886.314874  
9877.358432  
9874.14507  
9852.073983  
9854.352472  
9883.591292  
9857.506819  
9833.914467  
9875.322266  
9874.518319  
9922.123114  
9912.705987  
9940.518336  
9881.088244  
9898.333041  
9865.15859  
9868.672835  
9888.500084  
9902.882072  
9900.839709  
9905.471899  
9921.033776  
9934.425882  
9930.935698  
9907.796639  
9907.083681  
9896.541773  
9911.001431  
9953.860065  
9912.437079  
9926.524313  
9886.343834  
9861.564689  
9891.670023  
9903.229863  
9912.485486  
9940.768151  
9997.775913  
9920.581863  
9922.358516  
9892.930159  
9908.975131  
9918.386197  
9930.711055  
9900.79834  
9891.821828  
9857.904381  
9920.548407  
9932.745033  
9890.848347  
9877.958917  
9883.765676  
9902.637039  
9928.114224  
9950.878115  
9922.748316  
9857.174586  
9836.569117  
9842.409382  
9821.957789  
9854.206829  
9883.584388  
9915.463514  
9922.612305  
9889.076626  
9878.748906  
9873.899111  
9856.719474  
9916.726041  
9921.855721  
9942.574471  
9937.542329  
9915.977707  
9899.16248  
9876.106243  
9919.62729  
9912.432078  
9925.794535  
9939.526485  
9916.138133  
9911.079236  
9882.231159  
9890.171521  
9890.489595  
9902.1974  
9911.615369  
9918.428896  
9914.121245  
9915.087082  
9905.76714  
9898.877121  
9845.317332  
9878.685951  
9853.027361  
9856.555092  
9849.483988  
9877.649229  
9868.346377  
9869.566356  
9924.145323  
9889.667952  
9875.270979  
9912.753182  
9927.800781  
9977.165999  
9987.472016  
9938.554991  
9894.99707  
9911.806152  
9893.533018  
9894.369966  
9869.23089  
9890.294333  
9918.374124  
9883.506129  
9855.869612  
9870.923239  
9911.307381  
9893.188493  
9914.433998  
9874.383015  
9890.273505  
9924.683089  
9910.159921  
9905.361631  
9889.615605  
9941.901973  
9875.191642  
9856.484274  
9843.669046  
9857.245151  
9896.13847  
9903.856008  
9887.018201  
9862.456408  
9863.077367  
9868.527024  
9865.839456  
9882.816137  
9921.316507  
9971.642814  
9915.300983  
9936.503334  
9947.179519  
9920.835685  
9982.69932  
9930.977741  
9968.918625  
9945.311069  
9954.306203  
9901.813056  
9882.001111  
9863.520171  
9863.083563  
9859.396821  
9859.526973  
9869.026047  
9823.339844  
9869.276165  
9899.112709  
9874.457637  
9916.635995  
9921.579657  
9878.112574  
9907.568713  
9895.557146  
9906.241649  
9956.596124  
9986.782176  
9970.932769  
9935.670966  
9873.427128  
9837.747239  
9847.74675  
9878.518976  
9890.992928  
9929.949168  
9907.970602  
9919.332334  
9915.382459  
9877.532934  
9909.914871  
9890.120084  
9894.695986  
9884.951492  
9839.300108  
9877.091645  
9869.975535  
9865.416706  
9904.890793  
9876.146686  
9946.384412  
9975.652344  
9950.420999  
9930.883638  
9898.85658  
9946.314318  
9981.35924  
9978.828361  
9887.965096  
9876.077687  
9849.050125  
9822.352438  
9837.231782  
9878.334271  
9895.483398  
9894.738248  
9895.820296  
9924.81016  
9919.589524  
9913.627475  
9932.561456  
9926.899448  
9935.694336  
9925.985874  
9914.379395  
9881.794383  
9911.737389  
9862.53482  
9882.329186  
9911.885776  
9856.366615  
9889.372744  
9937.901788  
9921.057853  
9897.693258  
9900.366312  
9865.340484  
9834.276266  
9863.148168  
9883.941272  
9917.394279  
9942.553947  
9936.175192  
9930.156098  
9881.940918  
9826.389968  
9845.08055  
9862.754681  
9872.931523  
9880.130691  
9836.364359  
9846.225906  
9864.730048  
9886.317046  
9889.726983  
9913.816928  
9911.372777  
9881.994141  
9919.376549  
9870.213951  
9904.960769  
9910.640608  
9968.308324  
9957.010624  
9999.965063  
9951.553391  
9875.739106  
9921.280997  
9940.603196  
9935.055294  
9914.178021  
9887.992036  
9826.502509  
9836.619848  
9865.974222  
9898.290881  
9922.94181  
9896.105553  
9892.587554  
9894.453293  
9899.99212  
9936.987709  
9954.8306  
9961.268757  
9935.145036  
9857.250404  
9856.512965  
9882.452569  
9843.939925  
9862.268841  
9868.908456  
9878.199421  
9892.411015  
9885.86318  
9877.48488  
9940.181001  
9950.839709  
9949.378873  
9959.560379  
9930.14081  
9879.272831  
9827.619915  
9816.479677  
9873.212604  
9879.119427  
9877.167784  
9865.921673  
9891.341578  
9916.100317  
9926.214642  
9933.638554  
9904.46875  
9949.007897  
9925.142814  
9922.349104  
9907.5263  
9908.452738  
9942.160544  
9915.590484  
9890.341208  
9955.976057  
9880.158052  
9920.099795  
9863.085264  
9906.071811  
9886.449825  
9857.261954  
9901.183661  
9839.58944  
9856.919686  
9852.552751  
9878.034298  
9910.393285  
9874.651872  
9873.868282  
9855.392393  
9875.737338  
9878.418204  
9900.502206  
9925.596057  
9975.591544  
9958.0806  
9937.166908  
9904.666066  
9905.302734  
9932.161082  
9924.261769  
9909.122575  
9928.721427  
9917.04802  
9925.369494  
9909.689958  
9906.41871  
9953.23451  
9936.790965  
9923.331678  
9895.841292  
9911.872963  
9913.344912  
9897.339962  
9891.262106  
9859.804334  
9883.878098  
9887.52694  
9892.234375  
9885.766703  
9849.735352  
9862.822266  
9864.200919  
9895.476108  
9937.779347  
9986.223683  
9965.348027  
9896.776788  
9894.155189  
9912.15497  
9922.466157  
9963.185379  
9931.719171  
9874.643285  
9823.280021  
9815.904617  
9844.782917  
9887.415814  
9876.637628  
9887.308661  
9888.36254  
9807.154869  
9849.887712  
9882.802246  
9937.098852  
10012.78783  
9983.372575  
9921.891298  
9869.690076  
9851.112423  
9870.835735  
9875.246313  
9901.449909  
9870.758503  
9950.998384  
9903.402394  
9914.331509  
9947.633435  
9923.56846  
9920.870875  
9903.927128  
9908.372693  
9878.591527  
9857.744982  
9860.911907  
9896.719508  
9879.990689  
9910.074774  
9900.347606  
9867.967033  
9905.113382  
9913.748704  
9918.68063  
9907.328209  
9896.29339  
9942.004327  
9967.751616  
9969.023219  
9985.435193  
9932.709624  
9899.276081  
9894.531907  
9919.256802  
9883.528623  
9839.977657  
9813.469777  
9821.921959  
9831.464254  
9837.668491  
9851.178172  
9871.830314  
9924.196407  
9916.718161  
9901.26517  
9904.554199  
9909.443275  
9953.218279  
9944.778337  
9980.404886  
9935.750724  
9950.189941  
9879.300158  
9901.160964  
9825.472033  
9829.687921  
9886.269245  
9876.338918  
9886.715197  
9894.958681  
9897.150306  
9904.066524  
9900.145962  
9935.825128  
9945.43585  
9978.744258  
9943.914231  
9934.009782  
9933.229778  
9883.812971  
9854.642982  
9878.578091  
9940.580465  
9933.095905  
9914.232759  
9911.658523  
9910.436961  
9855.845871  
9919.426488  
9935.938931  
9951.208126  
9891.682112  
9907.11808  
9849.871414  
9869.781839  
9874.200515  
9884.02076  
9889.728516  
9898.424872  
9922.043322  
9907.266871  
9918.800024  
9887.64544  
9907.079556  
9875.691406  
9871.716107  
9874.503788  
9849.486884  
9879.669063  
9932.428442  
9927.624461  
9927.472404  
9931.523976  
9851.579758  
9797.845636  
9857.190278  
9797.775997  
9819.198057  
9855.076206  
9909.241783  
9873.368231  
9944.968598  
9904.827502  
9877.693898  
9877.524633  
9896.211981  
9883.178206  
9895.202334  
9879.208951  
9886.122895  
9892.31841  
9936.200549  
9910.943595  
9935.339793  
9914.772697  
9892.497458  
9855.30563  
9880.494309  
9890.538928  
9921.942551  
9949.24675  
9965.625892  
9942.838901  
9923.403657  
9874.334473  
9849.032563  
9850.248148  
9843.617777  
9862.101815  
9861.910948  
9890.269195  
9882.378654  
9929.455819  
9997.281233  
9973.810008  
9881.351697  
9861.902007  
9887.799906  
9902.424737  
9969.466662  
10008.02931  
9942.113534  
9925.329034  
9886.503889  
9864.790679  
9875.676741  
9882.982961  
9879.705095  
9868.331678  
9919.258116  
9924.473481  
9931.440211  
9928.789332  
9873.349357  
9902.676404  
9906.02598  
9855.554267  
9878.153607  
9888.945834  
9919.830179  
9964.036436  
9984.694656  
9981.792716  
9922.476041  
9893.549199  
9836.53322  
9815.532344  
9847.184284  
9842.549333  
9890.109712  
9918.93548  
9906.490285  
9921.440699  
9837.181102  
9907.758587  
9861.433796  
9890.47764  
9902.955533  
9892.675394  
9904.782361  
9857.985318  
9862.040881  
10051.93907  
9988.102388  
10021.84599  
9949.203344  
9890.898926  
9851.86643  
9839.711039  
9872.155172  
9837.923003  
9809.608769  
9864.569336  
9941.270996  
9893.39864  
9882.841612  
9902.184974  
9861.012594  
9943.039113  
9909.668171  
9895.072299  
9827.79014  
9789.800394  
9791.867726  
9903.152142  
9906.80095  
9935.298626  
9840.532883  
9875.348515  
9893.722218  
9917.917144  
9919.765103  
9935.449791  
9905.166857  
9872.10168  
9895.198899  
9922.997676  
9969.746936  
10000.57306  
10001.61124  
9945.842622  
9850.575667  
9838.970804  
9884.728078  
9855.781907  
9907.506331  
9913.987995  
9909.681506  
9905.069134  
9873.829876  
9895.110234  
9894.47993  
9900.356934  
9947.74931  
9918.914197  
9914.635591  
9897.495134  
9937.775929  
9927.72961  
9926.895154  
9908.170848  
9916.340248  
9912.902883  
9929.085281  
9921.089204  
9939.780913  
9895.096612  
9873.842824  
9837.73685  
9878.911907  
9884.561136  
9926.4178  
9890.600047  
9956.752694  
9949.985705  
9939.055748  
9870.119141  
9811.598986  
9857.039382  
9854.732422  
9863.560092  
9888.555816  
9845.422447  
9807.866043  
9860.968127  
9872.373165  
9880.119292  
9882.301589  
9910.368231  
9929.498569  
9953.501852  
9963.024212  
9944.211274  
9953.845737  
9910.143976  
9875.843447  
9894.294518  
9883.088177  
9921.392679  
9956.341965  
9956.771367  
9915.626313  
9880.602051  
9899.119814  
9898.82267  
9889.186069  
9886.596596  
9906.980587  
9855.507998  
9852.329438  
9886.683425  
9913.089473  
9928.736126  
9847.777899  
9892.769935  
9855.993467  
9876.640928  
9899.550276  
9930.601377  
9944.811557  
9974.304233  
9884.547616  
9847.176219  
9886.344676  
9858.350653  
9901.191339  
9966.597757  
9917.690952  
9894.858718  
9884.496026  
9868.76714  
9874.787547  
9878.376111  
9871.209388  
9858.649195  
9861.036133  
9861.516568  
9905.028101  
9901.56016  
9943.643369  
9899.000808  
9881.109038  
9912.252509  
9895.839355  
9897.853583  
9891.368181  
9917.235621  
9909.005253  
9921.31351  
9957.423879  
9928.724508  
9895.781082  
9900.260995  
9925.125387  
9869.224374  
9843.861244  
9855.913322  
9855.884833  
9925.419131  
9908.270525  
9942.32134  
9905.224946  
9907.940093  
9856.541857  
9873.605974  
9875.995218  
9884.414096  
9920.576711  
9896.529836  
9918.665325  
9908.714945  
9896.245504  
9926.269043  
9944.024667  
9928.195632  
9971.541167  
9917.770676  
9920.033085  
9917.550175  
9896.493854  
9934.786638  
9950.397865  
9949.688695  
9901.460146  
9876.302128  
9880.729307  
9833.701088  
9877.790982  
9897.760776  
9908.094003  
9883.646333  
9853.911941  
9802.051943  
9829.076323  
9867.960853  
9921.668861  
10002.04073  
9941.248956  
9915.935884  
9863.002105  
9851.461392  
9908.228869  
9925.952586  
9949.82666  
9937.999327  
9888.369376  
9877.044434  
9853.066305  
9843.689824  
9861.021754  
9938.493636  
9904.711628  
9974.669484  
10018.15391  
10000.914  
9945.119393  
9875.69703  
9804.919434  
9836.105368  
9843.359106  
9854.491868  
9799.107523  
9811.618804  
9831.581762  
9867.285847  
9861.160847  
9889.148438  
9920.441423  
9935.951492  
9928.930681  
9888.657816  
9849.415325  
9888.997693  
9932.022326  
9978.672868  
9983.757796  
9926.810446  
9915.867625  
9882.97828  
9916.410493  
9908.111598  
9871.176926  
9840.535426  
9850.91578  
9836.796151  
9883.232186  
9800.279297  
9814.633688  
9904.13293  
9858.073124  
9890.285577  
9880.520609  
9939.061035  
9931.224896  
9989.936675  
9915.161688  
9918.609998  
9886.916049  
9883.920124  
9875.31607  
9901.752239  
9902.732304  
9919.197535  
9974.538204  
10011.52544  
9994.355755  
9946.359678  
9864.116076  
9867.065009  
9913.214103  
9932.75458  
9940.174687  
9899.883402  
9856.130607  
9902.281402  
9906.107321  
9960.743821  
10012.959  
9992.151586  
9950.608348  
9890.675411  
9870.721276  
9832.625909  
9860.447131  
9905.828108  
9929.551236  
9876.631129  
9841.28221  
9823.713901  
9871.560261  
9856.516265  
9898.127559  
9871.844255  
9883.627054  
9893.452047  
9910.823495  
9908.900037  
9945.848246  
9948.441204  
9912.272798  
9893.294299  
9867.705145  
9911.330162  
9960.646468  
9916.242524  
9912.393588  
9865.482557  
9870.948646  
9880.529937  
9861.784399  
9897.86547  
9902.599071  
9930.814419  
9951.619208  
9859.621094  
9825.455162  
9895.622811  
9899.227287  
9931.241396  
9905.523387  
9858.265625  
9843.293945  
9831.307668  
9847.656907  
9840.931051  
9889.388672  
9879.120319  
9933.145929  
10016.58473  
10039.9294  
9984.308745  
9974.249764  
9979.286133  
9988.388352  
9886.047683  
9840.444925  
9863.644279  
9849.1727  
9820.931102  
9753.251818  
9793.036621  
9810.737069  
9845.382105  
9879.790595  
9872.634968  
9849.915022  
9833.160291  
9781.416959  
9830.439824  
9892.667093  
9896.320969  
9965.203327  
9983.89635  
9985.795764  
9944.538069  
9895.392359  
9894.428627  
9904.391029  
9883.403337  
9883.804805  
9892.172195  
9897.025306  
9873.226579  
9920.313392  
9912.655038  
9893.786722  
9865.312214  
9882.564689  
9914.64145  
9934.363433  
9977.965837  
10003.75197  
10028.14394  
9984.058897  
9925.489645  
9838.669383  
9834.075886  
9868.370909  
9922.866144  
9903.793811  
9925.90753  
9921.570178  
9909.65859  
9925.109072  
9927.550293  
9958.407782  
9964.603431  
9929.565632  
9865.376802  
9861.580819  
9863.763857  
9868.981529  
9921.225232  
9940.826054  
9967.943343  
9921.073613  
9860.252121  
9895.927179  
9925.631954  
9944.110469  
9908.848498  
9912.539399  
9900.434318  
9843.864544  
9873.68191  
9876.716595  
9940.688005  
9975.924569  
9930.128031  
9878.965618  
9883.869225  
9909.976798  
9887.11451  
9922.467773  
9904.001263  
9885.289837  
9863.160645  
9872.617895  
9866.968565  
9899.885826  
9892.997239  
9907.695043  
9918.423054  
9941.988096  
9955.075919  
9912.601108  
9888.95661  
9890.767696  
9901.011129  
9935.33353  
9954.294669  
9976.220181  
9902.712234  
9869.696558  
9861.576509  
9840.091208  
9812.024936  
9862.217302  
9883.767561  
9886.511028  
9951.419939  
9937.605334  
9917.837722  
9898.968144  
9860.526536  
9920.795831  
9911.120218  
9865.516248  
9888.507964  
9849.594575  
9861.6875  
9852.909971  
9866.36904  
9889.412396  
9895.31814  
9883.858415  
9926.348717  
9912.667901  
9929.922633  
9903.234459  
9857.302465  
9882.997963  
9899.023606  
9856.379866  
9931.069319  
9891.49111  
9921.78088  
9890.580465  
9865.490049  
9865.272949  
9893.123114  
9901.082132  
9934.516888  
9964.449572  
9930.686658  
9916.359897  
9871.806758  
9874.883856  
9951.392763  
9933.476192  
9951.677667  
9917.060547  
9911.136483  
9881.253216  
9863.686136  
9923.454051  
9923.939621  
9936.814369  
9905.655593  
9842.253822  
9874.415191  
9849.9572  
9839.118838  
9922.08912  
9904.305731  
9898.271518  
9878.141197  
9879.178947  
9877.520912  
9794.759816  
9815.866969  
9841.806893  
9862.750791  
9863.073848  
9867.983331  
9914.45885  
9960.599071  
9982.645373  
9992.312635  
9979.153724  
9916.437971  
9906.297027  
9943.545023  
9880.607321  
9919.489763  
9927.106142  
9892.621464  
9903.202839  
9870.442484  
9926.064992  
9911.443898  
9884.851158  
9918.637392  
9905.707722  
9931.93952  
9947.304906  
9914.057095  
9857.868619  
9832.958513  
9816.267645  
9809.615335  
9789.825549  
9827.51379  
9915.657429  
9946.76081  
9954.630573  
9952.185395  
9932.976142  
9938.74707  
9891.888301  
9907.009934  
9884.760995  
9886.021636  
9856.909197  
9868.341544  
9878.398336  
9875.908607  
9915.783809  
9890.230435  
9866.109695  
9861.222454  
9869.631987  
9889.040376  
9927.170915  
9918.029819  
9942.830044  
9942.086123  
9944.367053  
9919.789837  
9899.623805  
9908.193511  
9966.99212  
9920.71156  
9933.14672  
9939.050512  
9910.655408  
9920.243551  
9894.382459  
9924.04733  
9900.409045  
9898.454893  
9877.692686  
9847.974694  
9837.908001  
9913.464423  
9900.650391  
9950.268268  
9900.352068  
9902.448629  
9925.988871  
9907.554805  
9876.027074  
9881.798525  
9913.132762  
9975.8569  
9965.83779  
9887.906806  
9872.182482  
9820.565497  
9898.095046  
9919.806237  
9935.068561  
9909.411116  
9892.608634  
9844.565194  
9850.539382  
9877.075229  
9933.77694  
9995.815884  
9966.64502  
9891.035813  
9872.885203  
9879.628165  
9927.775205  
9898.704556  
9894.223195  
9899.963042  
9876.374242  
9861.91248  
9910.617979  
9897.054283  
9924.579522  
9946.234156  
9923.278708  
9918.270104  
9878.958867  
9906.377391  
9886.461914  
9920.628233  
9899.590231  
9839.805715  
9825.197131  
9883.871077  
9879.348768  
9944.991396  
9939.880422  
9945.435244  
9941.185985  
9927.988753  
9902.282025  
9896.310463  
9876.382678  
9854.82043  
9888.747104  
9874.924771  
9867.497575  
9852.611227  
9856.397528  
9861.749815  
9849.520036  
9906.369898  
9914.939638  
9910.123299  
9897.370572  
9858.26347  
9855.284197  
9889.602034  
9983.412059  
10013.661  
9993.51054  
9898.255876  
9913.525727  
9865.234931  
9910.157664  
9951.034718  
9932.957856  
9912.779954  
9874.331509  
9873.249933  
9851.989847  
9836.767645  
9858.077923  
9908.234712  
9868.499141  
9873.625572  
9888.925865  
9903.600687  
9904.522326  
9868.432617  
9863.024044  
9839.293356  
9869.935783  
9920.563662  
9889.908068  
9867.017225  
9875.516568  
9948.976024  
9989.872693  
9968.485975  
9922.696777  
9876.76975  
9831.896451  
9847.684671  
9875.98648  
9910.103633  
9922.716174  
9957.055849  
9957.176522  
9932.560917  
9940.126616  
9912.988248  
9881.602185  
9850.344811  
9855.959287  
9858.480755  
9914.573478  
9934.908978  
10009.06944  
10023.56695  
9980.131247  
9913.682937  
9837.475131  
9846.851967  
9847.37037  
9856.583378  
9874.046757  
9886.109931  
9904.213884  
9907.475081  
9921.803559  
9851.539702  
9814.264093  
9847.087386  
9899.702401  
9930.435867  
9942.125168  
9944.252997  
9886.019211  
9875.948781  
9865.509244  
9865.300478  
9836.686557  
9844.613483  
9842.127004  
9836.467218  
9869.410257  
9891.851765  
9917.478718  
9950.214827  
9922.386012  
9934.643235  
9978.00101  
10026.42051  
9965.793238  
9914.034853  
9889.57826  
9863.333025  
9872.185547  
9877.369376  
9913.01086  
9898.801354  
9891.374428  
9901.762224  
9891.152377  
9907.526401  
9943.071828  
9934.126061  
9938.638857  
9959.921235  
9895.46582  
9886.501616  
9880.45102  
9869.663658  
9918.576879  
9927.838884  
9887.354762  
9854.159382  
9838.087082  
9847.347168  
9812.371363  
9842.156873  
9888.213918  
9916.203866  
9920.283287  
9957.719575  
9957.373165  
9957.592386  
9899.588194  
9870.282614  
9894.644195  
9885.065413  
9885.238669  
9921.761281  
9903.719322  
9924.467235  
9932.524919  
9931.27007  
9909.410897  
9891.284365  
9881.260793  
9882.963446  
9911.919316  
9906.582267  
9954.666942  
9911.771232  
9912.272579  
9919.90822  
9961.645845  
9938.943056  
9941.335247  
9909.058644  
9906.98951  
9885.386247  
9867.924822  
9874.712672  
9863.182297  
9931.617996  
9948.442821  
9918.175209  
9888.624562  
9826.299283  
9866.143588  
9835.180799  
9878.100906  
9909.359846  
9930.018841  
9909.107658  
9899.11909  
9913.509917  
9919.777361  
9888.520036  
9918.796673  
9903.646771  
9920.975603  
9908.485352  
9897.193763  
9906.380203  
9879.520306  
9897.343969  
9899.61781  
9898.499495  
9916.715248  
9894.613433  
9865.466645  
9822.164332  
9830.978011  
9839.167548  
9840.580314  
9877.618332  
9914.49569  
9927.128418  
9914.417295  
9901.415696  
9893.606816  
9898.5625  
9907.508823  
9883.770979  
9927.726327  
9937.452216  
9972.173424  
9908.729964  
9910.937887  
9887.444841  
9859.996666  
9879.271888  
9873.992255  
9881.436709  
9850.698411  
9833.925461  
9907.36121  
9897.724155  
9884.451761  
9893.827317  
9887.301943  
9904.390255  
9908.82006  
9904.287396  
9952.072703  
9949.175024  
9906.722959  
9919.24537  
9869.46907  
9867.589271  
9864.871313  
9886.256886  
9907.765709  
9892.001094  
9858.229829  
9866.02726  
9904.655172  
9943.267427  
9945.43452  
9963.543592  
9905.093784  
9897.298458  
9889.209759  
9891.716073  
9900.656907  
9885.663002  
9936.120504  
9901.149364  
9881.818646  
9844.223161  
9840.944841  
9854.708345  
9844.313864  
9921.625572  
9950.474087  
9947.432146  
9955.813325  
9958.356277  
9982.225838  
9925.889278  
9931.939352  
9960.602674  
9921.739123  
9937.739056  
9871.392814  
9857.646855  
9830.17957  
9867.952266  
9912.09082  
9965.728448  
9913.933526  
9898.437517  
9874.912042  
9882.909601  
9911.678223  
9920.937971  
9935.048895  
9905.28487  
9861.780358  
9862.929671  
9842.031991  
9897.675377  
9881.844592  
9889.990841  
9873.745151  
9892.806018  
9874.387678  
9888.460971  
9921.689015  
9962.90593  
9925.049838  
9909.688561  
9883.22434  
9946.558341  
9907.491261  
9884.50266  
9868.4128  
9847.179586  
9861.142292  
9881.756701  
9877.50266  
9872.989393  
9870.797969  
9912.335247  
9871.257274  
9878.879597  
9881.675461  
9860.833446  
9899.977977  
9890.620353  
9920.299889  
9930.225721  
9938.126919  
9934.82762  
9964.06878  
9962.533978  
9921.675899  
9911.911823  
9915.19144  
9878.370959  
9929.426573  
9916.290174  
9889.745538  
9900.038002  
9861.658371  
9837.640187  
9914.022091  
9904.670898  
9921.660106  
9915.545393  
9926.303223  
9937.865302  
9933.792767  
9869.782429  
9828.708429  
9854.404751  
9856.68713  
9866.536924  
9888.230738  
9945.878384  
9928.885271  
9942.08747  
9885.226445  
9807.528708  
9829.959489  
9847.97333  
9880.709287  
9918.549199  
9933.746902  
9937.010153  
9868.057213  
9873.708648  
9865.597168  
9860.820565  
9895.381668  
9935.805563  
9958.932786  
9965.806068  
9994.71247  
9970.693578  
9933.139985  
9892.517982  
9902.327334  
9892.146114  
9880.351057  
9865.467874  
9860.916049  
9889.18292  
9957.929267  
9931.860453  
9944.249377  
9858.317922  
9848.926135  
9868.638436  
9846.532479  
9902.982355  
9945.899987  
9929.375168  
9919.980351  
9877.33417  
9877.477539  
9870.736884  
9864.043255  
9889.227287  
9875.836409  
9880.206947  
9906.23318  
9905.425007  
9953.615167  
9950.246835  
9885.561153  
9853.402192  
9850.332435  
9886.725502  
9906.081796  
9924.087234  
9939.343026  
9941.323293  
9919.602573  
9927.899128  
9899.317315  
9891.284298  
9891.882055  
9911.931489  
9874.571491  
9926.455954  
9933.865032  
9932.433072  
9910.587571  
9907.831391  
9908.16583  
9890.587402  
9879.662918  
9887.851899  
9850.272343  
9836.25399  
9869.824943  
9882.561288  
9907.642073  
9892.995437  
9874.505994  
9871.981833  
9879.887375  
9875.331476  
9878.800865  
9893.98062  
9946.107994  
9930.7632  
9928.017831  
9871.045326  
9876.070245  
9894.969878  
9912.111614  
9902.783321  
9898.584186  
9865.780374  
9880.871969  
9901.206779  
9879.681169  
9942.458749  
9955.96018  
9924.738803  
9929.678509  
9923.179401  
9891.799316  
9955.323461  
9955.429418  
9908.793137  
9927.803458  
9884.359981  
9912.617406  
9912.468918  
9855.452435  
9861.715753  
9870.820851  
9887.958345  
9916.375808  
9901.583244  
9895.810631  
9842.674535  
9853.23754  
9825.058745  
9878.415915  
9849.770188  
9891.030156  
9889.171269  
9911.347101  
9907.776653  
9925.026872  
9913.816541  
9938.2122  
9913.421404  
9900.291049  
9865.705768  
9875.432365  
9916.478684  
9933.728785  
9955.957755  
9942.309873  
9929.288726  
9908.152697  
9937.131482  
9953.001078  
9930.828714  
9976.791655  
9953.263116  
9888.710988  
9832.409483  
9854.483533  
9842.850771  
9863.837453  
9869.18851  
9868.805176  
9932.192972  
9927.834018  
9974.958143  
9917.542447  
9872.793743  
9854.233297  
9881.739039  
9845.427734  
9867.429368  
9899.67174  
9888.862389  
9904.321154  
9905.371127  
9897.348801  
9863.442837  
9856.844743  
9858.058257  
9884.876701  
9926.664012  
9911.48419  
9934.556253  
9945.465231  
9886.214541  
9852.011045  
9875.694925  
9870.961459  
9897.469676  
9930.722151  
9902.618282  
9904.421151  
9885.585348  
9933.649229  
9954.890642  
9884.423592  
9895.084052  
9856.712386  
9875.244949  
9878.023993  
9890.453933  
9894.764632  
9884.591982  
9889.657833  
9868.433813  
9909.740285  
9925.411554  
9904.009665  
9917.328681  
9956.049502  
9965.730199  
9935.290595  
9943.933055  
9932.114157  
9866.814638  
9899.630455  
9928.172532  
9935.156671  
9920.194673  
9907.60919  
9885.200212  
9856.765743  
9802.011028  
9815.023926  
9817.561136  
9827.859846  
9821.782799  
9815.20917  
9816.672397  
9856.256432  
9850.793171  
9888.933038  
9903.435059  
9954.14113  
9957.669013  
9927.402967  
9926.775037  
9890.413827  
9902.612406  
9914.001195  
9925.312029  
9926.319807  
9915.393689  
9912.679755  
9892.151653  
9903.51086  
9904.478398  
9942.794114  
9905.38384  
9935.734106  
9920.83944  
9943.533574  
9924.168743  
9916.592891  
9889.231243  
9884.080819  
9872.454708  
9869.677196  
9878.921168  
9907.507375  
9902.164652  
9949.481546  
9966.136921  
9942.965601  
9895.847673  
9906.044265  
9895.633503  
9911.520626  
9951.492693  
9898.916807  
9915.196356  
9904.071575  
9912.237153  
9916.287598  
9854.086207  
9848.522495  
9895.247946  
9881.348532  
9905.717268  
9957.185648  
9940.989813  
9936.132509  
9917.62436  
9921.402226  
9883.089103  
9893.207705  
9878.310092  
9896.80627  
9885.250488  
9885.088985  
9887.140743  
9884.260102  
9873.974508  
9881.103499  
9923.242743  
9952.964726  
9947.526249  
9935.01778  
9924.433156  
9890.107085  
9872.114376  
9857.489864  
9891.935799  
9903.414096  
9895.720333  
9882.556556  
9879.272983  
9865.726192  
9827.598128  
9888.808964  
9889.67041  
9903.341578  
9901.469306  
9930.82469  
9927.638335  
9940.148993  
9917.319757  
9892.373552  
9871.403017  
9834.911705  
9860.903775  
9897.859324  
9922.031368  
9907.49111  
9905.66647  
9898.279516  
9885.930226  
9892.567046  
9914.169972  
9895.851461  
9944.490268  
9938.749259  
9931.907917  
9843.014446  
9873.19804  
9885.15662  
9869.558257  
9899.103465  
9919.932567  
9870.255018  
9848.517713  
9851.510069  
9878.190766  
9872.622205  
9932.93452  
9941.486749  
9916.538557  
9917.733281  
9900.318949  
9892.822956  
9921.883553  
9913.331913  
9935.953596  
9909.436153  
9916.070717  
9881.018336  
9864.884261  
9840.40886  
9860.933863  
9855.728684  
9927.404869  
9922.279785  
9967.918844  
9962.33124  
9923.220215  
9924.205314  
9915.061119  
9892.86707  
9915.021097  
9929.886315  
9931.168137  
9925.731142  
9894.682634  
9823.169585  
9824.438746  
9844.250219  
9877.658473  
9932.00825  
9946.789399  
9939.952569  
9921.93782  
9904.493888  
9946.13485  
9969.432887  
9953.269397  
9929.80755  
9867.156536  
9832.285358  
9838.790881  
9851.920511  
9898.544804  
9926.945245  
9948.509092  
9939.663355  
9888.840921  
9866.349087  
9863.937786  
9902.287817  
9915.079253  
9948.277731  
9911.073461  
9900.379698  
9883.087032  
9857.802936  
9905.064958  
9954.775879  
9964.763352  
9939.25559  
9924.425024  
9918.789399  
9923.977034  
9881.941861  
9904.996649  
9866.385102  
9872.760944  
9870.290241  
9905.379512  
9891.677499  
9871.02204  
9865.063679  
9859.907142  
9855.910375  
9856.047397  
9889.581088  
9893.446929  
9952.53588  
9890.902462  
9867.01118  
9843.48094  
9896.068124  
9882.030694  
9897.653253  
9926.919871  
9885.426236  
9879.304906  
9875.43223  
9881.263941  
9917.396804  
9908.649212  
9883.452031  
9913.52923  
9928.331375  
9911.69341  
9900.887914  
9890.898707  
9895.742827  
9901.36872  
9924.836712  
9905.303963  
9896.134193  
9943.085416  
9966.781469  
9941.915005  
9908.92957  
9855.972926  
9865.38389  
9861.931893  
9833.283927  
9835.657563  
9887.754782  
9902.521198  
9917.031351  
9931.703883  
9909.388133  
9944.004799  
9897.605536  
9920.185648  
9895.021316  
9898.187584  
9895.558493  
9886.916891  
9867.545646  
9862.087992  
9879.321323  
9871.264733  
9891.086998  
9880.02992  
9903.753317  
9843.4918  
9840.490622  
9863.714861  
9881.01975  
9940.464019  
9924.042447  
9958.118602  
9941.000808  
9946.151468  
9894.982725  
9911.737658  
9937.905021  
9929.651923  
9929.428795  
9934.355688  
9878.340214  
9874.822198  
9857.726933  
9883.804267  
9895.047094  
9881.721259  
9958.569083  
9959.056388  
9885.806354  
9883.532799  
9854.245016  
9874.375152  
9865.108331  
9839.064133  
9854.667396  
9885.602253  
9916.973835  
9952.372794  
9944.046505  
9924.466359  
9926.728246  
9912.690766  
9928.382425  
9930.572013  
9948.494073  
9925.55393  
9893.593801  
9845.717925  
9882.136584  
9855.207317  
9862.41642  
9864.746784  
9886.576576  
9906.534769  
9909.177785  
9923.985857  
9896.892982  
9907.875135  
9871.96582  
9866.317551  
9904.969339  
9964.051589  
9913.954842  
9868.112305  
9883.971713  
9884.583513  
9929.496683  
9914.507139  
9971.335449  
9948.16509  
9894.198107  
9912.044956  
9875.562348  
9884.911806  
9904.258638  
9890.127846  
9870.395626  
9834.395373  
9859.609223  
9848.198141  
9869.679772  
9900.119208  
9916.674114  
9903.786453  
9921.636685  
9901.787362  
9895.655324  
9886.373737  
9870.649498  
9938.497323  
9900.940295  
9939.842672  
9916.929586  
9900.004209  
9913.354054  
9911.751936  
9924.828596  
9963.084203  
9915.054991  
9905.580667  
9923.959372  
9922.085752  
9907.952249  
9883.74771  
9896.112221  
9859.70102  
9897.622037  
9911.669535  
9867.98648  
9864.175849  
9866.932701  
9870.87862  
9889.760574  
9909.194656  
9888.427701  
9929.27172  
9926.231833  
9916.482422  
9931.138807  
9888.040106  
9902.856277  
9916.079001  
9887.810783  
9902.578041  
9843.579152  
9870.744612  
9926.788254  
9912.80595  
9902.4161  
9885.111261  
9836.241918  
9859.434941  
9902.630068  
9877.608382  
9922.225502  
9878.562079  
9884.418642  
9903.26054  
9935.041756  
9931.969811  
9920.208008  
9875.444134  
9852.654836  
9876.291891  
9882.811187  
9895.380236  
9891.082301  
9910.294232  
9871.64177  
9936.88852  
9923.776199  
9891.194151  
9905.663877  
9897.738399  
9885.539685  
9912.668726  
9894.257122  
9904.407294  
9843.909129  
9839.421067  
9849.781772  
9891.233718  
9915.183543  
9944.417329  
9905.484493  
9867.640642  
9876.060581  
9906.590702  
9898.406637  
9943.689302  
9943.618534  
9882.580432  
9871.002744  
9861.306136  
9868.648892  
9893.791235  
9950.278876  
9947.450869  
9975.806287  
9983.526973  
9916.906014  
9963.708799  
9918.634429  
9902.622845  
9874.387813  
9871.60626  
9873.015878  
9873.674906  
9937.333277  
9981.78391  
9950.80132  
9960.165527  
9871.203849  
9806.492693  
9876.67536  
9902.772983  
9877.489157  
9851.656284  
