11522.02077  
11530.31769  
11452.40738  
11457.1309  
11457.85919  
11400.66863  
11361.15589  
11391.78987  
11438.44083  
11421.22308  
11435.66132  
11460.94983  
11474.41734  
11525.09998  
11533.40361  
11430.93522  
11427.11718  
11396.91372  
11368.49237  
11408.53657  
11422.17994  
11356.40272  
11379.03553  
11377.16474  
11389.28369  
11393.79143  
11433.30076  
11437.92304  
11466.06777  
11469.07849  
11463.09125  
11448.12772  
11445.27707  
11512.87491  
11497.88076  
11457.62423  
11472.13897  
11441.31824  
11490.38877  
11522.39465  
11501.15719  
11455.91475  
11431.23109  
11440.0902  
11418.30934  
11379.45354  
11368.07695  
11369.6217  
11419.5616  
11438.48423  
11463.14533  
11437.20088  
11474.75662  
11438.5047  
11401.71511  
11389.38382  
11395.81804  
11383.46828  
11401.42139  
11398.38768  
11428.89508  
11409.17435  
11408.56456  
11458.24518  
11423.52229  
11438.20871  
11519.22105  
11483.17521  
11479.69717  
11432.86097  
11444.97193  
11425.24805  
11414.2453  
11405.02038  
11492.8158  
11536.94018  
11483.79336  
11469.76794  
11466.78467  
11429.64804  
11432.26512  
11411.36364  
11469.64434  
11436.05439  
11484.08195  
11435.12615  
11416.9809  
11402.85592  
11393.34411  
11407.09471  
11454.40278  
11419.36574  
11395.687  
11382.67026  
11393.28806  
11425.96116  
11490.24337  
11454.06131  
11426.28989  
11459.744  
11441.74799  
11432.56237  
11462.8086  
11427.15872  
11475.70085  
11480.58597  
11458.20633  
11442.27927  
11442.5699  
11435.63887  
11446.1409  
11422.33221  
11450.43323  
11429.14318  
11439.88664  
11439.49068  
11433.69791  
11472.51801  
11418.36713  
11493.08383  
11486.84487  
11449.66907  
11454.5862  
11432.66688  
11437.52579  
11440.70975  
11421.05218  
11422.30001  
11364.48777  
11470.82878  
11444.06907  
11496.7868  
11457.26562  
11423.80208  
11399.59583  
11412.21846  
11435.0261  
11467.46258  
11520.23863  
11500.65558  
11420.62211  
11380.61744  
11447.05971  
11407.54468  
11411.26484  
11408.99384  
11424.43957  
11427.53051  
11465.84991  
11429.53952  
11422.18493  
11477.2424  
11460.7972  
11394.08661  
11437.7139  
11445.03273  
11403.28178  
11501.11353  
11471.03997  
11410.1158  
11413.01418  
11463.20698  
11442.24184  
11408.30635  
11408.48513  
11451.84  
11428.76105  
11410.16341  
11477.75444  
11436.04332  
11366.78331  
11385.70158  
11429.00493  
11387.75418  
11411.15327  
11411.5784  
11462.99975  
11443.63193  
11507.217  
11493.42645  
11456.04719  
11414.93409  
11439.84501  
11415.10965  
11423.69353  
11415.49732  
11439.63412  
11438.82473  
11480.05599  
11461.52784  
11430.04882  
11431.48064  
11413.38595  
11492.20532  
11504.14918  
11472.38249  
11394.62086  
11425.30155  
11460.33198  
11446.80402  
11435.47037  
11447.72543  
11412.73623  
11446.47098  
11461.88676  
11445.8082  
11433.76209  
11504.90302  
11480.10842  
11489.61398  
11382.30597  
11584.36668  
11431.48197  
11417.89337  
11439.57025  
11439.88361  
11471.60834  
11467.79321  
11442.27308  
11406.5415  
11418.59303  
11429.95454  
11442.68805  
11472.79779  
11486.7524  
11447.74903  
11484.73509  
11428.45263  
11439.39383  
11458.36857  
11427.24069  
11476.55022  
11465.25331  
11422.45485  
11442.97747  
11456.39736  
11435.21235  
11449.03559  
11440.98451  
11456.67992  
11453.41905  
11440.90261  
11392.08678  
11453.30393  
11428.44693  
11429.14034  
11430.11267  
11414.69933  
11460.20765  
11513.10238  
11439.27242  
11494.75869  
11479.83687  
11458.81939  
11413.73254  
11430.45992  
11459.89296  
11469.52409  
11406.23797  
11421.84205  
11401.54524  
11444.84836  
11431.8383  
11433.25399  
11429.97662  
11453.05335  
11435.05061  
11494.13314  
11514.99352  
11479.91151  
11434.47565  
11435.01193  
11407.84888  
11395.05966  
11448.77681  
11431.34702  
11411.08498  
11441.88607  
11454.51913  
11446.32834  
11420.74265  
11385.68874  
11418.88372  
11414.06824  
11403.07846  
11463.41286  
11453.91358  
11497.92593  
11448.18453  
11440.73267  
11416.02339  
11482.07806  
11513.78659  
11489.32223  
11447.16638  
11395.39427  
11402.20941  
11439.64298  
11417.95  
11399.27649  
11404.53934  
11417.55995  
11472.49452  
11461.67814  
11472.37996  
11411.21707  
11420.69228  
11479.76177  
11504.38932  
11495.94891  
11420.18015  
11428.27915  
11430.23654  
11441.9288  
11430.25989  
11412.61114  
11378.62225  
11439.53368  
11459.59464  
11504.98495  
11483.28627  
11382.13576  
11424.62858  
11443.11258  
11454.82775  
11456.48133  
11418.42486  
11460.0616  
11433.9618  
11440.90464  
11439.88101  
11407.1798  
11458.64921  
11515.88259  
11495.8021  
11440.27693  
11446.23423  
11398.71635  
11391.84582  
11431.27868  
11462.0879  
11427.66013  
11427.41129  
11421.11511  
11409.73094  
11423.01117  
11456.74701  
11460.49093  
11512.42352  
11443.95964  
11518.58442  
11475.90952  
11479.95694  
11414.51827  
11372.79152  
11404.39861  
11433.15866  
11424.85561  
11441.66014  
11438.46376  
11426.37415  
11384.91613  
11380.26226  
11442.75187  
11443.89979  
11416.98987  
11432.44103  
11509.71118  
11507.04521  
11474.7895  
11457.22767  
11420.4881  
11457.10838  
11443.83875  
11424.82724  
11431.15376  
11386.68087  
11440.05743  
11453.66439  
11457.55367  
11438.40574  
11419.68679  
11432.69019  
11449.52926  
11509.08147  
11468.63985  
11475.81713  
11424.11983  
11455.78584  
11448.36948  
11446.83823  
11464.83178  
11470.27322  
11471.43784  
11440.37935  
11403.33269  
11385.2784  
11408.54547  
11439.63038  
11447.77681  
11446.38741  
11419.36947  
11471.48659  
11400.93126  
11404.38213  
11430.08116  
11459.43846  
11506.62646  
11444.45777  
11439.21542  
11366.12362  
11429.00831  
11447.30159  
11459.6297  
11436.08204  
11462.40537  
11451.827  
11337.10253  
11448.5192  
11459.79049  
11470.22552  
11471.02011  
11422.06546  
11424.76455  
11421.55682  
11429.95129  
11448.25972  
11481.95846  
11470.59379  
11475.17173  
11443.53934  
11494.80591  
11426.20085  
11460.31923  
11463.06384  
11481.6584  
11468.71742  
11450.78036  
11417.79344  
11429.14193  
11409.05763  
11442.55465  
11503.70197  
11478.88815  
11494.69848  
11383.22505  
11380.63711  
11398.95063  
11467.00171  
11458.54966  
11500.22261  
11440.77504  
11398.05577  
11346.44595  
11444.19082  
11492.0438  
11450.18545  
11424.38673  
11416.72535  
11410.63164  
11429.47254  
11436.87035  
11492.17626  
11522.62242  
11443.69235  
11465.95998  
11461.62153  
11512.88745  
11555.85067  
11450.51453  
11437.68489  
11462.79075  
11425.58568  
11370.38401  
11418.85221  
11413.49872  
11495.33514  
11451.1122  
11431.14303  
11411.62363  
11516.85859  
11492.6666  
11503.13568  
11507.61008  
11400.04576  
11396.82111  
11381.96463  
11359.26433  
11391.08817  
11415.56691  
11442.32512  
11453.54846  
11471.73085  
11460.37259  
11406.16053  
11375.53323  
11396.70428  
11396.66193  
11392.0923  
11357.62045  
11380.01074  
11392.484  
11446.61496  
11426.81495  
11464.47102  
11437.8082  
11431.86991  
11476.35995  
11483.08436  
11468.94574  
11390.41047  
11431.2869  
11403.74272  
11468.79335  
11448.4707  
11435.54902  
11426.56701  
11461.33705  
11489.65591  
11482.052  
11432.99316  
11432.7752  
11394.94795  
11424.67066  
11453.14577  
11366.95123  
11442.86151  
11427.2292  
11461.92398  
11464.11345  
11447.2716  
11456.44197  
11457.10018  
11486.03602  
11470.66572  
11528.61643  
11450.95252  
11447.7271  
11396.28673  
11441.22041  
11471.72048  
11477.3248  
11424.3229  
11459.48877  
11459.1238  
11454.28911  
11447.36106  
11388.452  
11430.1754  
11413.19283  
11430.22625  
11420.14755  
11389.73931  
11361.25134  
11437.12085  
11450.63187  
11509.16984  
11518.68947  
11457.58764  
11460.34641  
11404.91163  
11435.27811  
11461.17441  
11426.11178  
11409.87232  
11405.00221  
11405.0604  
11449.6259  
11496.54495  
11479.55638  
11446.21303  
11387.68919  
11436.52199  
11501.5107  
11492.25366  
11456.89358  
11397.36893  
11395.12415  
11412.90188  
11437.42959  
11436.64603  
11425.73832  
11414.21934  
11425.7104  
11412.16101  
11507.80223  
11524.38013  
11523.194  
11455.21703  
11404.85944  
11420.28075  
11428.57919  
11445.04648  
11488.21817  
11499.70598  
11376.32747  
11445.97903  
11387.19774  
11390.6701  
11443.0503  
11431.79608  
11429.74753  
11459.28422  
11445.10483  
11445.3497  
11471.68975  
11483.03769  
11468.40009  
11433.13347  
11380.05937  
11392.61897  
11439.18969  
11478.2123  
11421.77351  
11447.72287  
11437.95229  
11456.64302  
11395.82979  
11438.46264  
11452.33245  
11439.26273  
11485.08491  
11450.66593  
11439.51669  
11430.3805  
11424.3403  
11427.61711  
11461.35832  
11454.0277  
11452.63224  
11468.58132  
11505.81122  
11543.07142  
11459.39057  
11425.37275  
11344.66442  
11377.77679  
11444.07425  
11392.87716  
11478.74815  
11462.44888  
11479.02396  
11415.40995  
11421.01769  
11383.99825  
11421.43275  
11404.09504  
11478.57497  
11528.21433  
11523.08042  
11512.27962  
11474.6985  
11422.95528  
11401.13299  
11443.47674  
11421.08086  
11408.54977  
11409.69688  
11446.23071  
11436.84373  
11470.46289  
11449.0892  
11430.27825  
11506.21015  
11485.74799  
11502.28909  
11464.05006  
11382.69243  
11383.99821  
11438.33571  
11426.26777  
11435.53666  
11378.69075  
11379.09253  
11369.75639  
11385.04079  
11448.35958  
11476.95614  
11449.608  
11498.40423  
11443.44527  
11438.20553  
11426.2772  
11419.30306  
11453.74863  
11427.80216  
11427.21698  
11436.78654  
11427.14131  
11453.30005  
11439.34732  
11477.44646  
11477.20362  
11479.75586  
11460.67218  
11499.2613  
11506.07219  
11530.5534  
11483.00832  
11394.62684  
11392.42953  
11411.31777  
11437.35695  
11408.1651  
11446.61005  
11389.82762  
11450.29038  
11452.07994  
11419.85845  
11429.69442  
11407.96548  
11444.25444  
11484.44336  
11482.01304  
11444.7728  
11426.33314  
11439.39601  
11451.0763  
11403.06062  
11386.42582  
11418.84632  
11450.02481  
11469.79356  
11423.77596  
11416.15675  
11419.24271  
11417.06885  
11469.75888  
11429.33774  
11467.51153  
11423.1731  
11398.75395  
11394.98404  
11467.83084  
11461.99047  
11472.75687  
11516.32532  
11508.48542  
11426.4312  
11451.80949  
11449.4891  
11442.11142  
11406.54192  
11375.96522  
11358.20826  
11384.89084  
11424.39243  
11490.01216  
11433.35204  
11414.03355  
11401.76306  
11429.11992  
11464.94792  
11478.96479  
11541.15958  
11532.56842  
11503.96105  
11408.17723  
11426.65318  
11438.28846  
11403.01778  
11433.75507  
11452.93256  
11441.50244  
11398.4086  
11392.17202  
11456.97455  
11479.3205  
11475.35418  
11443.91142  
11501.21116  
11424.72945  
11410.98417  
11427.08392  
11425.5845  
11438.77149  
11458.24903  
11453.71532  
11455.88959  
11467.1465  
11476.17913  
11418.59133  
11448.30941  
11495.37402  
11479.52816  
11449.42907  
11402.01561  
11408.453  
11445.47431  
11556.75214  
11566.13227  
11472.8072  
11400.52914  
11387.20787  
11342.64151  
11380.62632  
11434.90868  
11464.49507  
11421.39052  
11362.48788  
11369.06472  
11392.27866  
11425.09994  
11457.77006  
11407.62527  
11484.14201  
11459.57928  
11430.24619  
11466.0463  
11469.03045  
11472.19624  
11484.94259  
11441.7768  
11384.58237  
11437.5238  
11451.04928  
11388.09848  
11442.58902  
11444.09776  
11437.67575  
11446.69561  
11416.5487  
11448.39389  
11420.79642  
11484.85236  
11461.28241  
11439.50403  
11472.4629  
11516.95933  
11543.87529  
11415.31105  
11420.55572  
11430.16711  
11431.39092  
11453.13654  
11461.45617  
11447.86976  
11456.00907  
11419.45245  
11438.82974  
11352.62101  
11415.23291  
11376.94461  
11436.43583  
11464.82455  
11446.4621  
11427.32113  
11407.99352  
11461.91068  
11506.30755  
11518.50418  
11513.48197  
11416.47479  
11415.18699  
11431.36436  
11451.52112  
11431.60448  
11429.12511  
11400.19789  
11410.7398  
11469.53326  
11488.55263  
11506.889  
11478.79788  
11510.99427  
11480.09126  
11447.12576  
11412.70073  
11429.40171  
11444.89725  
11439.16214  
11400.86305  
11389.43347  
11385.98717  
11460.82554  
11478.63566  
11495.99375  
11521.65823  
11524.39233  
11483.8759  
11428.43896  
11369.48995  
11384.76187  
11349.61704  
11373.18142  
11401.68127  
11399.94792  
11433.42336  
11419.79121  
11455.74104  
11466.90519  
11483.84132  
11488.2877  
11459.85431  
11402.93017  
11404.99169  
11477.40155  
11488.15702  
11522.98683  
11488.97927  
11481.49934  
11512.57607  
11451.65964  
11460.22834  
11471.67357  
11460.57467  
11466.39899  
11461.29316  
11416.24593  
11422.83896  
11447.12097  
11472.00777  
11501.32463  
11459.39666  
11412.65113  
11472.91623  
11447.50567  
11451.62123  
11387.40813  
11421.71787  
11403.33532  
11401.76151  
11382.69362  
11412.81691  
11368.43283  
11375.98985  
11403.83299  
11405.93758  
11409.76313  
11397.26568  
11392.34106  
11452.90302  
11424.90662  
11433.95826  
11416.56122  
11463.04752  
11422.48636  
11472.65482  
11401.28731  
11417.84656  
11412.66853  
11445.02142  
11375.36106  
11379.63917  
11389.18598  
11443.31249  
11491.21441  
11570.1991  
11565.44506  
11557.66689  
11495.02876  
11459.1399  
11426.19137  
11466.18957  
11456.32733  
11425.19015  
11423.74033  
11450.07176  
11427.91699  
11395.90002  
11431.0821  
11429.08715  
11478.22361  
11505.71271  
11477.43534  
11416.33464  
11463.38218  
11514.79239  
11513.74481  
11477.49604  
11414.90795  
11388.96388  
11391.27061  
11362.32591  
11422.39074  
11472.08167  
11503.12547  
11411.41619  
11401.24902  
11423.06562  
11404.24427  
11415.78593  
11404.0231  
11486.55041  
11445.86882  
11394.14321  
11385.73229  
11352.812  
11441.74935  
11474.45721  
11480.1961  
11432.52086  
11439.50783  
11388.29623  
11442.2094  
11476.65791  
11478.90155  
11460.19496  
11504.95918  
11530.45448  
11427.351  
11389.28613  
11391.2349  
11373.91695  
11422.10825  
11365.24261  
11389.23042  
11440.71383  
11425.4239  
11518.24501  
11438.35084  
11445.45796  
11406.34888  
11458.09511  
11423.48219  
11421.63284  
11534.00958  
11487.98802  
11441.46541  
11373.88028  
11428.994  
11396.87543  
11406.13158  
11419.89861  
11458.6639  
11408.15614  
11385.79066  
11482.20688  
11445.05887  
11434.11138  
11412.45346  
11393.97675  
11425.23931  
11409.38308  
11424.58559  
11454.85401  
11506.54236  
11544.0134  
11518.41778  
11475.04707  
11404.17359  
11366.40296  
11366.53163  
11415.94859  
11464.58357  
11476.15455  
11446.1557  
11431.68316  
11457.55854  
11430.23473  
11434.76274  
11481.75503  
11435.68239  
11443.57383  
11473.98479  
11498.80466  
11461.67552  
11456.00098  
11469.53493  
11495.96058  
11545.78016  
11483.13538  
11387.1565  
11426.43355  
11363.49734  
11354.44883  
11409.22454  
11388.81326  
11411.72558  
11429.8555  
11430.64679  
11460.9036  
11503.57509  
11496.75715  
11458.89724  
11371.02989  
11369.14856  
11372.33409  
11355.32331  
11383.47641  
11440.26474  
11445.57102  
11443.36077  
11466.28478  
11413.22509  
11423.60247  
11380.41289  
11436.51831  
11402.89615  
11419.79233  
11427.01246  
11460.29647  
11531.69775  
11498.31028  
11485.91177  
11521.70395  
11512.47687  
11476.37543  
11406.65599  
11388.40952  
11438.44539  
11473.86927  
11465.33972  
11463.7613  
11403.87644  
11444.6392  
11442.86675  
11463.32907  
11502.9436  
11513.76063  
11577.71206  
11553.33624  
11499.85086  
11391.58456  
11407.12046  
11454.52511  
11413.99858  
11455.14293  
11449.99865  
11424.40415  
11407.05939  
11403.67897  
11414.58754  
11425.03128  
11424.97536  
11402.67398  
11459.63285  
11432.87231  
11397.23675  
11430.38046  
11479.72247  
11484.86895  
11462.18224  
11429.73572  
11381.20755  
11444.69894  
11402.00472  
11497.24672  
11522.19661  
11497.72074  
11444.7088  
11445.29738  
11422.91036  
11387.05753  
11400.40684  
11396.14515  
11417.86992  
11481.30329  
11447.85559  
11443.73947  
11456.43448  
11478.91629  
11463.27141  
11443.97342  
11465.07507  
11491.83129  
11486.93758  
11459.77387  
11479.28464  
11434.24654  
11401.30743  
11416.4053  
11396.33705  
11401.87779  
11382.22508  
11445.36375  
11438.17981  
11511.34773  
11476.19032  
11471.98021  
11415.21016  
11446.90118  
11453.79681  
11454.56435  
11471.09101  
11508.81568  
11477.8184  
11426.45547  
11390.16049  
11416.22216  
11381.38359  
11525.95683  
11529.27327  
11438.75695  
11385.09127  
11393.85472  
11375.00059  
11400.85341  
11454.11367  
11464.8111  
11450.91815  
11441.67025  
11422.17761  
11458.3967  
11442.72388  
11457.67528  
11481.80235  
11418.96952  
11443.53147  
11397.67044  
11452.98126  
11448.09076  
11413.91267  
11403.74605  
11487.04578  
11462.40299  
11471.48432  
11431.33029  
11422.4308  
11433.81212  
11418.17511  
11438.64551  
11435.81351  
11448.11245  
11410.98322  
11472.96446  
11499.80824  
11465.90745  
11448.63805  
11380.28825  
11375.90886  
11402.98808  
11432.04292  
11419.56426  
11451.35864  
11466.8586  
11446.53611  
11465.22144  
11485.61427  
11492.40221  
11532.0741  
11519.2461  
11470.01585  
11410.01966  
11368.5208  
11411.23061  
11482.38897  
11524.28612  
11530.51456  
11515.90446  
11456.9725  
11374.88784  
11362.67453  
11418.67363  
11456.28224  
11482.47523  
11455.13959  
11402.15465  
11356.54552  
11345.05385  
11364.7405  
11466.67254  
11522.94917  
11474.23429  
11421.67534  
11376.31338  
11370.79975  
11406.33025  
11458.35281  
11495.88529  
11462.14254  
11413.45288  
11402.55077  
11360.75539  
11377.37011  
11439.92853  
11428.67587  
11509.00138  
11478.45204  
11519.35896  
11457.07143  
11411.93611  
11425.08422  
11476.1542  
11439.24432  
11437.60966  
11470.49589  
11457.2726  
11435.30858  
11423.73608  
11443.2004  
11446.97879  
11437.35862  
11442.26582  
11481.72189  
11414.92316  
11399.34256  
11410.54347  
11438.98471  
11472.39123  
11503.57212  
11568.06278  
11526.23206  
11411.21099  
11442.23025  
11380.19261  
11409.07771  
11436.01174  
11406.35321  
11412.12392  
11388.99704  
11358.06731  
11347.55509  
11324.46988  
11415.33398  
11417.87484  
11445.67475  
11428.56389  
11448.64005  
11513.66724  
11581.40138  
11541.92779  
11472.32369  
11442.07403  
11411.07242  
11422.11779  
11439.96049  
11429.949  
11408.37518  
11480.37105  
11481.09534  
11551.05276  
11488.7713  
11427.37456  
11433.76707  
11469.84729  
11489.21986  
11465.30887  
11423.76001  
11404.64907  
11406.74237  
11428.14571  
11422.6708  
11454.45368  
11443.66883  
11474.66387  
11425.34788  
11389.41168  
11403.58486  
11421.22796  
11516.37177  
11425.71766  
11420.77919  
11394.39835  
11387.42508  
11435.19715  
11448.34075  
11457.68071  
11443.59641  
11437.8935  
11462.81774  
11469.69259  
11421.92195  
11533.78535  
11482.00665  
11451.65239  
11381.7645  
11416.93186  
11438.44769  
11430.46245  
11510.46364  
11527.94269  
11482.12151  
11468.59806  
11391.21573  
11367.29958  
11400.03884  
11437.08124  
11418.67853  
11427.48347  
11428.9836  
11424.17042  
11406.28538  
11443.62616  
11509.19288  
11492.90625  
11423.50616  
11438.46245  
11412.59576  
11367.17954  
11406.55942  
11406.56499  
11409.61072  
11503.47871  
11470.22226  
11464.7138  
11426.17581  
11409.79078  
11398.18687  
11395.29894  
11397.79575  
11526.54961  
11438.33985  
11419.86331  
11413.80683  
11428.31498  
11386.55749  
11421.51811  
11454.4979  
11440.77796  
11484.35811  
11427.68777  
11415.42376  
11399.57894  
11423.457  
11456.90161  
11465.58161  
11448.47677  
11450.73385  
11438.54157  
11490.65372  
11424.77193  
11395.08611  
11425.31123  
11456.7222  
11474.46547  
11484.34391  
11485.55233  
11449.37626  
11477.14396  
11449.51861  
11499.04103  
11455.5476  
11410.57203  
11485.99056  
11444.07683  
11446.90718  
11492.19391  
11487.19578  
11506.89611  
11478.8541  
11401.91758  
11377.64695  
11409.19856  
11392.43708  
11445.30772  
11477.45283  
11478.65308  
11382.81872  
11411.39392  
11468.74457  
11424.85293  
11488.56128  
11479.49619  
11460.7205  
11416.97128  
11412.25699  
11453.98207  
11447.48628  
11425.15837  
11430.50352  
11420.95826  
11412.41495  
11392.97394  
11439.62529  
11476.56094  
11506.41649  
11483.47971  
11468.39037  
11498.20042  
11427.44736  
11459.41303  
11496.97341  
11452.55424  
11416.47148  
11397.40628  
11431.29499  
11434.49871  
11494.49694  
11472.36593  
11467.89826  
11460.98735  
11446.08517  
11398.45185  
11382.1854  
11405.14272  
11407.76323  
11452.83401  
11392.13566  
11439.95033  
11424.44392  
11439.67918  
11430.05344  
11415.53208  
11432.45273  
11451.25055  
11458.35217  
11500.79634  
11551.40136  
11430.47461  
11405.31734  
11401.81665  
11410.25184  
11423.61344  
11418.57261  
11452.73359  
11449.41346  
11435.59174  
11459.23263  
11471.44029  
11501.16613  
11497.13072  
11465.40098  
11462.43619  
11453.63764  
11379.52  
11369.4848  
11352.84315  
11393.93059  
11435.22259  
11375.73891  
11370.87225  
11410.51221  
11414.27284  
11446.41701  
11471.94583  
11447.40479  
11501.55787  
11475.32859  
11500.41083  
11475.70576  
11477.82859  
11458.93911  
11457.67579  
11408.21066  
11416.71922  
11420.01513  
11426.57769  
11455.01025  
11520.69581  
11474.64033  
11456.93661  
11458.8545  
11423.28066  
11425.64104  
11502.95667  
11504.03052  
11453.91991  
11450.38502  
11404.22194  
11398.68177  
11451.31152  
11439.68103  
11430.96785  
11362.80344  
11400.04645  
11408.06189  
11400.15915  
11393.34975  
11427.22831  
11428.23311  
11489.40587  
11475.87555  
11467.17469  
11439.30241  
11443.91315  
11431.69432  
11452.30561  
11427.68177  
11418.19404  
11371.15795  
11467.33019  
11409.22123  
11469.84809  
11440.92112  
11417.3843  
11440.27548  
11446.34311  
11436.79914  
11430.22235  
11414.32986  
11397.46288  
11345.85595  
11395.82905  
11444.07861  
11500.02626  
11490.27231  
11476.66869  
11461.02123  
11422.90987  
11479.15706  
11565.62144  
11558.01273  
11500.98274  
11415.88445  
11467.46668  
11415.61416  
11422.83119  
11419.94672  
11451.12275  
11419.04334  
11468.27022  
11454.45636  
11417.03166  
11435.15056  
11402.61209  
11523.15019  
11481.69231  
11454.2949  
11489.92816  
11456.84493  
11444.94378  
11486.42895  
11503.19962  
11448.60578  
11419.10689  
11418.3305  
11418.74872  
11425.88467  
11459.31853  
11435.16628  
11413.24432  
11399.76518  
11402.54785  
11417.89192  
11437.0288  
11450.39933  
11497.82888  
11427.47132  
11507.2641  
11516.46599  
11498.96304  
11474.77218  
11413.90379  
11451.18264  
11457.21691  
11445.93032  
11394.99173  
11390.61695  
11405.06732  
11380.22111  
11412.0357  
11452.81121  
11434.65338  
11431.85765  
11397.23385  
11388.61463  
11380.27586  
11415.55998  
11483.63677  
11468.31808  
11487.17091  
11453.5385  
11442.68516  
11443.60942  
11479.86108  
11524.60539  
11511.98458  
11434.29187  
11416.71133  
11414.80536  
11498.80283  
11461.98541  
11536.05818  
11500.92643  
11444.25602  
11410.36647  
11424.58392  
11424.55895  
11441.68336  
11434.05683  
11380.84591  
11385.51754  
11408.81078  
11425.82182  
11435.43506  
11435.55574  
11426.43787  
11467.41348  
11502.35133  
11450.04518  
11383.84789  
11371.58056  
11416.45824  
11459.52182  
11472.45988  
11453.50821  
11444.70265  
11419.52561  
11421.32306  
11438.42718  
11472.67202  
11472.54485  
11412.96151  
11456.29678  
11484.78693  
11469.33296  
11505.99693  
11373.25424  
11382.58509  
11381.02704  
11433.20911  
11444.2117  
11416.57374  
11469.83249  
11480.01547  
11501.12743  
11514.54863  
11447.28224  
11415.92275  
11379.12119  
11418.35769  
11416.93205  
11470.94553  
11495.68151  
11465.94175  
11438.41215  
11403.05713  
11386.82384  
11415.11524  
11441.92481  
11427.9275  
11464.93371  
11424.71224  
11369.42729  
11391.55034  
11432.14481  
11423.76394  
11429.46099  
11431.02766  
11483.38371  
11463.018  
11466.88488  
11427.08758  
11400.87471  
11398.1582  
11398.05313  
11415.09142  
11470.75468  
11441.93918  
11427.44864  
11480.89395  
11457.87981  
11471.17507  
11459.78716  
11505.68547  
11480.90186  
11528.01742  
11433.39955  
11454.39448  
11453.31739  
11456.71545  
11473.02071  
11464.94938  
11489.16578  
11465.10944  
11443.31558  
11379.40036  
11366.55091  
11424.47572  
11396.18644  
11405.42368  
11408.38152  
11432.82797  
11478.70666  
11535.26239  
11496.44689  
11440.53681  
11407.02384  
11420.89286  
11430.49682  
11390.04131  
11382.16323  
11387.10859  
11415.05948  
11413.47205  
11417.82562  
11405.45079  
11417.04379  
11424.57169  
11433.66681  
11517.61961  
11507.53144  
11411.52836  
11418.01805  
11423.56661  
11434.49404  
11427.19793  
11412.78621  
11441.17696  
11432.85116  
11463.78971  
11469.00104  
11467.28895  
11537.94099  
11370.94332  
11446.73581  
11458.99589  
11488.54461  
11504.58462  
11544.17217  
11480.39792  
11457.13161  
11442.5903  
11443.01116  
11432.33748  
11460.54973  
11446.09778  
11383.1815  
11407.28703  
11402.84621  
11412.55575  
11453.00911  
11461.85618  
11473.20932  
11475.72186  
11493.26693  
11431.463  
11427.08833  
11414.82213  
11426.4124  
11406.77473  
11448.60365  
11442.37831  
11431.60686  
11394.3718  
11407.19425  
11412.2968  
11424.18204  
11446.08749  
11442.29414  
11500.21554  
11503.48592  
11479.9235  
11446.33578  
11441.74196  
11446.30249  
11494.17522  
11435.41629  
11434.68707  
11430.26379  
11418.75412  
11434.08164  
11484.6019  
11439.26091  
11447.65042  
11426.25224  
11412.87705  
11412.69435  
11439.12898  
11439.90988  
11396.50999  
11394.99922  
11461.07317  
11529.72946  
11493.3361  
11542.92118  
11476.34456  
11419.04743  
11447.81052  
11376.02665  
11431.92827  
11457.46742  
11491.39248  
11529.63239  
11490.45588  
11386.29677  
11377.22092  
11353.90403  
11397.10314  
11479.27366  
11509.75048  
11461.866  
11385.59998  
11397.91495  
11425.67093  
11477.39403  
11493.66448  
11396.81765  
11405.08863  
11436.51909  
11428.4275  
11409.55842  
11401.17086  
11415.24218  
11430.99884  
11474.59975  
11447.56356  
11446.92201  
11485.18851  
11501.93415  
11487.78873  
11449.02732  
11394.77074  
11440.31802  
11480.38415  
11466.65166  
11449.3642  
11459.88712  
11393.45496  
11427.40249  
11360.62454  
11383.94994  
11438.10862  
11468.21927  
11437.4503  
11396.85616  
11437.33058  
11471.88562  
11408.41579  
11396.68575  
11428.94582  
11437.16572  
11428.56726  
11434.96917  
11437.18331  
11478.4018  
11464.14423  
11414.24382  
11372.28212  
11418.64741  
11466.93235  
11535.02087  
11529.49067  
11498.3672  
11456.00529  
11433.01131  
11397.96004  
11465.60663  
11504.42369  
11481.49745  
11446.22637  
11411.73686  
11371.68056  
11424.66272  
11435.9935  
11449.41776  
11444.6597  
11493.03129  
11465.66961  
11434.11314  
11388.325  
11421.72711  
11455.01918  
11487.8879  
11428.57006  
11438.33112  
11396.69015  
11391.98138  
11388.39487  
11432.7905  
11433.78924  
11457.46321  
11439.28636  
11438.41633  
11428.57586  
11396.63645  
11390.16199  
11415.7607  
11404.9136  
11448.7637  
11532.32919  
11545.2932  
11497.43056  
11481.15455  
11448.0076  
11356.60419  
11426.78584  
11457.06715  
11466.9416  
11457.54193  
11451.74939  
11513.5666  
11464.12827  
11421.73439  
11415.18359  
11421.13659  
11483.86683  
11429.3054  
11465.54818  
11432.99225  
11474.74211  
11443.1552  
11393.68082  
11472.77037  
11452.55836  
11452.51047  
11439.49602  
11429.46618  
11480.36061  
11469.83719  
11467.80888  
11417.38919  
11445.78292  
11476.86611  
11436.71968  
11401.76573  
11402.79974  
11386.06101  
11387.12218  
11428.23828  
11439.94082  
11442.98253  
11459.79795  
11478.89809  
11477.39179  
11476.60777  
11409.63505  
11420.59489  
11431.30801  
11391.26786  
11441.14456  
11451.20027  
11403.79205  
11436.81454  
11447.2989  
11412.48292  
11414.02637  
11420.46227  
11422.88452  
11493.28826  
11521.94849  
11455.77025  
11455.35854  
11435.25777  
11380.08963  
11425.29766  
11416.10871  
11443.26309  
11496.98401  
11501.14549  
11483.2043  
11431.75983  
11436.87793  
11422.50042  
11449.88334  
11433.35221  
11416.80555  
11432.7653  
11441.13783  
11438.41713  
11473.60303  
11427.75222  
11410.9716  
11393.21626  
11415.43706  
11468.53064  
11506.82715  
11498.11258  
11499.63264  
11404.32866  
11426.94468  
11408.80608  
11365.81701  
11437.19755  
11440.43375  
11446.08556  
11404.45133  
11489.33773  
11442.56936  
11434.27879  
11418.74374  
11419.53563  
11455.5815  
11432.63919  
11454.26618  
11495.21961  
11530.81357  
11515.87255  
11517.16183  
11479.37826  
11426.38286  
11402.61959  
11370.62587  
11421.97391  
11424.78322  
11458.19393  
11421.22453  
11453.79339  
11501.07936  
11463.96095  
11403.09906  
11443.6549  
11421.98767  
11415.86713  
11400.03258  
11419.81495  
11440.31703  
11447.52302  
11476.03806  
11467.21515  
11426.05849  
11454.26247  
11427.69073  
11436.00826  
11428.63028  
11435.95408  
11425.95396  
11391.33096  
11449.52983  
11471.12268  
11430.71688  
11430.49329  
11489.3378  
11459.23717  
11438.30959  
11495.94394  
11461.04809  
11432.77778  
11401.06608  
11405.82518  
11394.44128  
11427.08222  
11414.33952  
11456.15968  
11439.5395  
11400.73822  
11453.31132  
11452.84988  
11395.62651  
11415.14911  
11439.06298  
11448.83279  
11453.20124  
11439.51025  
11442.06031  
11434.17313  
11419.5851  
11428.91433  
11364.50394  
11423.54244  
11497.60999  
11541.71075  
11537.06546  
11451.05846  
11401.88277  
11405.32752  
11481.85557  
11465.94832  
11494.97866  
11491.21001  
11436.11167  
11420.79054  
11369.0344  
11391.54627  
11432.90408  
11444.90307  
11456.89255  
11481.96755  
11454.35046  
11459.49907  
11467.61857  
11457.61259  
11459.73435  
11433.83184  
11377.36341  
11415.03195  
11429.12785  
11409.55442  
11450.29448  
11489.30187  
11540.02907  
11522.06927  
11521.09757  
11474.03754  
11452.61792  
11415.62237  
11393.36369  
11400.78132  
11446.69235  
11419.94048  
11403.83678  
11352.7867  
11382.89689  
11373.66214  
11374.85184  
11457.79577  
11456.60922  
11478.95801  
11493.24019  
11504.76176  
11437.044  
11422.65857  
11395.57185  
11365.04016  
11444.47754  
11421.87088  
11481.4871  
11420.76113  
11404.68047  
11407.70389  
11447.36737  
11419.80185  
11480.47193  
11490.69467  
11518.56525  
11499.06126  
11454.54057  
11435.9391  
11402.55947  
11367.83135  
11370.86849  
11452.20322  
11437.33937  
11505.74666  
11424.97304  
11443.40943  
11418.83116  
11414.00805  
11504.19116  
11486.45886  
11535.49472  
11461.1953  
11429.39068  
11410.81631  
11390.31093  
11392.54357  
11440.44779  
11445.8783  
11423.5992  
11453.60068  
11449.03838  
11417.76499  
11431.09562  
11470.15793  
11480.06478  
11424.02357  
11419.53739  
11391.74351  
11388.41706  
11449.51811  
11460.91733  
11462.3534  
11448.30082  
11472.43935  
11484.8838  
11473.60522  
11480.947  
11425.04225  
11456.52244  
11444.48208  
11394.25422  
11415.34089  
11425.89248  
11482.72838  
11502.2211  
11521.46003  
11485.82166  
11463.68604  
11379.59224  
11344.77498  
11366.93021  
11354.99735  
11435.30421  
11476.33043  
11441.00381  
11385.72443  
11353.8479  
11386.78611  
11421.43879  
11400.73074  
11413.96085  
11434.39792  
11433.12373  
11434.12846  
11526.5682  
11474.81099  
11441.68645  
11437.68488  
11490.50173  
11462.61889  
11429.75893  
11439.14673  
11502.99706  
11486.98058  
11474.19175  
11470.56845  
11450.7889  
11469.33133  
11456.54027  
11506.12978  
11485.5916  
11483.07622  
11468.62901  
11450.53779  
11424.05075  
11429.59428  
11402.71853  
11414.20797  
11406.00665  
11414.82206  
11426.20417  
11416.97017  
11436.72753  
11426.49865  
11453.42762  
11458.49157  
11488.88582  
11445.85382  
11436.06315  
11406.76384  
11416.95615  
11423.75627  
11489.09827  
11483.28509  
11440.48018  
11441.84278  
11426.98145  
11455.65759  
11462.93796  
11418.45699  
11429.34428  
11421.09693  
11445.93332  
11480.02041  
11483.13532  
11449.44566  
11448.29052  
11395.18763  
11411.70424  
11424.18078  
11429.42189  
11407.90804  
11474.7296  
11500.99318  
11505.93999  
11530.42127  
11503.08259  
11479.00589  
11452.79678  
11397.30733  
11454.30626  
11455.69397  
11425.53695  
11407.60775  
11365.96178  
11391.48919  
11380.92574  
11358.48621  
11457.65871  
11467.61854  
11450.36375  
11450.75915  
11425.08532  
11426.44183  
11451.2007  
11410.77319  
11442.27394  
11412.03547  
11398.54132  
11400.89611  
11415.02155  
11455.56227  
11459.87383  
11492.61756  
11501.29352  
11398.53893  
11380.05307  
11413.98204  
11465.02157  
11474.28264  
11437.92319  
11461.54428  
11456.89989  
11447.05029  
11414.09037  
11425.06158  
11486.41473  
11485.07413  
11498.88301  
11434.89588  
11434.92844  
11363.06278  
11462.66223  
11426.11728  
11551.1837  
11555.39159  
11456.17046  
11451.59783  
11425.36651  
11442.73287  
11428.65336  
11456.22321  
11501.58302  
11539.7825  
11502.43911  
11400.36806  
11337.70731  
11267.12957  
11395.55065  
11402.06544  
11422.07247  
11501.00302  
11541.5955  
11454.7495  
11388.57502  
11372.41621  
11339.91319  
11411.91071  
11486.13303  
11519.01783  
11506.74923  
11426.04292  
11379.16434  
11395.53561  
11387.82871  
11465.81518  
11473.84872  
11494.26502  
11477.16745  
11451.41132  
11473.12468  
11489.83122  
11483.10139  
11460.66625  
11447.16601  
11469.3956  
11415.64198  
11418.52875  
11470.44647  
11477.07481  
11494.8749  
11471.25551  
11435.88161  
11405.58428  
11389.13656  
11424.36142  
11440.73024  
11464.38264  
11426.60113  
11421.8989  
11411.52681  
11424.51016  
11421.55869  
11422.15133  
11471.27579  
11520.41697  
11451.27085  
11314.74652  
11396.53116  
11460.64367  
11470.30265  
11414.20286  
11434.84916  
11438.30477  
11492.08281  
11533.96718  
11466.02753  
11428.09834  
11358.14665  
11402.73781  
11416.43504  
11374.11306  
11411.1924  
11460.25549  
11430.76539  
11413.7234  
11457.44806  
11483.06825  
11498.03533  
11470.57274  
11446.83238  
11390.31642  
11384.75138  
11367.1014  
11416.25506  
11422.95218  
11472.75111  
11450.64187  
11404.07055  
11434.22468  
11499.92248  
11488.49824  
11444.6127  
11471.07363  
11431.78292  
11459.04824  
11437.5482  
11433.89435  
11440.16288  
11399.1699  
11406.68202  
11457.1605  
11480.51381  
11484.53628  
11459.67731  
11389.82191  
11409.05851  
11437.27957  
11438.98124  
11414.89542  
11404.22333  
11428.48345  
11404.78937  
11404.6801  
11464.95283  
11429.60141  
11466.82309  
11458.54808  
11418.12949  
11449.38725  
11443.91075  
11449.82589  
11482.32691  
11469.20399  
11508.66477  
11509.3998  
11472.28095  
11456.45122  
11416.5939  
11469.29499  
11474.96285  
11487.03372  
11477.43784  
11435.59304  
11417.14019  
11377.13998  
11395.24855  
11401.39932  
11477.02755  
11447.91867  
11443.26112  
11444.69255  
11438.97864  
11434.16066  
11454.28767  
11449.03657  
11450.50451  
11432.3779  
11405.84405  
11420.93823  
11426.07517  
11424.70051  
11448.40144  
11415.99137  
11447.29221  
11396.91364  
11401.74246  
11412.1074  
11437.57444  
11454.91115  
11475.36565  
11452.82411  
11401.31546  
11390.76679  
11428.77044  
11448.48339  
11478.18528  
11508.15748  
11465.09858  
11414.65714  
11425.37834  
11431.31602  
11411.77747  
11442.81733  
11434.1104  
11462.36888  
11480.73326  
11499.12761  
11455.9501  
11398.88472  
11388.4222  
11421.36074  
11471.6718  
11509.39522  
11522.08871  
11490.4186  
11460.1231  
11424.53823  
11465.63523  
11440.72835  
11426.76339  
11451.2225  
11397.3763  
11386.47639  
11439.83517  
11436.44982  
11410.83422  
11452.10392  
11427.39786  
11501.17629  
11456.31675  
11408.18239  
11399.11604  
11413.97731  
11427.20168  
11467.87144  
11477.91362  
11498.7261  
11440.20934  
11436.58144  
11474.86969  
11449.51224  
11440.18633  
11464.03122  
11408.05874  
11446.15949  
11432.56395  
11462.61181  
11460.22543  
11493.04979  
11464.15693  
11464.17525  
11438.29039  
11410.96856  
11435.62196  
11439.75088  
11456.54884  
11437.93218  
11448.68378  
11435.75304  
11413.05209  
11440.41506  
11437.66411  
11446.46042  
11429.4705  
11411.56696  
11399.11659  
11425.49728  
11458.41708  
11428.52941  
11445.56762  
11421.71946  
11425.35397  
11467.62138  
11453.37201  
11463.92818  
11499.77272  
11469.35025  
11502.37033  
11433.433  
11444.40535  
11418.51682  
11428.56277  
11384.77983  
11402.47243  
11429.16427  
11431.58167  
11430.61269  
11394.4096  
11391.53852  
11416.33668  
11418.78125  
11476.61773  
11468.22375  
11452.32497  
11429.53157  
11451.99072  
11437.32624  
11469.74878  
11413.49865  
11385.56749  
11429.23895  
11428.0619  
11442.13227  
11430.34226  
11453.67626  
11500.21103  
11523.01501  
11499.29611  
11480.27314  
11331.99665  
11365.0697  
11381.92632  
11487.80839  
11526.15479  
11501.42188  
11433.55144  
11418.49886  
11387.66615  
11431.31721  
11417.9651  
11474.44394  
11437.13284  
11429.51356  
11509.23496  
11430.22944  
11438.74998  
11459.13693  
11490.44309  
11441.72639  
11476.94428  
11489.01363  
11436.11845  
11417.53386  
11396.43556  
11342.38163  
11329.34963  
11353.06587  
11417.6553  
11436.46394  
11475.14114  
11415.10129  
11463.51266  
11423.82291  
11450.35551  
11414.04962  
11476.18526  
11464.42231  
11476.16124  
11518.76366  
11458.42501  
