11028.50817  
11065.36456  
11046.17687  
11093.94086  
11104.18623  
11092.45289  
11060.06246  
11056.64266  
11068.65062  
11044.12312  
11042.06606  
11082.16581  
10981.50722  
10979.68048  
10965.85812  
10980.88346  
11056.25033  
11093.88093  
11069.34269  
11043.51269  
11053.16025  
11036.14747  
11047.00079  
11013.03472  
11034.66151  
10993.98307  
11039.01168  
11079.60324  
11032.22856  
11051.34945  
11015.98041  
10991.04899  
11096.40542  
11106.21121  
11112.35373  
11072.49477  
11045.91505  
10968.47888  
10949.75757  
11048.15584  
11048.46411  
11081.80374  
11109.0705  
11113.65428  
11080.43743  
11069.0024  
11008.58405  
10932.7239  
10954.2596  
10964.98034  
10963.4806  
11039.60004  
11048.56283  
11084.88072  
11019.3611  
11020.38559  
10963.77554  
10938.34108  
10957.43421  
10980.84463  
11079.68136  
11094.495  
11044.41616  
11119.38135  
11044.36179  
11031.9956  
11108.90527  
11056.79285  
11075.78628  
10960.66469  
10969.91235  
11018.07368  
11012.15223  
11106.28657  
11146.69128  
11136.44195  
11120.77256  
11066.9424  
11101.84035  
11096.62977  
11080.83865  
11095.54179  
11021.70243  
10926.52239  
10934.01955  
10928.20601  
10956.45436  
10967.10637  
11004.85408  
11013.39895  
11012.66334  
10987.85569  
10989.51625  
11045.53616  
11053.13638  
11110.98981  
11108.01294  
11066.16748  
11071.74814  
11063.26393  
11049.62088  
11126.72388  
11047.89621  
11073.06431  
11034.75968  
10958.66007  
10968.34646  
11011.14431  
11066.29325  
11019.53137  
11033.32313  
11067.07334  
11017.70498  
10996.22234  
11038.32966  
11054.5183  
11104.33782  
11129.50562  
11120.08779  
11139.05914  
11116.78765  
11012.81117  
11064.18361  
11115.67468  
11046.40749  
11041.51979  
11012.7987  
10994.3066  
11024.32423  
11051.69528  
11036.55412  
11045.81736  
10972.94664  
11000.95713  
11023.35443  
11122.7436  
11160.18509  
11139.56337  
11055.84238  
10990.66682  
10942.24815  
10994.05444  
11044.15767  
11041.01707  
11062.81455  
11065.30123  
11062.63063  
11016.84537  
11011.07973  
11037.8693  
11058.30164  
11060.73901  
11017.24514  
11007.98197  
11034.20561  
11039.65647  
11072.34134  
11127.58846  
11129.37387  
11048.26113  
10982.15106  
11026.83715  
11045.26211  
11050.56826  
11050.46823  
11003.34311  
11073.77652  
11078.36061  
11018.83406  
10948.77719  
10983.35923  
10999.26019  
11038.68214  
11082.78037  
11079.41109  
11057.729  
11036.83643  
11046.0163  
11043.05265  
11019.97142  
11030.18035  
11079.33221  
11041.13354  
11064.99051  
11099.14276  
11099.95561  
11117.21518  
11104.23572  
11076.16036  
11004.51672  
10931.17508  
10971.25245  
10967.86852  
10978.69035  
11037.77452  
11069.8919  
11014.01746  
11016.83397  
11031.93199  
11044.36043  
11058.21459  
11023.13625  
11072.77911  
11089.69447  
11020.55228  
11055.38497  
11048.82214  
11062.80729  
11110.17673  
11092.70903  
11098.23289  
11156.05478  
11119.82973  
11046.28149  
10994.5087  
10999.77807  
11097.00304  
11086.57204  
11062.66534  
11048.96957  
11028.15339  
11057.86972  
11071.06873  
11061.66779  
11081.85236  
11090.52705  
11028.07225  
11000.97167  
11050.79468  
11080.92712  
11147.48892  
11110.706  
11050.31704  
10988.54718  
11012.82238  
11020.73274  
11009.40278  
10979.93934  
10975.82248  
10961.93254  
10987.7737  
11025.4188  
11037.96699  
11023.59323  
11080.44449  
11137.5446  
11104.03132  
11122.11033  
11120.29266  
11147.05792  
11087.86671  
11000.01671  
10963.58655  
11042.75172  
11036.64273  
10990.43549  
10960.81276  
10994.86511  
11004.21157  
11022.17463  
10990.76308  
11057.06962  
11008.82423  
11002.81908  
11047.85268  
11115.75981  
11119.75307  
11141.74556  
11070.99681  
11039.43205  
11043.98627  
11201.2357  
11185.67034  
11136.60417  
11113.59459  
11105.60312  
11144.93534  
11075.86859  
10981.09141  
10975.73081  
10932.09639  
10939.2537  
10906.33955  
10957.28644  
10990.42061  
11014.43115  
11017.31658  
11036.60969  
11081.81964  
11039.03511  
11078.87904  
11141.05271  
11071.06331  
11014.44952  
10935.59602  
10999.0784  
11002.0612  
11031.2663  
11028.77534  
11065.31228  
11054.91572  
11008.54582  
11013.67575  
10995.82146  
11021.14528  
11102.11287  
11115.35359  
11137.20361  
11061.34425  
11013.12497  
11006.5498  
11004.4487  
11006.09041  
11011.35721  
10994.44642  
10995.2581  
11033.22646  
11068.35497  
11059.96369  
11114.49248  
11028.81081  
10992.24136  
11013.52682  
11020.06814  
11101.60449  
11068.80775  
10999.90678  
10995.70081  
11073.34221  
11065.53778  
11068.5388  
11086.29185  
11133.02256  
11147.6852  
11109.62976  
10995.98806  
11005.10061  
11039.75064  
11013.11734  
11056.7977  
11082.62472  
11077.04427  
11020.69982  
11026.17741  
11049.6342  
11095.40594  
11060.26235  
11000.93424  
11029.83219  
11020.57126  
10989.71486  
10987.8391  
11001.38876  
11038.08412  
11003.5245  
10998.46267  
11027.03874  
11091.48497  
11030.63806  
10937.07671  
10924.317  
11000.24305  
11026.41126  
11085.06622  
11051.01394  
11077.07015  
11132.48735  
11128.68914  
11066.60035  
10998.36023  
10991.84657  
11025.53923  
11021.85563  
11027.38721  
10983.51128  
10968.99035  
10998.89924  
11062.16056  
11111.00457  
11115.9212  
11057.94456  
11027.79534  
11021.88611  
11039.41512  
11099.14297  
11124.27955  
11108.63036  
11010.99544  
11061.73068  
11087.4308  
11033.93161  
11010.65723  
11041.68471  
11033.43623  
11050.23518  
11048.69198  
11055.98758  
11060.11911  
11005.1198  
11030.50377  
11070.62856  
11008.33409  
11063.02294  
11035.86277  
10990.55892  
11016.96381  
11072.45912  
11071.34124  
11023.44251  
10976.44285  
10944.21843  
10988.9141  
11086.54736  
11068.53979  
10984.97369  
10957.7679  
10984.31401  
11109.81333  
11034.44701  
11060.13647  
11052.18058  
11087.75934  
11044.13005  
11032.6862  
11038.19113  
11132.44087  
11179.39334  
11176.87253  
11139.96408  
11099.4088  
11033.22398  
11039.77393  
11012.18974  
11021.22788  
11010.76965  
11023.41552  
11013.87832  
10998.87665  
10967.66294  
10973.66619  
11000.39558  
11049.9404  
11020.51256  
11016.27257  
11003.13822  
11014.14317  
11001.09138  
11017.34651  
11068.686  
11112.56004  
11077.2584  
11011.87106  
11013.49244  
10984.82655  
11022.98885  
11044.19973  
11114.96215  
11158.63808  
11146.95352  
11146.1253  
11097.57832  
11078.32315  
11105.0859  
11083.6858  
11042.54287  
10971.75042  
10955.23608  
11012.20607  
11118.95515  
11045.83677  
11042.01512  
11077.16586  
11043.23787  
11021.64726  
11039.34355  
11101.68458  
11115.16679  
11120.51185  
10978.44369  
10947.8147  
11041.26848  
11069.01428  
11099.05406  
11014.89117  
11010.40257  
10977.6413  
10986.63777  
10990.47938  
10960.95353  
10985.71639  
11046.06017  
11117.20418  
11132.21142  
11086.03977  
10997.94948  
10974.11414  
10996.59028  
10980.24341  
10990.54763  
11008.80755  
11035.62427  
11041.29068  
11105.464  
11101.74747  
11110.25399  
11066.31681  
11062.60422  
11103.9008  
11135.88633  
11092.81018  
11011.31132  
11007.54937  
10986.80218  
10983.6786  
11050.10293  
11051.9305  
11070.43467  
11084.78975  
11085.6651  
11076.69984  
11078.06533  
11043.15054  
11023.30588  
11078.55826  
11046.00602  
11027.543  
10981.84956  
10992.35277  
11065.3548  
11090.81032  
11034.21193  
11049.42451  
11064.21416  
11069.52497  
11093.23948  
11109.70133  
11083.32653  
10948.94306  
10954.2232  
10998.76448  
10991.97511  
10991.31391  
10992.56493  
11063.19134  
11097.38993  
11100.89627  
11038.36574  
11025.02578  
11053.75152  
11067.22348  
11073.81429  
11075.10697  
11047.41448  
11007.85929  
11006.9178  
11008.90381  
11103.81174  
11125.55804  
11079.22123  
11028.32241  
11023.55845  
11024.50087  
11020.49655  
11010.15807  
11032.64122  
10993.07737  
11026.46424  
11059.19061  
11140.90622  
11140.43062  
11077.78084  
10985.72746  
10965.53977  
10991.6602  
10970.41303  
10990.17535  
11005.81352  
11022.15856  
11030.76923  
11095.8911  
11036.46825  
11052.03122  
11012.60232  
11104.52028  
11107.66455  
11181.09209  
11131.49487  
11062.50461  
11020.34698  
11027.80525  
11019.91394  
11038.83728  
11035.34108  
11051.25076  
11042.72883  
11028.65788  
11010.54669  
10989.03626  
11028.32802  
11049.91176  
11027.95007  
11067.36  
11052.44915  
11064.61492  
11063.63731  
11127.16976  
11113.18216  
11091.43711  
11025.54847  
10951.99365  
11002.60434  
11040.41025  
11053.49131  
11027.5993  
11007.35838  
10967.1423  
10991.42651  
10991.5261  
11005.04378  
11070.16277  
11073.5397  
11049.68198  
11051.99242  
11090.92097  
11084.99629  
11108.73232  
11139.10244  
11125.6342  
11139.88292  
11137.6539  
11149.76188  
11095.82713  
10998.58162  
11031.38778  
11011.84022  
10991.45097  
10980.41859  
11029.68157  
10968.92316  
10990.70039  
10971.52389  
11013.43321  
11014.30561  
10996.48324  
10989.7559  
11013.50804  
11054.51179  
11075.48457  
11128.8057  
11173.79367  
11088.21741  
11020.82311  
10971.90158  
11018.30334  
11025.95102  
11055.54591  
11025.81774  
11085.30202  
11050.08349  
11047.72373  
11046.86752  
11096.42259  
11026.20698  
11052.78559  
11040.42058  
11061.1389  
11009.23511  
10980.64124  
11001.51546  
11045.42951  
11039.79288  
11009.29344  
11000.06068  
11043.31618  
11085.61014  
11093.23924  
11045.13056  
11081.98804  
11130.34511  
11142.56977  
11063.42461  
10953.55772  
10956.87336  
11001.07938  
11026.94933  
11062.40622  
11085.21889  
11041.26036  
11043.16106  
11007.04674  
11038.67364  
11022.4477  
11085.0327  
11053.19044  
11095.62182  
11089.26092  
11077.18035  
11032.08683  
11025.39241  
11013.3738  
11067.88904  
11077.9759  
11047.85701  
11040.13709  
10993.55692  
11020.4448  
11034.26529  
11044.31323  
11033.20793  
11050.08797  
10987.7958  
11007.21254  
11057.89222  
11137.6182  
11129.30375  
11095.49802  
11016.63752  
11052.44757  
11044.56597  
10988.15856  
10952.72628  
10988.86825  
11006.81874  
11023.65933  
11013.69118  
11055.80417  
11010.04842  
11025.32573  
11003.18955  
11025.49757  
11060.24394  
11061.19767  
11053.3996  
11109.99435  
11130.42568  
11134.34521  
11096.146  
11010.26954  
10998.92057  
11054.95414  
11136.1794  
11097.52669  
11046.47229  
11044.47297  
11000.61584  
10994.25777  
11066.40505  
11079.29932  
11030.10328  
11004.49782  
11020.80674  
11020.35651  
11045.90748  
11098.10378  
11089.47131  
11026.66577  
11007.34652  
11010.11991  
11020.51975  
11034.26807  
11031.95812  
11053.815  
11016.53393  
11037.23189  
11053.17651  
11047.66494  
11002.91656  
11064.5788  
11074.79488  
11112.70259  
11122.68297  
11044.90249  
10984.82122  
10998.09142  
10993.98404  
11033.34167  
11056.35897  
11062.4707  
11038.03429  
11023.05037  
11056.39884  
11077.48859  
11060.28635  
11088.91777  
11074.73979  
11102.85543  
11118.60413  
11011.63441  
11013.84956  
11024.18902  
11027.38521  
10976.42082  
11016.91227  
11030.69741  
11045.21442  
11036.47888  
11026.9346  
11061.09328  
11026.4651  
11019.01818  
11015.87802  
11042.55609  
11042.97122  
11040.21762  
10989.34256  
11035.50068  
11041.45612  
11026.1692  
11044.79371  
11041.64723  
11070.15795  
11069.49856  
11075.28596  
11007.04847  
10992.64292  
11046.73728  
11043.4971  
11067.70038  
11069.9435  
11021.89876  
11008.65613  
11055.55157  
11057.45774  
11081.35796  
11052.82745  
11063.40594  
11120.12105  
11140.64548  
11075.50277  
11042.71256  
11046.0737  
11026.82442  
11045.06441  
11043.07722  
11072.95186  
11059.19929  
11006.91814  
10999.94598  
11008.51987  
11005.99619  
11016.21806  
11074.19284  
11058.87764  
11055.95269  
11090.36539  
10986.67882  
11031.91435  
11080.59277  
11092.58288  
11109.42735  
11055.80516  
10973.78484  
10999.45921  
11019.45258  
11032.37689  
11037.71147  
11015.93446  
10994.60051  
11074.17773  
11025.46097  
11048.44809  
11109.30771  
11124.72835  
11136.34279  
11137.22238  
11056.79857  
10987.44599  
10993.74039  
10991.58447  
11020.85449  
11027.82159  
10969.54159  
11000.52864  
11005.69402  
11043.88548  
11033.14288  
11108.76674  
11122.23577  
11107.23853  
11053.22546  
10999.16692  
10983.70024  
10977.09075  
11035.58226  
11012.30782  
11042.63534  
11050.81553  
11048.67177  
11061.09715  
11071.18475  
11060.678  
11032.35943  
11050.8013  
11104.34865  
11141.01236  
11160.28741  
11069.8153  
11086.03759  
11111.61598  
11053.37442  
11016.39685  
11015.23364  
10975.57248  
10941.93132  
10923.60975  
10969.95721  
10960.74969  
11000.66112  
11044.44261  
11037.15687  
11082.80821  
11054.8788  
11056.68966  
11095.13051  
11081.42128  
11087.11342  
11110.73697  
11085.63972  
11077.43455  
11003.15363  
10993.80925  
10971.60586  
10953.70447  
11008.01973  
11017.09151  
10969.68078  
10979.62982  
11034.07176  
11073.99286  
11092.6371  
11116.87636  
11139.93015  
11120.17627  
11165.67023  
11148.54817  
11122.97057  
11014.89122  
10959.40658  
11013.87697  
11075.63616  
11055.32302  
11050.84583  
11085.41385  
11092.203  
11087.43176  
11034.43833  
11071.04204  
11037.57931  
11005.83439  
11062.21689  
11052.62119  
11004.11474  
11006.61365  
11058.72679  
11081.44604  
11118.81866  
11042.9479  
11043.42347  
11104.3661  
11059.73059  
11060.50814  
11047.95991  
11052.89768  
11023.89953  
10964.23225  
11019.8927  
11074.72084  
11031.30188  
10978.13885  
11001.30559  
11015.38726  
11001.07618  
10927.08499  
10978.26716  
10998.2405  
11052.16021  
10990.07451  
11002.45521  
11030.98212  
11046.61146  
11087.56219  
11083.4412  
11092.74194  
11026.69733  
11011.969  
11053.63308  
11063.83212  
11024.35223  
10982.79921  
11027.87279  
11068.34301  
11061.07122  
11024.90724  
11016.27653  
11005.701  
11097.08942  
11162.78132  
11180.54936  
11161.24141  
11102.64775  
11032.06929  
10972.23817  
11003.90911  
11016.44004  
11030.53847  
11011.53646  
11026.27762  
11023.676  
11031.84131  
11081.83775  
11100.62431  
11103.5824  
11059.37643  
10981.2622  
10984.34956  
11094.17559  
11179.26065  
11136.84261  
11119.86562  
11027.64894  
10981.62608  
10987.41945  
11002.61522  
11002.8755  
11037.7259  
10994.81528  
11082.45844  
11111.85515  
11137.03683  
11080.49712  
11032.76655  
10998.76253  
11042.14395  
10985.36735  
10992.0615  
11037.93962  
11075.60868  
11130.25734  
11178.12952  
11120.02686  
11009.22822  
10992.09421  
10974.90165  
10973.18965  
10996.3588  
11020.63104  
11075.22287  
11091.41437  
11030.74215  
10997.79557  
10929.96457  
10982.38366  
11074.91171  
11108.83976  
11053.59917  
11028.88444  
11012.71394  
11017.19425  
11078.8144  
11181.63498  
11187.44533  
11119.57043  
10997.87239  
10987.10633  
11016.11814  
11021.15407  
11048.83179  
11086.47987  
11081.42504  
11050.24777  
11046.06186  
11086.90188  
11032.05893  
11063.45695  
10953.68224  
10948.51978  
10980.07416  
10988.56585  
10921.87781  
10903.6937  
11004.10391  
11045.33641  
11108.20528  
11079.13622  
10966.79072  
11023.61439  
11024.58571  
11087.76204  
11075.49341  
11083.0127  
11038.38047  
11029.96627  
11077.87007  
11117.93843  
11159.95015  
11206.07145  
11141.55324  
11072.92435  
11024.69876  
10997.5408  
10997.054  
11040.45271  
11062.64958  
11043.0594  
11014.78901  
11022.75218  
11038.34066  
11081.26479  
11055.36641  
11064.64225  
11121.86524  
11099.71303  
11010.02249  
10948.13984  
10994.90828  
11028.39878  
11040.1106  
11116.26264  
11037.06405  
11008.26999  
11051.40441  
11067.3198  
11055.92933  
11017.34945  
10970.14345  
10970.26645  
10984.58182  
11062.43866  
11073.8197  
11105.28902  
11125.4215  
11101.4265  
11050.99873  
11041.44931  
11013.61559  
11070.60024  
11070.91641  
11094.5214  
11006.76928  
10990.14889  
10966.7322  
10988.2529  
10992.78682  
11002.15433  
11019.76742  
11043.31553  
11065.92381  
11103.49184  
11129.77911  
11078.91218  
11076.40265  
11017.69036  
10988.84776  
10986.9428  
11043.13385  
11090.8566  
11094.50044  
11097.66139  
11012.45782  
11002.37923  
11049.45324  
11049.42169  
11028.45234  
11015.52366  
11055.26103  
11044.66661  
11040.93515  
11049.83118  
11034.65669  
10971.47834  
11020.29866  
11074.3512  
11059.46915  
11051.84273  
11047.35803  
11095.65952  
11089.60179  
11085.60358  
11018.36053  
10979.50041  
11002.42826  
11037.21336  
11096.93644  
11091.26816  
11056.74179  
11015.2128  
11014.64235  
11062.11102  
11030.17333  
11028.17135  
11044.96777  
11052.71888  
11028.28965  
11103.56269  
11100.4434  
11056.41132  
11030.39505  
10983.70322  
11024.12972  
11007.73141  
11057.84202  
11020.63641  
11010.53246  
11063.6389  
11052.47386  
11049.80061  
11039.38052  
11005.26935  
11044.12669  
11062.01472  
11097.09965  
11026.9119  
10980.85691  
10976.1572  
11063.25974  
11096.05499  
11103.12987  
11043.14943  
10985.49332  
10997.52137  
10980.59543  
11047.4827  
11055.60628  
11046.94246  
11045.2856  
11090.33519  
11090.21308  
11101.72452  
11087.23062  
11038.50083  
11009.00298  
11079.15191  
11110.50203  
11031.92629  
11040.81921  
11012.68401  
11108.17194  
11140.9846  
11136.96751  
11012.26464  
10937.89824  
10964.18241  
10981.34821  
11033.92152  
11066.30981  
11044.79618  
11019.4456  
11013.00505  
10987.2647  
10991.24974  
11036.45216  
11076.88741  
11123.02923  
11049.19  
11022.16612  
10971.41247  
11009.6786  
11064.31663  
11117.74326  
11070.32244  
11053.01898  
11068.43798  
11019.3811  
11018.5026  
11040.76236  
11060.40002  
11098.39123  
11131.31921  
11075.33484  
11070.73677  
11099.17066  
11145.55596  
11088.06197  
11001.73096  
11012.69115  
11052.40135  
11039.92106  
10979.07627  
10978.8891  
10998.0075  
11012.1157  
10953.72849  
10991.61319  
11073.27231  
11038.16309  
11035.72906  
11016.52153  
10998.37504  
10982.2245  
11083.68494  
11163.95287  
11156.04509  
11102.4963  
10997.082  
11006.54089  
10998.77531  
11066.1482  
11054.86024  
11038.78666  
11000.10659  
10992.06749  
10998.52587  
11009.36173  
10981.92254  
11014.60638  
11081.00745  
11041.78623  
11031.39243  
11033.56047  
11129.51199  
11118.30939  
11056.19431  
11050.37249  
11023.76756  
11015.4189  
11003.71716  
11065.60476  
11050.45181  
11046.35028  
11085.55676  
11131.21578  
11134.92544  
11080.03435  
11004.01821  
11016.58778  
10988.4487  
11038.44415  
11097.1087  
11075.13315  
10982.90838  
11005.11517  
10996.4535  
11034.83493  
11126.81992  
11164.93389  
11148.6719  
11007.98051  
11022.4503  
11018.83721  
10982.91401  
11030.00088  
11031.55999  
11024.18737  
11015.03737  
10980.06697  
10981.46711  
11088.9266  
11043.06636  
11012.36416  
10998.33853  
10982.24171  
11025.10952  
11090.51365  
11136.13683  
11068.93081  
11019.60696  
11044.82109  
11059.74356  
11072.25676  
11097.42468  
11095.87818  
11077.21674  
11003.34957  
10997.39497  
11009.56869  
10991.45926  
11015.84943  
11052.37627  
11085.00109  
11055.66776  
11064.97957  
11017.35923  
11026.29007  
11049.28099  
11074.97898  
11046.23393  
11002.52924  
10987.13352  
10979.20666  
11010.46406  
11018.99827  
11043.30608  
11080.05907  
11043.44608  
11092.57589  
11100.89132  
11047.81407  
11040.37065  
11009.39996  
11024.84585  
11152.33162  
11083.54867  
11015.93857  
11032.84828  
11014.64856  
10985.13294  
10982.96673  
11013.93129  
11039.96289  
11046.61032  
11065.86168  
10962.45527  
10935.90142  
10999.88492  
11061.45133  
11020.05429  
11112.41167  
11080.26672  
11076.11943  
11097.97955  
11092.37875  
11107.48551  
11060.61282  
11067.40241  
11045.63262  
11053.48659  
11044.13838  
11026.68777  
11054.75509  
11050.82714  
11031.89604  
11026.64167  
11027.9834  
11036.08822  
11075.18734  
11079.03451  
11138.76133  
11154.95964  
11171.87863  
11100.36412  
11018.34513  
10952.64948  
10954.64193  
11023.56272  
11062.57096  
11068.83434  
10994.22797  
11028.2089  
11010.01976  
10982.07037  
11040.83221  
11120.0242  
11109.96727  
11075.43033  
11055.87453  
10999.22043  
10971.10057  
10987.65012  
11003.40887  
11044.24259  
11036.80486  
11066.73782  
11030.069  
11014.36133  
11040.82814  
11091.4229  
11118.27572  
11115.91122  
11113.84337  
11071.06557  
11037.20573  
11056.58516  
11053.94739  
11044.93922  
11097.34336  
11006.50178  
11013.49819  
11023.86893  
10996.01392  
11034.3328  
11011.81807  
11060.24194  
10999.35984  
11025.06228  
11005.85371  
11070.52054  
11065.76822  
11022.49588  
10999.56097  
11053.85203  
11055.74966  
11078.23301  
11105.39623  
11023.60502  
11007.35374  
11072.85352  
11073.52178  
11156.76225  
11076.31778  
11032.80676  
10992.39417  
11002.94863  
10963.01826  
10966.16033  
11035.2112  
11057.45481  
11061.42782  
11055.81964  
11001.48589  
11021.90559  
11048.75774  
11081.26085  
11086.90306  
11085.43918  
11030.70588  
11000.67697  
10961.04245  
11045.61224  
11021.45986  
11000.99603  
11016.11812  
11028.06873  
11058.53625  
11044.70896  
11059.82721  
11061.01197  
11047.83267  
11027.16948  
11094.96496  
11090.47681  
11090.82961  
11080.27303  
11106.17415  
11043.2422  
11049.65826  
11063.97711  
11009.89813  
11012.86697  
11008.90929  
11080.70357  
11045.18007  
11029.80094  
11042.74453  
11056.03644  
11078.20362  
11096.31499  
11085.21368  
11010.05897  
10960.66098  
11010.75097  
11049.04803  
11049.98558  
11039.31688  
11069.72161  
11020.66839  
10996.83616  
10999.18272  
11012.01688  
10985.7601  
11025.21269  
11082.32349  
11060.46082  
11007.74845  
10990.71023  
11032.13135  
11030.54576  
10984.64753  
10999.39864  
10967.22654  
10976.68083  
11030.43827  
11011.91011  
11086.96656  
11130.39199  
11185.89505  
11133.51374  
11112.09108  
11025.14551  
11056.26579  
11090.94446  
11057.13077  
11036.98484  
11032.42227  
11053.01866  
11041.1499  
10999.50785  
11012.72166  
11021.09433  
11044.89754  
11030.32264  
11062.08828  
11100.81602  
11048.42881  
11055.61608  
11057.11489  
11036.78594  
11058.24917  
11008.92031  
11021.93903  
11026.15554  
11059.87718  
11088.91553  
11122.00926  
11056.65483  
11032.70164  
10991.75316  
11090.10997  
11056.94275  
11084.51274  
11008.00855  
11002.59432  
10967.50219  
11033.27158  
11010.85651  
11014.86898  
10971.9843  
10957.21241  
11014.40769  
11021.22502  
11094.31192  
11074.162  
11110.01343  
11067.52662  
11070.40724  
11036.78605  
11051.55676  
11016.48751  
11071.36588  
11067.23142  
11115.55759  
11117.83451  
11144.11806  
11147.01918  
11106.21859  
11063.27962  
11059.5466  
11026.99898  
10975.7978  
10996.42672  
10988.64754  
11030.08723  
11047.32936  
11059.79546  
11008.1709  
10992.40299  
11018.97553  
11016.25405  
11025.03308  
11072.70553  
11064.76697  
11150.69499  
11148.95122  
11098.92908  
11011.21622  
10981.98836  
11036.30507  
11070.23676  
11054.15962  
11052.17392  
11026.22362  
11003.56626  
11028.60709  
11098.48826  
11089.51295  
11143.12804  
11108.33341  
11043.24019  
11023.94217  
10999.28048  
11032.69708  
11038.80652  
10986.24432  
10991.64315  
10987.19718  
10998.6044  
11003.45747  
11037.45582  
11062.08443  
11105.49344  
11126.33081  
11130.37576  
11131.62023  
11067.84296  
11036.14381  
10980.6161  
11052.39272  
10990.28491  
10916.40312  
10986.50385  
11044.94831  
11042.82787  
11075.23475  
11024.82901  
11061.13378  
11090.16566  
11134.05166  
11120.54349  
11069.23238  
11046.86947  
10998.45026  
11030.97982  
11064.07747  
11052.32987  
11071.27313  
10981.17775  
11003.98766  
11025.03872  
11030.4432  
11037.20678  
11018.08164  
10990.07646  
11008.87197  
11033.76044  
11108.47597  
11105.63185  
11102.99232  
11079.60108  
11016.47487  
10948.22875  
10985.9805  
11036.08394  
11108.95039  
11104.14968  
11032.38785  
10971.65365  
10946.92768  
11028.1747  
11069.54755  
11104.26546  
10995.14924  
11020.99329  
11097.15628  
11125.66217  
11071.51856  
10984.20739  
11034.32037  
11048.81164  
11053.32477  
11004.44151  
10987.95148  
11012.82332  
11022.63385  
11095.13059  
11111.49064  
11130.56991  
11101.76886  
11014.04762  
10973.19288  
10974.93985  
11003.2549  
11052.85363  
11023.71065  
11056.80501  
11035.39333  
11065.11528  
11068.8732  
11089.57753  
11092.09094  
11089.85645  
11049.25034  
11022.7782  
11029.61189  
11056.76867  
11082.40674  
11117.04755  
11129.23837  
11100.58145  
11014.21891  
10945.07567  
11064.3373  
11028.81093  
11042.49299  
10998.77776  
11010.35395  
10955.88671  
10950.19043  
10948.08174  
10984.09355  
10981.67479  
11049.73983  
11056.0363  
11158.64602  
11154.35868  
11077.3115  
11054.30637  
11080.52681  
11063.65839  
11045.2737  
11045.93982  
11003.45283  
10995.39499  
11040.24346  
11009.84698  
11025.35553  
11027.41694  
11060.7361  
11048.33577  
11100.92095  
11155.64685  
11161.01036  
11104.86741  
11013.80771  
10984.48065  
10993.50026  
11029.78503  
11048.59521  
11035.04074  
11001.09311  
11017.83723  
11034.9232  
11052.35142  
11065.28951  
11061.10229  
11062.08771  
11083.75676  
11113.40648  
11059.84195  
11061.8099  
11100.22978  
11057.71642  
11046.48258  
11017.64986  
10954.31512  
10957.01866  
11011.68262  
11005.25001  
10994.26317  
10988.20084  
11041.99559  
11028.30065  
11073.83625  
11149.80608  
11139.72275  
11062.09706  
10981.95742  
10972.7077  
11029.26092  
11007.04804  
11038.44371  
11054.63927  
11064.013  
11027.70098  
11052.58225  
11060.18879  
11050.82755  
11037.01661  
11042.52941  
11017.8282  
11007.93685  
11056.17527  
11046.27378  
11059.74219  
11050.78188  
11062.61596  
11110.74705  
11067.07885  
11055.6354  
10992.98867  
11010.9353  
11036.05532  
11015.07736  
11015.23724  
11072.32876  
11111.30688  
11111.85285  
11076.6278  
10964.54249  
10980.37761  
10999.0761  
11057.41568  
11141.0643  
11110.93447  
11101.49275  
11062.27842  
11068.09838  
11107.97705  
11118.60807  
11089.24118  
11030.83615  
11024.33847  
11071.76215  
11094.69649  
11061.35031  
11023.21545  
11035.23092  
11024.42939  
11021.6609  
11085.63902  
11064.39701  
11069.14781  
10961.77638  
10920.86639  
10919.59335  
10959.15853  
10948.44069  
11012.28753  
11074.32713  
11046.93251  
11017.5252  
11041.15264  
11069.33186  
11073.56321  
11048.9721  
11061.68069  
11065.08829  
11068.78872  
11051.17508  
11087.69686  
11080.49756  
11007.43025  
11008.67182  
11002.55563  
11055.10914  
11032.25457  
10968.7263  
11052.46136  
11041.45768  
11038.91954  
11049.82775  
11032.90951  
11044.47898  
11067.23671  
11053.90359  
11097.07013  
11105.04771  
11101.49945  
11099.07935  
11059.99237  
11002.22187  
11006.04397  
11045.02949  
11047.82303  
11023.216  
11016.10011  
11012.67226  
11025.40032  
11072.97415  
11061.21807  
11097.31251  
11056.22873  
11034.97715  
11054.39315  
11051.56857  
11069.9046  
11059.61273  
10994.6362  
11009.50368  
11031.60487  
11023.96794  
11025.10617  
11005.99928  
11029.79146  
11036.8651  
11056.65151  
11067.90965  
11045.58329  
11039.18488  
11039.93893  
11046.33061  
11048.97963  
11046.95966  
11114.43905  
11118.50808  
11034.53252  
11027.82812  
10993.58965  
11004.09022  
11045.61373  
11115.01948  
11060.74641  
11025.60851  
11029.64774  
11087.41591  
11081.40521  
11096.62272  
11074.42322  
11045.94191  
11045.367  
11036.31118  
11007.13535  
10992.40485  
11022.7058  
11025.61595  
11069.40407  
11038.49312  
11072.00026  
11029.04052  
11024.75621  
11048.16994  
11089.40854  
11060.26907  
10998.17175  
11022.02911  
11032.62163  
11024.34261  
11011.02298  
11018.1217  
11023.21936  
11047.24135  
11036.98149  
11045.19748  
10997.44562  
11024.95747  
11065.3159  
11079.48153  
11010.85961  
11036.28767  
11065.21809  
11043.59025  
11017.02852  
11046.34033  
11031.32451  
11072.28835  
11102.8302  
11098.60349  
11096.11334  
11095.48233  
11087.12191  
11064.18071  
11021.6338  
11087.61985  
11065.89261  
10962.71416  
10983.51149  
11016.46573  
11051.33236  
11031.57488  
11020.27785  
11047.12404  
11072.3571  
11135.2078  
11147.1082  
11114.3071  
11003.32657  
10952.48925  
10959.67373  
10996.48737  
11022.14185  
11079.9483  
11085.87163  
11028.72799  
11031.29535  
11008.85474  
10992.52909  
11006.10674  
10976.4921  
11084.69093  
11092.30946  
11095.59747  
11018.10328  
10954.60668  
11008.71354  
11024.49076  
11075.88512  
11072.50028  
11120.99478  
11081.64497  
11049.60321  
11067.68639  
11059.53811  
11087.76828  
11048.01863  
11030.4896  
11058.0593  
11063.78306  
11062.60489  
11089.95664  
11085.55523  
11095.62064  
11080.61028  
11026.36393  
11017.87027  
10976.69956  
10993.21994  
11059.33722  
11079.94581  
11048.63397  
11029.80325  
11056.73633  
11088.06432  
11088.36026  
11066.82131  
11001.24643  
11013.95481  
11024.06933  
11059.63148  
11008.07042  
11047.15487  
11097.71667  
11043.11093  
11023.19415  
10992.74733  
10973.86018  
11027.56163  
11039.736  
11029.89967  
11015.22463  
11046.38582  
11077.17723  
11109.68871  
11080.1205  
11048.94759  
10983.97928  
11069.34828  
11050.20779  
11022.3226  
11072.70028  
11058.09708  
11010.68042  
11010.67813  
11045.25043  
11038.99511  
11036.48423  
11018.62783  
11034.44221  
11044.65874  
11017.2134  
11066.24266  
11011.98631  
11022.93486  
11068.01641  
11073.28297  
11029.16536  
11036.92333  
11025.39425  
11050.4137  
11130.99784  
11156.46518  
11068.27309  
11017.35152  
11020.40413  
11056.47489  
11104.92626  
11018.50395  
10922.49593  
10994.55042  
11019.80383  
11014.80033  
11063.16729  
11046.12159  
11023.76815  
10999.60607  
11005.98006  
11014.70302  
11092.00569  
11108.53265  
11072.99271  
11021.91897  
11024.45103  
11056.31297  
11046.89455  
11083.75804  
11035.3869  
11023.78109  
11047.43873  
11050.17872  
11085.47182  
11096.79801  
11062.58431  
11082.0138  
11091.96969  
11058.64087  
11027.57045  
10996.65679  
11031.79601  
11034.20144  
11032.11736  
11045.4589  
11017.49225  
11061.039  
11020.8685  
10980.99171  
11000.35495  
11026.5061  
11077.92664  
11065.95175  
11114.19084  
11138.68417  
11118.35046  
11136.77723  
11061.43736  
11067.75842  
11088.67976  
11053.60272  
11072.96728  
11048.41375  
11004.4875  
10989.08675  
10986.65377  
11016.29377  
11002.73308  
10990.25389  
11001.59523  
11092.9701  
11107.41547  
11077.14105  
11082.499  
11023.92906  
10987.41914  
10987.815  
11001.42884  
11030.98969  
11087.14321  
11073.53402  
11033.38873  
11008.0867  
11066.66983  
11048.69898  
10986.09917  
10997.2681  
11046.44795  
11063.63131  
11022.16689  
11054.80738  
11018.4322  
11024.8559  
11021.813  
11037.70554  
11068.95744  
11067.64121  
11048.48136  
11074.00452  
11050.75014  
11111.59609  
11096.03215  
11041.30747  
11003.59699  
10960.02353  
10997.62928  
11002.58908  
10992.32484  
11035.90148  
11009.89626  
11054.66155  
11024.42825  
11050.70275  
11073.50066  
11050.43384  
11066.46787  
11074.5352  
11064.64172  
11108.02323  
11150.28031  
11100.40472  
11139.17068  
11090.59679  
11100.52458  
11012.00382  
10987.76809  
10987.44604  
11008.41905  
11001.00865  
10985.45965  
10965.53293  
11007.3088  
10994.23564  
10950.73785  
10933.34387  
10931.30479  
11020.35343  
11021.20903  
11033.74481  
11021.79462  
11058.22188  
11141.41032  
11158.12364  
11101.18  
11051.08352  
11017.9023  
11027.39211  
11068.26483  
11066.11024  
11046.788  
11025.68732  
10991.12562  
11041.02648  
11066.29158  
11069.22209  
11111.53073  
11073.80923  
11132.37146  
11065.02515  
11050.49361  
11064.4736  
11065.6773  
11067.44366  
11084.43734  
11022.96573  
11053.78982  
11059.19619  
11001.50863  
11034.83071  
11060.61479  
11062.96234  
11079.8163  
10951.83117  
10983.57674  
11040.36968  
11032.52939  
11029.2788  
11054.17606  
11040.74557  
11108.73137  
11111.8334  
11099.47751  
11092.1963  
11014.60036  
11020.20429  
11010.90843  
11052.35365  
11074.66193  
11059.56744  
11114.08313  
11095.5323  
11061.41157  
11050.43536  
11010.44379  
11057.26579  
11064.88089  
11069.09489  
11096.46227  
11023.84183  
11059.49184  
11096.92109  
11058.54966  
11026.22189  
11061.74755  
11018.8086  
11016.11666  
11069.86282  
11021.68829  
11002.70935  
11010.18709  
11065.56779  
11021.56839  
10952.17574  
10962.64302  
10940.74571  
10998.04587  
11010.7777  
11064.40936  
11054.48072  
11058.52887  
11034.55143  
11022.93968  
11084.457  
11047.0765  
11001.01972  
10997.69881  
10999.87006  
10970.38265  
11021.2879  
11100.28976  
11124.16821  
11088.13386  
11057.38998  
10978.6713  
10992.28156  
11053.97605  
11097.10129  
11095.74982  
11085.16859  
11104.59659  
11082.91825  
11069.21791  
10972.18176  
10979.33022  
11053.35503  
11054.85088  
11077.54761  
11024.65645  
10915.47887  
10978.7053  
11026.23217  
11070.32511  
11099.13795  
11071.66711  
10999.29505  
10993.67249  
11071.84932  
11031.76315  
11086.51478  
11106.86513  
11097.2623  
11067.70734  
11034.58563  
11012.27203  
10965.48903  
10990.5737  
11071.1339  
11053.62096  
11085.03092  
11130.39638  
11097.38348  
11050.14784  
11069.22988  
11070.9907  
11080.99365  
11089.64859  
11116.06116  
11151.06228  
11076.82133  
11054.44009  
11008.02445  
10975.53659  
11042.33879  
11025.26471  
11054.39246  
11086.19598  
11087.80426  
11019.97859  
11016.38702  
11055.38218  
11097.11353  
11066.90413  
11068.34722  
10987.92641  
10956.36464  
10962.09194  
11029.43864  
11062.32947  
11038.484  
11101.5286  
11068.47841  
11041.15969  
11053.75991  
11043.50155  
11073.99934  
11052.64496  
11065.38749  
11010.63579  
10993.61467  
11034.68018  
11057.50696  
11027.3065  
11035.52207  
11063.75871  
11055.96536  
10967.91978  
11110.80726  
11066.05988  
11078.43792  
11060.36707  
11021.98247  
11051.08767  
11007.88932  
11069.09417  
11004.42015  
11000.48169  
11025.10535  
11061.56653  
11010.37197  
11009.35535  
11030.14918  
11051.80884  
11044.39355  
11039.69983  
11027.27845  
11019.01364  
11041.1568  
11043.24168  
11088.86294  
10999.9832  
11039.28283  
11088.4144  
11025.94663  
11096.59473  
11064.41936  
11049.78517  
10991.28605  
11040.10469  
11043.86827  
11024.50547  
11044.2744  
11017.98475  
11020.32509  
11068.04839  
11081.8383  
11030.11307  
11061.05539  
11063.71262  
11109.83044  
11117.37567  
11114.59909  
11000.95123  
10968.22529  
11013.88576  
10991.23269  
11003.71567  
11014.87  
10991.58271  
11047.36812  
11069.84497  
11029.09503  
11065.10782  
11095.08313  
11134.07431  
11161.19034  
11088.85238  
10984.67771  
10984.74955  
11069.27871  
11073.27124  
11056.50028  
11007.4496  
11011.19038  
11048.2683  
11095.55052  
11012.94482  
10993.60647  
10959.87172  
10993.36753  
11049.39014  
11053.24286  
11011.9655  
11048.24744  
11076.04414  
11074.55347  
11054.52251  
11087.0159  
11079.93555  
11100.31498  
11026.15129  
11036.10886  
11057.7573  
11065.85737  
11069.90725  
11028.66016  
10989.30303  
11050.38463  
11073.03851  
11086.19878  
11046.30491  
11028.0534  
11049.00268  
10992.52783  
11026.64457  
11021.27431  
11053.97358  
11062.23835  
11060.28849  
11074.0496  
11066.6712  
11012.82638  
11034.49363  
11088.79471  
11064.62263  
11109.175  
11047.69063  
11005.59041  
10977.62456  
10979.78065  
11028.32385  
11051.27001  
11108.55939  
11101.76597  
11090.52722  
10985.7239  
11062.29975  
11038.86203  
11034.85855  
11027.14898  
11059.02438  
11028.56885  
11077.58253  
11028.28136  
11013.08609  
10989.77038  
11012.20349  
11092.17198  
11080.27212  
11050.95317  
11080.20008  
11037.01293  
11026.21981  
11050.08196  
11072.13192  
11004.68693  
10979.99391  
10979.79887  
10985.67194  
11040.46374  
11037.75155  
11013.24658  
11070.89696  
11070.3593  
11057.78428  
11035.73078  
11037.93785  
11100.64828  
11058.96271  
11006.00836  
11012.05094  
11085.46131  
11114.0297  
11140.8577  
11099.22518  
11035.74176  
11041.08849  
11035.13114  
11114.36711  
11074.56153  
11055.0965  
10997.58499  
11021.38603  
11048.96455  
11011.29097  
11068.33807  
11022.29518  
11041.1283  
11060.06951  
11028.7098  
11000.48184  
11021.19691  
11002.25539  
11018.12217  
11024.88071  
11015.19855  
10997.05438  
11028.76152  
11037.86177  
11042.30576  
11001.12904  
11043.77467  
11042.18562  
11081.60766  
11075.91195  
11056.61208  
11045.11084  
11044.19777  
11066.60284  
11078.60313  
11066.75761  
11052.88125  
11015.79767  
11027.77077  
11075.78916  
11052.01116  
11010.32642  
11005.2714  
11021.44885  
11048.32858  
11043.12581  
11048.23644  
11074.62632  
11007.86911  
10979.03162  
11022.51533  
11067.58761  
11005.20631  
10990.12246  
11000.32272  
11052.77674  
11051.91149  
11087.86199  
11048.21345  
11076.02653  
11076.69053  
11137.64897  
11071.71337  
11045.25378  
11059.83352  
11071.26826  
11065.22074  
11045.90103  
11091.11995  
11084.97521  
11028.50623  
11023.82751  
10947.13951  
10992.6755  
11037.01041  
11021.08328  
11021.57284  
10998.93681  
11012.37651  
11003.15302  
11057.38471  
11045.20462  
11052.59634  
11130.15191  
11144.54948  
11125.58778  
11051.44363  
11049.92043  
11065.56403  
11003.15179  
11044.84522  
11027.25583  
11063.11901  
11076.50404  
11058.34628  
11042.58396  
11051.68197  
11076.38243  
11066.36511  
11008.36267  
11040.54217  
11011.57334  
11023.5034  
11052.05324  
11024.39975  
