11239.34965  
11218.84672  
11148.41629  
11064.73177  
11090.56635  
11024.49825  
10925.37587  
10973.68991  
10972.51946  
11014.11977  
11133.33784  
11045.63211  
11153.05445  
11257.26394  
11347.76968  
11391.83044  
11274.40039  
11229.7137  
11119.04883  
11147.45671  
11110.4834  
11121.33831  
11080.35388  
11113.59927  
11065.8657  
11032.79841  
11034.14276  
11083.83731  
11093.73079  
11146.17598  
11217.65101  
11189.87442  
11180.42688  
11059.39138  
11175.01893  
11199.80487  
11140.56257  
11177.45942  
11232.87343  
11217.2194  
11238.62359  
11320.1758  
11294.07207  
11186.57679  
11032.70812  
11115.5716  
11026.78743  
11018.76338  
11078.57212  
10958.52427  
10970.71575  
10952.0952  
11059.30802  
11086.99698  
11118.03371  
11157.41643  
11104.9551  
11095.59285  
11259.88337  
11339.67466  
11339.2657  
11334.37014  
11229.61918  
11114.21352  
11071.05897  
10994.37659  
11076.12887  
10983.3648  
11061.12862  
10962.3642  
11064.76664  
11090.99486  
11130.66368  
11111.60567  
11057.07503  
11068.58458  
11075.32914  
11137.21392  
11107.65643  
11084.07887  
11102.98655  
11165.67511  
11157.41904  
11242.99843  
11238.13388  
11213.81673  
11074.90075  
11067.77622  
11094.87285  
11110.33057  
11172.01667  
11123.87628  
11055.62847  
11045.81241  
11074.72956  
11135.81075  
11198.24839  
11084.77894  
11086.0161  
11092.62561  
11110.70698  
11159.02554  
11241.9794  
11307.33527  
11216.83281  
11127.01284  
11077.07167  
11048.18367  
10985.74224  
10998.36735  
10961.56973  
11005.73101  
11097.54821  
11126.47126  
11150.89732  
11188.07755  
11205.50259  
11097.92555  
11037.42752  
11020.78422  
11077.9401  
11019.35442  
11025.87558  
10985.40211  
11070.31825  
11187.19271  
11185.84456  
11158.61256  
11201.74649  
11157.76973  
11241.55445  
11152.5117  
11196.02812  
11172.56185  
11114.9664  
11140.67643  
11158.12907  
11119.48378  
11225.82004  
11114.50159  
11068.79595  
11075.86107  
11183.77161  
11156.96166  
11182.20584  
11199.21186  
11275.79467  
11185.51761  
11187.3055  
11103.89544  
11114.31883  
11143.78626  
11183.80442  
11210.68954  
11115.72998  
11133.42537  
11010.61612  
10947.22483  
10982.79903  
11057.41799  
11028.37165  
11054.71519  
10974.27306  
11023.55004  
11066.24177  
11178.01711  
11123.20159  
11122.96204  
11108.3569  
11123.35959  
11132.22929  
11139.4715  
11160.03038  
11117.18063  
11175.57657  
11177.34012  
11212.1522  
11230.35505  
11219.04111  
11172.74687  
11125.19034  
11025.76608  
11040.50637  
11067.10198  
11077.84518  
10942.99127  
11020.4311  
11009.47841  
11113.87972  
11097.43347  
11127.9502  
11084.88109  
11080.13583  
11080.47951  
11102.37679  
11145.0842  
11162.45341  
11205.18915  
11225.25548  
11218.32568  
11258.2874  
11134.23325  
11001.85068  
11018.47709  
11004.42298  
11059.72121  
11085.15054  
11114.89307  
11138.09717  
11263.91171  
11242.06445  
11163.98517  
11176.85746  
11121.37967  
11103.54668  
11058.72074  
10987.65149  
11131.29713  
11065.4909  
11159.86178  
11075.0206  
11025.81765  
11118.13788  
11163.29196  
11212.02752  
11221.37816  
11174.23882  
11199.95728  
11112.10677  
11154.51902  
11080.09019  
11123.88005  
11071.36513  
11007.90735  
10862.35355  
10937.35144  
11028.87715  
11113.79192  
11166.1067  
11270.90712  
11148.41506  
11151.7855  
11072.9622  
11090.06706  
11136.20105  
11176.75754  
11249.16133  
11128.45539  
11156.3538  
11131.68978  
11210.70139  
11124.41435  
11131.55509  
11166.05009  
11144.37155  
11148.62645  
11274.86522  
11224.881  
11242.12645  
11054.54478  
10963.34541  
10958.50577  
10987.6001  
11117.05648  
11124.92992  
11113.65025  
11175.70445  
11104.65489  
11112.08453  
11148.42833  
11203.65506  
11180.83093  
11134.35339  
11150.08017  
11174.34393  
11272.30982  
11193.51145  
11101.68303  
10963.09829  
10981.3284  
11098.47289  
11027.9913  
10995.58624  
11059.65417  
11081.2085  
11067.19529  
11033.9887  
11120.68992  
11184.28521  
11232.73443  
11200.42394  
11247.10312  
11154.43566  
11099.73638  
11142.63426  
11215.7086  
11302.32362  
11259.20938  
11135.43139  
11107.17046  
10989.24967  
11003.21307  
11042.56937  
11124.5497  
11142.40574  
11053.37238  
11047.41421  
11081.27011  
11117.57174  
11117.76562  
11206.12343  
11212.57896  
11289.38343  
11197.72443  
11191.08002  
11161.45515  
11152.15007  
11101.31243  
11061.47284  
10995.59229  
11125.77582  
11134.34125  
11143.37491  
11082.41073  
11138.03593  
11163.68217  
11253.31735  
11224.1926  
11091.2611  
11102.2808  
11058.11328  
11074.19942  
11127.00968  
11047.45455  
11003.80899  
11049.19497  
11036.22079  
11121.29939  
11183.8756  
11244.50633  
11195.31735  
11172.30103  
11143.46389  
11005.5629  
11054.70003  
10961.39695  
11025.47251  
11020.71208  
11097.09612  
11075.96304  
11110.859  
11114.39956  
11074.41121  
11140.69139  
11130.37997  
11165.74593  
11180.10138  
11123.40381  
11121.93432  
11200.99468  
11155.71387  
11111.67225  
11102.64189  
11059.61491  
11134.46953  
11210.95032  
11246.75969  
11309.94372  
11255.91947  
11156.94151  
11132.15826  
11143.01237  
11166.57105  
11177.79434  
11192.26778  
11216.76136  
11191.34368  
11105.73092  
11067.56982  
11051.93345  
11097.21307  
11178.74823  
11178.79725  
11193.53355  
11103.18001  
10995.56465  
10954.50532  
11007.03469  
11114.71235  
11110.83031  
11069.94853  
11139.96573  
11096.55608  
11135.92632  
10991.14138  
10927.57963  
10953.9375  
10923.24987  
11047.24857  
10997.53787  
11023.81454  
10993.55731  
11027.01485  
11057.10527  
11055.30377  
11173.62267  
11172.14386  
11266.85122  
11234.49356  
11257.95841  
11158.51937  
11203.68849  
11203.83807  
11219.98644  
11273.10932  
11130.27101  
11167.22114  
11154.80011  
11252.76284  
11297.2976  
11218.14014  
11173.1673  
11105.73094  
11146.70748  
11113.51203  
11095.13925  
11143.82981  
11117.95828  
11140.61997  
11101.09923  
11020.85713  
11059.78686  
11034.64448  
10988.79738  
10921.18651  
10955.41124  
11068.67609  
11156.50159  
11267.27689  
11294.60102  
11313.78369  
11167.66025  
11210.04167  
11018.03783  
11020.47436  
11099.91432  
11008.70935  
10966.37516  
10866.35243  
10898.93336  
11031.17779  
11074.00485  
10932.97685  
10789.99806  
10702.74843  
10766.51521  
10889.82615  
11017.71539  
11082.75881  
11156.82793  
11150.20531  
11167.20571  
11094.79138  
11120.6911  
11105.43349  
10745.33794  
11356.13826  
11389.37713  
11313.46846  
11151.55237  
11139.18419  
11040.01667  
11242.82775  
11315.42611  
11347.06055  
11432.20672  
11360.75881  
11204.27179  
11115.92175  
11065.95139  
11133.90569  
11197.21982  
11141.11607  
11180.36473  
11202.70061  
11179.81489  
11232.06735  
11201.17902  
11139.29807  
11116.88437  
11138.28611  
11070.95631  
11098.94305  
11184.31028  
11259.77841  
11309.00074  
11351.2383  
11236.86484  
11126.64164  
11102.06878  
11129.44448  
11152.98148  
11167.20488  
11261.58257  
11221.53161  
11160.29418  
11080.3928  
11137.95459  
11134.73101  
11135.36822  
11041.8187  
11063.98577  
11263.55286  
11200.80881  
11000.83442  
10946.88243  
10998.12106  
11050.09075  
11110.13757  
11089.05257  
11197.69197  
11242.66173  
11283.29758  
11223.50673  
11162.27384  
11177.29769  
11121.04158  
11021.13493  
11186.39308  
11189.94003  
11165.02186  
11176.43175  
11003.33058  
11074.96237  
11007.26414  
11047.77624  
11024.35431  
10971.07525  
11058.69718  
11065.93311  
11060.77979  
11069.28425  
11097.69582  
11141.46039  
11154.74051  
11186.45392  
11156.7685  
11246.54778  
11257.92039  
11238.12209  
11207.06896  
11153.4634  
11163.71996  
11166.76058  
11155.73013  
11076.26913  
10989.2821  
11098.62847  
11109.2515  
11119.03516  
11146.76566  
11131.28564  
11087.06485  
11191.32131  
11140.14545  
11196.70016  
11222.58558  
11210.13024  
11124.6579  
11123.32954  
11161.12151  
11126.79839  
11072.23287  
10961.28074  
10996.59968  
11069.55563  
11069.38735  
11111.4569  
11082.70663  
11128.29396  
11152.08136  
11067.42806  
11012.84104  
11054.53217  
11037.72967  
11031.11496  
11092.31456  
11104.9745  
11112.94517  
11142.29436  
11148.97298  
11100.3739  
11094.81275  
11080.25438  
11127.06675  
11148.88005  
11291.66099  
11290.8214  
11391.65945  
11258.22871  
11230.63898  
11191.51103  
11061.78487  
11052.40972  
11091.00796  
11131.7683  
11193.81688  
11095.62925  
11086.76908  
11041.62661  
11118.76828  
11108.62259  
11224.33816  
11206.93274  
11169.23727  
11105.3931  
11032.98466  
11067.30671  
11046.90137  
10997.89936  
11086.77964  
11132.13486  
11264.32702  
11202.96347  
11208.89115  
11154.69088  
11215.85693  
11178.23888  
11164.8299  
11171.17007  
11182.81641  
11156.15616  
11043.72242  
10982.73763  
11056.59766  
11019.97524  
11002.68072  
10971.39873  
10944.33268  
10979.35268  
10955.25537  
11142.09753  
11057.24709  
11069.9471  
11116.21421  
11141.21768  
11097.34227  
11062.1952  
11041.22817  
11167.83256  
11272.04089  
11161.92464  
11076.52161  
11058.47266  
11049.93236  
11150.05031  
11181.87567  
11242.66247  
11198.62033  
11133.77561  
11075.07335  
11120.57744  
11108.24877  
11165.71826  
11192.20278  
11137.10333  
11128.75694  
11066.82406  
11022.99208  
11117.18658  
11088.62905  
11170.32161  
11200.96434  
11372.66135  
11369.3831  
11348.34185  
11240.66943  
11244.62551  
11162.514  
11174.58346  
11191.52364  
11223.32496  
11123.8312  
11127.98199  
11074.35833  
10962.37164  
10971.23573  
10960.2553  
10947.62996  
11079.99461  
11141.75886  
11168.1579  
11079.82856  
11037.28315  
11059.96483  
11163.45707  
11131.28105  
11062.98504  
11008.47955  
10973.32274  
11051.79559  
11134.03328  
11178.30232  
11182.09776  
11115.43878  
11085.37648  
10971.45884  
11046.04881  
11103.48696  
11112.0272  
11065.86932  
11099.10531  
11083.20105  
11091.51345  
11111.17658  
11090.40451  
11107.00219  
11046.55322  
11204.49803  
11284.18021  
11259.04908  
11311.32892  
11149.80905  
11130.20777  
11063.25103  
11079.11272  
11160.69063  
11130.68415  
11005.30646  
10923.16455  
11024.38269  
11059.41502  
11066.33113  
11084.00924  
11061.90965  
11085.77812  
11155.32109  
11170.88808  
11191.36786  
11198.32006  
11126.15177  
11068.77941  
11024.39489  
11072.34509  
11103.62384  
11091.44258  
11045.65922  
10961.59022  
11020.97568  
11040.14748  
11006.66254  
11101.67198  
11248.2995  
11343.55313  
11290.51855  
11275.25213  
11276.79219  
11287.96427  
11215.45481  
11333.74656  
11140.24671  
11110.08561  
11219.4813  
11245.90954  
11358.58075  
11304.01893  
11261.04836  
11174.80523  
11298.03478  
11172.35229  
11015.03696  
10827.82133  
10797.29933  
11005.80337  
11042.05934  
10962.84077  
10739.05697  
10585.61066  
10489.03337  
10711.00846  
10726.91999  
10955.60851  
11028.66687  
11020.53092  
11222.61901  
11254.7568  
11326.36187  
11253.70609  
11365.04579  
11295.95801  
11204.06105  
11242.121  
11265.2322  
11343.9509  
11424.89039  
11538.23546  
11557.25042  
11492.20636  
11375.56628  
11278.69414  
11294.82917  
11241.56527  
11295.25376  
11247.77335  
11356.72915  
11359.16726  
11303.41066  
11180.19188  
11048.48074  
10920.50709  
10890.81102  
10932.45947  
10916.18408  
10865.50306  
10979.48278  
10922.32469  
10899.15609  
10940.05514  
10968.71707  
10971.9677  
10936.2776  
10898.47076  
11005.77172  
11095.79409  
11062.40489  
11119.43726  
11076.36565  
11169.00906  
11269.12278  
11347.8556  
11319.40627  
11222.87317  
11095.16442  
11028.9232  
11024.7895  
10986.2411  
11089.02293  
11130.45253  
11144.45938  
11127.77188  
11142.48797  
11162.34214  
11201.85787  
11385.70499  
11394.69059  
11244.24215  
11184.52342  
11166.12665  
11406.61489  
11213.33952  
11296.40889  
11167.92453  
11149.23687  
11169.26154  
11081.98007  
10973.40902  
10793.37788  
10625.91752  
10645.25103  
10657.11844  
10714.00069  
10683.67112  
10779.71651  
10954.1692  
11030.79561  
11044.74736  
11113.52129  
11208.2075  
11238.53479  
11314.14374  
11306.83733  
11211.58516  
11202.75798  
11172.45334  
11271.48669  
11293.80304  
11326.29874  
11296.3016  
11304.3195  
11242.16526  
11214.72884  
11177.986  
11061.66654  
11060.87265  
11094.31836  
10988.06064  
11085.54763  
11073.12254  
11057.95345  
11048.15337  
11087.20381  
11155.93074  
11128.79599  
11045.43981  
11009.09852  
11029.92573  
11031.40146  
11138.95114  
11081.49879  
11103.76188  
11107.63079  
11203.334  
11192.26029  
11149.54942  
11169.48128  
11173.03675  
11297.33228  
11307.89724  
11199.99644  
11092.89285  
11149.33762  
11052.21184  
11016.18817  
11018.74626  
11002.20153  
11081.92969  
11191.97465  
11172.0198  
11154.81689  
11119.9958  
11109.55603  
11111.01447  
11152.81075  
11138.05053  
11125.93582  
10511.77519  
11475.81375  
11348.59702  
11221.57539  
11068.02894  
10923.84248  
10995.90621  
11037.11954  
11155.38117  
11040.66439  
11121.70349  
11031.94314  
11210.9811  
11192.81472  
11311.20012  
11218.76825  
11285.33445  
11309.64916  
11182.40041  
11060.28053  
11022.16439  
11024.32919  
11144.27411  
11166.42916  
11118.40516  
11101.67978  
11189.9966  
11128.44269  
11209.00458  
11275.5415  
11201.40202  
11295.43099  
11178.32397  
11093.24425  
11115.67014  
11214.6918  
11244.97676  
11241.8404  
11322.47745  
11362.09532  
11354.74725  
11423.59057  
11249.75392  
11177.07527  
11052.8493  
11098.34115  
11197.60366  
11247.84013  
11045.30013  
10821.73112  
10776.13345  
10696.31114  
10679.65914  
10705.48635  
10808.07624  
10883.73978  
10994.23005  
11073.66934  
11076.76588  
11004.0285  
10994.38397  
11076.82252  
11087.73906  
11155.17453  
11273.24116  
11264.9148  
11340.49987  
11363.93911  
11366.72504  
11255.59565  
11265.69296  
11164.66028  
11178.66891  
11117.9972  
11135.75479  
11068.42802  
11166.07666  
11155.9022  
11102.9781  
11100.62272  
11273.71143  
11274.91831  
11166.09822  
11136.27937  
11092.78687  
11196.13258  
11160.8127  
11120.70021  
11150.67117  
11147.55396  
11187.83127  
11220.17679  
11243.48521  
11291.65061  
11199.4866  
11213.59789  
11278.4154  
10940.82165  
11242.43915  
11278.46152  
11193.10541  
11095.44618  
11111.01094  
11100.5831  
10996.52467  
10855.18048  
10729.01282  
10725.77071  
10758.94513  
10783.41509  
10747.04874  
10730.0702  
10882.49747  
11032.07214  
11056.72374  
11014.21294  
11142.79536  
11130.56981  
11248.56742  
11262.37869  
11347.23289  
11303.0117  
11282.85683  
11225.50353  
11244.62303  
11284.42815  
11270.38949  
11233.60225  
11247.29499  
11167.79391  
11142.28286  
11071.82935  
11127.89185  
11232.40585  
11198.17661  
11305.10042  
11330.78845  
11244.9647  
11244.43249  
11187.79731  
11007.26492  
11016.31746  
10972.18227  
10911.99284  
10940.1894  
10890.93385  
10960.54062  
10945.19954  
11046.41281  
11237.57198  
11193.46392  
11355.94973  
11301.55718  
11289.84192  
11145.40782  
11145.16097  
11110.60626  
11075.80883  
10994.67352  
11085.36476  
11155.63053  
11092.61485  
11079.92998  
11116.41983  
11137.37883  
11165.24812  
11118.37829  
11154.74685  
11097.66484  
11108.97255  
11129.9039  
11260.6377  
11313.51584  
11329.58814  
11399.29865  
11360.87138  
11297.62704  
11201.64332  
11122.53389  
11017.36589  
10859.45267  
11206.60936  
11197.86731  
11203.31796  
11175.70177  
11214.43511  
11235.92486  
11130.17826  
10983.50642  
10695.51951  
10702.96179  
10705.46701  
10616.20092  
10767.03181  
10754.71428  
10816.26532  
10932.09518  
11010.81353  
11074.08878  
11225.93513  
11269.99242  
11262.77221  
11296.39813  
11198.83221  
11265.24897  
11309.521  
11415.26581  
11452.15309  
11281.04631  
11169.02136  
11114.61829  
11146.47788  
11174.65705  
11093.76394  
11111.60576  
11016.27586  
10998.67784  
11092.4779  
11205.76682  
11084.69455  
11081.8157  
11135.64679  
11087.27626  
10935.55921  
10936.56988  
11024.47356  
11116.95135  
11146.55002  
11215.31293  
11229.45387  
11187.26845  
11174.21806  
11143.7098  
11127.38146  
11139.83026  
11243.54143  
11377.28241  
11353.29874  
11263.15144  
11187.213  
11098.68034  
10976.9445  
11043.01629  
11028.63023  
11035.6399  
11152.20871  
11042.56937  
11120.83178  
11144.5644  
11147.94734  
11091.80273  
11087.6994  
11096.4826  
11044.4807  
11064.72092  
11101.21927  
11218.69151  
11071.21184  
10929.19938  
10898.541  
10835.26676  
10913.16629  
10953.64732  
11054.11077  
11189.23298  
11210.03903  
11206.16133  
11210.8622  
11184.47394  
11216.22381  
11217.72103  
11261.37797  
11237.23967  
11144.65401  
11255.47946  
11244.12529  
11150.45996  
11087.50911  
11104.57559  
11174.32614  
11206.33807  
11177.47806  
11198.68007  
11176.80675  
11209.28304  
11188.86093  
11221.09713  
11275.74844  
11294.70199  
11288.24441  
11288.9507  
11235.17195  
11121.51796  
11096.83483  
11136.4339  
11258.26837  
11381.72761  
11195.19575  
11046.55802  
11034.44699  
10905.72837  
11124.76374  
10864.29639  
10911.68732  
10531.9141  
10658.54713  
10648.2141  
10592.93379  
10704.3295  
10746.46186  
10914.42578  
11067.21578  
11026.73428  
11068.90994  
11074.97389  
11045.74099  
11086.41849  
11211.97593  
11448.52351  
11431.94562  
11448.42752  
11358.18332  
11318.2001  
11172.60939  
11090.88251  
11158.41987  
11148.1979  
11213.79691  
11206.68453  
11180.41488  
11217.94247  
11225.54476  
11188.63285  
11166.2217  
11136.97971  
11155.16233  
11184.02535  
11208.59641  
11275.65885  
11299.1335  
11292.47284  
11238.24953  
11150.59134  
10998.43133  
11023.86026  
11012.46  
11052.79673  
11001.38625  
10938.80597  
10990.61127  
11067.8291  
11149.77599  
11277.00116  
11088.86306  
11190.07355  
11193.84292  
11196.01072  
11318.97687  
11263.1359  
11192.82348  
11216.94728  
11111.20387  
11224.05941  
11185.91726  
11225.91564  
11235.62455  
11163.14214  
11200.87762  
11153.04953  
11044.08055  
10824.72327  
10854.47571  
10940.31038  
10924.93453  
11055.43725  
11175.33628  
11159.50027  
11289.89643  
11216.23309  
11108.09664  
11036.55418  
11030.57992  
10962.11919  
11058.70933  
11104.2602  
11163.75922  
11127.22199  
11130.64627  
11168.61748  
11203.31604  
11247.05326  
11254.15573  
11135.5655  
11194.58411  
11154.52382  
11148.11337  
11201.56708  
11223.47779  
11276.37323  
11233.80794  
11180.78821  
11211.38449  
11175.04771  
11136.4063  
10982.51881  
10940.34574  
11031.92985  
11095.69321  
11194.51559  
11197.88893  
11164.63943  
11141.19271  
11105.32778  
11064.10473  
11138.27163  
11095.10411  
11103.34109  
11220.62207  
11199.00609  
11152.47278  
11035.32232  
11056.69097  
11161.33798  
11202.78532  
11165.39055  
11079.30655  
11100.07154  
11070.54071  
11075.51264  
11168.03897  
11181.18667  
11223.68873  
11206.92182  
11232.66043  
11229.36525  
11205.3357  
11111.55854  
11082.03772  
11176.52282  
11267.82988  
11267.66602  
11225.95182  
11047.16735  
11088.08496  
11075.04478  
11060.30581  
10962.503  
10985.27599  
11076.86617  
11166.38562  
11063.44947  
11311.10892  
11314.96611  
11159.20757  
11244.7475  
11019.40611  
11003.21054  
10821.8565  
10591.82834  
10520.54868  
10602.71718  
10679.85854  
10761.40104  
10771.35422  
10846.28045  
10956.80245  
11057.60239  
11202.49436  
11227.25067  
11306.68466  
11222.12578  
11267.87417  
11267.02745  
11313.53677  
11378.92385  
11340.22663  
11320.14583  
11256.06673  
11184.25942  
11049.5389  
11101.33033  
11073.08715  
11195.37339  
11065.39963  
11102.59776  
11155.20242  
11232.17831  
11250.6607  
11268.57729  
11262.58894  
11260.68712  
11213.40983  
11080.24995  
11096.61471  
10988.63938  
11028.03405  
11102.54769  
11002.12898  
11044.24401  
11029.97045  
11152.56207  
11310.72996  
11323.37393  
11299.45586  
11203.14317  
11026.84438  
10915.48664  
10832.23485  
10845.44842  
10838.15384  
10987.30901  
10875.64878  
10974.10417  
11008.99893  
11003.20719  
10927.81807  
10991.87674  
11149.92842  
11120.41885  
11189.20343  
11264.39614  
11159.17757  
11175.14048  
11232.56069  
11243.15281  
11337.11332  
11386.99669  
11364.55527  
11267.14761  
11129.69538  
11186.52127  
11281.13223  
11282.80984  
11191.22273  
11089.08464  
11033.02794  
10923.39855  
10807.58626  
10894.82523  
11070.74197  
11161.53121  
11173.75964  
11159.79051  
11245.06152  
11308.69383  
11324.40243  
11404.50993  
11435.04036  
11401.72401  
11337.78125  
11315.01396  
11344.58295  
11337.27982  
11283.65406  
11271.40061  
11103.23544  
11014.15696  
10799.27698  
10786.2685  
10875.53356  
10860.26535  
10837.50083  
10836.73054  
10885.25807  
11033.19112  
11058.30642  
11172.98295  
11115.21215  
11054.49099  
11071.00309  
11188.36932  
11257.24664  
11290.19848  
11327.75877  
11407.95041  
11376.72181  
11271.78018  
11121.64034  
11076.3758  
11013.94434  
11030.11397  
11024.2139  
11000.07458  
11019.17721  
11034.27991  
11097.17828  
11138.5109  
11208.21331  
11240.59234  
11224.32422  
11209.84798  
11121.32523  
11051.5113  
10999.6163  
11065.70058  
11037.17508  
11011.84661  
11094.04031  
11101.13641  
10944.59787  
11000.85145  
11061.34755  
11106.89064  
11162.36042  
11186.18522  
11271.5091  
11309.13005  
11257.18137  
11266.41177  
11280.07881  
11358.11259  
11448.0402  
11289.05941  
11253.23002  
11220.71589  
11218.83655  
11164.39477  
11197.78161  
11126.986  
11182.25631  
11130.17052  
11134.77206  
11126.85744  
11090.17529  
11019.6782  
10954.74546  
10986.73776  
11011.35241  
11121.05008  
11150.77581  
11181.57713  
11287.62259  
11208.46191  
11090.23249  
11081.33883  
11172.57628  
11227.48537  
11087.40023  
10913.10254  
10688.24635  
10606.69991  
10661.99367  
10709.11791  
10663.73844  
10718.43148  
10757.53279  
10923.75246  
11047.54145  
11144.21615  
11146.64988  
11123.91905  
11129.38272  
11098.92065  
11105.3829  
11090.72899  
11089.87996  
11081.00964  
11137.03105  
11206.92839  
11293.26005  
11389.03986  
11406.35196  
11399.87706  
11353.46546  
11268.74445  
11124.98296  
11031.76121  
11027.34377  
11047.25702  
11163.07617  
11060.84556  
11225.49703  
11297.30196  
11241.71097  
10782.98074  
11346.78852  
11277.34185  
11133.31304  
11093.52217  
11121.92424  
11146.7462  
11097.66063  
11073.6207  
11147.12444  
11063.86816  
11202.50448  
11138.10692  
11098.17808  
11096.53286  
11090.47443  
11161.58046  
11191.32765  
11279.73087  
11288.04317  
11258.6184  
11206.41388  
11218.39884  
11117.64893  
11060.30103  
11097.54306  
11231.27403  
11280.43871  
11171.57791  
11023.82699  
10896.77602  
10876.95701  
10931.19213  
11079.56523  
11144.45094  
11236.11818  
11272.03738  
11190.98495  
11203.71528  
11129.12388  
11160.72555  
11096.76344  
11060.7717  
11096.84729  
11077.32319  
10933.07633  
10985.7906  
10954.4147  
11110.32599  
11102.4804  
11191.66654  
11232.81715  
11280.62616  
11327.81024  
11339.08444  
11139.63258  
11212.65674  
11229.98226  
11133.94629  
11084.30867  
11064.50895  
11045.10532  
11108.07791  
11018.73844  
11120.5872  
11160.18081  
11221.64374  
11216.05689  
11203.14126  
11140.08905  
11141.85111  
11062.94761  
11205.35753  
11205.15397  
11142.6233  
11060.82427  
11030.91442  
10992.95079  
11093.49318  
11095.84654  
11061.83254  
11107.64336  
11101.49255  
11114.18332  
11053.25335  
10996.87791  
10970.02991  
10989.85836  
11060.60972  
11178.80986  
11225.3589  
11217.46866  
11100.04102  
11199.92005  
11228.82693  
11228.07404  
11151.21325  
11138.92529  
11124.52347  
11120.66802  
11144.42546  
11129.07114  
11228.96437  
11197.56017  
11254.86889  
11339.27601  
11302.47584  
11155.14408  
11182.96387  
11178.10876  
11233.29749  
11385.06908  
11422.12364  
11349.32594  
11326.77203  
11312.53756  
11164.17725  
10872.96139  
10610.95645  
10553.95835  
10531.1745  
10505.04228  
10609.21913  
10802.21942  
10910.04395  
10899.29555  
11005.3788  
11057.54357  
11107.32836  
11173.23492  
11113.53906  
11203.75429  
11153.56409  
11236.58733  
11221.82666  
11148.07324  
11203.38516  
11252.72539  
11306.37428  
11259.9201  
11357.65424  
11446.01036  
11402.50637  
11230.0298  
11222.52512  
11137.3478  
11113.6592  
11073.67367  
10995.21911  
10939.95124  
11012.02282  
11080.99311  
11090.02488  
10986.28257  
10968.51532  
11028.60279  
11115.92602  
11233.50067  
11243.19426  
11272.15979  
11176.72394  
11162.24183  
11091.19918  
11045.33617  
11011.02024  
11002.24684  
11001.82778  
11111.32897  
11150.94567  
11211.22559  
11117.88712  
11166.19432  
11104.98573  
11053.25631  
11108.72005  
11041.09303  
11085.07248  
11063.07218  
11187.29348  
11236.54688  
11345.98776  
11351.51396  
11315.67824  
11193.48711  
11249.9394  
11305.22868  
11284.46419  
11298.03413  
11137.35476  
11086.99651  
11050.71607  
10959.7132  
10933.29595  
10994.94582  
10983.79315  
10987.13077  
11110.63938  
11128.99691  
11148.40139  
11141.8242  
11161.92848  
11019.29928  
10930.76946  
10940.29919  
11048.69969  
11145.69663  
11169.0944  
11225.93329  
11178.87191  
11133.35357  
11131.8827  
11078.13798  
11152.85999  
11224.49752  
11282.13137  
11187.00696  
11029.67801  
11035.77975  
11047.87679  
11101.21815  
11120.47163  
11238.71472  
11392.19293  
11335.01921  
11238.22479  
11187.98683  
11106.74065  
11236.66198  
11206.21768  
11081.5935  
10876.6724  
10631.14442  
10763.46846  
10762.3512  
10749.80548  
10767.2047  
10974.06046  
11210.30279  
11344.87151  
11301.94139  
11235.13207  
11171.14305  
11274.60945  
11351.70953  
11299.33693  
11152.04659  
11184.56767  
11044.40978  
11086.30612  
11191.27655  
11261.85498  
11590.17909  
11447.86731  
11431.41616  
11285.34332  
11171.13665  
11033.8146  
10888.84789  
10740.58587  
10450.33984  
10529.18721  
10673.493  
10623.07834  
10839.52722  
10856.54047  
10915.36346  
11107.36321  
11165.87688  
11140.51881  
11167.94775  
11259.91907  
11283.51177  
11298.76863  
11417.04541  
11439.25034  
11473.60541  
11489.27394  
11445.71922  
11252.29067  
10804.41989  
10951.09098  
10965.57668  
11190.83856  
11227.79073  
11135.48551  
11093.32972  
11027.39234  
10891.23843  
10804.6866  
10954.97741  
10979.17231  
10982.11842  
10984.42656  
11028.09039  
11160.35974  
11189.04255  
11241.99553  
11331.23785  
11272.6225  
11138.35934  
11151.92068  
11074.32623  
11110.92916  
11147.28778  
11036.71012  
10924.21258  
10963.61495  
11047.09096  
10940.70309  
10662.59728  
10982.4566  
11255.19542  
11213.93354  
11154.82246  
11014.65513  
11078.66361  
11159.01865  
11335.07266  
11369.39506  
11477.58541  
11500.94387  
11354.23103  
11392.46325  
11276.57138  
11040.71128  
10968.12661  
10967.35749  
10936.71747  
10984.88466  
11109.45676  
11038.83214  
11140.87334  
11178.69803  
11311.85834  
11356.36379  
11442.32626  
11463.59617  
11482.86567  
11429.10749  
11301.59149  
11178.9056  
11134.06787  
11008.85956  
10973.42106  
11115.93177  
11133.05154  
11113.68336  
11152.79452  
11155.84397  
11110.73179  
11149.08223  
11199.10352  
11170.68703  
11130.54865  
11134.36135  
11144.77852  
11194.66437  
11137.04134  
11048.88762  
11229.86408  
10317.77843  
11419.96045  
11440.17714  
11048.26566  
10896.33794  
10899.12592  
10857.01971  
10710.86872  
10780.93676  
10795.23061  
10766.39437  
10874.84008  
10929.17931  
11046.92732  
11128.54036  
11335.06595  
11494.39442  
11373.71987  
11307.55098  
11278.37089  
11240.57015  
11189.60097  
11203.12527  
11342.39175  
11433.44177  
11482.26382  
11277.60214  
11084.06514  
10970.62963  
10909.73541  
10923.32601  
10912.4035  
10969.59796  
11110.78054  
11374.43401  
11227.2685  
11293.23676  
11332.86411  
11318.77809  
11329.82167  
11172.51919  
11195.48278  
11193.60465  
11305.51423  
11265.59489  
11449.50628  
11313.41225  
11249.5181  
11145.76628  
11122.27233  
11120.88737  
10848.63489  
10817.81776  
10774.46548  
10787.90625  
10881.70542  
10912.48747  
10946.70383  
10965.63978  
10922.30348  
10969.16072  
10939.922  
10919.40043  
10992.91869  
11041.3387  
10942.04709  
11206.85254  
11073.42074  
11183.37364  
11328.99787  
11180.51474  
11212.45394  
11205.77809  
11190.16887  
11183.57567  
11312.79127  
11403.62863  
11418.39328  
11210.26007  
11215.23079  
11254.04921  
11115.26819  
11022.90558  
10952.58404  
11040.17244  
11094.52143  
11143.07483  
11093.82957  
10997.8454  
11041.18582  
11119.42703  
11082.42361  
11090.42189  
11070.05666  
11058.8333  
11187.192  
11187.99034  
11157.02253  
11185.56926  
11070.50177  
10986.00005  
11078.04959  
11238.55675  
11148.18835  
11182.52939  
11195.1709  
11150.73546  
11086.06364  
11405.80476  
11383.65214  
11180.706  
11050.84462  
10807.54282  
10706.01693  
10709.33628  
10835.74405  
10812.56075  
10954.96889  
11051.31888  
11236.28736  
11259.58214  
11303.28924  
11263.64954  
11271.97012  
11109.7883  
10968.62686  
10979.09044  
11357.41699  
11348.28335  
11459.64824  
11074.40866  
11574.84753  
11248.75318  
10930.98768  
10925.19361  
11003.06588  
11021.75561  
11135.82444  
11116.91052  
11125.57138  
11159.60001  
11082.13326  
11060.16884  
11189.03644  
11187.11827  
11201.64021  
11215.9079  
11088.15884  
11204.53523  
10889.29758  
11550.58066  
11320.25906  
11292.47314  
11158.31505  
11036.92072  
11056.87565  
11160.35176  
11155.10375  
11265.1971  
11291.36256  
11273.64068  
11283.82091  
11281.72848  
11240.51586  
11241.12247  
11199.48727  
11230.14459  
11223.0164  
11032.87786  
11209.1343  
11165.37012  
11306.57418  
11294.64824  
11087.61607  
10715.41869  
10536.92247  
10502.35348  
10497.06516  
10606.5079  
10748.87627  
10886.53915  
10949.9998  
10949.51548  
11018.83379  
11097.8746  
11138.56655  
11244.55923  
11176.7985  
11395.94009  
11445.97016  
11588.68777  
11568.81997  
11531.84361  
11503.37082  
11535.11977  
11379.18012  
11176.15824  
11471.80317  
11243.04843  
11087.51208  
10974.07693  
10956.9775  
10946.79105  
10974.48002  
10969.166  
11017.83751  
10930.59802  
11055.71584  
11052.87791  
11161.23562  
11198.23074  
11125.63133  
11196.68392  
11219.10719  
11270.94388  
11249.70683  
11209.91855  
11238.71081  
11162.98141  
11133.40464  
11053.44468  
11159.50315  
10621.88842  
11630.64272  
11369.54333  
11210.5497  
11191.29637  
11166.65406  
11197.98803  
11125.9821  
10927.76356  
10890.88178  
10928.13893  
10988.52859  
11074.71703  
11026.58384  
11160.95587  
11194.71839  
11287.80563  
11186.96363  
11264.14111  
11426.54317  
11551.34328  
11294.5536  
11174.13241  
10986.85084  
10821.31132  
10682.01629  
10814.929  
10852.06662  
10873.25376  
10883.30617  
10939.31523  
11095.93728  
11007.44983  
11152.72316  
11099.51633  
11118.90281  
11069.30829  
11244.38176  
11248.44048  
11295.79787  
11291.15115  
11110.79516  
11099.14822  
11124.42721  
11048.38652  
11075.3901  
11048.39679  
11037.50051  
11129.35818  
11112.03921  
11186.46495  
11169.39307  
11310.17999  
11317.09004  
11276.54078  
11259.50166  
11138.27494  
11030.41057  
10910.35979  
10846.89196  
10894.00488  
10929.98494  
11028.27181  
10961.68893  
10913.83876  
10918.33055  
10963.65354  
11052.46978  
11079.38855  
11422.08999  
11184.83818  
11164.32963  
11106.42582  
10940.47474  
10988.41374  
11019.97908  
11186.55657  
11141.05651  
11075.08129  
10946.71164  
10946.59227  
11114.39999  
11281.37925  
11338.41234  
11423.46208  
11321.74345  
11307.76098  
11293.39137  
11272.91902  
11313.69466  
11483.80523  
11355.06798  
11356.10192  
11364.78069  
11382.39932  
11390.41309  
11280.36138  
10983.25365  
10615.86596  
10547.56939  
10497.14771  
10497.41421  
10465.06973  
10703.63556  
10713.23759  
10859.092  
10946.91564  
10976.28396  
11078.54118  
11144.13321  
11259.68189  
11228.94799  
11360.81943  
11358.93189  
11242.11028  
11247.09286  
11239.5385  
10771.15026  
10939.93766  
11054.93363  
10857.12684  
10771.52642  
10949.20933  
11039.43412  
11140.186  
11089.39026  
11337.51015  
11401.96893  
11399.53675  
11439.83572  
11364.13972  
11185.65479  
11114.4924  
10996.02289  
10968.06174  
10944.65046  
11216.44925  
11205.52507  
11078.37104  
11069.68027  
10919.09024  
11044.97159  
11062.78232  
11220.99282  
11255.80861  
11230.79765  
11198.8355  
11206.43764  
11224.92493  
11167.73079  
11040.03713  
11163.08785  
11216.04196  
11106.3829  
11058.21964  
11125.86561  
11067.10531  
11167.9126  
11008.67815  
11058.35361  
11114.05729  
11279.12198  
11306.80008  
11421.64312  
11387.66777  
11420.68508  
11338.30134  
11190.32467  
11070.58977  
10993.29367  
10886.63909  
11021.67632  
11010.96942  
10976.8195  
10585.70285  
10957.32863  
11032.71569  
10986.69052  
11123.32879  
11082.5281  
11082.35163  
11183.61654  
11203.63538  
11186.6968  
11256.12155  
11375.63111  
11467.75237  
11510.716  
11382.68849  
11495.56203  
11369.44837  
11224.10507  
11205.06937  
11010.67367  
11092.39296  
11161.7742  
11226.60041  
11141.52121  
11230.25624  
11254.28252  
11257.82684  
11203.58981  
11120.1986  
11053.27286  
11115.48568  
11087.18329  
11240.91175  
11247.04215  
11376.4853  
11438.45265  
11384.32534  
11374.91583  
11063.71938  
10796.90629  
10650.28375  
10597.10261  
10616.53888  
10831.06246  
10878.26483  
10971.17113  
10877.15605  
10958.83469  
11085.6118  
11039.45123  
11171.48201  
11157.97781  
11245.71521  
11354.10711  
11251.61185  
11177.94736  
11139.88241  
11117.51069  
11231.11923  
11234.97519  
11125.71191  
11190.45059  
11145.0115  
11159.26689  
11138.71553  
11107.78467  
11024.31404  
11062.77103  
11126.03181  
11182.70728  
11249.65746  
11223.48334  
11239.19495  
11132.43095  
11195.37048  
11031.35355  
11014.05639  
11078.63972  
11109.77277  
11133.63082  
11205.89104  
11211.49852  
11179.15609  
11272.04899  
11223.64525  
11253.62771  
11196.22378  
11107.30603  
10948.17048  
10982.36753  
10949.30894  
11003.79194  
10915.17819  
10949.94426  
11065.47311  
11160.12683  
11237.57089  
11184.12066  
11245.85059  
11186.61234  
11195.40652  
11188.75629  
11144.93793  
11051.70904  
10910.70929  
10882.06049  
10996.38748  
11041.2676  
11130.17562  
11059.75769  
10959.98213  
11084.88976  
11033.33688  
10994.58549  
11017.54747  
11063.25754  
11169.0279  
11117.31342  
11161.5716  
11147.54076  
11268.54659  
11283.09185  
11254.00168  
11109.17636  
11096.21895  
11157.54521  
11133.25293  
11213.8918  
11120.30809  
11155.28606  
11083.89916  
11082.97128  
11045.81387  
11055.17835  
11103.05935  
11222.27416  
11049.71376  
10219.717  
11236.15309  
11150.98295  
11117.37035  
11158.67464  
11054.78123  
11113.60686  
11201.09804  
11267.98486  
11527.76738  
11424.18775  
11263.94142  
11204.43486  
11126.83974  
11103.77161  
11002.29055  
11096.93294  
11184.1682  
11243.86607  
11232.24199  
11233.57563  
11210.98045  
11115.70539  
10892.44332  
10899.00425  
10889.73624  
11006.03948  
11112.77816  
11111.77577  
11116.03239  
11162.32543  
11109.66529  
11212.12467  
11144.60668  
11238.34379  
11229.2755  
11191.97273  
11218.55288  
11090.45956  
11048.72803  
11144.36088  
11171.82172  
11177.46712  
11245.00376  
11310.42746  
11210.02809  
11188.25662  
11056.67801  
11099.00045  
11111.54754  
11027.15889  
11103.00063  
11227.74649  
11310.78628  
11354.91142  
11135.73541  
11088.74107  
11049.72329  
11090.56127  
11035.39236  
11225.30252  
11095.80442  
11131.8657  
11164.97893  
11133.06809  
11068.46627  
11074.29787  
11175.97991  
11226.64838  
11352.60746  
11196.12903  
11235.49631  
11201.70228  
11263.57718  
11235.22682  
11224.3538  
11048.78358  
11032.09404  
10995.51666  
11019.46539  
10923.45813  
10773.88184  
10820.43455  
11034.94752  
11125.64261  
11066.79894  
11114.23532  
11163.04778  
11175.55592  
11148.33719  
11044.02975  
11134.74523  
11196.26931  
11177.69877  
11132.32064  
11238.05803  
11193.72061  
11255.08485  
11241.87502  
11169.31198  
11042.36073  
10949.59149  
10710.31709  
10986.30424  
11097.60872  
11107.04302  
11070.35617  
10965.17081  
10926.38249  
10918.13755  
11059.49501  
11109.34968  
11084.38196  
11129.82388  
11091.45754  
11097.54348  
11086.71777  
11108.58959  
11170.73754  
11265.9987  
11223.00794  
11210.2054  
11104.62695  
11081.89473  
11052.31143  
11101.94944  
11167.50407  
11206.51376  
11242.53091  
11324.52528  
11237.43815  
11240.09771  
11191.11326  
11213.3593  
11177.51  
11078.8042  
11028.51242  
11093.20486  
11070.06738  
11171.27693  
11081.21291  
11139.02044  
11194.92952  
11252.55132  
11323.49709  
11253.32728  
11233.10399  
11253.96806  
11242.781  
11278.6229  
11209.29518  
11110.85098  
10957.26472  
10860.06192  
10928.83717  
10928.52188  
10992.25369  
11051.8425  
11049.20182  
11033.09373  
11266.17103  
11122.33966  
11034.74561  
11097.91627  
11164.54047  
11187.57017  
11259.76743  
11232.30232  
11234.36147  
11211.50642  
11193.61751  
11186.32359  
11277.22506  
11134.62428  
11063.68097  
10951.83632  
10973.79872  
11044.81847  
11097.2719  
11008.12963  
10955.48647  
10954.4269  
10832.8055  
11010.72175  
10964.05523  
11044.3412  
11061.51519  
11165.36967  
11260.06058  
11101.58313  
11159.582  
11205.85326  
11237.59999  
11219.3556  
11278.67112  
11108.32359  
11128.14668  
10989.22692  
10990.39625  
10987.95873  
11034.33858  
10983.12352  
10984.87909  
10974.04879  
11032.02291  
11066.02378  
11052.78499  
11066.10979  
11170.77315  
11156.59069  
11216.52698  
11342.03149  
11282.1756  
11379.06478  
11268.37055  
11181.79772  
11037.30064  
10862.87534  
