10560.68148  
10559.20554  
10559.99657  
10546.17886  
10574.00525  
10599.39455  
10546.21985  
10567.0802  
10558.76821  
10577.69342  
10556.27861  
10613.57381  
10622.47588  
10625.33069  
10643.57169  
10611.97512  
10527.43995  
10517.74791  
10498.07136  
10527.43144  
10519.84501  
10495.36324  
10554.92189  
10533.01751  
10532.43624  
10499.89497  
10564.91737  
10573.26501  
10566.29326  
10582.23  
10635.95527  
10635.33431  
10621.60933  
10605.50881  
10585.23492  
10587.11038  
10530.56219  
10590.39454  
10560.41386  
10573.30431  
10545.41266  
10566.31237  
10575.85677  
10516.26399  
10512.59924  
10513.82255  
10546.6386  
10567.81563  
10553.995  
10535.95778  
10501.04975  
10513.81338  
10497.7474  
10523.22185  
10582.70232  
10594.3485  
10558.67756  
10582.14393  
10616.45807  
10687.96224  
10694.55568  
10645.1  
10549.42358  
10561.00898  
10528.24152  
10526.00938  
10523.74433  
10513.20441  
10535.16465  
10518.51551  
10531.3117  
10565.04498  
10571.37677  
10559.9594  
10547.56587  
10503.50934  
10567.47271  
10615.97981  
10601.33936  
10551.71195  
10629.15014  
10647.71778  
10640.84846  
10597.19039  
10596.07661  
10544.14769  
10562.55061  
10574.57093  
10569.08365  
10575.0175  
10527.8307  
10527.88522  
10546.68091  
10538.21766  
10570.33461  
10581.36425  
10572.79678  
10549.70472  
10566.2103  
10582.42293  
10637.82931  
10593.99125  
10623.18792  
10589.36489  
10619.23364  
10578.09323  
10553.01739  
10529.40168  
10556.48631  
10553.39761  
10512.98124  
10509.29839  
10533.73929  
10567.10488  
10578.57164  
10560.09072  
10496.02434  
10535.97102  
10521.39608  
10544.11456  
10590.03823  
10570.3397  
10576.61597  
10539.2145  
10501.93129  
10560.14153  
10565.64233  
10595.26008  
10671.21646  
10646.10327  
10577.1035  
10525.73958  
10516.09657  
10558.46751  
10578.90385  
10601.04388  
10592.93321  
10566.01471  
10587.56582  
10553.75892  
10564.75499  
10547.80533  
10583.83276  
10577.31364  
10591.92112  
10619.86537  
10613.19542  
10582.78455  
10615.22288  
10615.71454  
10609.17061  
10592.0749  
10555.01302  
10555.26705  
10518.06972  
10548.60689  
10534.62549  
10557.61539  
10591.46262  
10582.56326  
10553.40109  
10548.03955  
10576.68796  
10585.24031  
10594.55517  
10607.09135  
10579.81415  
10566.4015  
10508.18627  
10541.04195  
10551.48678  
10555.22786  
10516.46206  
10528.05181  
10517.43261  
10555.13368  
10606.35949  
10614.53602  
10616.69113  
10593.30142  
10589.81157  
10545.49307  
10557.91368  
10568.20637  
10566.60667  
10566.75968  
10586.19355  
10545.27281  
10549.9666  
10546.01132  
10564.38482  
10573.13749  
10591.97352  
10582.64152  
10579.3085  
10587.97832  
10581.38965  
10610.2914  
10636.63173  
10616.15489  
10648.4799  
10616.767  
10551.34704  
10494.97375  
10536.57204  
10500.10834  
10526.66874  
10554.65363  
10579.94335  
10628.63268  
10625.68263  
10581.53569  
10534.41928  
10513.01372  
10521.42994  
10565.4382  
10525.91452  
10618.26482  
10582.08299  
10600.29504  
10603.07054  
10596.14954  
10573.51884  
10561.71706  
10570.02787  
10554.93089  
10562.62439  
10546.52499  
10501.94936  
10525.20674  
10523.00744  
10564.41128  
10544.28735  
10546.50356  
10525.64268  
10548.39775  
10546.33777  
10581.26678  
10611.15692  
10632.19976  
10633.09076  
10596.78528  
10580.14076  
10558.27699  
10566.06242  
10591.80577  
10579.30958  
10554.38934  
10547.48533  
10539.96294  
10526.22903  
10553.571  
10543.33136  
10584.30199  
10604.52338  
10557.45852  
10569.10532  
10550.95591  
10588.2138  
10541.14222  
10558.11613  
10548.35043  
10549.97811  
10621.68342  
10576.31152  
10521.78126  
10546.01531  
10545.89987  
10527.93932  
10588.76742  
10658.18313  
10652.27783  
10593.54762  
10579.01989  
10543.17638  
10530.67019  
10541.62209  
10517.05073  
10559.76029  
10536.30525  
10573.63864  
10577.98218  
10571.45173  
10589.03713  
10594.48466  
10602.73629  
10557.42141  
10563.18332  
10607.06016  
10594.38632  
10625.28087  
10600.13659  
10597.13668  
10537.93931  
10527.93454  
10538.18715  
10559.64162  
10544.62943  
10551.52136  
10527.4426  
10530.54858  
10529.60076  
10561.84898  
10554.49563  
10529.63936  
10576.66194  
10549.99583  
10579.93419  
10584.40219  
10580.07741  
10520.16654  
10560.55395  
10570.44618  
10533.7682  
10532.09178  
10542.61445  
10550.47566  
10564.63807  
10533.9506  
10546.59231  
10570.84668  
10543.35504  
10589.42175  
10570.3801  
10567.2411  
10529.78805  
10593.80597  
10580.59579  
10566.27904  
10554.90656  
10549.94593  
10540.89964  
10568.68965  
10587.8838  
10557.96677  
10612.9857  
10579.9992  
10615.59489  
10609.93933  
10700.85015  
10626.35458  
10582.22102  
10574.67563  
10528.65258  
10534.19843  
10525.22124  
10468.79373  
10502.8486  
10528.37125  
10537.32091  
10546.69177  
10545.73916  
10517.43051  
10540.71321  
10527.17857  
10579.97848  
10579.13224  
10647.36281  
10620.62143  
10592.69627  
10589.54504  
10651.21617  
10648.28203  
10613.21639  
10614.58036  
10580.78481  
10627.87714  
10628.42822  
10661.32876  
10594.36515  
10553.30198  
10463.45381  
10513.68205  
10555.2068  
10580.13909  
10605.21598  
10591.83232  
10531.04605  
10491.70231  
10482.67972  
10510.04862  
10518.80802  
10581.16216  
10583.21917  
10564.78277  
10530.94965  
10526.25791  
10525.79544  
10565.94228  
10536.53394  
10614.53439  
10583.91863  
10566.80345  
10522.34339  
10566.92096  
10589.99748  
10592.62342  
10585.04286  
10561.6614  
10548.77605  
10587.16702  
10605.98503  
10623.78631  
10645.88255  
10591.28298  
10598.19321  
10581.74879  
10565.32862  
10524.45257  
10533.13818  
10600.52613  
10596.79357  
10610.95435  
10569.81579  
10586.36988  
10529.22217  
10522.48424  
10566.99519  
10564.86375  
10623.13067  
10608.02135  
10625.88757  
10570.86507  
10617.31893  
10565.07185  
10557.11788  
10544.63715  
10471.96912  
10552.28178  
10566.85063  
10604.2622  
10627.66797  
10608.97031  
10571.449  
10571.64107  
10595.08171  
10580.5813  
10632.48482  
10553.52481  
10568.72839  
10587.17895  
10564.31028  
10633.25834  
10593.01188  
10564.40987  
10611.24521  
10544.56568  
10623.59994  
10524.88132  
10537.10402  
10473.90007  
10459.09465  
10448.75499  
10456.39983  
10413.85282  
10457.0442  
10481.22835  
10509.14177  
10529.26362  
10525.11319  
10528.22826  
10564.56269  
10543.22815  
10550.81227  
10549.02757  
10522.78549  
10582.62669  
10565.90876  
10590.99463  
10511.60878  
10632.50401  
10614.38766  
10627.46726  
10623.31428  
10674.64365  
10618.3462  
10614.32679  
10618.1692  
10541.31136  
10532.01333  
10557.81836  
10539.23945  
10514.24192  
10552.77778  
10581.37834  
10558.69857  
10574.38651  
10567.28714  
10562.02019  
10557.46886  
10570.05085  
10544.30649  
10617.13053  
10563.9638  
10605.00799  
10641.10982  
10639.05869  
10624.03823  
10619.27271  
10559.64703  
10546.20646  
10571.07463  
10549.32918  
10542.04503  
10534.57307  
10511.27094  
10541.60155  
10580.4555  
10577.36867  
10575.79203  
10579.08449  
10535.44446  
10565.62545  
10615.97545  
10589.85309  
10574.69465  
10599.92865  
10528.98141  
10539.48625  
10573.01971  
10581.54389  
10606.19805  
10613.52242  
10623.39755  
10598.00311  
10546.41538  
10543.04431  
10541.33002  
10545.42238  
10565.45016  
10569.66596  
10568.9327  
10582.96247  
10581.9032  
10571.88515  
10576.55116  
10608.32925  
10557.42723  
10584.40872  
10593.90908  
10605.56036  
10556.4558  
10541.67264  
10574.14831  
10543.64028  
10528.19706  
10523.08461  
10524.52362  
10573.54397  
10573.09731  
10554.48517  
10548.70933  
10580.8211  
10596.41781  
10575.63988  
10585.52935  
10566.52686  
10559.03428  
10586.56187  
10583.71812  
10593.66809  
10565.4463  
10555.43087  
10603.0872  
10555.43541  
10542.61366  
10544.73546  
10528.43416  
10573.70347  
10552.51994  
10525.03915  
10512.45214  
10562.3445  
10620.02885  
10596.30818  
10626.20024  
10579.41163  
10598.54138  
10510.51194  
10456.18781  
10588.36746  
10539.35379  
10545.28579  
10600.4141  
10572.41163  
10582.95196  
10562.28968  
10536.18301  
10577.16482  
10552.14959  
10597.12377  
10570.66516  
10630.0056  
10538.81467  
10547.36505  
10538.45931  
10534.09071  
10617.59844  
10608.16874  
10570.27349  
10561.43795  
10590.72994  
10549.1164  
10616.2164  
10587.41537  
10604.94371  
10604.01852  
10573.76242  
10592.09427  
10589.95844  
10606.08257  
10590.16509  
10578.64819  
10586.72623  
10526.01163  
10552.51158  
10534.34374  
10518.62436  
10539.35585  
10552.73511  
10545.78342  
10585.68091  
10548.8012  
10597.75018  
10592.51637  
10588.16559  
10593.22664  
10628.44495  
10606.2086  
10661.57006  
10682.04393  
10590.44646  
10587.97816  
10588.38607  
10507.47329  
10507.21543  
10459.03123  
10462.15192  
10487.02854  
10520.00489  
10547.82866  
10515.42905  
10524.30302  
10503.27014  
10513.18118  
10590.29429  
10531.11915  
10492.28562  
10552.13253  
10623.282  
10634.576  
10593.76075  
10549.76834  
10583.75782  
10576.92702  
10621.90893  
10577.84147  
10602.7499  
10601.70133  
10527.54499  
10524.85055  
10559.51853  
10570.15811  
10556.44414  
10605.69933  
10542.55115  
10522.55618  
10544.90946  
10559.15893  
10588.20025  
10561.1337  
10578.46934  
10526.88119  
10583.79605  
10560.26454  
10553.71311  
10546.61785  
10598.17235  
10633.19849  
10654.36806  
10594.34712  
10652.6917  
10597.81456  
10598.77291  
10543.05677  
10563.56421  
10579.97317  
10565.63976  
10648.36139  
10645.14386  
10601.97444  
10593.77035  
10543.71947  
10521.36219  
10497.35527  
10496.17649  
10464.84414  
10499.78684  
10512.82888  
10487.37204  
10554.32751  
10556.86116  
10577.53387  
10622.78065  
10626.36799  
10594.81423  
10592.54295  
10575.29324  
10596.81835  
10558.77228  
10516.71158  
10553.61338  
10522.19736  
10498.75476  
10537.92795  
10556.57989  
10539.3961  
10526.60558  
10545.83506  
10620.09016  
10599.21556  
10605.41337  
10562.17537  
10587.48602  
10566.09759  
10561.28653  
10582.42204  
10577.17798  
10545.96664  
10510.90252  
10559.98732  
10584.68792  
10563.18883  
10574.46511  
10521.99372  
10550.63682  
10552.62614  
10542.49374  
10557.58246  
10591.94182  
10565.60706  
10568.82127  
10603.14134  
10622.60332  
10619.93239  
10658.42955  
10609.4722  
10573.55961  
10520.14288  
10561.16056  
10557.243  
10581.15129  
10543.46541  
10586.80393  
10582.58306  
10586.47346  
10624.53119  
10633.99559  
10643.2032  
10718.85114  
10580.228  
10599.4022  
10647.19715  
10630.9781  
10597.69894  
10585.8865  
10549.49601  
10567.5761  
10552.5875  
10553.50277  
10517.69927  
10536.65243  
10509.73575  
10559.10501  
10556.1507  
10459.30122  
10391.92893  
10364.69206  
10491.62457  
10567.22543  
10548.87561  
10491.80892  
10476.29936  
10485.75868  
10518.8989  
10585.16357  
10539.90048  
10551.65437  
10581.92957  
10578.46156  
10594.09353  
10604.43984  
10560.77316  
10587.44913  
10524.04563  
10605.55351  
10568.51738  
10521.1886  
10531.69691  
10522.06967  
10546.78089  
10572.37113  
10558.98902  
10550.84927  
10563.81466  
10572.53653  
10541.13697  
10612.06446  
10619.65575  
10631.41212  
10623.13579  
10612.74794  
10584.36229  
10514.11296  
10509.31417  
10522.32001  
10511.85518  
10568.05745  
10564.26108  
10560.83482  
10540.05081  
10555.963  
10561.55451  
10582.58304  
10565.30247  
10619.69797  
10624.3782  
10566.0232  
10572.64493  
10580.99847  
10568.1298  
10567.47849  
10515.01938  
10536.58658  
10514.88192  
10559.75603  
10586.6916  
10681.81691  
10681.06324  
10625.00244  
10620.7527  
10574.70335  
10605.49717  
10580.9974  
10536.21962  
10562.77596  
10556.47341  
10601.7691  
10656.61619  
10554.66141  
10651.47142  
10607.40717  
10641.11657  
10572.88697  
10487.89512  
10474.79922  
10428.09198  
10409.52722  
10434.65568  
10486.78264  
10483.77623  
10478.17717  
10471.51105  
10545.48108  
10566.17893  
10591.23636  
10585.44458  
10585.43234  
10656.58066  
10685.51406  
10651.53631  
10603.4535  
10632.7733  
10632.23694  
10663.28786  
10563.38104  
10563.8155  
10578.1327  
10597.46728  
10617.17494  
10635.94941  
10650.84506  
10658.39279  
10582.16849  
10543.51246  
10472.88372  
10508.75245  
10543.75008  
10559.48979  
10606.9909  
10612.23591  
10605.67352  
10545.20428  
10538.66173  
10573.73595  
10554.77726  
10577.99228  
10575.87661  
10575.02566  
10529.28255  
10552.06966  
10604.1634  
10535.52251  
10575.95363  
10550.89058  
10601.65289  
10635.02379  
10596.56522  
10569.27143  
10539.18849  
10523.39494  
10536.78927  
10523.85978  
10531.40363  
10545.4762  
10575.29092  
10570.84062  
10541.24109  
10589.38939  
10604.12536  
10582.62226  
10586.83667  
10641.10854  
10637.46163  
10605.14898  
10536.01242  
10628.98545  
10561.41205  
10546.29182  
10554.92944  
10551.31037  
10581.41346  
10537.05057  
10561.58956  
10542.30495  
10554.87908  
10533.54713  
10579.93898  
10604.97765  
10578.58362  
10564.17965  
10556.95362  
10586.88595  
10539.82271  
10502.52943  
10490.19389  
10494.16069  
10596.94729  
10515.20414  
10565.38777  
10578.04568  
10591.13366  
10613.10295  
10613.82255  
10589.71228  
10562.20338  
10617.69592  
10614.03844  
10575.01675  
10631.03946  
10623.01507  
10625.54292  
10624.21031  
10634.61378  
10608.25562  
10635.74654  
10640.27141  
10605.87263  
10584.30467  
10567.43111  
10543.94675  
10488.97626  
10468.6907  
10332.23132  
10402.10683  
10369.01681  
10417.0752  
10485.90652  
10470.83576  
10506.06866  
10545.49745  
10595.96516  
10596.44614  
10598.73702  
10555.54749  
10591.95071  
10573.10528  
10611.02352  
10496.16941  
10594.96573  
10636.00229  
10629.37686  
10631.08674  
10621.1078  
10603.78958  
10636.80309  
10625.10382  
10672.55212  
10625.57181  
10559.53805  
10519.87298  
10544.88072  
10534.99181  
10522.87389  
10563.43512  
10613.63372  
10650.23418  
10608.44418  
10560.45585  
10557.24846  
10555.94906  
10580.05111  
10526.04764  
10547.01151  
10552.67665  
10580.07854  
10593.38749  
10578.76077  
10603.55458  
10561.23052  
10567.9259  
10568.42511  
10595.92367  
10578.18396  
10577.43741  
10557.99452  
10537.8114  
10566.57341  
10491.61559  
10485.25905  
10465.94871  
10427.5125  
10457.81933  
10508.4066  
10482.30134  
10531.75949  
10565.88632  
10591.00708  
10586.45588  
10546.19825  
10559.60395  
10606.59122  
10599.4373  
10598.14409  
10566.71531  
10645.77915  
10640.25852  
10640.83594  
10651.54778  
10730.78387  
10663.73365  
10678.55815  
10591.6815  
10545.8752  
10526.31812  
10563.65554  
10558.79784  
10556.63976  
10624.04499  
10562.72881  
10560.60685  
10567.76882  
10550.1179  
10548.86208  
10508.76021  
10484.24071  
10500.31682  
10510.14994  
10505.95056  
10505.489  
10540.63971  
10550.10516  
10550.35516  
10532.25226  
10594.2637  
10587.86327  
10649.72148  
10591.94398  
10588.53504  
10602.83575  
10559.16646  
10564.68509  
10523.80675  
10520.3082  
10537.64132  
10520.65128  
10546.07647  
10539.38826  
10570.50067  
10592.05981  
10623.3013  
10615.26487  
10601.70711  
10566.1251  
10564.90179  
10589.0246  
10583.95734  
10586.15991  
10587.09019  
10607.14751  
10611.31676  
10624.80122  
10577.87864  
10518.21748  
10571.66406  
10584.43163  
10672.32679  
10643.3605  
10680.37648  
10627.14587  
10557.1317  
10522.78485  
10508.39257  
10512.85291  
10490.13107  
10453.2139  
10447.94536  
10394.00955  
10423.88783  
10448.94752  
10508.93885  
10546.09414  
10581.1833  
10590.02465  
10565.81655  
10544.45477  
10532.72747  
10582.37153  
10583.6195  
10597.1503  
10665.39996  
10688.46415  
10635.45919  
10595.77718  
10599.70641  
10629.99316  
10645.03208  
10611.0332  
10584.6806  
10564.24515  
10550.81665  
10547.75156  
10558.16398  
10627.29356  
10602.20896  
10601.82005  
10637.25401  
10635.06514  
10553.63485  
10543.22524  
10568.92545  
10539.38201  
10505.15992  
10569.0562  
10513.15199  
10512.58376  
10520.45014  
10464.36221  
10492.67292  
10511.45457  
10581.07445  
10601.27733  
10664.96716  
10603.20767  
10569.4833  
10514.64036  
10518.86884  
10519.72167  
10544.30512  
10551.96864  
10537.33166  
10534.72533  
10592.17424  
10545.81429  
10574.6785  
10542.98267  
10537.47967  
10553.17748  
10596.81966  
10603.1696  
10617.85689  
10618.18093  
10534.98682  
10574.71657  
10563.55348  
10578.45623  
10595.17664  
10619.15996  
10591.21537  
10605.11413  
10570.14022  
10500.58179  
10488.9324  
10510.60388  
10515.64447  
10570.16437  
10554.98666  
10559.41445  
10532.30503  
10591.42398  
10589.66506  
10570.85226  
10576.97541  
10637.42625  
10610.48984  
10659.45647  
10584.41766  
10625.01584  
10616.69143  
10639.71868  
10594.54054  
10567.29755  
10562.99249  
10561.97511  
10547.02545  
10566.92728  
10560.24703  
10563.83767  
10607.21616  
10658.15094  
10612.79952  
10590.52203  
10506.8307  
10562.83117  
10458.73761  
10445.39589  
10216.19872  
10689.93074  
10541.69925  
10490.76497  
10468.82822  
10478.48076  
10493.18179  
10550.73906  
10515.62989  
10541.37429  
10578.38942  
10566.61961  
10595.01155  
10518.55607  
10539.78507  
10611.60161  
10582.17257  
10611.02877  
10614.43946  
10589.73416  
10585.59432  
10629.59098  
10597.51946  
10560.91789  
10553.92193  
10522.66278  
10564.40228  
10573.40474  
10589.54692  
10558.78447  
10591.47969  
10630.94601  
10627.22337  
10629.10924  
10625.34426  
10618.43958  
10576.10896  
10586.61966  
10592.96601  
10565.83784  
10616.99554  
10591.87682  
10565.1  
10592.0788  
10554.07755  
10544.98482  
10540.90978  
10564.17596  
10599.63154  
10552.3748  
10544.75608  
10600.07428  
10564.42993  
10579.87246  
10558.64746  
10547.71193  
10575.4745  
10578.48089  
10542.36006  
10556.75389  
10573.48711  
10568.47969  
10567.16733  
10539.35424  
10557.02929  
10541.7094  
10532.21089  
10538.8369  
10549.20609  
10561.668  
10624.82158  
10649.89145  
10591.39327  
10602.23191  
10659.20821  
10603.65563  
10656.61938  
10576.59999  
10520.59152  
10544.48184  
10510.79853  
10521.32527  
10559.02219  
10568.22323  
10593.55692  
10596.46766  
10606.72424  
10587.86593  
10511.86872  
10540.53249  
10564.87084  
10548.48239  
10538.70056  
10568.3474  
10576.7918  
10577.49176  
10621.91903  
10595.79058  
10611.8767  
10552.85328  
10604.95799  
10582.40719  
10572.05283  
10582.85199  
10566.4797  
10549.90631  
10568.75981  
10576.03302  
10575.48921  
10566.35798  
10554.93061  
10585.26998  
10608.28414  
10592.22634  
10523.79226  
10581.94092  
10566.91989  
10561.38871  
10501.51614  
10528.0309  
10531.34552  
10588.02477  
10563.16853  
10568.23803  
10478.23985  
10541.00285  
10537.98212  
10562.2898  
10597.57821  
10603.8935  
10584.30013  
10567.09873  
10604.52243  
10581.33431  
10559.45116  
10563.31348  
10587.40939  
10537.39989  
10625.53898  
10568.76038  
10587.83484  
10594.92846  
10534.4219  
10582.04263  
10604.63217  
10590.86066  
10579.15977  
10627.57731  
10647.57194  
10676.21075  
10611.4394  
10632.96775  
10586.8083  
10587.7884  
10504.39079  
10449.15392  
10424.28321  
10436.2924  
10481.05915  
10516.10067  
10545.63947  
10449.79586  
10458.289  
10509.93944  
10539.81673  
10513.22611  
10518.03058  
10520.41077  
10534.52777  
10470.43186  
10528.12482  
10555.4006  
10641.6304  
10631.59147  
10626.45691  
10620.09785  
10579.64047  
10575.8491  
10558.23621  
10556.15597  
10568.38549  
10622.26813  
10611.05294  
10545.2182  
10517.18272  
10577.71303  
10589.21307  
10605.49228  
10528.23151  
10531.1881  
10563.09364  
10552.39703  
10584.3868  
10579.51436  
10615.50926  
10584.81381  
10544.64592  
10550.70533  
10577.50012  
10587.41567  
10572.98253  
10580.95785  
10563.38401  
10535.39383  
10541.99021  
10457.53849  
10523.78115  
10528.75212  
10486.21466  
10546.85901  
10499.44967  
10619.2297  
10581.85342  
10562.78289  
10573.72885  
10581.75175  
10656.70936  
10623.44865  
10645.57568  
10618.9812  
10604.97773  
10618.19841  
10628.9418  
10621.21974  
10705.37099  
10676.90043  
10632.22934  
10593.99445  
10588.26105  
10579.55242  
10513.97633  
10473.91197  
10502.42381  
10553.01859  
10525.97396  
10509.51672  
10494.5132  
10434.34696  
10502.19925  
10571.00502  
10575.83098  
10563.56746  
10635.42496  
10613.77167  
10595.87014  
10574.09114  
10604.6126  
10527.48614  
10522.16522  
10563.43751  
10537.22622  
10558.68621  
10555.83354  
10632.36075  
10607.4821  
10664.18154  
10598.71077  
10614.1473  
10593.57005  
10548.0259  
10546.02945  
10530.02242  
10579.60601  
10619.05405  
10584.18221  
10619.75524  
10529.67937  
10542.48926  
10543.44035  
10575.28447  
10551.55419  
10570.50922  
10534.06404  
10572.3508  
10573.63729  
10583.56444  
10588.59123  
10579.55641  
10561.94578  
10533.03601  
10538.56297  
10502.88073  
10587.24593  
10563.79642  
10570.06807  
10575.35591  
10581.76589  
10596.27196  
10556.66322  
10581.81963  
10551.1317  
10592.91339  
10537.65504  
10542.09944  
10530.70853  
10517.15723  
10544.67892  
10567.47106  
10537.76676  
10605.56152  
10604.54294  
10609.55896  
10613.09939  
10591.8525  
10593.6261  
10557.11349  
10552.54224  
10572.22465  
10615.10422  
10672.50302  
10655.53295  
10624.67787  
10597.27278  
10560.3028  
10605.09805  
10598.93342  
10622.86411  
10532.25014  
10585.0583  
10625.88436  
10643.51132  
10614.17534  
10552.23651  
10538.79091  
10538.98539  
10547.04759  
10530.61215  
10615.78055  
10602.13919  
10679.95465  
10682.01487  
10577.71162  
10667.50136  
10499.63892  
10492.81575  
10437.29659  
10389.71095  
10381.55341  
10442.77962  
10436.66384  
10445.09955  
10436.70434  
10437.87231  
10462.78338  
10490.14673  
10427.59767  
10449.37001  
10491.75296  
10476.54295  
10560.73467  
10625.62683  
10677.66085  
10629.76037  
10585.88172  
10617.75554  
10595.8218  
10615.17824  
10647.80736  
10621.47283  
10635.18067  
10576.07743  
10577.62094  
10587.72572  
10596.63777  
10597.8897  
10620.53999  
10591.00068  
10573.77933  
10589.72581  
10584.22119  
10574.11559  
10633.47024  
10604.13249  
10391.9162  
10644.37509  
10620.5136  
10562.24016  
10560.69288  
10516.19845  
10540.95933  
10510.65515  
10517.12872  
10619.87317  
10612.04563  
10645.54942  
10632.05537  
10586.53914  
10560.68871  
10532.94319  
10527.57329  
10518.79476  
10519.18808  
10508.55879  
10508.52405  
10539.39602  
10556.33921  
10529.84882  
10569.09507  
10630.30487  
10618.46512  
10623.68322  
10607.53962  
10607.98811  
10609.54585  
10627.31642  
10591.59801  
10554.40565  
10576.62574  
10593.68982  
10604.70387  
10586.36073  
10560.61455  
10563.5366  
10594.06124  
10565.18803  
10541.40748  
10581.69745  
10556.51358  
10563.8655  
10582.7998  
10590.56121  
10606.15236  
10567.63683  
10547.4838  
10587.30413  
10551.90712  
10587.08119  
10578.45182  
10504.89543  
10521.48583  
10550.40634  
10540.78716  
10554.68049  
10584.15157  
10608.1704  
10659.7993  
10584.85272  
10606.14668  
10525.72486  
10530.39629  
10521.23457  
10542.49406  
10492.74972  
10511.5313  
10551.85004  
10572.28929  
10552.10217  
10612.46086  
10582.65065  
10619.85838  
10603.45913  
10616.06988  
10557.51537  
10518.9814  
10491.35987  
10576.2611  
10524.92846  
10483.1643  
10531.43357  
10503.32616  
10566.71649  
10540.3338  
10591.6619  
10610.95587  
10652.67078  
10623.21325  
10608.7291  
10571.69519  
10567.26156  
10615.14628  
10608.15408  
10623.86267  
10641.52845  
10619.85593  
10605.16842  
10566.30607  
10536.46501  
10541.63399  
10608.32252  
10547.5922  
10536.18541  
10569.50702  
10542.49297  
10606.568  
10600.63193  
10620.51753  
10616.65733  
10598.574  
10557.43232  
10457.68428  
10426.40728  
10389.19293  
10428.08971  
10445.94483  
10509.89209  
10558.32215  
10585.06855  
10587.1073  
10553.41945  
10553.25329  
10575.09731  
10512.26134  
10580.06962  
10555.25529  
10593.38132  
10541.38958  
10595.05204  
10613.83517  
10606.34332  
10610.29647  
10616.45468  
10641.38129  
10585.75417  
10586.14698  
10592.54584  
10609.05256  
10593.52632  
10525.57605  
10554.57609  
10537.01992  
10545.66235  
10573.81345  
10561.75243  
10556.71277  
10615.34505  
10617.84516  
10586.84731  
10571.16043  
10567.34004  
10569.4449  
10531.07118  
10541.6161  
10567.7878  
10525.94174  
10510.22705  
10548.29681  
10579.47461  
10578.74875  
10592.06111  
10556.15794  
10568.38287  
10589.59921  
10645.46414  
10628.91294  
10632.91913  
10566.04311  
10603.73363  
10558.91909  
10549.40072  
10553.51601  
10588.33289  
10606.76568  
10591.52062  
10617.59288  
10570.59732  
10586.28389  
10561.22052  
10540.01483  
10594.33828  
10574.08827  
10583.09764  
10528.06534  
10582.62999  
10545.71127  
10627.94185  
10581.0112  
10605.56329  
10509.36689  
10518.89963  
10476.76065  
10482.87709  
10538.9123  
10583.02394  
10624.49298  
10600.87075  
10550.50736  
10523.74963  
10521.77027  
10544.79779  
10589.57264  
10610.3135  
10588.70676  
10554.51784  
10534.98452  
10496.76882  
10594.39613  
10578.36935  
10603.85253  
10581.57617  
10552.32185  
10547.51707  
10591.91157  
10605.74521  
10597.74586  
10624.54536  
10638.97251  
10601.51808  
10624.5016  
10662.38383  
10586.3586  
10541.61619  
10460.45238  
10404.81189  
10410.65325  
10404.46746  
10454.60056  
10476.03853  
10517.29298  
10564.51273  
10555.03599  
10595.72063  
10567.56717  
10551.8166  
10583.28854  
10624.5013  
10636.51886  
10639.49777  
10593.62676  
10580.6652  
10634.22779  
10567.20739  
10597.98767  
10694.86113  
10666.82404  
10625.52301  
10577.63062  
10566.26335  
10499.99476  
10503.73486  
10484.36175  
10449.6222  
10453.53678  
10504.75056  
10539.35993  
10528.31081  
10485.41712  
10547.14389  
10534.66994  
10528.72238  
10370.49666  
10691.95759  
10659.65428  
10579.06854  
10573.37024  
10601.10911  
10609.48711  
10678.04234  
10629.23047  
10635.687  
10580.30737  
10566.54095  
10543.36556  
10620.77529  
10650.31397  
10621.48654  
10656.90829  
10605.09187  
10578.13836  
10489.12929  
10448.66676  
10494.7967  
10494.16571  
10525.16087  
10500.6771  
10466.17829  
10519.10944  
10513.06202  
10606.60826  
10596.4553  
10595.8142  
10662.65289  
10600.7244  
10577.94178  
10590.5126  
10546.89608  
10528.63108  
10540.54829  
10509.84051  
10505.64517  
10555.52586  
10557.22904  
10529.31871  
10506.58632  
10503.96447  
10492.76637  
10513.32411  
10524.95716  
10535.20916  
10606.38909  
10593.64567  
10732.13111  
10683.92458  
10710.03324  
10655.97259  
10622.7845  
10611.21397  
10565.14782  
10602.90846  
10570.64079  
10527.15108  
10549.10006  
10522.05545  
10568.21668  
10571.18495  
10526.20698  
10582.75256  
10577.31931  
10632.20345  
10574.73889  
10530.25119  
10564.41494  
10552.69072  
10526.96474  
10565.18134  
10541.08404  
10572.43857  
10568.78253  
10602.86763  
10559.46019  
10568.52913  
10573.00052  
10559.52508  
10511.22643  
10553.44088  
10630.58857  
10639.85715  
10632.12118  
10669.06597  
10616.34912  
10601.8189  
10581.40948  
10508.31988  
10539.27564  
9984.282525  
10706.97544  
10570.67423  
10589.35661  
10481.86963  
10480.62356  
10501.19501  
10521.3436  
10546.34469  
10532.12049  
10631.38129  
10600.30758  
10598.31223  
10615.47572  
10570.75365  
10620.13831  
10578.47754  
10590.27929  
10555.59771  
10552.64067  
10572.514  
10550.61481  
10585.77482  
10645.9655  
10641.71991  
10623.88855  
10619.7251  
10601.98365  
10576.52661  
10609.54942  
10606.83442  
10625.65994  
10593.12574  
10621.94265  
10721.77035  
10663.47696  
10606.10292  
10608.77531  
10584.42113  
10662.31651  
10584.16577  
10614.90778  
10591.69308  
10553.56201  
10545.59652  
10550.64464  
10529.56343  
10504.15936  
10541.08711  
10544.33507  
10559.8067  
10477.74251  
10468.82582  
10447.03096  
10454.29802  
10468.53129  
10476.36445  
10489.11134  
10509.70554  
10495.28886  
10576.06068  
10614.82065  
10568.51898  
10545.24001  
10581.83704  
10571.21898  
10561.31556  
10634.48126  
10588.45476  
10605.93882  
10595.04123  
10570.57384  
10566.49534  
10529.48704  
10551.37761  
10538.96949  
10526.0401  
10610.15423  
10520.02726  
10508.66662  
10536.51483  
10577.26474  
10551.76799  
10745.68045  
10602.80354  
10591.61369  
10596.34778  
10586.6609  
10540.40902  
10555.78871  
10526.58476  
10546.07125  
10528.76601  
10577.30298  
10566.50429  
10605.10987  
10619.15122  
10635.7531  
10588.48137  
10551.87999  
10543.34057  
10534.41148  
10563.14263  
10574.1116  
10584.3207  
10575.57369  
10596.33344  
10588.05938  
10686.17518  
10640.11573  
10570.29328  
10501.97213  
10431.66545  
10456.25702  
10509.20978  
10517.77101  
10520.01503  
10535.80608  
10563.50308  
10597.76352  
10532.54854  
10550.64059  
10560.00127  
10530.54328  
10529.10495  
10535.04744  
10597.75628  
10663.40759  
10596.56346  
10557.87073  
10599.93722  
10443.82318  
10492.78654  
10570.67552  
10541.26961  
10560.74086  
10562.90294  
10564.01612  
10538.46826  
10521.26903  
10528.83328  
10531.92155  
10531.89118  
10562.55138  
10576.76723  
10594.74583  
10541.3797  
10580.12305  
10570.60525  
10684.9401  
10711.78603  
10708.77794  
10670.92676  
10567.83311  
10523.29156  
10535.19499  
10577.52224  
10575.99502  
10555.38652  
10551.69668  
10570.57374  
10533.1308  
10549.75786  
10579.43205  
10570.08138  
10584.70446  
10678.43219  
10565.68464  
10613.72654  
10678.29043  
10660.74733  
10612.29692  
10529.10937  
10481.00579  
10417.2185  
10530.47072  
10519.65016  
10502.46007  
10485.8137  
10486.95057  
10580.99768  
10579.0211  
10590.64086  
10575.15579  
10622.36434  
10647.82308  
10636.05715  
10541.18446  
10650.31277  
10663.11927  
10703.04031  
10658.97648  
10597.39815  
10538.38212  
10556.6585  
10539.24533  
10531.23096  
10509.35574  
10685.72397  
10588.94504  
10634.37699  
10626.15034  
10565.72417  
10565.39668  
10549.85832  
10545.75618  
10491.82764  
10579.27992  
10599.73982  
10607.76458  
10605.81824  
10607.82203  
10618.42978  
10578.04416  
10537.70629  
10500.18465  
10525.87773  
10531.60083  
10523.38682  
10523.14144  
10542.9275  
10539.62916  
10592.43886  
10664.80674  
10680.99378  
10624.20498  
10551.58491  
10569.613  
10602.00908  
10525.23706  
10538.86775  
10527.54509  
10497.74563  
10550.77419  
10597.50189  
10584.13509  
10623.78871  
10595.05104  
10544.39891  
10620.05743  
10603.0666  
10568.13112  
10572.02055  
10617.953  
10606.15553  
10492.61368  
10499.85039  
10478.73087  
10502.83068  
10521.66828  
10555.66709  
10530.33617  
10551.72108  
10591.17819  
10536.44985  
10575.43498  
10548.89209  
10553.45615  
10552.23943  
10625.83919  
10603.514  
10617.56852  
10533.1399  
10572.05871  
10588.36363  
10589.27474  
10632.84349  
10560.13181  
10559.03571  
10565.48567  
10563.03785  
10570.44423  
10561.75921  
10518.06343  
10548.07842  
10576.24849  
10565.4169  
10530.1691  
10544.67142  
10590.65068  
10501.53403  
10488.33833  
10492.97117  
10565.89227  
10567.74986  
10542.66085  
10566.00678  
10585.39381  
10529.4732  
10589.02052  
10590.9417  
10708.92766  
10569.73795  
10548.02403  
10582.77458  
10551.19116  
10512.04615  
10491.04774  
10536.46498  
10602.39998  
10575.50582  
10575.27806  
10618.27433  
10628.46464  
10638.87574  
10607.54433  
10570.77008  
10537.194  
10587.06261  
10587.21232  
10621.10409  
10681.2105  
10657.26115  
10594.46975  
10558.55483  
10621.53823  
10550.86523  
10445.72242  
10411.52366  
10275.54425  
10333.2403  
10352.64614  
10430.86643  
10481.36092  
10515.92946  
10511.56182  
10515.92413  
10544.13962  
10511.22939  
10569.90374  
10582.9634  
10547.0279  
10600.86033  
10607.76664  
10668.31213  
10657.09623  
10626.81987  
10642.43968  
10628.21419  
10609.94655  
10546.92935  
10481.70879  
10482.34023  
10434.72375  
10447.26205  
10580.41378  
10614.03024  
10633.57132  
10620.80155  
10582.98809  
10568.10905  
10583.31122  
10637.62894  
10556.61649  
10517.1008  
10512.52332  
10485.83398  
10688.74867  
10630.37558  
10606.39979  
10676.9366  
10639.9139  
10579.78754  
10569.08733  
10549.71962  
10626.14025  
10591.6034  
10577.49866  
10581.77722  
10564.78093  
10612.22502  
10595.07794  
10534.8289  
10603.46147  
10572.49543  
10600.05761  
10595.75213  
10569.35462  
10570.10536  
10575.58667  
10587.91605  
10569.29749  
10592.71407  
10645.34675  
10627.12318  
10643.87183  
10570.46345  
10529.48229  
10567.22831  
10513.16072  
10543.25621  
10582.26538  
10579.60098  
10615.59161  
10566.05503  
10480.75384  
10479.17963  
10523.24871  
10558.44405  
10510.42769  
10525.18919  
10531.56923  
10559.87206  
10585.90443  
10555.65538  
10515.9093  
10567.80515  
10537.47819  
10561.77085  
10549.69254  
10631.25144  
10659.63898  
10613.03122  
10643.85415  
10636.80994  
10601.41624  
10569.10712  
10544.18455  
10620.29205  
10598.63954  
10642.60862  
10643.43638  
10652.47165  
10607.92379  
10640.07726  
10680.23544  
10638.64931  
10552.33928  
10640.32308  
10547.92137  
10506.68006  
10603.95432  
10582.01219  
10511.4199  
10436.66328  
10426.59082  
10478.93311  
10482.28042  
10539.37506  
10533.22938  
10525.77922  
10547.51654  
10536.48821  
10564.96562  
10597.31476  
10575.12343  
10594.46894  
10531.42984  
10582.03046  
10586.09074  
10596.54932  
10547.3615  
10563.66084  
10517.29005  
10565.10706  
10604.48005  
10608.58111  
10607.94957  
10561.64665  
10537.44266  
10504.03903  
10526.59868  
10543.52864  
10572.13486  
10593.44621  
10601.52447  
10610.10315  
10636.80055  
10643.09162  
10614.93099  
10591.32186  
10512.6388  
10540.40094  
10586.83461  
10593.86771  
10640.70476  
10626.26444  
10568.48005  
10523.3022  
10518.69249  
10513.49332  
10503.36085  
10511.82354  
10475.01618  
10546.95036  
10557.22004  
10604.83647  
10559.77426  
10603.98716  
10614.81564  
10565.03833  
10612.35483  
10592.92893  
10584.93197  
10534.24088  
10501.42459  
10495.77604  
10529.15202  
10551.28169  
10508.81731  
10509.11188  
10526.20049  
10546.75372  
10527.50204  
10532.69348  
10539.58632  
10564.33545  
10567.43676  
10542.98642  
10535.31668  
10470.04258  
10561.44279  
10562.5352  
10553.16364  
10628.25715  
10568.61897  
10564.69313  
10603.44469  
10659.64803  
10630.11172  
10573.31604  
10586.86493  
10562.59722  
10541.6117  
10496.55033  
10515.64507  
10599.32973  
10533.26013  
10505.55364  
10514.37834  
10546.27328  
10561.80783  
10579.85912  
10441.76337  
10600.4076  
10472.65678  
10517.01553  
10553.41511  
10518.29739  
10553.96629  
10531.754  
10660.93453  
10739.76923  
10659.80732  
10675.0738  
10669.9088  
10653.96936  
10631.48201  
10574.74913  
10599.35844  
10579.29915  
10573.47404  
10597.14251  
10581.98167  
10621.15989  
10587.79891  
10535.37755  
10538.58922  
10514.73253  
10576.32336  
10528.77028  
10538.25166  
10568.87295  
10580.20066  
10565.83471  
10573.04804  
10524.90445  
10544.7285  
10624.55832  
10620.73521  
10625.2014  
10606.07687  
10625.38359  
10633.71411  
10605.63423  
10626.28305  
10604.24965  
10547.37405  
10522.4814  
10505.85057  
10530.61686  
10517.35735  
10554.26205  
10491.54398  
10532.02904  
10543.2964  
10599.60181  
10631.32314  
10548.7978  
10556.61838  
10574.3102  
10581.6219  
10605.79457  
10589.90499  
10582.58198  
10596.86816  
10568.45866  
10554.44926  
10616.11393  
10579.6411  
10597.93701  
10606.87444  
10562.29551  
10507.40655  
10568.80311  
10522.3032  
10557.48288  
10574.07153  
10560.99211  
10544.21772  
10527.91665  
10425.32926  
10559.05643  
10568.46323  
10534.61878  
10604.32858  
10619.68157  
10597.44714  
10571.64947  
10596.38671  
10554.1125  
10552.2978  
10526.03346  
10512.28092  
10539.28208  
10538.5606  
10554.76092  
10451.0436  
10548.8191  
10520.23154  
10584.17605  
10565.17744  
10557.7147  
10570.36119  
10588.43453  
10668.8175  
10583.20531  
10570.30484  
10543.03366  
10541.19833  
10508.17633  
10483.18555  
10556.34414  
10518.68061  
10575.51896  
10562.88284  
10577.6245  
10574.325  
10590.36244  
10620.99683  
10605.20389  
10607.74499  
10623.36194  
10600.17628  
10621.58909  
10592.07749  
10569.46371  
10581.8687  
10559.26699  
10619.74575  
10624.45497  
10605.39568  
10614.08756  
10621.92653  
10648.50011  
10587.68914  
10565.11638  
10532.73228  
10514.0894  
10540.16341  
10516.18069  
10569.77016  
10566.97067  
10590.85411  
10636.48124  
10581.33976  
10545.27865  
10592.19095  
10553.00473  
10575.07654  
10608.82357  
10533.72776  
10523.0781  
10505.24553  
10528.67741  
10499.86697  
10499.02146  
10492.92901  
10571.86289  
10570.34507  
10559.37797  
10617.07215  
10616.50416  
10631.42763  
10618.24031  
10531.59532  
10580.42696  
10570.55964  
10563.12526  
10586.34574  
10607.50534  
10563.12895  
10578.49652  
10553.9104  
10584.16709  
10641.29433  
10623.73934  
10584.35735  
10596.33281  
10575.46057  
10606.48742  
10564.40444  
10564.16668  
10547.2008  
10503.93615  
10511.03094  
10573.90012  
10575.74616  
10579.90302  
10577.64484  
10561.66113  
10584.78555  
10605.81473  
10536.45635  
10629.13264  
10567.59307  
10547.62987  
10549.15757  
10532.86022  
10540.27341  
10569.40427  
10517.37175  
10530.49117  
10536.25107  
10514.60096  
10556.86632  
10526.23339  
10558.44302  
10568.44921  
10569.56218  
10590.47643  
10590.53036  
10614.02012  
10620.80708  
10602.62924  
10533.65262  
10548.79436  
10582.21023  
10587.24395  
10577.86584  
10558.78694  
