11232.59733  
11245.63352  
11184.15408  
11148.96978  
11200.89339  
11147.17388  
11150.98383  
11122.39936  
11211.15755  
11190.81277  
11167.70524  
11118.40131  
11217.18696  
11211.54525  
11232.57107  
11235.26535  
11213.57487  
11204.8495  
11217.21891  
11164.76812  
11115.67079  
11146.52072  
11210.70204  
11145.92182  
11086.62006  
11118.81407  
11161.62511  
11233.70833  
11254.61735  
11273.09939  
11229.43707  
11215.77322  
11185.41574  
11172.104  
11205.1448  
11207.14361  
11164.72781  
11104.3112  
11120.11898  
11145.47955  
11232.79047  
11248.76286  
11229.43918  
11197.26807  
11164.88336  
11160.5542  
11159.88129  
11127.79921  
11170.44027  
11139.71663  
11110.96457  
11111.63357  
11152.79666  
11164.69244  
11156.51286  
11149.56879  
11129.5013  
11130.07471  
11270.79888  
11336.64676  
11374.86458  
11281.05648  
11203.57487  
11149.15365  
11155.52843  
11222.17345  
11187.81304  
11141.54899  
11172.01416  
11144.14328  
11179.74864  
11154.76318  
11114.10932  
11188.92942  
11190.44439  
11202.05577  
11227.20068  
11207.39274  
11207.1563  
11168.32633  
11160.12267  
11246.32796  
11279.75819  
11289.42909  
11193.82937  
11103.40044  
11154.79883  
11144.30903  
11201.84174  
11223.99034  
11177.51525  
11148.01666  
11225.50439  
11179.88449  
11226.56228  
11244.92117  
11209.91032  
11167.01481  
11114.34033  
11186.62722  
11237.87945  
11303.20562  
11287.01042  
11181.89193  
11151.49599  
11152.2468  
11171.40565  
11097.74419  
11107.35373  
11155.70372  
11134.12391  
11156.16162  
11151.68359  
11211.73573  
11192.78375  
11156.03396  
11065.12744  
11088.4197  
11161.89133  
11183.25754  
11191.02816  
11175.61898  
11151.57601  
11115.28006  
11191.48009  
11190.45535  
11256.71099  
11290.88444  
11313.05697  
11222.56641  
11186.82422  
11213.89876  
11196.50217  
11244.8176  
11196.92605  
11201.70492  
11143.07129  
11140.76877  
11202.93576  
11224.09386  
11237.53049  
11228.76828  
11266.4279  
11214.4439  
11217.43848  
11224.3846  
11301.96663  
11257.08409  
11230.84663  
11159.51649  
11185.32959  
11166.94927  
11231.04698  
11178.3839  
11126.86789  
11139.18956  
11210.45595  
11178.31668  
11227.64258  
11134.2309  
11185.05973  
11240.9904  
11233.98606  
11257.99664  
11236.00803  
11190.11328  
11161.07416  
11172.76877  
11170.78255  
11165.94504  
11117.55035  
11159.30615  
11173.73503  
11160.18376  
11176.63661  
11108.74246  
11176.29259  
11226.91922  
11311.30946  
11236.72418  
11169.68186  
11126.23926  
11135.99468  
11193.15598  
11214.64399  
11167.64996  
11198.39491  
11213.44412  
11135.25532  
11160.07926  
11202.05263  
11198.25027  
11160.45058  
11175.45936  
11165.77658  
11170.09484  
11215.96441  
11270.66319  
11305.68788  
11180.48893  
11168.89377  
11118.09901  
11114.03016  
11122.26812  
11134.49072  
11176.49935  
11182.15972  
11082.28016  
11179.29031  
11223.1428  
11235.88129  
11189.46669  
11192.67714  
11189.70866  
11226.1799  
11179.86724  
11202.75749  
11291.9789  
11252.14187  
11204.33181  
11160.89025  
11149.60135  
11139.40799  
11191.41498  
11167.1461  
11183.12744  
11194.16802  
11218.34364  
11192.67074  
11165.76166  
11143.58409  
11137.87912  
11139.10878  
11166.31858  
11109.0127  
11130.7621  
11130.50152  
11121.81646  
11203.36084  
11268.51839  
11233.32807  
11178.08317  
11137.04932  
11148.2289  
11197.7723  
11226.17833  
11166.24219  
11206.33322  
11168.80225  
11193.52452  
11211.88048  
11253.70953  
11244.20926  
11237.23736  
11148.22607  
11118.82069  
11126.43403  
11152.16498  
11184.06581  
11103.19016  
11146.52127  
11177.48633  
11186.30225  
11202.74202  
11237.15424  
11157.47591  
11121.97738  
11184.12164  
11208.44417  
11232.63856  
11255.79199  
11243.59863  
11212.98817  
11210.9273  
11182.80203  
11172.1339  
11142.19265  
11159.7474  
11186.43414  
11184.89095  
11241.19027  
11199.98579  
11231.38547  
11209.80729  
11194.41933  
11196.79031  
11187.22835  
11177.2328  
11261.06755  
11220.19119  
11243.71224  
11214.38873  
11186.2908  
11227.92632  
11188.72347  
11136.33881  
11149.54134  
11178.05485  
11144.92491  
11141.25716  
11160.15538  
11186.19227  
11139.19586  
11130.40831  
11155.30859  
11193.68712  
11235.29232  
11148.58881  
11155.77756  
11174.15853  
11196.34359  
11168.47309  
11146.27143  
11146.89654  
11156.11616  
11174.76921  
11166.23063  
11165.73264  
11198.48937  
11149.81348  
11179.23145  
11204.08328  
11233.09077  
11237.46002  
11224.94298  
11204.23009  
11215.92746  
11169.86789  
11135.86708  
11139.19727  
11169.7927  
11180.21484  
11160.39627  
11168.85314  
11072.12337  
11090.82351  
11157.15305  
11163.82791  
11266.21891  
11289.00667  
11295.51948  
11216.34663  
11174.74436  
11165.98828  
11183.1097  
11201.67394  
11142.80637  
11134.67008  
11159.22347  
11182.94944  
11253.2742  
11223.18869  
11215.55339  
11219.88406  
11183.63683  
11170.62218  
11197.50537  
11227.82151  
11241.57883  
11195.03977  
11149.95394  
11130.03201  
11159.02566  
11189.83268  
11185.5995  
11224.68853  
11296.35965  
11274.22716  
11324.87538  
11201.46891  
11167.0038  
11190.58095  
11179.62413  
11195.31467  
11220.52951  
11174.42562  
11143.91032  
11146.47499  
11128.85634  
11188.03451  
11199.87918  
11245.07199  
11252.83024  
11253.29671  
11202.40891  
11136.00629  
11130.58274  
11151.72157  
11136.42361  
11215.29514  
11268.32796  
11208.05805  
11119.72814  
11056.14893  
11119.62652  
11091.92242  
11184.03581  
11227.34603  
11196.63661  
11207.05545  
11159.62543  
11139.69358  
11104.09386  
11140.65305  
11159.5414  
11150.43262  
11226.01817  
11269.2156  
11187.28434  
11175.44954  
11219.95486  
11178.6059  
11205.90983  
11225.31369  
11196.64903  
11158.24881  
11178.47976  
11178.05648  
11244.96956  
11284.05235  
11227.00282  
11151.30561  
11139.38086  
11192.08892  
11188.03982  
11202.71772  
11207.07286  
11262.93408  
11139.22114  
11143.69195  
11203.31847  
11192.76801  
11206.00678  
11207.92079  
11171.44933  
11147.46707  
11201.18028  
11144.021  
11195.45063  
11223.96544  
11221.6422  
11213.95269  
11290.58257  
11220.7105  
11212.72895  
11244.80637  
11213.93419  
11107.09646  
11096.7915  
11136.86724  
11089.26579  
11064.81646  
11035.84776  
11077.9228  
11057.59907  
11104.30094  
11135.35314  
11175.23595  
11179.3017  
11179.33431  
11117.4541  
11124.28445  
11132.39518  
11206.78673  
11145.68864  
11156.35834  
11155.31944  
11275.90348  
11276.64648  
11224.27718  
11217.05366  
11224.46701  
11281.86328  
11270.69667  
11260.97011  
11256.54856  
11190.60324  
11201.64497  
11190.00911  
11186.35894  
11240.46799  
11241.38449  
11218.30463  
11201.87885  
11211.19971  
11197.96989  
11234.22732  
11208.60471  
11155.86507  
11158.32737  
11257.48389  
11183.46332  
11185.72287  
11208.13618  
11253.15413  
11284.81483  
11256.98725  
11150.1601  
11137.03944  
11155.36057  
11172.1518  
11215.56988  
11163.28309  
11183.87006  
11188.62212  
11139.5223  
11210.76145  
11222.49056  
11149.89632  
11165.03445  
11173.3533  
11141.35281  
11140.14594  
11183.17008  
11107.97493  
11092.62668  
11144.37462  
11169.85872  
11204.31266  
11181.45822  
11191.67057  
11222.38352  
11223.74078  
11257.19314  
11265.10091  
11272.76915  
11230.8061  
11170.7168  
11183.80008  
11174.21267  
11192.78429  
11211.32221  
11195.75749  
11174.76183  
11208.01421  
11146.12798  
11106.96859  
11144.18717  
11175.18452  
11252.91037  
11226.97163  
11207.09657  
11201.93245  
11151.49734  
11155.22238  
11174.35357  
11110.34299  
11187.1473  
11197.00944  
11210.90934  
11236.79742  
11218.41808  
11233.03781  
11216.94282  
11185.48047  
11178.41417  
11124.89187  
11189.80187  
11207.87126  
11133.44477  
11153.14665  
11173.16895  
11187.91471  
11190.81185  
11188.43506  
11140.27132  
11176.84874  
11188.84934  
11246.23703  
11152.97873  
11138.42198  
11163.75629  
11155.08898  
11138.9707  
11194.0778  
11251.21522  
11279.77897  
11200.70296  
11096.88135  
11065.43169  
11182.71061  
11152.63422  
11184.76215  
11241.92801  
11180.95356  
11181.1461  
11152.42247  
11183.46528  
11203.03331  
11222.53174  
11211.56348  
11176.93951  
11152.06613  
11155.331  
11210.60531  
11234.34446  
11234.5198  
11293.65093  
11258.90972  
11181.57053  
11150.26855  
11134.54384  
11138.61724  
11230.21533  
11216.3878  
11182.23855  
11200.41222  
11168.65576  
11155.71213  
11128.53874  
11141.52268  
11184.04443  
11178.32769  
11138.22868  
11155.9266  
11092.28147  
11121.93419  
11162.98649  
11129.85547  
11205.36013  
11211.16927  
11201.73302  
11233.94076  
11224.47304  
11174.61605  
11197.80208  
11231.35346  
11272.26763  
11310.19444  
11305.66585  
11209.34701  
11186.24501  
11118.48551  
11136.19  
11155.97043  
11163.55035  
11132.29845  
11128.75271  
11158.90571  
11174.59999  
11145.78228  
11251.69987  
11205.21338  
11194.81364  
11169.5159  
11165.73014  
11168.94385  
11136.72841  
11187.234  
11284.66178  
11277.52083  
11191.63949  
11109.87809  
11104.73573  
11183.49479  
11220.05572  
11206.78418  
11172.31706  
11173.04253  
11198.12527  
11160.46517  
11183.91325  
11177.70426  
11162.95041  
11182.56901  
11171.32758  
11145.70388  
11145.5593  
11140.59353  
11206.64073  
11197.02854  
11175.56364  
11243.3399  
11246.36415  
11215.73389  
11226.39985  
11183.02083  
11218.97759  
11211.20584  
11247.80968  
11224.13021  
11205.76676  
11171.78868  
11213.94412  
11197.206  
11212.24322  
11156.32335  
11239.18403  
11195.4553  
11224.38162  
11224.41721  
11182.19889  
11133.81722  
11126.90289  
11169.9822  
11146.87511  
11112.54997  
11172.88417  
11181.67388  
11141.12006  
11161.20372  
11214.89448  
11274.11551  
11242.60672  
11209.10178  
11131.16656  
11173.75201  
11203.62571  
11211.11919  
11179.49273  
11136.206  
11147.95649  
11203.77387  
11170.10834  
11174.68522  
11165.2379  
11156.0874  
11161.86936  
11114.63813  
11182.59614  
11222.39068  
11269.03076  
11291.51823  
11265.31396  
11161.78461  
11136.01096  
11126.36192  
11128.18034  
11179.236  
11161.79633  
11178.72255  
11172.85465  
11112.2806  
11134.96701  
11142.04009  
11143.65142  
11207.55485  
11248.55675  
11235.67057  
11164.22721  
11128.05838  
11123.31982  
11196.59771  
11179.67258  
11175.57091  
11166.62853  
11174.29584  
11208.47765  
11108.05496  
11162.84462  
11140.58925  
11214.30545  
11227.03456  
11284.89638  
11265.67687  
11285.21539  
11218.33567  
11188.42562  
11210.14985  
11192.4063  
11163.75998  
11231.85786  
11254.75228  
11224.31212  
11232.48834  
11185.66455  
11176.91542  
11221.52984  
11215.85742  
11264.19184  
11198.06353  
11135.62847  
11148.30067  
11166.0261  
11107.10037  
11020.69439  
10957.26883  
11047.76693  
11113.07026  
11215.46701  
11244.73172  
11154.37609  
11165.80387  
11174.77246  
11237.52658  
11254.03423  
11255.52729  
11171.89882  
11179.99517  
11142.42323  
11160.46408  
11206.45817  
11199.98579  
11225.4936  
11196.05458  
11278.06245  
11268.61806  
11246.19727  
11212.7532  
11236.09684  
11277.01769  
11261.95909  
11238.55366  
11192.93625  
11222.30642  
11249.87212  
11115.96826  
11078.0312  
11134.56972  
11145.42101  
11162.96061  
11150.89052  
11172.97304  
11152.0816  
11203.12354  
11206.46647  
11177.05035  
11151.90837  
11183.81711  
11131.94786  
11114.20291  
11173.95638  
11199.14817  
11244.53445  
11157.77935  
11161.04248  
11170.60259  
11203.13813  
11214.90885  
11233.91558  
11226.52024  
11195.95692  
11065.28109  
11041.1122  
11098.02257  
11194.30235  
11270.52045  
11255.75396  
11242.24544  
11154.47038  
11143.75114  
11161.86263  
11243.41162  
11249.84158  
11222.89616  
11199.36263  
11176.19656  
11236.87831  
11258.06299  
11275.39855  
11220.42871  
11226.9624  
11141.48226  
11105.92556  
11070.29243  
11174.56934  
11156.317  
11112.32503  
11079.80897  
11081.01801  
11101.34928  
11160.17448  
11116.50081  
11136.98893  
11119.36963  
11168.15251  
11219.96338  
11248.94374  
11350.61616  
11317.74023  
11323.87945  
11248.75705  
11147.92828  
11220.28147  
11240.50206  
11228.08599  
11213.13156  
11211.67697  
11131.39502  
11208.47613  
11218.58751  
11143.23128  
11231.28467  
11123.36453  
11148.22922  
11139.88444  
11149.64903  
11131.23839  
11154.56863  
11210.2819  
11220.21853  
11269.41374  
11171.59158  
11143.27018  
11078.46018  
11185.12185  
11142.48546  
11246.49398  
11142.00282  
11140.36735  
11144.68484  
11147.2863  
11196.95307  
11174.29389  
11110.58957  
11160.13059  
11226.55165  
11196.04861  
11256.02398  
11268.24013  
11231.713  
11175.60053  
11099.41753  
11189.25087  
11173.89583  
11165.96077  
11177.77577  
11205.84364  
11198.26817  
11147.68582  
11170.94499  
11165.61377  
11227.30821  
11224.11892  
11234.69396  
11239.04856  
11343.8151  
11266.53635  
11175.46794  
11155.69591  
11176.06261  
11192.84348  
11216.22249  
11155.19016  
11179.72521  
11199.35428  
11149.63894  
11189.98714  
11143.32775  
11224.77083  
11230.13444  
11266.42828  
11265.09614  
11253.08523  
11133.19303  
11138.38802  
11147.66222  
11237.655  
11227.57232  
11214.516  
11194.53434  
11190.81787  
11137.92795  
11212.36903  
11232.15142  
11128.70106  
11214.60276  
11113.90983  
11116.67584  
11145.60731  
11179.9751  
11169.69558  
11213.30995  
11231.95036  
11257.7609  
11288.69824  
11270.33892  
11332.08952  
11235.59559  
11159.05984  
11144.01959  
11100.0504  
11075.76215  
11027.45806  
11065.46946  
11074.08078  
11079.27262  
11150.63053  
11144.22982  
11174.9668  
11237.89784  
11161.66374  
11179.38319  
11129.47868  
11094.97331  
11136.66802  
11232.87093  
11314.07351  
11264.68685  
11248.72369  
11216.69548  
11137.95117  
11224.47206  
11226.46615  
11210.92773  
11279.46544  
11212.13292  
11165.8967  
11212.33832  
11204.12218  
11164.22868  
11247.47949  
11221.80794  
11174.15533  
11165.19347  
11159.63238  
11202.97515  
11155.49338  
11149.35286  
11087.44889  
11214.34983  
11248.30811  
11259.98633  
11211.90658  
11194.97412  
11221.0803  
11176.27105  
11202.81174  
11182.53478  
11157.14811  
11189.66092  
11195.92063  
11304.1639  
11306.55702  
11312.22298  
11183.88987  
11194.54845  
11202.21766  
11173.07921  
11149.3304  
11008.15842  
11006.02479  
11074.86534  
11099.11263  
11150.2749  
11089.68446  
11095.2315  
11119.88672  
11170.84191  
11151.38379  
11120.3386  
11180.98258  
11187.29009  
11213.05952  
11311.64822  
11299.37961  
11321.00163  
11268.81722  
11207.36274  
11239.609  
11207.81944  
11160.9789  
11124.59511  
11169.58219  
11176.60417  
11256.33952  
11265.1951  
11272.94954  
11170.46039  
11242.77181  
11284.99392  
11277.7385  
11289.15956  
11166.12945  
11103.72765  
11083.79275  
11182.2302  
11221.33442  
11205.61426  
11126.01541  
11082.43772  
11105.23036  
11089.76508  
11227.44298  
11206.87495  
11209.5957  
11211.35596  
11251.37288  
11233.21517  
11224.15734  
11130.9879  
11191.59049  
11128.3597  
11132.37549  
11104.38775  
11127.0287  
11156.87901  
11125.06711  
11221.03271  
11230.37614  
11255.81348  
11206.18533  
11128.31136  
11140.64779  
11165.05322  
11206.12863  
11231.44851  
11232.03049  
11261.29948  
11241.49284  
11271.21327  
11275.41851  
11244.074  
11220.30865  
11190.53429  
11211.52235  
11235.53006  
11161.97841  
11101.57775  
11130.26286  
11130.01535  
11117.10666  
11018.88151  
11118.5848  
11095.98405  
11052.10455  
11019.73096  
11099.66341  
11133.97618  
11192.08046  
11165.58724  
11140.94689  
11154.46598  
11199.47976  
11277.91254  
11263.65468  
11236.57509  
11199.39833  
11189.91564  
11179.18837  
11256.56521  
11307.71837  
11252.91661  
11219.05756  
11204.19618  
11174.95752  
11305.37419  
11274.50407  
11199.0989  
11229.3954  
11217.49637  
11206.61757  
11286.308  
11228.29986  
11194.91054  
11193.5599  
11139.89144  
11129.38097  
11083.89882  
11090.088  
11107.41791  
11115.14535  
11121.30322  
11139.85672  
11137.61995  
11170.04454  
11194.38786  
11157.97738  
11174.61317  
11192.95893  
11287.49306  
11294.03228  
11197.25195  
11142.25917  
11124.10921  
11132.66081  
11162.26633  
11190.80897  
11233.10183  
11222.83377  
11216.36675  
11167.06326  
11230.82286  
11235.62023  
11133.92367  
11130.47179  
11138.87028  
11214.45828  
11198.9394  
11203.78814  
11213.13558  
11170.94168  
11130.88959  
11123.73492  
11109.46984  
11166.48985  
11155.01248  
11176.39958  
11172.71229  
11180.37467  
11202.05773  
11198.9885  
11160.98454  
11123.33729  
11154.27192  
11176.79758  
11203.40609  
11165.61507  
11175.53998  
11255.58057  
11198.26047  
11195.18663  
11146.09353  
11162.92605  
11178.8061  
11237.60726  
11214.79519  
11227.07221  
11252.98372  
11191.22629  
11167.24881  
11219.23069  
11211.72266  
11231.09635  
11212.96788  
11197.51948  
11188.70258  
11231.29215  
11258.18549  
11233.39339  
11222.20296  
11131.21642  
11180.86686  
11065.9802  
11104.62435  
11107.33534  
10405.05914  
10977.36165  
11044.25895  
11177.09451  
11203.36464  
11179.41477  
11143.96446  
11163.99311  
11229.19396  
11228.65392  
11194.64681  
11122.80008  
11170.09527  
11150.15701  
11197.21376  
11190.05257  
11170.51893  
11321.72325  
11318.99615  
11283.16943  
11259.49202  
11210.32048  
11190.76953  
11213.45329  
11154.99392  
11111.01557  
11302.25602  
11258.08089  
11268.87147  
11304.17361  
11321.11068  
11288.05735  
11261.32373  
11221.49007  
11189.26383  
11172.95643  
11213.87511  
11179.37229  
11190.47662  
11129.34603  
11156.08675  
11246.25255  
11334.13368  
11295.17697  
11210.81315  
11184.91558  
11118.83502  
11161.50412  
11170.46956  
11217.0083  
11210.53071  
11250.66726  
11167.66873  
11217.73486  
11170.38645  
11206.62446  
11259.65516  
11207.31831  
11186.1837  
11241.44813  
11211.4802  
11233.02447  
11198.35807  
11225.68028  
11311.93891  
11230.36149  
11178.71739  
11081.41298  
11097.30333  
11152.73595  
11190.48779  
11158.5249  
11139.78678  
11213.44444  
11209.01546  
11188.63873  
11185.10097  
11170.94119  
11143.01742  
11186.00401  
11171.70969  
11162.10069  
11198.07433  
11229.89307  
11215.2424  
11195.84885  
11153.44754  
11161.54823  
11204.18278  
11153.69488  
11179.25678  
11171.06603  
11213.34597  
11225.5587  
11216.18929  
11214.3202  
11225.79167  
11201.94786  
11234.08729  
11206.64811  
11236.26432  
11141.80556  
11147.00347  
11131.62679  
11147.45323  
11160.69732  
11114.89779  
11184.74392  
11193.09321  
11188.7003  
11196.37554  
11184.86806  
11162.50184  
11180.53027  
11220.46924  
11229.65191  
11196.28331  
11128.73855  
11083.53266  
11089.2245  
11159.91423  
11219.15375  
11233.88189  
11129.43745  
11138.34093  
11172.2863  
11164.66357  
11184.12652  
11238.07568  
11232.91661  
11226.91612  
11191.95215  
11247.24398  
11190.20882  
11168.86551  
11106.46387  
11149.3348  
11178.37077  
11213.30377  
11271.00602  
11219.63808  
11184.67692  
11138.08496  
11164.62771  
11209.23139  
11164.76725  
11220.71886  
11255.90674  
11229.85417  
11197.57639  
11243.26953  
11207.21501  
11255.07661  
11289.7411  
11172.40191  
11090.74626  
11035.01432  
11087.78776  
11129.91178  
11114.48362  
11147.16602  
11206.55425  
11136.37039  
11112.0893  
11160.79156  
11213.94982  
11191.26313  
11181.33268  
11204.86523  
11189.85802  
11198.56581  
11133.75022  
11186.02029  
11223.23248  
11251.24772  
11317.87755  
11248.93679  
11128.10428  
11132.00803  
11158.26291  
11199.73676  
11228.57444  
11202.06472  
11198.67773  
11203.97797  
11235.08968  
11148.16151  
11171.39616  
11136.04015  
11175.73063  
11263.51069  
11271.82118  
11243.59928  
11120.76405  
11139.02127  
11182.92676  
11225.60465  
11187.26248  
11212.66895  
11216.71273  
11255.77615  
11257.05859  
11192.62505  
11133.30203  
11121.13265  
11200.84885  
11223.90956  
11167.32525  
11136.62451  
11042.87402  
11118.13808  
11215.77387  
11232.43262  
11244.71414  
11172.07883  
11218.625  
11237.3469  
11190.39312  
11200.92779  
11207.8572  
11170.50635  
11234.39339  
11182.17068  
11195.01866  
11202.41591  
11239.34315  
11273.70985  
11204.56364  
11125.19059  
11100.45524  
11175.77393  
11180.20133  
11156.72656  
11215.85655  
11188.13341  
11106.243  
11117.78754  
11115.12619  
11131.57129  
11165.62397  
11185.02821  
11165.70671  
11202.20513  
11177.99599  
11254.42692  
11220.99479  
11192.95822  
11134.14638  
11111.11062  
11176.86708  
11239.9356  
11230.64703  
11257.76942  
11224.9452  
11147.56749  
11121.47618  
11070.82042  
11165.23324  
11195.86496  
11207.96463  
11184.90978  
11194.22146  
11221.47613  
11239.03434  
11228.6084  
11274.07161  
11195.48747  
11176.31717  
11218.24951  
11238.12126  
11230.67128  
11222.28982  
11192.84332  
11259.61882  
11246.22944  
11255.22201  
11233.80355  
11145.37918  
11103.81662  
11094.83892  
11166.39898  
11134.38146  
11148.58626  
11171.29997  
11166.31972  
11128.23166  
11189.40343  
11201.10845  
11235.75022  
11239.70915  
11160.42622  
11124.10162  
11148.57145  
11174.98546  
11201.28809  
11141.86556  
11138.61941  
11126.3316  
11133.62185  
11234.40256  
11188.66602  
11239.72868  
11225.42361  
11216.13325  
11238.28147  
11187.51449  
11273.35585  
11260.75971  
11277.27713  
11263.96153  
11209.29905  
11154.41319  
11164.79568  
11219.30914  
11204.03418  
11200.85639  
11207.53255  
11149.98492  
11189.73009  
11221.79243  
11231.69396  
11289.94499  
11219.63536  
11105.72786  
11128.79747  
11159.62109  
11203.58366  
11241.50016  
11149.18983  
11188.20551  
11141.26514  
11120.34766  
11159.7806  
11189.64383  
11192.845  
11105.83133  
11042.59039  
11081.85954  
11137.61323  
11151.61865  
11185.64969  
11130.24164  
11099.26421  
11089.56082  
11151.42502  
11176.76449  
11239.20665  
11165.96642  
11225.91151  
11143.05539  
11196.5599  
11157.35737  
11162.68175  
11174.44602  
11213.40641  
11199.77528  
11236.38379  
11240.73383  
11267.21913  
11229.78581  
11137.57975  
11159.25429  
11163.74051  
11155.14323  
11168.25401  
11214.75884  
11130.77517  
11193.73617  
11214.37343  
11179.93034  
11210.86854  
11194.02094  
11166.54812  
11179.58192  
11286.62967  
11238.09842  
11207.03407  
11181.54178  
11179.03467  
11198.88742  
11184.30583  
11251.1741  
11221.00635  
11224.85059  
11221.68278  
11186.07476  
11174.69667  
11153.4196  
11147.98107  
11167.06489  
11179.23752  
11153.0893  
11226.65837  
11208.03754  
11131.69992  
11147.53537  
11137.02002  
11166.15988  
11189.39757  
11263.30854  
11257.21267  
11155.54807  
11136.86355  
11176.54476  
11167.27393  
11144.50694  
11230.11485  
11173.10938  
11191.3674  
11189.64133  
11146.9286  
11139.09028  
11160.28434  
11273.33545  
11223.77479  
11133.98535  
11175.59342  
11213.8042  
11165.43641  
11203.75033  
11184.16026  
11203.0695  
11169.05897  
11233.28657  
11200.7966  
11217.67301  
11211.67898  
11187.81944  
11165.83681  
11215.85091  
11159.08496  
11156.67334  
11183.85379  
11221.1926  
11232.58952  
11156.0517  
11129.75922  
11189.53125  
11173.80051  
11178.81402  
11189.70448  
11230.66119  
11280.90413  
11225.58138  
11209.15864  
11184.52376  
11165.10221  
11141.9126  
11188.87424  
11177.76232  
11200.33724  
11147.23611  
11182.66916  
11198.24517  
11147.99051  
11198.125  
11173.11974  
11134.02669  
11123.96794  
11133.14936  
11224.67681  
11246.90392  
11274.43517  
11276.01356  
11226.51156  
11170.18207  
11233.54937  
11254.91113  
11205.6607  
11198.96631  
11220.83366  
11146.52778  
11163.45714  
11175.044  
11131.03662  
11158.44667  
11181.75765  
11169.58919  
11184.85232  
11138.68332  
11144.06825  
11191.90007  
11217.78206  
11274.95275  
11215.15044  
11201.05485  
11171.43392  
11175.17209  
11117.3833  
11034.70996  
11021.91075  
11033.86784  
11119.7105  
11154.01253  
11184.44385  
11194.24767  
11194.26519  
11187.61051  
11140.7615  
11175.05409  
11175.11176  
11182.72369  
11155.21832  
11157.46332  
11151.21615  
11206.08203  
11231.35753  
11240.77604  
11274.22553  
11285.8884  
11269.85042  
11282.73801  
11218.42057  
11227.81711  
11192.11296  
11179.16759  
11207.04454  
11225.12261  
11213.1741  
11217.09576  
11152.63151  
11146.0555  
11166.90701  
11255.35829  
11243.39963  
11268.68484  
11118.23996  
11132.35498  
11150.86594  
11201.06093  
11194.05941  
11192.90842  
11151.38601  
11199.75304  
11162.50119  
11156.41661  
11129.21349  
11126.67345  
11107.13254  
11131.65424  
11167.80257  
11221.44602  
11199.10796  
11170.26812  
11174.89079  
11169.21761  
11213.81955  
11270.07981  
11204.47396  
11236.36317  
11214.49761  
11221.32319  
11259.30008  
11232.88086  
11210.30344  
11161.54102  
11171.67947  
11210.43397  
11215.8673  
11253.08355  
11200.60471  
11152.57319  
11110.49653  
11120.94721  
11153.37104  
11171.07156  
11196.24268  
11175.88504  
11190.52382  
11156.54709  
11186.62571  
11175.95822  
11193.76628  
11209.29498  
11161.77794  
11143.4394  
11106.95285  
11124.44569  
11196.86686  
11262.19021  
11230.14057  
11195.6543  
11194.68593  
11196.47081  
11155.39903  
11218.03065  
11217.88558  
11244.74615  
11247.67508  
11233.75098  
11209.01872  
11231.80474  
11175.12245  
11251.46593  
11298.59652  
11278.40299  
11202.7258  
11173.57585  
11166.84408  
11133.02143  
11154.38618  
11159.26145  
11214.90864  
11200.53798  
10978.30431  
11224.89079  
11157.66813  
11225.22043  
11184.04156  
11230.64388  
11271.62522  
11212.54319  
11149.61317  
11195.03402  
11216.01839  
11241.38921  
11316.28901  
11233.13677  
11193.84663  
11214.56977  
11216.1684  
11285.25184  
11244.89437  
11257.28939  
11235.98633  
11213.02604  
11064.26595  
11090.8087  
11049.30973  
11049.62891  
11061.49604  
11063.59554  
11096.20199  
11163.29915  
11201.23817  
11168.10693  
11144.44  
11075.45991  
11098.33339  
11112.18175  
11130.86328  
11137.75868  
11149.82628  
11272.33805  
11274.76855  
11259.64057  
11231.02436  
11168.6225  
11161.6875  
11175.8986  
11115.99208  
11141.4158  
11194.37923  
11250.64697  
11307.98763  
11276.15522  
11195.97607  
11090.79264  
11106.26459  
11112.22987  
11196.72477  
11180.92307  
11232.48508  
11197.83225  
11191.44857  
11219.05056  
11207.85352  
11212.08925  
11210.87207  
11141.17046  
11147.51318  
11171.18967  
11117.22423  
11181.37923  
11209.47472  
11188.35531  
11142.88211  
11201.86751  
11182.28874  
11184.33187  
11140.19021  
11116.47477  
11169.54921  
11122.25347  
11156.32823  
11169.17188  
11101.5121  
11206.40316  
11203.37191  
11225.00781  
11238.1652  
11241.80729  
11215.10634  
11184.55013  
11243.62581  
11265.74854  
11223.22591  
11126.68799  
11040.1849  
11069.19916  
11154.12267  
11196.56494  
11221.88645  
11247.73069  
11283.02631  
11262.29633  
11335.43886  
11272.19813  
11222.69043  
11148.51378  
11177.60769  
11207.60395  
11161.65706  
11193.38243  
11156.21083  
11093.39578  
11203.44396  
11101.04384  
11129.58746  
11132.95063  
11111.40831  
11153.81538  
11195.91249  
11143.19135  
11153.19732  
11124.41922  
11140.73774  
11171.39817  
11196.47238  
11189.74881  
11199.07091  
11162.92833  
11258.92942  
11101.13015  
11365.4496  
11181.30089  
11076.47879  
11048.56706  
11076.40918  
11035.18349  
11095.54384  
11127.8284  
11182.58198  
11248.55707  
11240.32796  
11234.65641  
11265.74734  
11246.61372  
11183.33832  
11227.57037  
11176.86854  
11136.01671  
11211.20747  
11197.88666  
11296.40207  
11283.30301  
11389.68604  
11368.05371  
11293.50374  
11206.02734  
11147.19851  
11148.36496  
11152.02306  
11130.49007  
11224.67318  
11275.07498  
11315.0268  
11316.37505  
11251.03445  
11170.9318  
11206.00732  
11177.31814  
11195.35981  
11232.10357  
11292.68061  
11263.07547  
11291.69477  
11325.79595  
11186.4758  
11149.15587  
11128.74159  
11190.27686  
11180.7353  
11082.51232  
11009.58241  
11060.31527  
11107.95741  
11135.48334  
11123.6512  
11144.46577  
11135.39681  
11163.73888  
11130.20204  
11127.28526  
11185.02653  
11139.29367  
11155.85373  
11132.46311  
11125.64524  
11159.61084  
11226.17681  
11232.36079  
11219.00391  
11207.03608  
11127.91113  
11159.24674  
11154.73188  
11185.82579  
11216.07123  
11247.95931  
11163.50911  
11159.00868  
11166.40283  
11172.12999  
11160.07867  
11177.47928  
11210.45893  
11204.70801  
11179.40001  
11155.45643  
11174.24137  
11216.14193  
11187.69575  
11230.70964  
11183.61502  
11183.4598  
11201.91607  
11220.78662  
11220.46701  
11225.92329  
11190.41466  
11137.22998  
11187.23166  
11229.68397  
11215.65039  
11247.90847  
11133.00043  
11149.09543  
11179.05903  
11229.20171  
11095.15658  
11265.93034  
11101.84478  
11112.12739  
11078.05176  
11107.26487  
11119.31934  
11126.25499  
11132.84294  
11181.72776  
11207.69477  
11281.40799  
11298.80084  
11244.78586  
11202.62766  
11173.26568  
11168.79053  
11211.86865  
11190.62451  
11217.34359  
11285.8533  
11250.21224  
11206.7392  
11185.01476  
11080.43387  
11113.16309  
11103.52284  
11111.43804  
11147.51481  
11162.58697  
11189.29818  
11162.62473  
11152.08295  
11217.19217  
11180.42372  
11216.14475  
11180.3929  
11141.55051  
11172.4739  
11169.48454  
11193.49501  
11231.19439  
11237.60607  
11324.19651  
11147.3648  
11135.06858  
11180.47369  
11136.23508  
11177.84738  
11146.22743  
11164.43755  
11176.49821  
11212.79221  
11191.10243  
11230.655  
11166.19775  
11181.09511  
11216.80295  
11217.68739  
11282.13439  
11214.19732  
11236.11903  
11238.78532  
11208.6594  
11115.57292  
11098.79112  
11072.78961  
11094.27235  
11114.4949  
11155.7041  
11158.40527  
11211.02203  
11211.50559  
11177.95231  
11181.04503  
11187.81424  
11231.43734  
11245.12679  
11275.91319  
11229.11182  
11231.19889  
11246.35455  
11201.36692  
11277.02984  
11209.69303  
11174.55317  
11176.39567  
11204.6052  
11172.50125  
11146.28581  
11103.27577  
11241.26649  
11191.53662  
11171.53722  
11152.81755  
11115.61751  
11162.0542  
11143.06923  
11208.44927  
11169.83268  
11205.60352  
11261.20443  
11270.56489  
11227.69238  
11172.63346  
11242.58561  
11207.39513  
11169.02154  
11102.58035  
11064.61811  
11187.71219  
11214.89898  
11235.1958  
11319.94504  
11317.32265  
11359.65039  
11375.30219  
11185.97938  
11094.75494  
11083.2736  
11140.79438  
11174.94775  
11143.26139  
11146.18305  
11098.14648  
11126.16417  
11222.15907  
11225.19444  
11261.0753  
11323.38151  
11328.40837  
11259.17052  
11210.45866  
11207.61621  
11268.73839  
11266.8048  
11210.41743  
11081.89648  
11065.82178  
11022.54123  
11083.25255  
11142.96251  
11215.59538  
11201.77192  
11271.72618  
11278.52382  
11251.58621  
11071.41428  
11148.76313  
11110.66569  
11143.32655  
11208.76264  
11196.45492  
11192.45497  
11192.63064  
11198.62495  
11188.36713  
11279.12804  
11274.94271  
11318.11404  
11256.96745  
11191.72027  
11136.83691  
11136.69965  
11138.1276  
11164.45687  
11165.46083  
11156.99045  
11126.20486  
11165.20399  
11189.12343  
11249.51405  
11255.75071  
11200.40278  
11154.56651  
11092.70068  
11111.52995  
11176.92578  
11135.20768  
11168.80018  
11140.06066  
11170.48508  
11221.5255  
11164.98302  
10980.01123  
11105.98785  
11182.81169  
11166.31966  
11248.29829  
11247.17133  
11266.29877  
11285.77295  
11208.39025  
11172.91043  
11066.66965  
11134.38265  
11205.93696  
11246.06966  
11247.9541  
11287.58485  
11246.36643  
11320.7353  
11286.96273  
11296.16911  
11290.02713  
11250.00705  
11169.06901  
11149.30843  
11182.57823  
11150.59283  
11061.08892  
10997.02762  
10913.31689  
11011.54829  
11116.79698  
11118.19922  
11169.53277  
11183.72586  
11095.0115  
11119.00342  
11117.84191  
11094.77002  
11161.52479  
11188.90565  
11179.34277  
11219.75071  
11231.36149  
11217.69564  
11222.28803  
11256.85639  
11223.76053  
11184.93441  
11091.85004  
11068.50293  
11036.60069  
11137.53451  
11186.40099  
11179.52024  
11274.41585  
11213.28158  
11207.64426  
11206.4426  
11233.65598  
11254.54747  
11269.93403  
11291.9158  
11193.57227  
11199.15723  
11125.51286  
11074.40598  
11226.47711  
11164.96544  
11100.44586  
11119.26383  
11124.54905  
11144.09831  
11245.60156  
11290.32189  
11317.37863  
11246.72629  
11252.20763  
11208.37429  
11154.15945  
11186.15717  
11159.03901  
11176.1747  
11269.28722  
11211.31798  
11181.86513  
11170.83789  
11188.65278  
11167.10661  
11208.93555  
11208.40826  
11232.67833  
11275.77496  
11223.14084  
11092.58382  
11131.88601  
11102.71533  
11133.91157  
11186.53803  
11190.71191  
11178.66547  
11218.00911  
11187.00363  
11217.26508  
11165.1862  
11087.96191  
11147.19591  
11121.70812  
11225.0772  
11232.12777  
11207.98872  
11168.70513  
11140.22591  
11150.19548  
11208.51676  
11202.58388  
11258.45557  
11276.72049  
11223.43359  
11212.94575  
11073.66802  
11221.45459  
11149.45454  
11198.86648  
11192.65696  
11261.05339  
11206.26628  
11251.27479  
11227.32633  
11197.18028  
11260.11556  
11232.40479  
11229.88954  
11211.8138  
11258.4745  
11256.19803  
11351.32666  
11293.75787  
11207.0663  
11157.76866  
11170.27322  
11157.31315  
11152.82259  
11091.24436  
11069.83936  
11115.28347  
11071.51893  
11083.24973  
11127.5089  
11197.64697  
11183.67719  
11175.23177  
11192.62397  
11211.43544  
11251.34077  
11270.5185  
11287.98839  
11183.97054  
11239.04026  
11284.68582  
11265.31212  
11219.54015  
11212.11089  
11174.61838  
11191.45567  
11245.15321  
11274.10536  
11223.81532  
11136.28635  
11140.55805  
11135.2474  
11143.60037  
11170.08599  
11230.77083  
11263.2915  
11241.06147  
11207.24457  
11181.82726  
11103.48709  
11099.79297  
11199.92887  
11178.45763  
11159.74392  
11207.78581  
11205.09049  
11158.97944  
11147.47206  
11177.24175  
11191.70904  
11199.37218  
11196.82113  
11192.64155  
11183.74186  
11088.39198  
11084.18164  
11169.47873  
11201.21316  
11186.93663  
11252.31527  
11242.93967  
11167.94792  
11135.95633  
11161.46582  
11138.7258  
11145.70801  
11172.11757  
11137.55935  
11153.77566  
11089.43343  
11146.91222  
11186.04281  
11228.16846  
11252.06966  
11203.0466  
11102.4579  
11109.01264  
11115.64393  
11107.8374  
11139.87484  
11164.0925  
11148.31955  
11156.65479  
11189.89871  
11189.17795  
11201.25488  
11206.49588  
11223.39068  
11292.62576  
11315.90782  
11268.62929  
11175.78912  
11094.60395  
11094.70535  
11107.24251  
11148.09619  
11125.72754  
11171.14502  
11148.87473  
11160.34852  
11152.25347  
11150.42942  
11129.10015  
11173.09907  
11105.18902  
11299.55073  
11169.93327  
11117.94065  
11160.26926  
11196.4566  
11237.08404  
11219.51232  
11235.60183  
11307.00749  
11283.23155  
11261.93604  
11261.40929  
11249.29508  
11264.23334  
11259.68864  
11209.54015  
11176.55583  
11148.7736  
11147.45535  
11149.49083  
11165.21181  
11134.24414  
11127.67247  
11137.54633  
11143.60818  
11197.3641  
11234.64909  
11230.28874  
11169.63976  
11181.94786  
11209.18571  
11198.45448  
11246.33984  
11250.32775  
11222.86019  
11253.96701  
11233.45383  
11192.53071  
11208.90582  
11274.01443  
11204.91922  
11158.37668  
11146.83295  
11200.37999  
11180.33887  
11195.68056  
11172.46495  
11154.88699  
11188.87717  
11207.17057  
11189.64393  
11216.1849  
11196.5025  
11184.39893  
11143.6339  
11179.26714  
11221.19602  
11219.39149  
11156.22586  
11134.76237  
11184.24186  
11205.9037  
11162.84983  
11187.22407  
11155.17931  
11145.02127  
11180.41173  
11233.09473  
11290.35731  
11262.81749  
11279.44124  
11239.26183  
11166.07373  
11134.8871  
11194.83295  
11150.93305  
11154.05632  
11128.7698  
11151.3705  
11159.02387  
11136.08653  
11215.86447  
11217.78754  
11224.09847  
11293.3712  
11239.04633  
11176.98481  
11147.21902  
11143.632  
11153.35731  
11110.6065  
11131.09456  
11154.62712  
11150.03814  
11170.27903  
11175.12196  
11217.53765  
11227.88742  
11220.75651  
11228.69862  
11267.78635  
11209.48085  
11192.33838  
11113.28261  
11170.68696  
11187.50591  
11165.78228  
11141.98589  
11177.27349  
11175.33013  
11125.20323  
11191.9566  
11210.67985  
11201.08295  
11225.5127  
11211.6397  
11213.95291  
11166.09304  
11193.27903  
11217.7321  
11223.88829  
11128.7328  
11190.39665  
11204.62961  
11209.18929  
11174.31429  
11179.59695  
11161.31402  
11218.79731  
11180.40978  
11194.90668  
11188.00749  
11173.74479  
11192.40229  
11153.72922  
11118.36762  
11140.72184  
11200.65717  
11230.71251  
11242.93061  
11326.97862  
11267.94293  
11223.38683  
11149.47987  
11138.6263  
11162.84098  
11181.40761  
11150.89648  
11098.14453  
11085.90001  
11151.80051  
11128.74452  
11152.6939  
11095.70508  
11169.3673  
11242.4241  
11256.74474  
11227.88623  
11136.99474  
11113.98589  
11177.88954  
11155.1652  
11201.38444  
11211.3163  
11238.07199  
11280.56353  
11219.17665  
11235.34559  
11223.63531  
11212.85189  
11241.43614  
11278.40403  
11193.31711  
11111.28706  
11065.12288  
11099.48768  
11165.04129  
11203.89095  
11162.4196  
11155.52441  
11144.98009  
11096.8839  
11087.46598  
11158.73508  
11201.61051  
11216.62858  
11236.21577  
11211.21794  
11206.94542  
11224.94803  
11230.55751  
11188.07199  
11166.02414  
11211.77398  
11183.63194  
11191.07476  
11174.1352  
11167.92312  
11188.59825  
11220.52789  
11172.54047  
11190.27376  
11251.93896  
11249.40164  
11194.47038  
11216.90565  
11222.20497  
11202.46967  
11202.75499  
11199.86144  
11204.33295  
11140.38167  
11164.13569  
11179.83426  
11145.13791  
11138.38363  
11103.29894  
