9037.812784  
9011.997889  
8974.087434  
8945.812705  
8937.063729  
8790.877237  
8807.999669  
8889.553963  
8939.81313  
8923.311445  
8991.980658  
8962.60706  
8899.339796  
8923.583732  
9029.428947  
9059.91014  
9091.707535  
9112.420347  
9141.49926  
9158.317871  
9137.61377  
9089.879584  
9059.450432  
9047.520256  
9061.758632  
9058.878339  
8998.727413  
8926.259655  
8977.538149  
8989.070864  
9035.337812  
9003.431546  
8988.017972  
9048.916661  
9041.716923  
8989.673938  
8962.183767  
8948.657951  
8818.813603  
8830.723759  
8845.765735  
8879.603004  
8943.015467  
8960.990486  
8994.952495  
9024.809003  
8990.217317  
9028.586394  
8864.31984  
8862.126544  
8979.345309  
9019.068265  
9076.722215  
9066.558641  
9007.734674  
9102.588284  
9054.079369  
9048.068107  
9038.306263  
8890.505355  
8875.922111  
8877.430837  
8828.507387  
8881.593797  
8939.251355  
8910.755529  
8960.318202  
8991.067446  
8955.618904  
8945.366998  
9165.133742  
9036.008348  
8989.527722  
8962.661747  
8902.21508  
8937.19128  
8989.154517  
8964.993904  
8979.734233  
9046.101878  
9128.273784  
9222.866904  
9232.873094  
9178.65269  
8978.088064  
8863.697218  
8808.102775  
8797.432515  
8946.980721  
8922.128843  
8929.241101  
9053.207126  
8965.558972  
8922.978232  
8846.906801  
8831.513656  
8893.625961  
8872.95218  
8907.530777  
9007.567084  
9019.036054  
9048.366746  
9134.393523  
9165.638845  
9116.406345  
9060.919985  
8881.070186  
8725.997023  
8746.298356  
8774.077463  
8836.833315  
8915.99392  
8888.188162  
8950.951644  
8958.157305  
8973.77013  
9130.415417  
9086.032825  
9081.030951  
9040.202747  
9077.887695  
9075.153305  
9010.188256  
8947.272933  
8852.138971  
8848.054703  
8893.858556  
8884.521949  
8840.083008  
8852.253528  
8832.108698  
8925.990534  
8973.230831  
8961.199597  
9000.562784  
8905.505088  
8930.893224  
8974.433515  
8968.200054  
9047.751638  
8974.005277  
9005.71215  
9075.49244  
9054.5129  
9117.210355  
9054.06417  
9021.878197  
9007.283219  
8946.271689  
8992.717758  
8988.580267  
8962.752394  
9054.167606  
9054.676018  
9160.49926  
9116.520571  
9007.983556  
9048.59364  
8988.981997  
8984.443722  
8966.195817  
8903.53325  
8934.301474  
8854.462292  
8881.804388  
8970.988045  
8999.387617  
9003.602539  
8927.628875  
8854.60865  
8849.085307  
8887.833654  
8969.817682  
9005.940052  
9005.636719  
9021.656597  
8981.810326  
8982.349121  
9119.954385  
9108.411338  
9161.905352  
9086.840805  
8902.557932  
8866.748582  
8880.950258  
9020.251433  
9016.988439  
8983.176852  
8999.978657  
8972.791094  
8981.119944  
9002.246551  
9085.923182  
9018.262774  
8906.636735  
8820.890263  
8839.69621  
8938.715301  
9005.721081  
8967.707614  
8998.641554  
8981.818722  
8967.301978  
9026.025769  
9011.218876  
8981.015515  
8914.383994  
8915.051474  
8897.157305  
8930.314532  
8942.654124  
8976.671465  
9051.233887  
9072.177152  
9042.026225  
8963.434476  
8805.342143  
8751.752599  
8879.463615  
8900.753859  
8954.229319  
8934.790716  
8928.93027  
8974.672836  
8905.005182  
9000.136735  
9036.047143  
9122.102413  
9121.361454  
9069.820234  
9007.948148  
8923.780179  
8964.141602  
8977.252945  
9013.75493  
9037.446447  
9010.817808  
9043.369519  
8967.093514  
8965.463017  
8981.945628  
8949.527722  
8960.406423  
8954.733272  
8972.015042  
8996.066627  
8990.053034  
9018.184728  
8926.752016  
8850.488392  
8787.766995  
8778.234596  
8934.304357  
8968.931326  
8971.109533  
9024.032683  
8951.173214  
8944.678553  
8938.321888  
8948.623173  
8979.999937  
9073.408093  
9152.660676  
9103.996677  
8946.358131  
8852.272398  
8795.66611  
8921.127772  
8939.382419  
8975.005277  
9043.305097  
9057.817036  
9032.039267  
8949.896406  
8867.131064  
8908.796087  
8890.032998  
9011.067131  
9061.418646  
9031.521169  
9089.408172  
9028.970892  
9038.244188  
9109.689437  
9153.935956  
9213.778462  
9160.476011  
9012.218136  
8877.224735  
8821.099814  
8917.91285  
8869.414488  
8858.888798  
8996.569336  
8982.126843  
8989.031534  
9018.714229  
9052.394106  
9077.241825  
9100.97546  
9073.23365  
9080.710591  
9054.03744  
8874.91181  
8844.654706  
8916.797789  
8873.266838  
8788.825621  
8897.676978  
8921.980973  
9005.902785  
9091.549931  
9015.133285  
8992.799474  
8928.703881  
9016.511309  
9058.715962  
8969.21245  
8844.722184  
8806.360525  
8829.269185  
8868.755387  
8951.173497  
9029.758017  
9061.202574  
9050.470908  
9000.616589  
9014.662346  
9062.337938  
9021.278242  
9014.919229  
9038.723838  
9065.059807  
9034.97735  
8988.013073  
9061.222373  
9070.627678  
9143.70114  
9125.901619  
9147.756867  
9149.596333  
9028.924868  
8986.85906  
8878.793741  
8802.267074  
8885.404187  
8884.247937  
8967.677829  
8929.60665  
8929.354996  
8987.776855  
8961.152013  
9032.53596  
9047.829669  
9023.144799  
9006.0734  
8914.378323  
8895.886687  
8949.414535  
8987.631789  
9040.95344  
8990.529817  
8959.239132  
8935.453283  
8937.855674  
8888.379489  
8977.495117  
8888.386624  
8920.275973  
8945.22179  
8942.582079  
9032.96508  
9066.204275  
9057.871488  
9019.629347  
9023.715931  
9023.276887  
9046.35947  
9034.243952  
9029.676837  
9020.140184  
9026.291346  
9031.228689  
9077.160944  
8959.935578  
8852.882797  
8815.034132  
8852.718561  
8839.363943  
8920.556467  
8893.017673  
8923.942997  
8993.991746  
8996.637837  
9051.988155  
9038.187831  
9009.085827  
8940.999338  
8908.985005  
8979.395476  
9023.725869  
9079.588946  
9137.561586  
9082.636593  
8922.69547  
8918.783707  
8903.544985  
8986.438288  
9043.79363  
8994.458575  
9041.520429  
8979.777785  
9021.924742  
9014.070517  
9076.405746  
9178.400816  
9124.666567  
9034.787062  
8959.975476  
8835.829653  
8828.917559  
8900.898658  
8882.925639  
8930.091025  
8901.628512  
8934.030195  
8933.046434  
9017.371188  
9069.888184  
9004.146406  
9020.644374  
8997.889223  
8914.35665  
8927.222924  
8962.179372  
8997.964923  
8987.540984  
8949.848365  
8972.269437  
8914.977665  
8978.107012  
8990.095309  
9036.349373  
9056.851169  
9061.00263  
9055.428128  
9109.576692  
9141.14168  
9113.111092  
8930.328991  
8720.084551  
8778.393933  
8812.445832  
8943.712465  
8955.811712  
8996.367471  
8983.768885  
9025.127363  
9033.686082  
9067.343955  
9106.142373  
9050.717994  
8991.733477  
8866.247937  
8807.601689  
8782.906518  
8858.256285  
8934.125126  
8976.065304  
8997.53051  
8954.717632  
8979.258789  
8978.068722  
8983.575227  
9051.215931  
9081.252567  
9061.585512  
9056.695785  
8955.455157  
8944.08526  
8881.321919  
8780.443013  
8910.405966  
8912.512254  
8955.385159  
8978.035487  
9001.085181  
8981.997968  
9029.808373  
9018.736895  
9059.767137  
9109.771075  
9133.554924  
9053.850523  
8872.736864  
8831.653494  
8893.462339  
8976.684208  
9021.231445  
9001.835418  
9007.590238  
8991.260522  
9034.077668  
9066.290165  
9107.451093  
9115.446116  
8970.071273  
8853.935374  
8790.405053  
8906.618841  
8962.144311  
8979.287109  
9014.61996  
9032.429073  
8999.590316  
9016.224121  
8974.116825  
9003.655557  
9111.04834  
9083.502693  
9089.515987  
8965.143665  
8876.60895  
8900.873504  
8915.562799  
9015.965694  
9026.125599  
9060.290921  
8974.283707  
8920.098444  
8991.957094  
8977.310878  
8961.77643  
8989.05579  
8908.561838  
8945.404423  
9013.610178  
9003.031502  
9036.536133  
8998.727823  
9042.157589  
9023.282794  
8893.702196  
8823.055318  
8716.365927  
8754.660519  
8913.029376  
8986.607847  
9051.717647  
9014.68183  
9035.194698  
9062.133758  
9007.242597  
8987.552419  
8982.298875  
9028.968592  
9041.690288  
8933.670757  
8895.339718  
8802.050214  
8900.769389  
9033.134246  
9041.172426  
9022.527375  
9064.251733  
9032.804688  
9067.107879  
9094.790953  
9106.027123  
9162.744897  
9106.456937  
9051.605595  
8879.369251  
8808.811067  
8859.142877  
8973.557948  
8985.965883  
8936.23825  
8978.820817  
8991.651477  
8976.549836  
8974.559271  
8947.117471  
8907.253434  
8923.951912  
8959.095026  
8970.688508  
8846.329637  
8807.377615  
8845.857154  
8930.731461  
9010.787818  
9033.219364  
9010.29248  
8941.534904  
8896.536338  
8997.606367  
9019.681719  
8974.989226  
8995.776304  
8951.258506  
9022.516302  
9149.056184  
9129.84186  
9050.483257  
9062.779533  
8950.68876  
8889.814028  
9079.248614  
9059.003465  
9067.242014  
9125.01123  
9027.241542  
9046.697659  
9053.616573  
9008.642704  
8955.715726  
8983.676096  
8981.79341  
9029.445186  
9126.799253  
8998.618243  
8899.403572  
8898.517704  
8839.857516  
9030.977319  
8994.944572  
9000.945675  
9019.396406  
9041.008868  
9120.913196  
9032.797143  
8968.11462  
9015.856335  
8956.011577  
8857.271768  
8975.119755  
8913.049521  
8862.445202  
8982.875709  
8889.358005  
8829.343136  
8791.874685  
9026.7824  
8832.841545  
8986.599972  
8923.607186  
8910.09501  
8944.955299  
8942.770823  
9003.960717  
9091.126622  
9112.646752  
9112.185515  
8914.776761  
8840.945706  
8894.051033  
8884.574203  
8925.808405  
8977.759687  
8948.187484  
8992.502709  
8949.790417  
9053.787031  
9115.145413  
9121.161826  
9035.117613  
8891.76331  
8795.712969  
8829.804152  
8905.231288  
8956.556609  
9040.300151  
9002.775328  
9022.781329  
9044.974972  
9122.612399  
9091.101815  
9061.757513  
8938.566973  
8917.682633  
9026.277769  
9050.121031  
9143.041661  
9146.943249  
9085.576723  
8997.402659  
8974.070312  
9014.558389  
8998.061161  
8935.727586  
8840.297993  
8841.326266  
8940.237761  
9015.114573  
9085.045615  
9094.983131  
9024.067887  
8955.167449  
8914.502977  
8916.846191  
8939.917622  
8937.289771  
9016.695911  
9010.332756  
9023.278194  
8974.252914  
8897.984548  
8983.94054  
8984.841986  
8931.854886  
8869.733383  
8931.965143  
9000.148028  
8999.190508  
8997.143696  
9042.698384  
9082.318281  
9086.790512  
9032.11073  
8900.848208  
8896.362604  
8952.195265  
9006.564894  
9011.819651  
8987.610604  
9018.316847  
8980.479461  
8928.516759  
8853.02013  
8949.979933  
8982.904076  
9013.859076  
8915.082173  
8984.812484  
8995.362242  
8990.95544  
8900.111675  
8892.874055  
9008.394563  
9048.584299  
9020.821305  
8934.858257  
8890.254536  
8879.772414  
8958.73721  
9048.719853  
9008.129458  
8941.863612  
8948.934066  
8962.592254  
9004.806499  
9025.390924  
8925.775391  
8893.863911  
8924.689217  
8993.327022  
9009.091513  
9019.328283  
9014.701786  
9064.240234  
9047.327479  
9033.316501  
8998.793095  
9062.505985  
9115.836442  
9016.574959  
8977.842947  
8972.610147  
8944.843813  
8960.036448  
9007.784778  
8984.118983  
8904.692288  
8824.074534  
8883.66055  
9013.250047  
9057.009718  
9033.825762  
8992.287739  
8972.803931  
9026.060106  
9026.513609  
8970.298324  
8908.745542  
8915.465474  
8981.325668  
8989.00745  
8976.466309  
9033.127189  
9070.149461  
9016.196872  
8922.837513  
8887.986549  
8980.902281  
8957.755812  
8979.10717  
8988.169953  
8926.998173  
8992.41789  
8989.032353  
9008.194903  
8973.990675  
8998.674663  
9034.726263  
8920.338489  
8884.237856  
8923.896516  
8992.365943  
9027.863565  
9014.18257  
9034.327621  
8984.292039  
8909.556987  
8919.372748  
8954.80716  
8965.146343  
8921.078196  
8910.870527  
9000.928128  
9063.802041  
9060.324361  
9051.134529  
8982.431436  
8914.95815  
8874.795016  
8965.517232  
9011.631411  
9053.29026  
9049.273327  
9037.352854  
8962.139554  
8972.916205  
8922.196777  
8981.24696  
9000.369314  
9015.920835  
9007.032841  
9012.929766  
9062.117692  
9023.763341  
9004.997425  
9004.403179  
9033.064926  
8959.064185  
8962.620385  
8865.418331  
8842.49611  
8821.174033  
8906.746866  
8918.609785  
8948.988896  
8887.14535  
8829.598428  
8879.804766  
8978.151745  
9037.407242  
8996.757765  
8956.399146  
8993.287692  
9004.350665  
8992.448604  
9027.398138  
9052.845325  
9034.041299  
9032.421985  
8897.374953  
8821.147634  
8926.889554  
9015.92723  
9014.605437  
9008.407762  
8973.8598  
9052.510884  
8990.709126  
9011.693989  
9046.97064  
9040.466293  
9075.392436  
9151.407636  
9083.033361  
9072.203409  
8898.731776  
8807.511293  
8860.771185  
8886.718498  
8910.800655  
8924.736029  
8894.703645  
8954.820407  
8998.666126  
9055.889223  
9103.518397  
9063.956685  
9090.593104  
8987.224168  
8895.535928  
8829.040575  
8897.340994  
8978.353831  
9035.260632  
9031.316422  
9037.150643  
9004.053805  
8979.857154  
9042.077526  
9004.772303  
9051.754269  
9040.38664  
9061.710323  
9053.420662  
9005.840994  
8996.310862  
8889.976783  
8825.297978  
8853.860919  
8947.856697  
9035.141854  
9056.526777  
9034.87878  
8963.135427  
8937.297017  
8969.435326  
9006.21675  
8982.698904  
8971.751213  
8958.228421  
8991.487368  
9051.348901  
9086.086631  
9028.778557  
8963.840427  
8934.573226  
8981.107091  
9000.88727  
8959.119629  
8949.814532  
9022.247259  
9010.815319  
9022.462308  
9081.127693  
9031.534888  
8967.155415  
8838.778525  
8777.740203  
8863.789677  
8986.9808  
9056.859249  
9034.878056  
8966.521122  
9009.069919  
8952.597798  
9002.723964  
9014.099641  
9034.276178  
9058.415827  
9039.489494  
8960.6852  
8825.530557  
8848.129284  
8928.077731  
8924.852224  
9001.791283  
9060.538747  
9026.370621  
8966.358887  
8964.013703  
9022.634923  
9028.296276  
9008.695596  
8992.371598  
8897.226279  
8829.276918  
8897.447533  
8939.503087  
9053.25126  
9082.724011  
9021.668867  
8973.704385  
8981.533014  
8986.091986  
9058.482044  
8975.953724  
8910.84145  
8847.558925  
8909.775532  
8986.983509  
8988.614998  
9018.967474  
9014.440004  
8961.450699  
8984.336993  
8993.855831  
9050.286905  
9001.276981  
8901.745857  
8871.37793  
8958.830976  
9011.423671  
9059.216592  
9036.011262  
8994.258695  
9008.543174  
9012.240234  
9036.472373  
9056.264207  
9027.781943  
9058.791929  
9050.24192  
9026.732816  
9008.314138  
8985.001008  
8954.895114  
8958.573195  
8995.460181  
9040.369345  
9002.850476  
8939.510805  
8994.24266  
9010.798545  
8931.498756  
8839.274005  
8792.593246  
8848.313965  
8858.029297  
8948.474814  
9007.105941  
9033.597325  
9037.62615  
9033.338521  
9056.020933  
9076.632056  
9009.64042  
8949.153588  
8811.648611  
8832.516413  
8947.162157  
8990.84364  
9050.904045  
8980.69295  
8956.313902  
8994.833717  
9024.166567  
9032.6164  
8933.513294  
8993.524934  
8983.963993  
9016.174379  
8974.388987  
8886.341813  
8974.284101  
9060.923923  
9025.161747  
9049.929105  
8984.591261  
9002.189847  
9001.416394  
8936.050167  
8867.682822  
8816.369141  
8906.895051  
8971.416787  
9014.378591  
9036.49529  
9007.374071  
9032.187721  
9004.304073  
9048.574045  
9060.873771  
9025.915638  
9059.050923  
9014.634655  
8973.437311  
8918.893255  
9009.700605  
9003.658014  
8974.216324  
8954.714907  
9025.276178  
9085.623409  
9054.722089  
8959.554309  
8952.821273  
8926.180806  
8954.162928  
8961.948006  
9073.432964  
9036.885474  
8970.488943  
9083.077196  
9023.959394  
9052.480768  
9079.865644  
8907.090663  
8896.15395  
9302.50849  
9110.698904  
9098.660282  
9056.39135  
8941.742093  
8821.790937  
8607.038732  
8666.192446  
8727.507206  
8710.627197  
8714.61781  
8824.804435  
8845.148422  
8884.535802  
8901.548797  
8940.747732  
8957.622968  
8920.779769  
8942.670442  
9017.298419  
9012.836851  
9018.631316  
8957.752567  
8893.087607  
8816.923371  
8917.702637  
8920.787991  
9015.7199  
9034.566312  
9035.207047  
9095.143854  
9108.882828  
9085.000347  
9074.980926  
9044.437059  
9042.561949  
9076.75304  
9015.316312  
9103.627331  
9155.17386  
9106.089986  
9059.43676  
9052.562642  
9049.133395  
9087.455913  
9032.348586  
8973.350035  
8949.020429  
8911.063681  
8902.31869  
8982.418252  
8993.643114  
9005.30998  
9005.930444  
8984.145303  
8962.003339  
8936.96612  
8937.745495  
8980.436319  
8991.566643  
8955.808893  
8927.656691  
8949.712906  
8921.345467  
8962.271264  
8908.037283  
9013.96949  
9028.122149  
8945.185216  
8923.166567  
8929.103673  
8917.892389  
8944.756552  
8955.967238  
8979.068533  
9145.895098  
9078.743196  
9087.437815  
9081.899398  
8994.873252  
8948.548025  
8950.008002  
9007.346774  
9036.965505  
9101.84175  
9104.123661  
9075.107595  
9064.14409  
8998.167417  
9011.298466  
8994.346491  
9050.601499  
9057.682145  
8975.067336  
8922.856193  
8954.50011  
8920.22042  
8945.004347  
8881.50137  
8868.16663  
8902.409258  
8971.751244  
9062.871031  
9033.84427  
8999.570186  
8925.242629  
8922.58882  
8908.907479  
8995.88623  
8984.85339  
9055.990833  
8961.935358  
8922.747244  
8876.155399  
8887.362919  
8991.303853  
9020.842364  
9022.393129  
8997.373803  
8893.329401  
8908.942493  
8918.047395  
8983.14787  
9003.36577  
8954.801679  
8955.981776  
8955.859596  
9063.510411  
9049.261829  
9106.716718  
9100.088568  
9044.110068  
9048.945958  
8986.614904  
8928.539582  
8908.757954  
8990.042843  
8969.586867  
8903.55379  
8849.837702  
8931.401824  
8966.213568  
9051.339875  
9005.571667  
8960.530336  
9012.99077  
8943.874968  
8973.393712  
8975.278698  
8953.731461  
8973.009356  
8978.74496  
8925.193737  
8942.99685  
8987.537897  
9048.381426  
9007.983871  
8940.401178  
8923.978232  
8869.814248  
8921.276036  
8948.970672  
9044.567824  
9045.978279  
9045.223554  
9065.067162  
9047.117093  
9044.007608  
8968.742014  
8955.759939  
8936.987572  
8882.266413  
8875.092238  
8894.443013  
8897.189863  
8939.086237  
8948.005623  
8967.123614  
8912.848806  
8836.835276  
8913.11577  
8940.247779  
9006.96486  
9005.250347  
9043.448919  
9048.925151  
9070.206102  
9108.111769  
9072.176569  
9085.974987  
9065.239085  
8958.717474  
8941.710307  
8916.223838  
8917.377536  
8919.075369  
8862.718955  
8890.398816  
8948.508159  
9058.803963  
9102.009214  
9095.701723  
9029.296182  
8925.62426  
8865.113628  
8889.336394  
8983.480311  
9022.747779  
9091.100176  
9082.55872  
9079.942115  
9095.700778  
9015.407148  
8940.508931  
8882.382308  
8869.017783  
8959.04615  
8966.418552  
8999.965112  
9021.481823  
9053.05086  
9033.038779  
9029.019547  
9018.319493  
8938.061067  
8921.42345  
8900.493574  
9137.560342  
9008.57455  
9150.480815  
9121.104004  
8943.644358  
8899.338788  
8876.118432  
8923.163747  
8942.369156  
8957.948321  
8952.454968  
8947.948589  
8822.518066  
8822.54152  
8900.929341  
8957.124905  
8972.239085  
8947.146012  
8976.163621  
8972.976468  
8958.719333  
8974.625394  
8978.481351  
8982.741069  
8928.409274  
8988.029612  
9028.583827  
9093.090773  
9105.383128  
9149.034006  
9177.979445  
9170.02013  
9199.009718  
9121.854256  
9063.954117  
8972.167654  
8826.126481  
8861.383191  
8894.331354  
9012.133868  
9037.506615  
9039.468766  
9016.676821  
9063.428868  
9002.948604  
8936.605154  
8832.369928  
8849.721065  
8854.165622  
8858.650265  
8875.084016  
8881.370401  
8921.009435  
8966.904029  
8914.3988  
8939.674001  
8972.205692  
8998.229177  
9066.755308  
9086.322911  
9081.127819  
9032.01468  
8875.194415  
8804.182538  
8867.493826  
8881.191784  
8971.637648  
8996.589765  
9022.435563  
8970.875221  
9027.200101  
9059.279391  
9068.813209  
9107.881647  
9024.908046  
8922.08107  
8775.878607  
8819.613927  
8899.41926  
8931.352004  
9007.146453  
9007.364683  
9048.624874  
9048.927152  
9076.377363  
9075.269799  
9002.290874  
8915.897981  
8842.461174  
8842.152391  
8861.190871  
8911.172521  
8973.947565  
8996.744534  
8978.336772  
8993.48291  
9010.978957  
9058.163228  
9021.972168  
9076.988565  
9081.91589  
9139.191832  
9101.03366  
8968.108414  
8944.59186  
8946.168914  
9054.876811  
9054.848916  
9066.792843  
9084.026036  
8981.611643  
8998.32006  
9032.841844  
8949.938697  
8944.962402  
8930.534589  
8980.787787  
8943.201014  
9018.277596  
9103.002189  
9006.07455  
9007.700605  
9014.901981  
8959.796686  
8916.167717  
8881.155951  
8820.969223  
8892.075825  
8864.394263  
8868.350208  
8900.062295  
8932.699187  
9005.029864  
8935.252394  
8956.439595  
8948.757371  
8937.333055  
9006.250095  
9032.036038  
9045.083764  
9050.075117  
9063.676333  
9028.14209  
8985.72494  
8898.078361  
8895.332929  
8911.869755  
8928.49192  
8969.304829  
9044.037456  
9048.97242  
9038.589088  
9037.409243  
8999.074376  
8991.525532  
8995.156045  
8978.395539  
9042.732784  
9059.065808  
8973.767106  
8897.19588  
8868.57614  
8934.651761  
9016.276399  
9002.72042  
9020.926821  
8941.154439  
8934.157038  
8993.100066  
8991.111927  
9034.668867  
9060.090679  
9048.001764  
9020.510506  
8930.253512  
8899.97872  
8925.776635  
8976.847987  
9020.01668  
9012.330755  
9035.053947  
8898.763892  
8892.968592  
8892.939343  
8920.888656  
8977.017232  
9063.288448  
9032.441485  
9006.812027  
9024.292417  
9063.202715  
9002.878197  
8951.699534  
8950.297474  
8885.313429  
8886.967679  
8894.988297  
8951.439689  
8965.596664  
8985.231099  
9069.230469  
9042.758584  
9049.882214  
8989.84123  
8948.628906  
8966.205377  
9015.064611  
9037.857705  
9037.244802  
9002.491683  
9016.828897  
8995.361564  
9009.198762  
9017.604224  
8960.155289  
8900.39094  
8858.820328  
8846.782479  
8920.827589  
8889.352508  
8960.416866  
9039.198478  
9040.814185  
9008.470357  
8993.486643  
8952.610777  
8996.935972  
8947.160235  
8945.810893  
8967.381143  
8905.978358  
8943.526336  
8983.124748  
8977.870086  
8973.169701  
8985.026194  
8971.14776  
8957.416488  
9017.05379  
9045.190398  
9039.46319  
8977.63653  
8951.289866  
8947.739478  
8887.913527  
8949.349137  
8936.151792  
8950.039976  
8994.889916  
8989.382151  
9003.926679  
9046.311397  
8966.056105  
8953.478705  
8871.307034  
8928.302388  
8984.61262  
8986.499653  
9022.552939  
9036.279265  
9005.255324  
9040.343813  
9009.725365  
8873.192036  
8905.401588  
9000.365612  
9072.093545  
9138.572565  
9064.53974  
9050.624086  
9089.041803  
8971.991967  
8959.670473  
9023.227051  
9024.114006  
9077.021988  
9042.043914  
9077.733556  
9042.997685  
9163.860226  
9113.204259  
8980.193344  
8986.214812  
8933.56847  
8974.563382  
8944.351358  
8916.640586  
8906.46341  
8899.40258  
8847.171213  
8841.077794  
8871.547379  
8872.294103  
8899.335906  
8958.286432  
8973.296402  
8899.132214  
8891.61451  
8938.810043  
8970.184334  
9045.220735  
9048.705629  
8903.919733  
8922.087599  
8915.400517  
8893.759939  
8942.943233  
8899.61136  
8926.425198  
8992.765373  
9005.433673  
9074.098255  
9111.41014  
9071.755119  
9070.307349  
9024.362116  
9066.069163  
9083.505985  
9029.2563  
9057.302152  
9044.499669  
8918.531408  
8865.684507  
8976.074455  
9014.785188  
9057.189815  
9074.814752  
9012.812626  
9022.977917  
8942.072565  
9003.519783  
9044.135522  
8998.220687  
9008.507907  
8905.440571  
8799.918473  
8813.11829  
8844.158628  
8828.61629  
8876.055916  
8830.518114  
8931.763766  
9016.932475  
8986.43646  
8991.464119  
9046.991699  
8996.982705  
9001.460496  
9038.209961  
9019.460449  
9066.256631  
8988.063429  
8887.624732  
8846.870448  
8886.173182  
8998.422143  
8991.702054  
9062.163165  
9085.359485  
8969.345388  
8971.519374  
8989.268602  
9022.33537  
9061.279171  
9007.744849  
8996.985478  
9004.25619  
8972.159636  
9024.212717  
9021.576707  
9101.966104  
9142.606477  
9076.948809  
8987.515704  
9008.077652  
9040.501859  
9034.488502  
9022.538054  
9053.394263  
9021.750914  
8983.015704  
9026.542181  
8876.87867  
8868.337985  
8830.939012  
8800.471601  
8891.679656  
8930.413511  
8938.102366  
9015.613265  
9064.563319  
9063.579732  
9036.924915  
8969.686681  
9005.243448  
9050.561665  
8962.281234  
8945.117487  
8842.575085  
8912.924143  
8998.673844  
9041.744204  
9117.915055  
9011.2692  
8955.553569  
8947.688319  
8877.370078  
8906.586158  
8833.381348  
8824.120794  
8932.823116  
8984.737021  
9074.76468  
9105.511482  
9061.823069  
9071.114982  
8970.384655  
8978.97105  
8907.505261  
8853.223696  
8899.318958  
8968.769311  
9062.616904  
9088.631474  
9029.958937  
9020.955771  
9016.896201  
8975.284888  
9047.402013  
8978.329259  
8926.068548  
8858.126433  
8850.179829  
8925.78996  
8925.606587  
8953.274351  
9020.517862  
9008.615518  
9032.600428  
9003.389759  
8928.135679  
8978.218277  
8997.340474  
9093.583181  
9106.087875  
9136.213237  
9123.181672  
9018.788621  
9005.870558  
8953.377867  
8967.978358  
9027.185216  
9015.076377  
9011.880749  
8983.751544  
8903.388593  
8872.872574  
8776.685846  
8840.041567  
9007.490203  
9042.920709  
9062.08704  
9082.406218  
9091.911731  
8967.247385  
8868.179955  
8813.566296  
8863.01331  
8980.345971  
8968.251481  
9000.161731  
9001.079338  
9025.159605  
9090.611186  
9062.310279  
9021.85865  
9073.772996  
9034.583276  
8952.696447  
8820.432554  
8852.94432  
8884.684287  
8923.874165  
8959.487714  
8925.362336  
9022.516145  
9009.851389  
9040.558294  
9028.482863  
9004.479382  
9009.011703  
8974.830614  
8996.413574  
9035.117203  
9002.269185  
8960.996236  
8861.446069  
8850.929656  
8907.815367  
8917.272288  
8974.00252  
9009.748267  
9051.89776  
9057.171985  
9060.413448  
9047.027328  
9057.837009  
8972.52087  
8900.236139  
8926.790716  
8956.731587  
8977.903998  
9034.437484  
9030.858887  
9011.782463  
9074.813587  
8996.663621  
8979.838473  
8925.778462  
8955.51427  
8969.765026  
8944.150973  
8895.644878  
8894.6898  
8964.538322  
8962.699833  
8988.023926  
9014.074203  
9002.779344  
8984.290653  
8961.715017  
8924.838174  
8978.613533  
8993.754694  
9027.733367  
8997.196226  
8945.644326  
8969.625425  
8982.174364  
9021.806578  
9052.499071  
9122.569871  
9132.830992  
9061.002111  
8982.063209  
8888.476184  
8825.058814  
8920.186807  
8983.670772  
9076.075558  
9108.529045  
9028.042985  
9010.473255  
8960.583717  
8994.915905  
8927.846207  
8977.73773  
9006.696903  
8867.151588  
8874.101956  
8896.628308  
8976.172789  
9035.978264  
9025.032825  
8970.766176  
8942.180239  
8883.199896  
8909.403635  
8995.029785  
9046.837528  
9128.603342  
9139.073557  
9033.603059  
8902.098318  
8887.766145  
8787.781675  
8784.039756  
8938.703393  
8983.564091  
8979.617755  
9001.963678  
8909.475995  
8932.517594  
8943.124291  
8975.076077  
8990.262601  
9005.050892  
9027.610226  
9044.213095  
9040.44054  
9034.080062  
9077.353579  
8991.29793  
8918.079606  
8883.240187  
8973.975633  
9017.151997  
9060.606099  
9045.211127  
9048.474373  
9056.260144  
9073.550057  
9029.214544  
8930.830425  
8802.95607  
8846.216561  
8969.697738  
8947.023154  
8956.413889  
8959.938288  
8966.62122  
8984.304042  
8985.737431  
8995.787944  
8941.533471  
8966.897351  
8977.305633  
8985.419119  
9047.765909  
9053.65395  
9066.218514  
9073.362856  
9041.425876  
9020.375158  
8988.456354  
8939.479539  
8939.760285  
8964.507812  
8955.959079  
8987.215442  
8976.864746  
9055.674553  
8978.253087  
8902.674946  
8828.366809  
8813.897965  
8880.387569  
8989.245826  
9046.009545  
8991.472451  
8971.203157  
8982.293945  
8995.022981  
8970.071651  
8988.423891  
8963.803144  
8927.759482  
8924.642846  
8900.891428  
8898.315508  
8937.341387  
9009.629521  
9075.48543  
9001.41496  
9010.296828  
9016.605485  
8991.755907  
9005.647839  
9046.662897  
9111.48291  
9126.045127  
9105.309964  
9031.569068  
8913.263152  
8872.000362  
8930.603547  
8962.10969  
8967.165701  
8962.981162  
8998.992849  
9068.474326  
9034.265846  
8964.491904  
8834.891019  
8790.149241  
8900.335024  
8912.737273  
8953.680979  
8949.915543  
8994.520681  
9054.785204  
8966.33274  
8964.345829  
8944.301569  
8987.172285  
9036.724342  
9063.484863  
9047.87207  
8966.638625  
8883.50808  
8870.295347  
8905.586095  
8947.366211  
9003.731556  
9017.975318  
9017.179861  
9031.380166  
9039.698573  
8989.162046  
9025.784054  
9082.85928  
9101.871992  
9083.201408  
8968.369928  
8950.639995  
8984.400154  
8991.066217  
9038.673167  
9003.993148  
9033.367471  
9052.232674  
8941.926632  
8908.980847  
8905.796623  
8932.416898  
8954.79426  
8926.238061  
9006.252504  
9030.066737  
9064.93624  
8978.219585  
8900.313965  
8829.596475  
8920.58011  
8941.371141  
9000.941375  
9013.075731  
9017.09197  
9058.380056  
9023.612478  
8991.173639  
8963.373992  
8987.660519  
9018.597908  
8968.158219  
8841.884734  
8795.971947  
8836.334725  
8970.449991  
9035.245416  
9037.534463  
8968.774005  
9033.204921  
9043.630718  
8991.743841  
9064.516791  
9063.135159  
9009.162283  
8882.963631  
8853.300135  
8955.202164  
8959.344664  
9004.391633  
8988.40951  
8964.551884  
8925.502851  
8917.13256  
8938.229571  
8988.791472  
9005.347735  
9041.629851  
9040.245227  
9063.590789  
8995.15677  
8922.420127  
8843.556515  
8803.128134  
8827.20155  
8951.318769  
9015.763514  
9046.589781  
9034.485541  
8932.077731  
8909.156203  
8956.647666  
8990.585386  
8964.016665  
8969.224562  
9007.962544  
9016.634545  
9056.232217  
9025.661857  
8961.296875  
8980.538464  
8991.283298  
8988.538432  
9070.090017  
9111.652044  
9087.040433  
8995.428979  
8944.494708  
8865.222577  
8927.600791  
