10237.04447  
10231.28638  
10248.83768  
10252.33855  
10247.39829  
10247.03672  
10244.83759  
10241.74498  
10249.66082  
10194.47503  
10160.57417  
10209.61635  
10234.54109  
10196.54567  
10233.18421  
10230.92345  
10256.50543  
10213.08168  
10218.30401  
10230.80296  
10259.63234  
10298.03032  
10264.84496  
10249.6095  
10228.41126  
10220.46199  
10227.31114  
10243.47797  
10277.85844  
10258.77782  
10269.83077  
10241.70948  
10224.68921  
10266.65985  
10240.73662  
10250.47629  
10221.87962  
10209.31385  
10178.76364  
10181.53789  
10202.76586  
10168.41493  
10210.86794  
10218.52583  
10206.03099  
10249.54418  
10248.1249  
10250.58422  
10233.46476  
10238.80609  
10249.27655  
10274.44183  
10297.6844  
10275.56997  
10245.28461  
10210.67533  
10185.25071  
10210.28275  
10232.36242  
10246.2218  
10252.54718  
10210.24249  
10214.76363  
10204.63634  
10205.50157  
10194.44039  
10162.12877  
10180.13942  
10171.54978  
10165.93923  
10214.65838  
10203.18108  
10234.00269  
10190.61598  
10217.48361  
10234.55864  
10283.6683  
10276.06584  
10295.3195  
10275.41122  
10295.13569  
10265.35524  
10303.42755  
10250.1751  
10226.96847  
10258.71084  
10268.72759  
10196.16358  
10226.0142  
10259.62267  
10196.54443  
10178.53645  
10216.58003  
10212.30493  
10275.761  
10282.67604  
10228.55894  
10212.88191  
10223.96391  
10205.56523  
10197.40763  
10205.52854  
10240.35721  
10246.19405  
10255.50942  
10227.37544  
10204.17716  
10200.2727  
10226.61934  
10223.3406  
10206.9143  
10231.67095  
10241.01437  
10234.06677  
10248.37004  
10262.62596  
10278.33167  
10275.77418  
10290.62597  
10268.75613  
10291.53649  
10281.98574  
10262.02549  
10250.81319  
10235.29191  
10222.41649  
10225.66717  
10187.94155  
10216.53624  
10187.0117  
10188.18553  
10207.14695  
10177.52404  
10245.25086  
10252.83833  
10260.70731  
10241.92154  
10261.72896  
10252.86408  
10246.12065  
10196.52406  
10255.74629  
10267.08554  
10271.2928  
10274.76429  
10236.36068  
10215.30549  
10217.3773  
10238.62931  
10241.0105  
10230.68976  
10266.33713  
10261.2903  
10240.98087  
10261.77994  
10247.47314  
10251.37799  
10215.46606  
10268.47165  
10255.1187  
10208.80234  
10156.78072  
10175.28378  
10205.49403  
10185.87648  
10192.40591  
10217.37768  
10251.61062  
10227.47536  
10207.02909  
10228.63486  
10216.17581  
10288.31986  
10222.34966  
10210.26783  
10232.84436  
10224.54492  
10247.16502  
10246.39233  
10264.06908  
10258.9419  
10263.99861  
10273.04252  
10287.87561  
10262.93228  
10271.05375  
10238.52393  
10188.7573  
10224.37681  
10212.3109  
10231.12802  
10243.52238  
10255.30805  
10227.59281  
10232.43777  
10290.87162  
10237.51208  
10223.42097  
10187.06736  
10160.64879  
10224.02611  
10212.26167  
10186.0027  
10238.8134  
10262.65889  
10227.06564  
10221.68287  
10182.10182  
10214.05171  
10156.23723  
10215.88544  
10244.33987  
10226.9679  
10265.31407  
10201.20836  
10223.74826  
10243.82492  
10195.06298  
10244.68156  
10253.63548  
10235.47915  
10241.11015  
10240.14846  
10258.90131  
10215.30695  
10299.60339  
10262.77688  
10239.86527  
10239.73538  
10275.56023  
10250.47811  
10238.74769  
10226.14262  
10238.50456  
10181.52288  
10272.26611  
10260.47974  
10285.28312  
10216.00014  
10220.43289  
10210.9309  
10219.86751  
10212.91766  
10233.50779  
10202.87762  
10227.81527  
10262.99706  
10255.09356  
10233.1667  
10219.35604  
10199.77734  
10223.93392  
10214.55324  
10193.38743  
10203.83668  
10234.9651  
10240.09619  
10207.25203  
10245.80419  
10230.57176  
10238.07492  
10269.10268  
10244.33178  
10231.95011  
10224.47281  
10238.20501  
10211.54854  
10231.9526  
10228.96189  
10195.14917  
10186.17359  
10236.95298  
10242.01858  
10223.0965  
10239.30667  
10217.3463  
10258.81515  
10250.48631  
10228.24831  
10229.94711  
10228.32619  
10223.8739  
10230.75561  
10260.26889  
10256.64499  
10314.88127  
10309.79637  
10252.58903  
10234.24624  
10177.60438  
10181.79731  
10235.41352  
10239.26499  
10235.10882  
10249.07185  
10249.30773  
10242.36094  
10261.07195  
10209.03642  
10225.09027  
10212.38915  
10130.91749  
10134.32366  
10326.90674  
10234.85945  
10187.56729  
10173.20998  
10189.74192  
10219.43092  
10231.42461  
10262.23312  
10245.45577  
10225.19516  
10178.41626  
10224.98003  
10255.25247  
10254.48401  
10223.63979  
10204.19544  
10151.42637  
10171.81986  
10179.38885  
10216.52841  
10223.62974  
10242.90491  
10244.32879  
10262.40041  
10244.43369  
10275.33439  
10230.24935  
10256.06358  
10254.65639  
10247.69233  
10242.3427  
10211.88141  
10231.79902  
10221.31752  
10270.3405  
10283.89041  
10244.47844  
10288.67839  
10304.93632  
10337.8512  
10298.05309  
10284.14551  
10259.65598  
10223.96705  
10210.76772  
10231.79725  
10242.2193  
10206.76679  
10230.91833  
10240.40608  
10226.86736  
10237.48839  
10232.14536  
10180.54886  
10210.98839  
10190.78044  
10193.88777  
10235.68442  
10192.48538  
10219.00309  
10200.26001  
10207.98974  
10209.83841  
10245.60114  
10200.41171  
10250.95414  
10218.15607  
10164.50895  
10237.194  
10224.74443  
10223.60056  
10217.90483  
10231.28115  
10264.21547  
10222.57325  
10229.10793  
10225.4242  
10273.56278  
10297.7128  
10241.53587  
10247.16396  
10218.30718  
10203.64605  
10209.77356  
10228.726  
10228.16468  
10234.74696  
10211.53934  
10196.52258  
10243.52042  
10244.36863  
10263.18352  
10270.10716  
10248.6253  
10277.16418  
10212.08766  
10216.87452  
10207.74793  
10176.01826  
10213.78255  
10224.81873  
10250.10885  
10240.16907  
10184.96114  
10175.6788  
10233.17822  
10257.89568  
10234.48738  
10217.31356  
10223.30109  
10207.59225  
10240.95321  
10287.87248  
10285.43632  
10252.10055  
10214.73484  
10235.00757  
10227.95603  
10219.05482  
10214.81771  
10202.85169  
10223.19999  
10211.79654  
10264.50921  
10237.91737  
10273.0081  
10265.0509  
10244.3688  
10258.01113  
10205.14097  
10211.77089  
10197.99468  
10215.95099  
10276.55945  
10254.40327  
10257.72822  
10247.94233  
10213.70498  
10226.81707  
10253.86393  
10250.22081  
10245.85713  
10226.05223  
10255.99118  
10243.71123  
10238.57498  
10251.03313  
10258.44404  
10232.34359  
10247.06401  
10234.76897  
10218.2002  
10214.40467  
10223.14315  
10207.3417  
10225.75057  
10226.96546  
10249.46927  
10251.52109  
10259.78277  
10249.00218  
10233.46793  
10169.2041  
10201.97694  
10243.13883  
10243.58226  
10254.15518  
10264.89405  
10250.28958  
10238.10229  
10237.68767  
10255.23912  
10238.56049  
10246.34617  
10226.19165  
10284.52107  
10243.83414  
10238.42141  
10226.08378  
10172.51482  
10160.05842  
10181.91221  
10180.49866  
10200.35682  
10249.75777  
10254.12199  
10231.35126  
10239.25403  
10252.09117  
10264.7608  
10296.56382  
10216.61419  
10256.84304  
10270.57244  
10237.78858  
10226.13353  
10223.78564  
10235.7736  
10255.18869  
10226.86532  
10211.22654  
10260.61088  
10266.91216  
10252.07174  
10282.58046  
10247.46788  
10207.91214  
10210.15066  
10203.71955  
10181.72988  
10242.94221  
10213.95875  
10220.81923  
10222.87374  
10216.43306  
10196.85086  
10234.10942  
10203.01051  
10225.61855  
10182.32946  
10239.76829  
10256.36473  
10273.39029  
10267.68393  
10220.8818  
10229.68399  
10249.62493  
10280.90655  
10254.06301  
10258.98601  
10228.73859  
10264.66049  
10235.90082  
10235.0888  
10211.39296  
10236.52776  
10233.66855  
10265.44585  
10270.12395  
10248.33615  
10223.78706  
10207.36966  
10172.69625  
10235.32638  
10221.82622  
10227.57716  
10249.817  
10211.72215  
10192.20569  
10174.54566  
10222.54742  
10229.01545  
10235.75874  
10292.13483  
10230.74881  
10237.69901  
10236.36786  
10255.17443  
10244.03554  
10241.57421  
10219.81796  
10229.56642  
10237.23937  
10244.07855  
10269.84674  
10281.70747  
10339.72272  
10275.20073  
10315.47715  
10212.55854  
10229.39336  
10180.4637  
10245.91542  
10218.4069  
10210.67087  
10193.44358  
10247.31572  
10223.07808  
10217.72826  
10225.27283  
10206.45713  
10231.37166  
10227.54377  
10228.87081  
10239.46107  
10232.91746  
10230.66852  
10228.91008  
10248.73226  
10260.9008  
10252.07377  
10220.06489  
10212.42737  
10261.912  
10246.11374  
10288.15684  
10250.59015  
10215.86283  
10189.47116  
10215.86714  
10240.78168  
10233.51773  
10208.2014  
10237.67777  
10181.91504  
10172  
10208.05628  
10216.85247  
10212.14933  
10217.08986  
10163.16768  
10182.35708  
10193.33323  
10216.22885  
10233.23225  
10273.8678  
10272.21349  
10274.59727  
10249.7517  
10257.03319  
10277.64282  
10285.39227  
10252.39047  
10245.13537  
10209.77568  
10211.8908  
10211.07962  
10201.46372  
10242.65649  
10240.28764  
10220.7174  
10227.64648  
10247.78465  
10250.88935  
10274.25646  
10282.19529  
10253.32914  
10255.86779  
10228.71806  
10231.79153  
9746.960499  
10444.00271  
10226.90799  
10209.24734  
10168.83585  
10194.62011  
10207.51211  
10254.21634  
10256.23403  
10279.10285  
10237.12256  
10257.9907  
10159.29193  
10225.57339  
10229.5346  
10206.63675  
10207.04413  
10206.45663  
10199.51442  
10199.76806  
10218.17351  
10257.04715  
10293.3293  
10297.65467  
10250.17323  
10212.24271  
10198.22036  
10212.85419  
10211.33269  
10181.70472  
10198.84788  
10207.08172  
10268.97081  
10245.67284  
10277.69234  
10261.49628  
10273.29723  
10241.98883  
10243.3127  
10237.42504  
10261.07677  
10223.85548  
10244.4435  
10225.58043  
10279.45842  
10257.924  
10273.72283  
10268.99656  
10269.81088  
10262.57253  
10242.88941  
10219.00141  
10227.53617  
10253.48455  
10212.25114  
10232.99732  
10195.82162  
10215.34552  
10194.59371  
10201.04437  
10240.73388  
10233.21154  
10236.82131  
10256.55442  
10237.88006  
10232.65916  
10255.96836  
10216.2121  
10227.46795  
10203.26017  
10237.13327  
10207.30327  
10195.05598  
10206.29743  
10258.12962  
10256.26839  
10272.2207  
10279.52612  
10269.0985  
10214.71279  
10225.35422  
10222.4635  
10231.02391  
10242.97471  
10223.6786  
10197.64049  
10218.17607  
10242.72943  
10244.66893  
10233.15499  
10267.8786  
10180.25359  
10217.92307  
10239.24523  
10217.94931  
10220.13557  
10270.05882  
10256.98509  
10270.15995  
10221.99325  
10232.21475  
10186.87509  
10254.66415  
10241.84433  
10228.19765  
10275.09771  
10264.699  
10215.04357  
10294.70013  
10275.71355  
10238.97133  
10200.83205  
10218.88144  
10212.92952  
10199.49372  
10196.13982  
10170.68058  
10192.48876  
10242.21135  
10190.74046  
10207.37008  
10254.77915  
10287.7292  
10227.58717  
10230.62121  
10232.66484  
10230.90041  
10214.41351  
10234.9662  
10229.49215  
10241.72235  
10186.38481  
10222.76254  
10265.31921  
10219.71534  
10276.07451  
10283.78865  
10237.72029  
10227.18507  
10233.45912  
10202.14532  
10202.07424  
10215.59962  
10248.76075  
10236.33371  
10192.49588  
10235.38508  
10295.27921  
10263.86274  
10255.79717  
10203.74902  
10206.57786  
10218.62185  
10234.51984  
10176.65827  
10196.0068  
10204.11007  
10194.46705  
10190.45062  
10252.47566  
10249.43516  
10275.19688  
10292.20736  
10263.12672  
10217.79761  
10224.46805  
10207.78314  
10217.84113  
10221.12917  
10219.83425  
10237.45875  
10199.2842  
10253.57614  
10269.18894  
10286.84746  
10283.04551  
10234.86996  
10201.83455  
10221.91526  
10254.439  
10247.63453  
10227.39371  
10205.23069  
10185.3937  
10232.74539  
10220.98938  
10209.76711  
10220.72146  
10305.57255  
10283.08456  
10273.14665  
10251.66188  
10224.50707  
10247.71329  
10248.05651  
10246.53368  
10270.37065  
10292.9237  
10216.3232  
10091.00644  
10336.03559  
10310.94524  
10285.66497  
10230.86438  
10213.53256  
10163.33305  
10189.62382  
10201.28613  
10215.51211  
10195.49334  
10197.92452  
10198.61119  
10178.27838  
10204.99273  
10197.99412  
10204.76748  
10224.87165  
10198.33159  
10187.43167  
10236.60925  
10296.40634  
10292.4219  
10267.89245  
10247.94789  
10221.94883  
10230.60073  
10253.26703  
10263.67984  
10238.10161  
10218.74496  
10252.73944  
10237.37629  
10190.33037  
10202.31881  
10221.14929  
10174.1324  
10252.68644  
10287.31824  
10292.09077  
10296.47594  
10253.6986  
10202.15129  
10200.80577  
10210.89471  
10212.3537  
10222.4619  
10219.91889  
10210.54123  
10239.88071  
10255.12577  
10231.6797  
10253.63196  
10240.05784  
10219.20178  
10245.05461  
10263.6029  
10231.29708  
10237.88483  
10195.01211  
10215.54401  
10198.53548  
10227.94961  
10194.53272  
10208.43596  
10240.5022  
10239.38433  
10251.49069  
10288.94937  
10258.28847  
10196.66786  
10231.07425  
10228.30413  
10197.63706  
10242.6526  
10266.06538  
10259.39406  
10272.45604  
10244.98935  
10238.91715  
10226.68119  
10224.44769  
10241.09298  
10202.62474  
10203.922  
10241.74713  
10267.69823  
10263.16397  
10251.33099  
10207.04697  
10231.89682  
10261.13384  
10265.8859  
10233.44343  
10268.57427  
10224.63488  
10222.83608  
10222.90556  
10212.03691  
10224.15941  
10199.81581  
10269.64516  
10209.08231  
10221.72475  
10261.99953  
10264.06726  
10229.246  
10247.58357  
10213.07145  
10237.65377  
10220.8142  
10236.9003  
10227.40168  
10246.66278  
10216.56666  
10258.76652  
10184.436  
10173.69204  
10205.21718  
10227.42409  
10234.21754  
10279.77349  
10287.99496  
10268.85591  
10225.16089  
10219.84102  
10182.0828  
10219.75101  
10243.66464  
10242.7589  
10227.75766  
10270.87433  
10255.79012  
10234.39509  
10260.32134  
10219.62515  
10226.76445  
10256.34821  
10218.36935  
10231.87921  
10239.80666  
10209.4687  
10216.69052  
10221.76121  
10216.61429  
10220.73445  
10253.16554  
10239.13296  
10171.4362  
10242.87443  
10227.11295  
10267.56026  
10245.06981  
10218.60464  
10187.44371  
10220.47588  
10255.29688  
10213.60173  
10235.76691  
10221.5093  
10178.36826  
10222.23609  
10203.61648  
10241.65307  
10252.43837  
10249.70495  
10281.56389  
10242.0687  
10203.88914  
10241.23844  
10197.5278  
10232.07235  
10237.39996  
10207.70381  
10215.37122  
10243.58083  
10290.00055  
10243.66985  
10244.35788  
10221.09212  
10251.46769  
10195.28965  
10217.16938  
10229.11692  
10222.09501  
10214.65867  
10231.04269  
10256.76252  
10229.12384  
10250.68089  
10258.33734  
10248.78284  
10264.906  
10212.75058  
10223.91691  
10228.02653  
10224.21315  
10255.39332  
10227.68743  
10244.88511  
10232.46016  
10246.76144  
10238.29564  
10228.7889  
10247.92941  
10278.70545  
10257.75573  
10255.22953  
10252.00114  
10240.7397  
10247.26919  
10235.12652  
10179.81481  
10221.39546  
10209.34764  
10212.57393  
10203.69217  
10232.41829  
10233.48581  
10271.47572  
10252.62786  
10202.95528  
10208.81751  
10222.80472  
10250.40009  
10281.53629  
10252.28098  
10243.19828  
10220.99675  
10215.8982  
10206.32168  
10217.59676  
10244.01534  
10237.20271  
10216.69949  
10225.47068  
10233.36014  
10248.24161  
10236.09849  
10262.7433  
10297.72592  
10277.88722  
10250.58973  
10238.66915  
10274.03028  
10266.70085  
10249.48018  
10243.01385  
10248.79433  
10197.84359  
10289.61182  
10204.39511  
10337.75881  
10295.72221  
10302.60161  
10240.72518  
10193.55901  
10161.83056  
10125.88577  
10154.99985  
10159.03265  
10160.13889  
10184.81749  
10205.29232  
10265.91813  
10232.17353  
10143.00971  
10172.40161  
10156.36469  
10182.47875  
10197.09114  
10198.47227  
10240.6375  
10269.34251  
10263.20793  
10240.33529  
10195.76705  
10196.14496  
10186.916  
10196.9129  
10223.84202  
10243.0876  
10202.2518  
10210.94372  
10255.58406  
10190.47973  
10281.80688  
10298.77643  
10294.12632  
10290.03622  
10289.18764  
10294.76642  
10251.04258  
10261.17423  
10209.10669  
10197.97322  
10227.49412  
10276.01569  
10281.43924  
10266.58184  
10263.20793  
10258.8382  
10249.65762  
10271.83848  
10254.65376  
10222.80901  
10231.84084  
10231.36661  
10235.99569  
10214.49271  
10230.00213  
10248.5159  
10273.14502  
10224.50638  
10284.85305  
10256.63612  
10234.47467  
10223.55389  
10270.7833  
10219.63284  
10217.09774  
10184.84892  
10202.31209  
10228.01934  
10205.85594  
10215.77848  
10207.82098  
10210.98358  
10222.81537  
10188.4369  
10206.40067  
10191.91611  
10238.97387  
10245.60945  
10269.50941  
10286.94369  
10277.65702  
10239.3364  
10196.6544  
10201.91094  
10215.82892  
10234.78877  
10217.67835  
10248.09416  
10260.45827  
10249.07392  
10253.46692  
10257.68325  
10225.56808  
10229.10595  
10233.53815  
10232.95838  
10233.41159  
10237.46796  
10251.49932  
10239.68557  
10235.14899  
10232.2405  
10226.67794  
10218.9434  
10216.66038  
10231.15226  
10250.22383  
10270.12591  
10231.88833  
10195.6429  
10154.33377  
10186.99951  
10186.75259  
10193.87646  
10193.90899  
10198.07285  
10264.98312  
10215.2812  
10278.91201  
10267.24159  
10241.17544  
10236.23159  
10200.7871  
10241.26026  
10219.10142  
10233.48712  
10242.65849  
10219.83685  
10267.27249  
10245.59382  
10264.76452  
10257.36469  
10270.20938  
10244.33934  
10247.10881  
10259.1913  
10247.29963  
10261.82335  
10252.09692  
10217.4828  
10215.66533  
10196.30688  
10209.79514  
10254.65429  
10214.68999  
10273.87785  
10277.51651  
10250.04878  
10200.4864  
10245.7547  
10236.68009  
10232.09179  
10228.42784  
10228.13388  
10208.75245  
10222.43198  
10220.14232  
10244.43467  
10223.84824  
10218.32428  
10218.69381  
10201.07177  
10200.11946  
10258.62111  
10256.37158  
10264.79629  
10262.7313  
10215.88437  
10228.62196  
10230.64619  
10280.79312  
10284.33744  
10246.89219  
10280.54828  
10254.37391  
10196.19275  
10213.49126  
10200.65516  
10208.91095  
10198.85342  
10210.72777  
10186.21961  
10225.06022  
10228.03643  
10221.70703  
10209.28915  
10232.57243  
10185.09696  
10226.60365  
10254.66496  
10265.82436  
10264.15448  
10236.07744  
10224.95376  
10238.26543  
10236.78395  
10208.81008  
10251.32135  
10223.47447  
10226.51896  
10218.32768  
10239.54502  
10262.89431  
10250.13984  
10229.56221  
10234.52309  
10214.74108  
10197.1244  
10204.79932  
10192.40051  
10227.47676  
10230.92168  
10221.7035  
10245.07026  
10260.89856  
10260.77233  
10248.22011  
10222.85609  
10191.15966  
10236.86617  
10219.98853  
10239.01237  
10201.10061  
10253.0425  
10265.9907  
10392.28434  
10259.2757  
10200.30281  
10222.58528  
10205.0733  
10228.18277  
10233.41457  
10245.6225  
10230.77024  
10213.35898  
10243.1522  
10228.92054  
10247.14502  
10199.90011  
10190.43442  
10178.46974  
10177.23333  
10229.47793  
10231.24987  
10248.84166  
10258.67489  
10216.72064  
10204.15574  
10253.86516  
10222.30295  
10191.47329  
10232.24446  
10213.71461  
10203.47352  
10219.03334  
10239.75302  
10233.75815  
10240.80792  
10236.47129  
10280.93027  
10263.71189  
10287.15524  
10244.95936  
10253.86045  
10225.36998  
10188.58803  
10218.6583  
10203.49535  
10220.10712  
10264.18407  
10206.05915  
10257.02839  
10258.94403  
10186.63442  
10182.1449  
10189.70469  
10195.60781  
10242.12635  
10240.13083  
10214.6045  
10183.23009  
10205.9072  
10238.79218  
10293.07494  
10307.46067  
10304.6158  
10265.05366  
10245.86583  
10195.387  
10195.35052  
10216.21828  
10229.40474  
10203.06864  
10236.40485  
10217.34018  
10213.96071  
10282.76019  
10258.54191  
10268.09774  
10222.22294  
10203.70016  
10228.60465  
10247.91235  
10221.96699  
10227.83737  
10248.06536  
10249.95516  
10238.54553  
10209.8084  
10185.7816  
10236.29684  
10261.3299  
10253.70454  
10268.76552  
10254.1206  
10237.68069  
10220.09574  
10220.61014  
10212.78794  
10209.68012  
10215.06546  
10243.2673  
10216.25567  
10214.10996  
10247.26524  
10277.27389  
10305.9346  
10295.54356  
10309.21573  
10211.45289  
10216.61328  
10211.91828  
10189.23192  
10233.4907  
10190.53912  
10230.6532  
10231.77437  
10212.49767  
10232.16115  
10251.82177  
10271.55401  
10242.56457  
10215.3179  
10250.5259  
10245.68621  
10219.90571  
10259.06286  
10220.18089  
10211.45947  
10238.63435  
10267.20098  
10271.76502  
10266.45838  
10235.197  
10226.74771  
10190.32959  
10177.05586  
10197.39857  
10195.57311  
10200.90638  
10191.46199  
10215.00604  
10234.21189  
10234.21215  
10216.5871  
10247.93658  
10227.61123  
10248.31539  
10240.01914  
10215.67119  
10197.06277  
10223.68219  
10244.39859  
10214.2021  
10231.57804  
10255.87313  
10271.52582  
10270.36465  
10296.8797  
10282.66283  
10202.4849  
10202.11258  
10210.69814  
10252.42369  
10266.42071  
10261.89665  
10207.84967  
10208.07475  
10246.14494  
10228.21391  
10204.89991  
10242.87014  
10211.30933  
10221.00519  
10200.57454  
10248.12646  
10259.95403  
10248.08284  
10241.07244  
10262.60919  
10237.36803  
10210.14605  
10180.52247  
10239.26099  
10230.44281  
10226.49897  
10214.69789  
10280.82601  
10271.25368  
10244.70403  
10250.13897  
10238.46442  
10255.29051  
10266.06427  
10253.09101  
10240.96278  
10230.81695  
10241.4818  
10198.65364  
10227.04806  
10257.70761  
10196.33118  
10187.04822  
10181.07982  
10179.54699  
10204.6269  
10217.02142  
10154.27348  
10214.5696  
10210.6177  
10261.60116  
10286.22607  
10280.6946  
10296.10731  
10294.58739  
10278.07813  
10232.38068  
10206.10913  
10217.6459  
10227.26931  
10221.92815  
10291.72567  
10304.68757  
10293.58535  
10231.75888  
10248.38156  
10247.39165  
10228.44775  
10202.06598  
10212.84081  
10198.99098  
10258.52716  
10253.84899  
10283.85288  
10276.81054  
10239.0324  
10209.12205  
10213.88742  
10222.17065  
10215.77101  
10215.77789  
10200.33792  
10191.16226  
10215.89648  
10205.62261  
10242.05173  
10257.0999  
10232.06641  
10247.23245  
10214.83906  
10204.304  
10180.33021  
10205.19601  
10249.21109  
10235.29305  
10227.5404  
10258.19124  
10260.81761  
10245.52841  
10234.42096  
10215.84033  
10241.41516  
10226.16895  
10259.75979  
10230.88701  
10248.14741  
10202.96157  
10274.12971  
10285.38273  
10252.48986  
10261.40364  
10253.79409  
10294.29212  
10260.61533  
10259.71158  
10219.77866  
10266.5189  
10233.26567  
10191.78434  
10202.31382  
10197.27633  
10247.93038  
10246.5044  
10288.27706  
10281.6101  
10302.45098  
10223.52209  
10224.02821  
10194.84086  
10199.85444  
10247.39131  
10199.16071  
10248.90645  
10238.12141  
10220.81965  
10235.8305  
10184.73437  
10144.1353  
10173.66917  
10140.62399  
10156.82602  
10179.09575  
10212.49537  
10176.7018  
10226.52047  
10240.57893  
10229.7959  
10311.58  
10290.77313  
10263.02883  
10223.32909  
10237.4674  
10223.49567  
10222.42411  
10229.53049  
10213.51648  
10249.15504  
10198.48809  
10177.12381  
10268.42088  
10257.51201  
10268.39721  
10275.23637  
10257.51757  
10248.53349  
10259.17966  
10192.31028  
10244.60276  
10223.37107  
10217.9036  
10171.60783  
10227.15857  
10182.45695  
10179.17669  
10210.39413  
10226.4395  
10234.22855  
10237.5911  
10262.94347  
10267.8509  
10243.57698  
10242.60271  
10220.97519  
10224.25979  
10204.80131  
10190.85233  
10177.30854  
10227.41207  
10222.63279  
10250.29332  
10248.83393  
10225.45884  
10256.80965  
10274.41048  
10280.81635  
10257.18141  
10278.00927  
10248.54557  
10208.29121  
10226.06397  
10219.45712  
10180.01979  
10167.09464  
10203.12064  
10245.08653  
10250.84086  
10234.55815  
10249.50384  
10259.4632  
10286.21916  
10200.1997  
10188.89637  
10219.02602  
10198.80148  
10234.69755  
10259.20011  
10235.76653  
10216.02195  
10244.34035  
10229.00683  
10242.06183  
10217.52591  
10202.93043  
10239.14631  
10238.18762  
10229.48421  
10233.00196  
10207.38911  
10195.74694  
10203.38784  
10216.14338  
10265.58354  
10237.01799  
10243.30588  
10285.45517  
10239.93053  
10253.29201  
10227.06322  
10234.45332  
10229.09522  
10226.08214  
10247.51657  
10227.56705  
10226.03352  
10220.20332  
10203.41345  
10241.40211  
10250.42713  
10241.55052  
10256.05149  
10241.16132  
10254.45613  
10289.13725  
10228.53016  
10220.19152  
10242.30587  
10225.39106  
10213.0608  
10186.8175  
10230.4852  
10262.46264  
10238.50163  
10236.88271  
10207.90042  
10211.80231  
10246.44988  
10239.10455  
10240.44815  
10226.66151  
10242.40103  
10204.41185  
10228.5136  
10242.42665  
10239.53331  
10261.44084  
10254.60704  
10192.53064  
10211.07686  
10223.88237  
10211.48072  
10222.58146  
10213.91108  
10229.35836  
10196.82742  
10181.23126  
10215.64751  
10216.1069  
10221.29037  
10225.38995  
10223.7071  
10252.15042  
10269.84232  
10281.1408  
10280.90453  
10272.0557  
10260.63952  
10222.42381  
10243.79447  
10241.14249  
10228.47291  
10219.2195  
10208.5888  
10213.84458  
10203.39432  
10228.37745  
10218.81922  
10229.44423  
10282.97455  
10258.20568  
10222.7205  
10160.19778  
10210.28831  
10253.59611  
10227.80894  
10289.66476  
10233.43331  
10234.98077  
10268.36786  
10235.722  
10249.42263  
10255.15174  
10285.6599  
10237.6645  
10192.4764  
10229.02672  
10201.04912  
10175.79395  
10188.50119  
10237.58607  
10200.21819  
10192.22179  
10241.22191  
10239.01005  
10263.70394  
10226.49305  
10233.88869  
10230.80985  
10252.64818  
10227.54339  
10235.90497  
10215.01775  
10257.69616  
10217.26634  
10235.32578  
10236.94419  
10240.40432  
10248.32998  
10209.43515  
10247.0789  
10226.93187  
10257.26117  
10234.1525  
10225.32446  
10238.54874  
10224.98003  
10206.40445  
10215.01368  
10221.09944  
10247.9124  
10287.0665  
10261.8268  
10235.62567  
10236.56006  
10224.48016  
10206.33502  
10280.30405  
10276.83928  
10227.96775  
10215.79475  
10236.56432  
10237.79902  
10243.82221  
10238.84669  
10280.47279  
10258.32529  
10253.27831  
10210.25187  
10206.97029  
10224.35658  
10277.32607  
10239.02258  
10234.92699  
10235.83915  
10248.11588  
10207.64681  
10200.66405  
10210.04382  
10213.22181  
10203.10175  
10239.67166  
10295.91821  
10280.50437  
10272.21199  
10266.56527  
10241.96629  
10215.48969  
10206.09487  
10160.62374  
10231.91116  
10209.28791  
10205.31025  
10266.19793  
10236.52787  
10282.363  
10253.24718  
10249.53224  
10214.76511  
10227.98671  
10165.07624  
10182.15114  
10178.6372  
10197.63634  
10230.67753  
10298.36612  
10310.95746  
10356.32  
10273.36866  
10272.26673  
10275.5665  
10195.86714  
10193.1336  
10204.22908  
10181.93537  
10178.83376  
10228.9716  
10243.46141  
10249.20639  
10246.61618  
10208.96484  
10225.95028  
10194.07574  
10221.85511  
10278.45089  
10196.38942  
10273.29382  
10257.40099  
10277.96548  
10317.02762  
10264.69612  
10201.76056  
10169.29883  
10188.41239  
10195.65827  
10247.60933  
10253.18908  
10241.96662  
10274.94616  
10230.01381  
10263.23433  
10211.73606  
10228.22229  
10207.22736  
10197.4835  
10173.16257  
10227.35945  
10232.08129  
10219.93185  
10250.7709  
10280.23371  
10298.26909  
10238.3673  
10206.97102  
10198.55458  
10207.91485  
10213.34144  
10235.35505  
10254.1165  
10209.87201  
10227.41201  
10224.31019  
10254.5078  
10278.88087  
10294.65697  
10242.16666  
10294.91678  
10301.44099  
10246.73452  
10219.05572  
10184.95148  
10226.41818  
10219.23602  
10246.22552  
10182.96811  
10206.76705  
10215.57516  
10194.48147  
10225.15217  
10166.40746  
10185.43193  
10174.98609  
10223.66126  
10252.16086  
10267.61276  
10276.0722  
10265.43775  
10287.5571  
10225.0638  
10208.36822  
10239.47404  
10216.58979  
10242.71656  
10235.48355  
10223.47337  
10241.71438  
10263.68307  
10278.39924  
10262.90726  
10272.7395  
10219.51794  
10216.7514  
10158.03856  
10198.71622  
10211.07358  
10210.48543  
10246.21376  
10220.33378  
10255.20288  
10275.43048  
10257.7054  
10251.2462  
10221.33208  
10255.47522  
10207.21712  
10220.04348  
10229.23847  
10240.05794  
10267.16655  
10251.52357  
10232.55827  
10296.57413  
10248.96116  
10281.87049  
10226.04752  
10237.48519  
10220.77213  
10181.92042  
10197.828  
10198.63047  
10205.76053  
10188.16992  
10198.01806  
10204.4026  
10221.94256  
10229.91007  
10223.17225  
10242.5729  
10260.97271  
10242.02434  
10239.03  
10232.62085  
10233.75343  
10213.09236  
10246.26885  
10262.99892  
10207.72747  
10229.57353  
10227.39452  
10243.13432  
10209.28208  
10198.21844  
10230.03072  
10264.52371  
10274.28081  
10258.43642  
10254.40345  
10229.60997  
10241.84046  
10274.88408  
10208.4752  
10239.16872  
10209.887  
10229.58435  
10165.52976  
10220.38084  
10269.27898  
10258.82568  
10252.67499  
10240.4979  
10229.86568  
10221.03288  
10237.90207  
10283.7047  
10257.70763  
10258.38882  
10220.03467  
10179.33728  
10206.3141  
10221.95966  
10236.90008  
10207.1038  
10222.41676  
10241.26728  
10239.76437  
10270.16056  
10265.94162  
10299.7639  
10247.77817  
10240.287  
10220.49142  
10205.51482  
10201.08573  
10202.83774  
10266.26571  
10252.91849  
10252.1523  
10245.3038  
10219.22619  
10234.46719  
10316.87386  
10257.13751  
10225.31056  
10215.08996  
10236.0094  
10259.51355  
10240.61285  
10257.20791  
10254.34318  
10227.85  
10243.63207  
10217.64811  
10217.96523  
10202.80104  
10205.99849  
10194.19725  
10210.92696  
10219.60302  
10247.97735  
10235.51845  
10240.37484  
10263.11563  
10238.52017  
10250.00229  
10231.34695  
10200.42532  
10178.05858  
10198.12806  
10241.56971  
