10039.46462  
10029.86798  
10036.66398  
10064.5283  
10076.48046  
10095.40899  
10096.7119  
10092.74296  
10103.17751  
10097.20465  
10067.93354  
10040.04863  
10035.99675  
9989.949097  
10016.94523  
10068.16797  
10054.02461  
10047.47027  
10029.08283  
10036.56717  
10057.43774  
10078.63197  
10059.52236  
10056.19718  
10040.84703  
10018.42181  
10001.45377  
10012.11005  
10021.06066  
10088.15008  
10032.67046  
10048.34417  
10045.01231  
10042.38984  
9997.275675  
10048.16095  
10076.30728  
10056.47506  
10127.27191  
10090.59843  
10069.13044  
10044.63342  
10089.33104  
10069.62956  
10085.47743  
10069.445  
10061.51811  
10057.31476  
10079.93678  
10030.76125  
10056.01836  
10067.83554  
10123.98333  
10068.07703  
10088.6262  
10110.43157  
10085.45287  
10075.62852  
10053.61235  
10071.32094  
10101.09731  
10103.10343  
10071.53847  
10076.83875  
10058.22847  
10009.86376  
10033.76698  
10064.43385  
10066.57058  
10105.55894  
10072.1386  
10107.1497  
10107.46986  
10054.13552  
10058.94431  
10077.13067  
10011.83503  
10043.54464  
10062.11877  
10103.78923  
10117.09076  
10138.14594  
10158.19932  
10095.09926  
10038.60042  
10011.82003  
9998.398747  
10051.2674  
10073.38379  
10061.86518  
10077.51846  
10071.3595  
10022.29128  
10025.50809  
10035.17988  
10033.98587  
10050.00885  
10078.7161  
10079.6984  
10086.59309  
10087.10196  
10126.56921  
10109.3891  
10097.39497  
10101.24449  
10083.72201  
10054.01827  
10030.47746  
10071.99578  
10056.02218  
10032.19444  
10032.99918  
10052.87714  
10071.59657  
10070.12081  
10134.95321  
10094.37253  
10087.34163  
10097.726  
10095.65002  
10111.39491  
10097.59556  
10083.53888  
10116.27205  
10063.44965  
10042.01134  
10053.78382  
10043.40414  
10028.67547  
10049.25569  
10049.46925  
10060.639  
10059.74566  
10041.88752  
10031.12226  
10037.63507  
10075.91706  
10067.8561  
10058.77385  
10048.09376  
10115.15522  
10124.95055  
10120.11833  
10121.20194  
10046.28855  
10022.69858  
10030.12679  
10053.34285  
10057.33631  
10061.10349  
10077.385  
10085.63009  
10074.03497  
10052.55272  
10052.61929  
10056.8571  
10009.92743  
10006.49026  
10055.40505  
10004.61825  
10040.15351  
10068.21449  
10048.02021  
10061.86888  
10047.58359  
10088.36328  
10065.59303  
10088.02878  
10096.71181  
10098.77722  
10073.80417  
10081.34431  
10073.90464  
10034.62981  
10011.92925  
10034.92645  
10049.4313  
10070.49827  
10114.20898  
10129.61983  
10089.33234  
10077.04266  
10054.69136  
10019.82638  
10006.03821  
10052.74124  
10031.02306  
10042.70733  
10046.58413  
10048.05519  
10069.14242  
10090.13519  
10095.4912  
10094.23453  
10089.16755  
10072.20947  
10030.25815  
10060.80335  
10038.4399  
10058.84382  
10087.779  
10077.32768  
10110.86165  
10107.14896  
10103.12111  
10081.89748  
10040.02454  
9987.513127  
10013.14517  
10041.39394  
10055.58871  
10043.7325  
10060.18704  
10071.1062  
10103.81086  
10063.18547  
10072.75178  
10050.31402  
10072.01907  
10048.20273  
10020.59191  
10030.71178  
10059.69614  
10033.6512  
10068.36228  
10053.04509  
10039.9866  
10118.00978  
10068.79613  
10062.24147  
10038.61701  
10071.76108  
10031.45009  
10029.02938  
10027.80559  
10072.13801  
10054.93771  
10031.32296  
10013.0843  
10044.99074  
10045.76667  
10078.87927  
10052.59377  
10035.82857  
10083.21124  
10110.55145  
10108.50868  
10087.08045  
10137.71873  
10107.84192  
10057.30235  
10055.54575  
10005.92346  
10030.29197  
10016.61937  
10009.86332  
10027.697  
10055.44125  
10023.67888  
10045.95085  
10070.98791  
10058.80582  
10057.79721  
10062.93063  
10071.36201  
10070.04351  
10056.67786  
10052.31955  
10089.47644  
10059.33919  
10067.33385  
10082.7063  
10051.33629  
10083.45661  
10028.22225  
10076.48662  
10059.61619  
10050.57162  
10028.93036  
10038.90022  
10058.59648  
10096.75706  
10086.27291  
10113.44245  
10060.93945  
10090.04454  
10062.47506  
10059.04094  
10079.12271  
10040.41838  
9989.321069  
10017.55377  
10037.9238  
10026.33132  
10061.65591  
10052.76537  
10010.86986  
10026.53208  
10014.20096  
10031.91658  
10052.53879  
10011.53265  
9970.859725  
10054.72765  
10023.09613  
10034.16487  
10064.87862  
10057.65848  
10045.45149  
10026.28695  
10032.52063  
9994.685254  
10038.94613  
10067.51879  
10072.7811  
10097.08112  
10096.01062  
10073.2172  
10083.97726  
10040.81468  
10032.90806  
10060.09672  
10069.00088  
10080.12155  
10085.33711  
10060.86349  
10070.95871  
10054.75542  
10110.26134  
10114.73838  
10051.88149  
10041.71352  
10082.0506  
10078.44581  
10095.29219  
10075.45422  
10061.88028  
10047.15945  
10045.45374  
10019.64  
10071.72088  
10040.39627  
10060.94159  
10026.39681  
10031.06006  
10030.29446  
10107.94359  
10093.68752  
10091.84691  
10073.87713  
10018.81801  
10056.3447  
10059.05868  
10065.51602  
10011.86487  
10019.78153  
10033.81  
10064.27497  
10065.28914  
10047.16642  
10081.09438  
10049.42193  
10087.8047  
10103.49294  
10091.50946  
10069.90746  
10055.02722  
10062.66346  
10061.36618  
10076.09457  
10084.14745  
10072.68985  
10077.01194  
10052.53406  
10036.30155  
10008.61721  
10036.65658  
10078.19929  
10075.30723  
10091.82255  
10083.20248  
10083.03719  
10128.07193  
10130.32967  
10115.59307  
10059.61418  
10045.06346  
10061.06611  
10065.43381  
10067.43291  
10038.3019  
10019.59484  
10025.54823  
10059.02546  
10059.90275  
10038.08325  
10044.45121  
10015.57396  
10025.73254  
10046.04653  
10055.60979  
10079.37931  
10054.0723  
10086.45667  
10081.65727  
10047.86698  
10044.51724  
10072.39066  
10045.67878  
10051.97804  
10035.80516  
10055.84542  
10074.40994  
10065.97088  
10063.11001  
10099.05667  
10098.6415  
10121.95811  
10083.18959  
10068.29831  
10051.41973  
10061.03726  
10053.49245  
10018.62544  
10073.77612  
10069.73569  
10048.48095  
10067.00984  
10043.80798  
10047.91595  
10087.72431  
10055.65263  
10021.56034  
10039.43495  
10033.83114  
10081.10907  
10047.7971  
10051.10971  
10030.04194  
10035.33311  
10075.43321  
10044.53334  
10041.89431  
10059.56899  
10076.78027  
10085.20019  
10101.06398  
10095.59299  
10085.32901  
10062.48708  
10057.72694  
10019.58385  
10061.2831  
10035.71693  
10037.28353  
10058.92945  
10092.15565  
10062.38155  
10074.13213  
10076.28872  
10090.02289  
10070.72674  
10066.49517  
10066.14049  
10034.19293  
10015.34721  
10018.20454  
10026.21785  
10055.58866  
10046.38656  
10051.05812  
10009.71336  
10037.9036  
10034.53568  
10120.15855  
10063.27703  
10070.15855  
10071.16121  
10091.40354  
10059.10474  
10076.6317  
10023.06393  
10028.80406  
10033.73267  
10041.35049  
10032.41452  
10034.67398  
10063.84482  
10061.55559  
10064.95108  
10066.51921  
10057.38875  
10109.18414  
10123.81114  
10072.88022  
10072.74031  
10050.83652  
10090.92563  
10037.655  
10035.74274  
10075.53788  
10073.39255  
10088.66464  
10065.0245  
10035.18485  
10050.83794  
10052.56245  
10053.97206  
10068.94395  
10069.76416  
10086.66003  
10058.84247  
10068.52564  
10054.94983  
10067.5835  
10085.12684  
10073.49521  
10075.13857  
10091.54723  
10101.41492  
10046.38341  
10056.16665  
10052.59837  
10015.94085  
10031.19529  
10085.13534  
10047.40375  
10063.05909  
10036.56823  
10030.82834  
10016.73722  
10034.25257  
10015.4033  
10028.96615  
10060.8807  
10054.05606  
10058.12021  
10070.22135  
10052.09471  
10044.20166  
10091.33665  
10098.82745  
10086.43771  
10062.78193  
10045.95831  
10050.25623  
10046.93934  
10091.99215  
10044.54604  
10046.18345  
10063.83647  
10072.21051  
10089.07183  
10002.10312  
10061.99194  
10124.66049  
10077.38777  
10066.8964  
10096.30451  
10079.23023  
10048.01698  
10046.20878  
10063.66268  
10057.40874  
10076.49591  
10069.39024  
10041.69811  
10067.56713  
10077.12541  
10086.94842  
10087.03585  
10078.93572  
10068.46173  
10067.85927  
10042.46219  
10033.78065  
10037.90796  
10023.89009  
10021.29432  
10017.19832  
10060.55706  
10076.50275  
10100.78707  
10044.34215  
10049.37511  
10054.55059  
10069.77349  
10061.66542  
10061.39936  
10042.12849  
10026.27285  
10043.17379  
10039.13197  
10050.48973  
10064.55088  
10085.53809  
10077.86952  
10064.88753  
10030.48201  
10025.38146  
10058.5712  
10114.6227  
10050.36935  
10084.36296  
10049.11143  
10022.31082  
10027.69609  
10022.1693  
10049.12706  
10060.21326  
10098.53009  
10059.74389  
10063.72913  
10109.86971  
10143.86326  
10126.07627  
10059.13165  
10019.02513  
10042.31845  
10080.06016  
10080.93399  
10051.86608  
10036.60327  
10010.64749  
10048.7603  
10042.51119  
10000.9783  
10043.80022  
10030.56321  
10045.01068  
10060.66414  
10038.27818  
10053.94453  
10039.51737  
10086.21374  
10088.46729  
10085.44764  
10086.25266  
10043.64068  
10018.18005  
10018.07146  
10045.72104  
10061.13899  
9813.331787  
10117.736  
10059.84163  
10059.04478  
10084.09215  
10059.23503  
10114.52641  
10133.38665  
10112.45659  
10134.90244  
10034.24098  
10039.2233  
10023.98786  
10037.98074  
10003.8391  
10010.9623  
10050.18316  
10031.81299  
10021.69386  
10056.15084  
10098.83127  
10104.89797  
10092.29336  
10108.73291  
10094.61698  
10101.85951  
10086.20959  
10063.71632  
10054.80681  
9993.967513  
9994.25223  
10043.79478  
10077.76772  
10093.47887  
10087.7146  
10106.6115  
10064.98953  
10058.8855  
9987.667179  
10033.04129  
10036.4478  
10042.06248  
10050.16767  
10034.8647  
10085.8885  
10044.34055  
10047.98499  
10079.78209  
10127.78662  
10089.20152  
10040.35697  
10033.97177  
10068.13976  
10081.69222  
10044.99941  
10041.92643  
10010.25526  
10022.35423  
10032.56159  
10075.51599  
9987.795345  
10018.577  
10035.21053  
9995.343815  
10065.56462  
10081.85618  
10077.46365  
10078.97142  
10039.10012  
10025.6514  
10051.95885  
10046.05391  
10079.13918  
10067.25241  
10086.35588  
10118.45376  
10148.43993  
10094.69218  
10052.78581  
10098.59034  
10059.29894  
10050.99859  
10055.5004  
10051.40168  
10084.7453  
10069.47891  
10072.42799  
10042.6601  
10019.86063  
9996.241235  
10060.69507  
10072.34265  
10096.83818  
10085.3339  
10085.53038  
10078.39895  
10027.54282  
10012.47422  
10032.51279  
10049.88451  
10082.89442  
10059.70649  
10124.3841  
10078.22373  
10084.56246  
10091.89355  
10125.78643  
10059.29526  
10008.95544  
9999.006803  
10001.95316  
10030.40745  
10047.95801  
10096.74972  
10080.16204  
10069.78323  
10030.78077  
9993.205225  
10015.03815  
9992.105526  
10036.72966  
10032.26401  
10046.90199  
9996.854224  
10023.21195  
10024.27976  
10073.48038  
10113.10828  
10084.34042  
10071.38589  
10114.11564  
10031.02048  
10095.4033  
10035.39395  
10062.07179  
10044.18923  
10068.69282  
10087.0501  
10035.753  
10066.7047  
10065.82258  
10084.21568  
10063.43207  
10024.76199  
10037.56705  
10058.67383  
10066.85828  
10099.73872  
10053.4058  
10060.58344  
10055.603  
10054.90373  
10072.92328  
10036.71989  
10051.02394  
10070.8415  
10061.03484  
10049.47299  
10056.7668  
10056.14451  
10070.86454  
10103.20706  
10106.93204  
10080.97172  
10060.5807  
10060.63501  
10061.6502  
10045.36655  
10044.01027  
10046.23455  
10019.53831  
10046.15876  
10080.80737  
10072.35633  
10053.10811  
10048.43905  
10043.39428  
9978.679647  
10046.43982  
10054.99233  
10080.49242  
10053.92716  
10077.34706  
10048.14781  
10046.44941  
10064.22686  
10053.58916  
10101.99731  
10075.33559  
10093.55965  
10068.10106  
10025.6221  
10071.70422  
10045.85899  
10091.28866  
10053.27921  
10073.24935  
10012.14169  
9960.397526  
10159.67385  
10164.77171  
10058.32873  
10022.33396  
9945.936068  
10000.16807  
10047.44723  
10090.50954  
10057.91253  
10048.40034  
10041.03584  
10030.01915  
9998.639754  
10053.01754  
10016.15698  
10013.22363  
10036.1483  
10043.32078  
10066.28513  
10061.96332  
10060.68275  
10131.9337  
10084.87829  
10055.10381  
10062.63915  
10078.41644  
10119.41242  
10155.73071  
10082.07  
10025.67962  
10018.54181  
10025.41641  
10071.87892  
10058.45668  
10075.069  
10034.53938  
10066.68874  
10101.75588  
10104.76592  
10099.16495  
10088.93164  
10071.03468  
10072.33717  
10070.8071  
10021.79264  
10035.99552  
10040.73472  
10051.94504  
10014.31406  
10032.32047  
10035.99306  
10015.68512  
10050.58015  
10071.99545  
10101.04945  
10065.65819  
10085.71385  
10093.5698  
10080.18149  
10050.64875  
10032.55959  
10022.40334  
10000.04223  
10042.57553  
10069.76021  
10079.24071  
10118.11807  
10097.89492  
10097.91383  
10072.84276  
10068.31123  
10083.50502  
10068.28566  
10050.44565  
10076.90661  
10038.14735  
10043.24649  
10015.75509  
10048.04092  
10085.98747  
10035.25482  
10074.00194  
10085.06734  
10087.74081  
10050.86265  
10048.50161  
10039.6023  
10031.11661  
10048.59067  
10016.79361  
10041.55916  
10042.44888  
10047.64419  
10054.93533  
10053.55116  
10005.49956  
10030.39951  
10053.93682  
10109.42959  
10080.98311  
10127.24797  
10108.54214  
10088.76424  
10087.89649  
10060.22878  
10083.36029  
10053.60282  
10025.35684  
10017.23068  
9998.096029  
10054.2843  
10069.45455  
10075.87228  
10094.73174  
10085.37758  
10076.39249  
10069.47984  
10046.8599  
10050.95066  
10027.64704  
10016.59572  
10040.497  
10019.70079  
10035.7193  
10053.99905  
10084.10962  
10096.5544  
10103.21995  
10093.90439  
10085.71329  
10051.20199  
10027.28062  
10024.59718  
10017.84182  
10037.09504  
10042.9743  
10025.82614  
10086.37677  
10084.05247  
10080.93145  
10082.2436  
10095.52038  
10065.09767  
10042.20322  
10049.96358  
10083.87671  
10048.20391  
10077.18241  
10036.13456  
10107.73653  
10099.9058  
10116.41684  
10104.16714  
10052.49486  
10020.95083  
10035.22025  
10013.55549  
10014.65617  
10029.74526  
10042.96366  
10061.1108  
10072.28389  
10099.63612  
10044.07001  
10014.837  
10024.62957  
10040.1299  
10083.82805  
10022.10642  
10038.16617  
10014.98775  
10045.06281  
10053.28291  
10047.17414  
10058.20614  
10033.91624  
10034.68189  
10064.17142  
10080.30833  
10112.56796  
10055.42385  
10102.43136  
10038.87167  
10024.16296  
10032.50577  
10018.58322  
10062.48659  
10061.62465  
10100.96419  
10126.23656  
10123.59562  
10138.96495  
10094.63452  
10085.56571  
10055.28473  
10092.06096  
10072.58094  
10045.89111  
10045.75452  
10038.38232  
10043.5743  
10017.67252  
10022.39222  
10050.07196  
10118.91007  
10097.76024  
10129.26516  
10106.69902  
10095.29084  
10063.95364  
10019.34609  
10046.47387  
9992.005583  
10063.47243  
10042.00013  
10065.39649  
10091.53695  
10069.08793  
10024.46186  
10057.39049  
10044.06443  
10066.88525  
10105.61476  
10088.06826  
10089.25871  
10065.86728  
10080.74776  
10046.78141  
10052.18123  
10046.27992  
10055.96234  
10034.76828  
10048.97869  
10016.39233  
10033.18081  
10013.76687  
10078.07861  
10086.66324  
10039.33336  
10060.65465  
10023.6865  
9973.067098  
10017.87238  
10035.1142  
10035.85995  
10142.32707  
10085.447  
10136.52419  
10100.93562  
10030.66277  
10100.9264  
10093.67081  
10054.8221  
10150.71704  
10053.85264  
10082.31632  
10025.93082  
9958.006942  
9947.677563  
9999.370239  
10032.68813  
10032.73552  
10019.55886  
10022.86812  
10062.89096  
10043.97245  
10032.39146  
10014.09005  
10028.86197  
10020.2924  
10012.87885  
10046.6647  
10107.54902  
10121.86191  
10103.14375  
10062.67068  
10012.37209  
10015.73056  
10010.28446  
10008.90911  
10075.05804  
10065.48961  
10084.5272  
10053.74496  
10075.77226  
10040.34163  
10051.34466  
10104.82594  
10092.27314  
10120.62176  
10116.95723  
10079.75088  
10050.62463  
10055.01306  
10037.59768  
10092.47166  
10096.53271  
10126.12113  
10109.77795  
10095.27839  
10076.13166  
10043.64586  
10058.98862  
10008.95199  
10036.75469  
10021.17039  
10027.88354  
10017.69403  
10041.64043  
10064.24755  
10067.9446  
10084.41493  
10106.50004  
10100.62708  
10103.05905  
10068.09035  
10085.64144  
10094.93407  
10093.08536  
10056.02629  
10047.67668  
10033.85695  
10029.97181  
10033.85081  
10076.32266  
10071.50832  
10059.64967  
10041.18847  
10024.47598  
10007.71735  
10046.50039  
10009.85686  
10055.10038  
10089.70339  
10132.0975  
10086.44185  
10104.94906  
10052.03947  
10003.0679  
10003.13923  
10042.81973  
10040.56186  
10040.81684  
10044.82321  
10041.14582  
10040.76878  
10041.87188  
10078.78889  
10095.39757  
10092.4851  
10078.88281  
10067.14855  
10079.84858  
10040.11313  
10028.09967  
10019.69113  
10010.60632  
10019.53021  
10053.62244  
10084.34424  
10074.4922  
10084.80225  
10104.08385  
10078.61255  
10081.87175  
10075.02852  
10045.35953  
10046.99006  
10047.86497  
9991.718848  
10046.77757  
10069.2615  
10054.50091  
10095.09095  
10115.7116  
10102.19188  
10088.33609  
10040.53018  
10046.38971  
10063.22359  
10061.25726  
10067.08515  
10016.42428  
10027.96542  
10024.7934  
10016.3283  
10063.14915  
10076.68245  
10082.7187  
10074.65997  
10066.78444  
10080.53124  
10051.52349  
10030.47857  
10016.60352  
10032.94126  
10071.7659  
10111.18614  
10114.32768  
10110.04096  
10132.0765  
10103.68424  
10079.68215  
10104.85867  
10039.67476  
10020.14366  
10019.32483  
10038.07485  
10004.7744  
10007.07957  
10053.29301  
10085.18264  
10087.64783  
10117.86715  
10093.9775  
9988.396118  
10031.13418  
10037.02856  
10048.21226  
10010.07461  
10016.12332  
10031.35225  
10054.2261  
10068.73835  
10048.77782  
10014.83007  
10058.85721  
10072.1547  
10086.59146  
10076.88438  
10052.63471  
10026.25897  
9995.861873  
10032.14042  
10030.55508  
10102.80802  
10082.34653  
10108.38885  
10083.6729  
10122.17732  
10098.03672  
10106.3046  
10050.38463  
10046.32432  
10056.21245  
10023.54374  
10034.59157  
10023.26968  
10060.49461  
10050.41905  
10046.68409  
10060.28277  
10056.29667  
10042.70601  
10078.00261  
10075.69709  
10047.17141  
10088.42476  
10060.31917  
10080.11676  
10047.63072  
10077.52135  
10048.86729  
10010.09157  
10055.65299  
10001.8873  
10023.45143  
10046.81991  
10069.89927  
10068.4947  
10106.24508  
10082.51603  
10054.70207  
10070.99052  
10052.24862  
10085.30125  
10102.67497  
10087.28244  
10077.22897  
10000.40769  
10055.49452  
10112.83  
10074.55614  
10013.45773  
10054.30055  
10045.07046  
10097.12283  
10071.17957  
10067.39667  
10019.56969  
10042.10238  
10016.73552  
10021.04827  
10018.94032  
10021.09674  
10000.97148  
10014.00435  
10035.98499  
10093.65539  
10075.36758  
10046.71868  
10017.89444  
10038.67716  
10049.3578  
10080.63848  
10100.48201  
10086.59942  
10062.73535  
10046.80917  
10039.43918  
10045.50226  
10020.74519  
10038.519  
10037.78416  
10032.20013  
10041.62721  
10005.249  
10057.87528  
10063.06069  
10057.33207  
10060.86816  
10045.53426  
10060.66235  
10094.9498  
10060.89564  
10051.56963  
10081.33665  
10056.42909  
10055.50069  
10045.13757  
10093.26488  
10092.19862  
10079.31551  
10048.26169  
10003.74761  
10009.96539  
10011.70044  
10038.88643  
10069.36377  
10122.88354  
10126.12861  
10075.88789  
10081.44815  
10076.38049  
10096.01458  
10068.53963  
10047.48221  
10001.41247  
10020.5891  
10001.67802  
10044.1099  
10110.47898  
10078.00201  
10099.77128  
10127.97315  
10099.39297  
10087.65912  
10102.6738  
10064.57725  
10034.3467  
10058.49028  
10047.80861  
10057.15364  
10057.70466  
10079.72374  
10040.88848  
10053.70358  
10040.29338  
10044.93276  
10055.70527  
10038.21595  
10062.9611  
10073.03322  
10058.6323  
10016.53136  
10067.45882  
10036.44445  
10041.90449  
10071.79718  
10102.51969  
10108.63599  
10080.65793  
10104.79739  
10100.82238  
10083.59264  
10112.1995  
10063.09137  
10007.15516  
9990.913826  
10032.01244  
10002.05627  
10032.92509  
10008.85885  
9993.263574  
10014.21901  
10033.45073  
10065.6762  
10083.72473  
10044.99736  
10070.98599  
10068.39476  
10074.09788  
10056.75282  
10065.82371  
10097.75666  
10086.31984  
10073.28926  
10074.46493  
10080.56243  
10083.87358  
10128.26948  
10091.70605  
10053.43336  
10054.52817  
10052.58085  
10070.56895  
10075.28695  
10057.54869  
10052.83728  
10036.60333  
10069.72067  
10057.20166  
10065.94586  
10101.5165  
10096.39997  
10068.44065  
10093.7937  
10043.77172  
10069.36947  
10033.13416  
10001.2908  
10048.18463  
10058.87493  
10058.5213  
10038.49619  
10053.55253  
10087.37047  
10111.23169  
10073.7114  
10050.67944  
10063.53111  
10060.95972  
10056.1672  
10044.62401  
10049.30232  
10029.41843  
10042.60463  
10029.5399  
10055.64942  
10047.77036  
10060.88869  
10084.16039  
10110.06202  
10110.04154  
10053.57652  
10015.97259  
10016.04778  
10035.23411  
10071.47268  
10084.13653  
10085.60162  
10071.02708  
10083.52396  
10088.37229  
10120.27511  
10076.80256  
10044.05981  
10055.38383  
10104.73315  
10082.11212  
10081.54001  
10057.52136  
10038.31588  
10057.24871  
10047.93353  
10073.00007  
10063.51295  
10047.9507  
10070.90698  
10054.79607  
10024.26585  
10043.69807  
10061.65962  
10034.28509  
10058.54106  
10071.01955  
10087.68665  
10098.6932  
10077.66353  
10055.38992  
10044.51657  
10059.01609  
10076.69627  
10002.63818  
10015.2566  
10024.87587  
10051.95972  
10084.27097  
10113.92712  
10152.72517  
10093.03958  
10027.28552  
9999.165332  
10021.16523  
10024.00363  
10051.99396  
10026.3844  
10081.60918  
10049.1409  
10082.11209  
10065.31591  
10029.64411  
10009.29132  
10073.92942  
10046.73273  
10036.61973  
10027.83551  
10060.95868  
10094.86868  
10102.10976  
10113.00889  
10096.32447  
10089.8175  
10090.28389  
10039.48346  
9994.559937  
10002.31427  
10031.06073  
10062.6226  
10082.52635  
10061.91707  
10107.9078  
10080.21953  
10059.26979  
10074.67697  
10031.60951  
10017.44043  
10038.58481  
10050.99423  
10067.58669  
10078.54849  
10076.06692  
10076.73548  
10042.62298  
10092.43299  
10106.64585  
10106.69851  
10101.91082  
10108.15478  
10046.71288  
10028.78228  
10010.42973  
10032.85065  
10065.86025  
10069.72306  
10046.81769  
10066.67374  
10012.53763  
9999.473169  
10095.90965  
10065.8691  
10070.52144  
10009.23647  
9999.025618  
9998.573869  
9999.421606  
10002.85789  
9996.155339  
10030.35441  
10054.05278  
10027.30746  
9986.767253  
10024.08139  
9974.400179  
9989.92404  
10005.87773  
10034.37218  
10068.7478  
10101.20631  
10088.20951  
10090.88766  
10096.6146  
10095.4235  
10114.30054  
10097.85344  
10058.64648  
10072.56118  
10083.36223  
10033.97472  
10046.59257  
10051.11892  
10063.15414  
10059.90719  
10074.62719  
10076.25163  
10132.55147  
10083.24863  
10086.82448  
10143.38134  
10100.78356  
10042.11163  
9984.791911  
10028.26364  
10046.96487  
10041.52136  
10026.03092  
9998.245288  
10004.58477  
10041.64526  
10059.02262  
10043.79664  
10093.07115  
10133.51029  
10096.16143  
10074.65218  
10072.96624  
10035.54794  
10081.37715  
10078.70481  
10025.9031  
10016.02704  
10003.5774  
10000.49461  
10032.91214  
10046.18947  
10055.49047  
10101.17965  
10123.71632  
10128.94444  
10103.63394  
10067.77019  
10088.14395  
10024.51317  
10014.16239  
9982.538452  
10027.11978  
10060.36789  
10030.62467  
10072.75741  
10113.31831  
10116.75383  
10102.72946  
10104.40402  
10118.14852  
10109.40868  
10075.3474  
10049.67611  
10073.28958  
10033.55256  
10017.74814  
10026.08773  
10003.4824  
10001.52925  
10026.61077  
10007.39246  
10027.95678  
10059.86423  
10081.65415  
10035.04914  
10076.19095  
10031.67594  
10022.56497  
10047.09775  
10068.00992  
10091.8123  
10069.13951  
10027.11942  
10044.42599  
10011.16576  
10029.73328  
10059.27577  
10047.13932  
10058.68272  
10100.11096  
10069.80255  
10085.39118  
10085.93781  
10061.22299  
10019.76336  
10043.59049  
10014.12608  
10020.62858  
10055.6573  
10092.70854  
10072.64475  
10107.79048  
10079.38153  
10069.09189  
10021.72079  
10029.77659  
9984.677783  
10035.68096  
10068.27682  
10060.56141  
10086.55832  
10083.07025  
10109.81165  
10102.95211  
10058.83966  
10083.33972  
10009.30194  
10038.05146  
10017.58195  
10060.57737  
10077.61255  
10096.68177  
10109.19147  
10068.6547  
10079.6179  
10078.75671  
10022.82157  
10031.11287  
10021.33705  
10001.22762  
10068.23191  
10058.98758  
10071.60291  
10090.28228  
10111.72197  
10095.57196  
10087.52139  
10037.77288  
10011.20779  
10012.99762  
10010.71958  
10045.5858  
10030.19896  
10018.53332  
10042.00265  
10022.81148  
10020.45304  
10021.1107  
10072.26287  
10066.13448  
10125.76271  
10139.91855  
10099.70603  
10071.60614  
10035.85884  
10007.69169  
10031.28506  
10061.08585  
10073.2455  
10092.7875  
10118.1016  
10083.29993  
10066.23643  
10041.96379  
10025.58892  
10017.54603  
10028.70852  
10026.37248  
10061.89536  
10079.88691  
10088.9957  
10068.27107  
10121.98254  
10099.91759  
10061.95562  
10054.58188  
10034.90592  
10024.78656  
10017.02511  
10041.03177  
10083.52511  
10044.29812  
10080.67008  
10092.72036  
10024.49378  
10053.57548  
10032.78699  
10013.73834  
10055.63809  
10080.41307  
10084.66712  
10101.8979  
10088.84094  
10086.13008  
10063.12691  
10014.03192  
10022.40481  
10040.30063  
10088.1697  
10039.85841  
10084.98405  
10096.07041  
10068.34338  
10061.96676  
10075.64159  
10039.58174  
9993.420768  
10029.2166  
10058.12893  
10087.92774  
10121.15549  
10099.54836  
10079.11094  
10034.25965  
10013.05339  
10063.48353  
10069.0728  
10097.87294  
10102.01885  
10092.76301  
10044.25759  
10053.6988  
10097.80125  
10102.52138  
10112.21611  
10110.99784  
10081.59605  
10085.0778  
10101.81672  
10074.94492  
10086.63556  
10091.49152  
10127.22683  
10089.03887  
10049.05566  
10035.6654  
10033.96075  
10049.9806  
10021.20237  
10062.03234  
10056.18618  
10047.27049  
10012.30885  
10042.89425  
10000.50915  
10019.98672  
10035.0719  
10052.37999  
10038.56344  
10051.86621  
10076.78324  
10094.54323  
10111.48848  
10108.81286  
10072.81814  
10058.32203  
9992.211857  
10060.68679  
10075.71764  
10028.59803  
10042.71212  
10034.6588  
10044.7916  
10069.91584  
10076.13949  
10087.70125  
10102.74817  
10038.76287  
10023.59327  
10035.5065  
10013.77664  
10056.14476  
10058.74013  
10070.03634  
10108.80896  
10070.10897  
10035.46869  
10041.42421  
10079.28365  
10028.30985  
10040.80562  
10033.99786  
10018.97033  
10028.81283  
10071.87135  
10071.35849  
10077.65343  
10089.80063  
10083.35717  
10060.56404  
10037.79298  
10051.09268  
10057.45857  
10037.92  
10023.0203  
10026.25239  
10073.04268  
10032.22922  
10090.82817  
10044.35079  
10077.88918  
10075.4946  
10050.5479  
10045.51385  
10056.98909  
10083.89786  
10052.41169  
10059.74378  
10059.04661  
10076.43265  
10102.08918  
10114.49376  
10080.00502  
10032.19281  
10009.26474  
9998.877205  
10053.45833  
10059.17868  
10031.43032  
10026.17638  
10026.86313  
10007.88226  
10021.92724  
10052.19438  
10038.96702  
10085.63245  
10105.49059  
10103.62262  
10119.44907  
10080.89556  
10050.9318  
10015.72725  
10016.4829  
10019.15183  
10033.06323  
10040.2303  
10038.72905  
10060.67472  
10035.92896  
10032.72598  
10018.85258  
10030.35765  
10017.89788  
10047.01764  
10057.28172  
10057.50609  
10090.86056  
10066.07648  
10083.63997  
10079.9697  
10076.56576  
10074.09348  
10064.65343  
10108.17817  
10112.19464  
10132.49968  
10138.09505  
10148.62493  
10063.01854  
10008.69038  
9995.020492  
10032.73059  
10030.95683  
9997.142578  
10025.48542  
10043.72981  
10047.87043  
10102.66439  
10073.45201  
10077.09385  
10072.51047  
10031.66519  
10051.57637  
10031.99389  
10040.0328  
10057.34215  
10023.1396  
10040.41474  
10012.48641  
10040.3964  
10086.37718  
10070.77203  
10113.77033  
10085.79442  
10088.541  
10126.58738  
10053.45028  
10084.46755  
10061.26084  
10035.30395  
10016.18845  
10065.04219  
10058.62951  
10072.6597  
10086.32767  
10110.13376  
10106.41259  
10099.13329  
10097.54675  
10087.65301  
10067.31663  
10010.53531  
9992.058805  
10017.16139  
10035.71903  
10043.37485  
10030.69839  
10028.4283  
10042.51254  
10065.42358  
10074.91593  
10016.01813  
9995.88632  
10059.84243  
10060.45151  
10117.39402  
10089.46461  
10079.42856  
10110.40597  
10038.64766  
10049.33977  
10074.25719  
10042.20658  
10066.12454  
10037.75815  
10115.73123  
10043.39858  
10075.50492  
10044.21001  
10048.84968  
10092.40419  
10060.3325  
10039.08739  
10047.37939  
10024.38469  
10059.16851  
10058.23482  
10069.45404  
10037.26862  
10070.75175  
10079.70081  
10100.08664  
10110.00363  
10092.40715  
10056.87531  
10059.35264  
10007.92729  
10035.32159  
10035.9442  
10033.89126  
10056.3566  
10043.85341  
10071.3649  
10036.32454  
10003.00343  
10030.17729  
10019.51125  
10055.62097  
10048.00111  
10082.55977  
10111.37429  
10053.41471  
10047.98629  
10100.81702  
10090.28611  
10099.87571  
10097.13737  
10080.2377  
10042.21859  
10049.72574  
10024.81832  
10024.13503  
10030.79134  
10075.59568  
10055.30382  
10036.90219  
10021.89443  
10036.07835  
10062.15859  
10037.53719  
10071.74698  
10077.20999  
10041.17939  
10093.2203  
10088.9141  
10028.38609  
10040.05  
10090.95741  
10031.15556  
