8915.778052  
8568.11731  
8357.874512  
8336.08963  
8318.36087  
8391.680237  
8434.857709  
8400.489203  
8497.479517  
8434.323926  
8135.697009  
8299.604785  
8454.036261  
8649.421869  
8823.315686  
8783.015753  
8771.737378  
8719.530164  
8592.511487  
8653.562781  
8607.059424  
8582.207007  
8656.733374  
8720.836829  
8768.551978  
8702.925806  
8748.693848  
8816.408264  
8804.461682  
8771.940332  
8450.283722  
8645.792834  
8483.518103  
8311.327386  
8409.048492  
8444.460687  
8517.606378  
8427.052252  
8513.231842  
8319.822363  
8485.295654  
8419.726642  
8534.504706  
8448.721021  
8483.139087  
8457.544928  
8490.137799  
8509.067419  
8446.413947  
8460.57157  
8549.111865  
8517.698853  
8621.829303  
8563.090082  
8559.683655  
8409.562555  
8458.97077  
8498.644373  
8429.895905  
8507.024652  
8461.271875  
8538.281824  
8528.943524  
8518.226477  
8463.736139  
8431.240265  
8452.907581  
8499.446399  
8530.734064  
8573.808667  
8604.250372  
8613.677533  
8509.023663  
8524.641577  
8479.352826  
8460.102765  
8462.145782  
8420.871381  
8398.726575  
8401.228906  
8506.119751  
8479.748395  
8566.103674  
8576.719269  
8604.648315  
8544.74444  
8578.690625  
8713.268549  
8604.937787  
8596.693866  
8606.676526  
8538.620447  
8579.558307  
8528.768024  
8370.547821  
8570.146954  
8549.419708  
8621.56933  
8572.504651  
8479.407825  
8468.43277  
8417.780396  
8414.583032  
8450.556262  
8529.072833  
8476.494922  
8568.34433  
8540.372522  
8434.619489  
8455.973676  
8496.936572  
8438.606567  
8572.029834  
8495.797717  
8462.791034  
8392.144708  
8434.227869  
8519.106781  
8453.835321  
8510.759943  
8440.25636  
8490.691205  
8490.398236  
8616.186487  
8585.193243  
8571.304523  
8495.958716  
8595.545911  
8693.378784  
8654.544897  
8678.889307  
8627.919031  
8464.205524  
8482.112042  
8524.772772  
8497.630298  
8539.031531  
8521.841504  
8539.275226  
8535.800647  
8553.856006  
8502.706952  
8525.285242  
8528.941022  
8536.386377  
8535.073163  
8545.33092  
8504.849847  
8426.287537  
8505.592828  
8504.908197  
8532.789343  
8582.167133  
8526.419855  
8525.461053  
8479.203888  
8478.933887  
8526.865118  
8530.781104  
8570.811816  
8455.463562  
8520.683093  
8503.436609  
8390.476862  
8509.225024  
8503.842603  
8407.165753  
8398.827234  
8372.103821  
8503.229272  
8617.242133  
8639.201343  
8628.680762  
8500.02937  
8402.922388  
8354.655505  
8338.890277  
8474.054498  
8526.323254  
8530.116217  
8645.857813  
8652.837732  
8598.177393  
8567.185315  
8510.464398  
8589.943628  
8617.896509  
8621.422418  
8672.396851  
8600.634631  
8503.375989  
8373.579877  
8336.991095  
8446.015552  
8519.047107  
8492.29906  
8487.334778  
8488.777026  
8522.447272  
8526.456079  
8520.939563  
8566.038666  
8592.600952  
8608.261267  
8518.331824  
8499.787634  
8555.140906  
8553.449573  
8536.494751  
8422.870844  
8374.150153  
8393.701416  
8505.408624  
8475.384613  
8543.199524  
8536.96225  
8563.738013  
8520.194684  
8546.40614  
8480.226093  
8447.296783  
8498.856299  
8567.180811  
8507.565558  
8502.344629  
8595.72171  
8538.489478  
8523.289655  
8582.134082  
8605.872028  
8584.777777  
8500.015375  
8557.983813  
8563.247101  
8536.86521  
8546.577936  
8570.47876  
8574.107849  
8599.635712  
8508.606708  
8412.991479  
8560.969818  
8567.121478  
8572.973657  
8531.275848  
8532.145386  
8519.567633  
8509.461432  
8454.881683  
8551.012659  
8488.426892  
8471.220911  
8519.576324  
8567.718762  
8595.433197  
8645.962396  
8562.883728  
8558.95954  
8543.514648  
8533.927625  
8384.040222  
8432.872449  
8490.888129  
8625.199921  
8544.822375  
8481.216077  
8489.539319  
8452.241187  
8467.635468  
8552.152728  
8510.7396  
8499.942664  
8372.566931  
8404.650305  
8455.562628  
8457.199731  
8525.886407  
8474.513574  
8527.908081  
8532.14566  
8504.999792  
8536.853052  
8404.705762  
8564.463745  
8543.143939  
8618.856525  
8636.163275  
8596.376526  
8548.859863  
8565.915613  
8524.791858  
8557.225305  
8527.075482  
8443.121375  
8473.596924  
8501.514551  
8450.724182  
8542.402319  
8474.24231  
8528.507709  
8456.998413  
8453.248096  
8535.94635  
8550.056763  
8606.959656  
8457.659735  
8381.033722  
8362.165906  
8441.940619  
8381.609222  
8309.55647  
8305.115588  
8296.16319  
8298.275769  
8330.775183  
8392.972162  
8439.740228  
8519.758508  
8471.2914  
8671.320862  
8629.318347  
8677.26571  
8686.644647  
8677.695636  
8738.105682  
8654.352686  
8618.486395  
8371.907538  
8511.986194  
8635.62854  
8548.938983  
8602.555225  
8569.764563  
8532.346332  
8680.608594  
8625.413745  
8673.641382  
8657.137042  
8642.06488  
8644.627283  
8578.606171  
8477.001587  
8404.667401  
8361.281915  
8515.641827  
8486.805011  
8499.532867  
8629.121362  
8544.809686  
8320.656689  
8579.292322  
8392.091211  
8492.826459  
8466.271533  
8452.32511  
8439.03111  
8427.593665  
8537.523926  
8565.563953  
8545.939777  
8431.612494  
8281.489203  
8449.524365  
8557.9776  
8626.216321  
8701.03158  
8799.375085  
8635.157776  
8682.647974  
8631.746216  
8606.171759  
8544.493707  
8514.18418  
8453.915967  
8552.602698  
8564.630188  
8625.825696  
8533.158655  
8427.883899  
8579.885651  
8545.075647  
8565.767828  
8542.920239  
8561.504498  
8380.679297  
8464.058008  
8621.192993  
8610.495142  
8486.826758  
8617.023767  
8321.267639  
8565.0466  
8336.576703  
8221.787354  
8169.674915  
8170.003571  
8143.467236  
8176.494702  
8476.921704  
8544.913885  
8491.117432  
8539.701514  
8589.989532  
8582.03913  
8588.209094  
8515.580475  
8646.175439  
8489.956683  
8662.025256  
8573.155798  
8612.492273  
8525.893042  
8511.999841  
8509.542621  
8444.349957  
8678.418738  
8536.952692  
8230.409424  
8437.917657  
8407.592084  
8496.683154  
8465.693829  
8580.376477  
8500.77691  
8644.387085  
8543.990442  
8547.888159  
8515.28678  
8505.597424  
8569.868469  
8485.800171  
8544.326257  
8452.293884  
8443.039062  
8552.862256  
8507.734149  
8544.151489  
8511.936292  
8425.935321  
8518.972742  
8393.805188  
8630.284448  
8527.509821  
8627.473914  
8607.028296  
8485.160364  
8566.160193  
8524.458081  
8625.647791  
8643.065356  
8505.632568  
8516.93844  
8397.236029  
8593.236865  
8446.864014  
8516.408514  
8558.215118  
8510.651135  
8467.381268  
8514.57937  
8478.187738  
8475.835535  
8425.766296  
8499.131372  
8431.609064  
8560.195459  
8595.383032  
8604.528485  
8475.653717  
8596.872839  
8528.541833  
8744.342615  
8506.445239  
8492.055902  
8480.807208  
8498.35592  
8435.975647  
8471.869843  
8487.798059  
8524.466699  
8609.302966  
8548.023181  
8591.484857  
8575.094617  
8577.722314  
8556.461469  
8644.58371  
8612.120349  
8587.387976  
8573.747052  
8568.712146  
8554.168713  
8244.500787  
8527.424048  
8531.770062  
8512.476233  
8432.723083  
8485.894135  
8469.882434  
8297.112976  
8376.205658  
8561.456201  
8644.922687  
8566.064264  
8485.135986  
8642.302936  
8652.601636  
8671.636206  
8538.420953  
8398.312775  
8267.780066  
8246.585645  
8280.453845  
8425.941296  
8336.16322  
8425.135767  
8528.667065  
8586.85036  
8572.186975  
8561.389368  
8554.853662  
8654.634839  
8662.590149  
8604.735632  
8585.680109  
8601.034985  
8528.905719  
8588.739514  
8560.297949  
8544.331512  
8517.056854  
8640.81593  
8564.346802  
8647.463806  
8731.309314  
8714.227094  
8521.838928  
8485.801093  
8454.823846  
8407.079907  
8325.093988  
8223.13382  
8255.877539  
8369.689984  
8467.490289  
8495.744  
8712.398462  
8750.400012  
8649.690253  
8627.312988  
8593.460699  
8614.634491  
8513.103784  
8534.538513  
8501.065656  
8649.973059  
8645.128979  
8552.742322  
8503.235779  
8489.23866  
8427.262946  
8450.816577  
8518.985065  
8534.578625  
8384.687189  
8448.995734  
8494.342365  
8585.774622  
8690.607654  
8675.306006  
8569.184827  
8526.024231  
8667.901373  
8670.116003  
8566.245898  
8592.226501  
8544.225195  
8497.853729  
8527.540338  
8534.14978  
8448.074915  
8350.38432  
8299.190234  
8296.625244  
8292.349304  
8350.611444  
8438.726245  
8492.786987  
8479.032739  
8574.350647  
8608.315515  
8606.391724  
8563.673547  
8597.873474  
8579.251544  
8399.154926  
8479.688342  
8571.501221  
8535.625763  
8609.868597  
8681.090735  
8630.348016  
8611.743665  
8545.890302  
8346.154755  
8240.730182  
8343.497534  
8328.092853  
8356.525275  
8346.939398  
8388.500732  
8393.704297  
8377.609015  
8308.439911  
8276.089838  
8727.914636  
8704.78009  
8677.309869  
8588.869073  
8602.482629  
8624.463617  
8607.370624  
8576.354993  
8447.523138  
8466.719611  
8386.847968  
8496.129419  
8401.00033  
8427.789862  
8587.075732  
8598.909631  
8570.075244  
8607.126697  
8533.495593  
8453.325873  
8558.94906  
8651.437415  
8608.19967  
8491.56283  
8479.211145  
8499.294653  
8558.007739  
8527.891534  
8441.269098  
8289.932507  
8287.126825  
8422.57652  
8567.117908  
8664.483032  
8614.990405  
8600.654407  
8530.745227  
8541.821497  
8509.939978  
8571.256555  
8545.045313  
8528.400708  
8579.798486  
8538.315063  
8377.709387  
8694.204041  
8439.343396  
8673.283618  
8718.799512  
8616.832141  
8585.805206  
8456.748505  
8317.325055  
8547.53136  
8106.882434  
8446.547662  
8196.751312  
8202.07215  
8235.253766  
8335.642224  
8300.0315  
8468.588263  
8481.521906  
8579.85304  
8623.32995  
8634.050464  
8640.371222  
8765.677734  
8675.152362  
8682.282507  
8682.713165  
8695.289246  
8695.325415  
8623.568121  
8601.936298  
8509.438123  
8506.354517  
8578.363293  
8555.85885  
8561.528857  
8660.72439  
8553.576892  
8599.896313  
8685.384607  
8345.720532  
8991.904102  
8812.553943  
8492.486877  
8709.818286  
8645.442505  
8548.984692  
8308.023621  
8403.515881  
8352.02453  
8292.551019  
8376.669897  
8374.565417  
8308.268475  
8417.464453  
8465.99928  
8582.868109  
8619.594922  
8640.089722  
8630.244055  
8635.669019  
8486.637756  
8416.614899  
8494.432074  
8496.057159  
8451.560498  
8420.373944  
8317.497681  
8340.240631  
8385.787976  
8439.738605  
8463.046924  
8605.560571  
8552.673462  
8532.155536  
8549.107532  
8345.631726  
8655.82876  
8497.73324  
8588.93634  
8574.844739  
8424.143188  
8479.381189  
8500.491418  
8537.842004  
8542.48197  
8505.280579  
8825.312671  
8788.913513  
8851.049982  
8667.393982  
8655.236835  
8587.496295  
8508.34776  
8600.086371  
8555.316638  
8534.076685  
8602.093909  
8607.88114  
8598.596387  
8617.81972  
8503.885468  
8523.525867  
8598.779504  
8995.326587  
8880.777271  
7887.461169  
8352.783282  
8460.009998  
8515.59707  
8463.099994  
8434.003925  
8447.800653  
8574.123163  
8134.981384  
8627.592432  
8453.900153  
8360.289587  
8351.23504  
8380.152649  
8255.493494  
8253.738641  
8328.950763  
8448.24408  
8497.136084  
8542.585168  
8502.029755  
8666.25675  
8611.672614  
8833.011584  
8670.504724  
8709.865295  
8651.832495  
8605.450726  
8459.374878  
8490.49068  
8475.715997  
8562.854938  
8357.076154  
8383.264496  
8413.91275  
8346.369043  
8003.57486  
8385.59635  
8758.921289  
8813.537799  
8749.925757  
8600.375598  
8507.907739  
8530.737512  
8517.192645  
8580.311298  
8618.144604  
8576.740295  
8651.758429  
8621.70412  
8450.481982  
8376.389526  
8347.60296  
8458.589563  
8391.031696  
8205.819751  
8636.74082  
8670.719885  
8594.955823  
8326.046405  
8431.021057  
8553.75791  
8595.465436  
8624.538989  
8457.853674  
8335.376929  
8287.607477  
8244.54397  
8293.089795  
8270.338806  
8301.80564  
8364.111688  
8455.839288  
8497.218579  
8653.595563  
8681.625385  
8654.552222  
8759.665479  
8711.526611  
8765.277258  
8796.87655  
8566.671222  
8509.725317  
8506.080365  
8432.570966  
8378.367255  
8440.22254  
8395.514587  
8503.945428  
8506.548975  
8520.655872  
8518.006946  
8627.582922  
8674.290552  
8672.468799  
8755.6961  
8547.830817  
8443.780157  
8437.669275  
8434.917065  
8448.738049  
8344.066241  
8202.301752  
8338.191632  
8405.952557  
8530.837396  
8599.387677  
8685.453857  
8499.464618  
8575.891687  
8632.76189  
8510.045044  
8531.224506  
8496.683948  
8479.979211  
8493.171582  
8525.689386  
8577.413513  
8522.843134  
8621.260114  
8531.912427  
8525.487207  
8630.064343  
8482.589758  
8533.16062  
8514.97345  
8424.205017  
8459.118542  
8468.089191  
8444.804596  
8455.785608  
8352.914642  
8354.897864  
8404.760712  
8452.43103  
8505.740057  
8392.02132  
8368.232904  
8343.692108  
8401.777948  
8459.500275  
8426.96217  
8507.074377  
8387.281177  
9042.217578  
8809.705212  
8816.328699  
8762.410669  
8616.863977  
8651.769067  
8698.545441  
8558.667438  
8575.890466  
8750.46051  
8539.473792  
8614.907275  
8577.545215  
8418.935175  
8083.923059  
8528.047662  
8660.888239  
8627.238251  
8503.028961  
8491.717554  
8440.768616  
8372.128375  
8359.089996  
8445.372168  
8452.58869  
8205.95697  
8365.31181  
8439.678448  
8519.24364  
8669.352686  
8573.63783  
8639.500977  
8817.657788  
8595.901447  
8600.858801  
8569.019873  
8526.256238  
8509.609564  
8446.612158  
8395.953259  
8438.354877  
8466.615881  
8395.750653  
8479.764703  
8461.829553  
8444.158197  
8608.179309  
8627.162354  
8658.806293  
8580.755756  
8486.49353  
8441.096478  
8680.535669  
8779.856177  
8776.33645  
8683.04447  
8655.4966  
8507.50722  
8457.735834  
8430.085529  
8462.576044  
8696.013257  
8676.734033  
8609.802246  
8313.579492  
8814.122119  
8661.921606  
8573.848987  
8482.23551  
8424.941754  
8308.652899  
8197.696387  
8159.335565  
8123.856641  
8105.722357  
8162.497504  
8265.832294  
8241.443903  
8305.040485  
8404.137646  
8585.518115  
8651.502466  
8729.741394  
8558.738165  
8679.199377  
8845.219751  
8306.838904  
8673.412476  
8731.404736  
8568.451526  
8417.921008  
8604.510754  
8649.449548  
8707.725598  
8567.698462  
8596.431189  
8648.003882  
8602.107861  
8634.695911  
8516.02865  
8573.676794  
8573.360901  
8543.842419  
8606.93689  
8561.263782  
8482.881201  
8540.450635  
8475.492065  
8471.601562  
8503.423102  
8466.05213  
8380.876233  
8464.561884  
8394.13429  
8505.953284  
8499.823407  
8417.956958  
8491.276172  
8368.15564  
8515.799298  
8503.258484  
8515.83504  
8471.600616  
8494.033612  
8423.685132  
8448.223206  
8434.052789  
8462.235229  
8422.479871  
8428.582648  
8530.627008  
8401.081976  
8459.019141  
8537.238318  
8532.299121  
8523.285413  
8496.220007  
8472.194751  
8571.143652  
8510.780035  
8588.452936  
8594.453937  
8555.328638  
8566.274841  
8606.961987  
8602.886566  
8636.291681  
8638.340662  
8572.105396  
8567.659601  
8518.711212  
8512.948505  
8506.436279  
8535.221588  
8444.020538  
8531.613824  
8608.918494  
8633.724524  
8536.109991  
8533.870703  
8543.913452  
8470.170441  
8491.270465  
8450.792267  
8442.110193  
8500.418585  
8574.283118  
8553.824286  
8477.631653  
8488.632617  
8431.07149  
8475.310339  
8452.498602  
8525.259467  
8592.924835  
8436.847522  
7929.110937  
8781.209241  
8857.451672  
8692.194983  
8663.807788  
8662.217322  
8746.024365  
8573.944434  
8377.059692  
8327.371448  
7721.572302  
8034.901343  
8110.865106  
8303.992267  
8408.827777  
8365.277771  
8395.737982  
8484.40127  
8542.583777  
8605.703748  
8723.972357  
8668.413654  
8692.652673  
8835.495453  
8722.735565  
8646.899902  
8604.831891  
8520.44483  
8539.417889  
8403.395679  
7886.855048  
8798.797412  
8716.202301  
8426.02334  
8518.65708  
8512.902271  
8510.262256  
8557.445972  
8551.648462  
8597.117822  
8657.765942  
8644.276257  
8654.347388  
8641.870996  
8796.71615  
8426.163055  
8651.631696  
8738.856671  
8667.179584  
8572.434943  
8666.607202  
8494.715295  
8449.684009  
8428.110669  
8504.939758  
8465.369556  
8522.842651  
8573.473108  
8601.297046  
8560.093909  
8548.556073  
8307.464325  
7447.627289  
8860.416217  
8777.438226  
8805.263092  
8866.0974  
8799.144238  
8654.839868  
8511.984302  
8323.920404  
8519.701245  
8436.165253  
8428.663434  
8464.578784  
8449.314758  
8486.247791  
8436.776917  
8399.410986  
8443.592731  
8477.533081  
8476.937897  
8595.984845  
8698.478516  
8690.42959  
8561.77998  
8559.552643  
8446.480768  
8476.367957  
8510.553772  
8505.557263  
8579.309412  
8621.029919  
8611.679712  
8512.585077  
8527.916418  
8440.616858  
8394.473083  
8393.880652  
8529.797681  
8427.233698  
8441.322992  
8587.060339  
8544.215173  
8694.510675  
8697.478021  
8717.132397  
8721.242407  
8604.69613  
8495.865784  
8547.972388  
8653.609546  
8714.603857  
8472.2854  
8554.987177  
8389.928613  
8371.770459  
8278.473969  
8268.474219  
8315.785394  
8173.070984  
8302.505786  
8347.400507  
8417.089575  
8517.972711  
8532.633813  
8602.695972  
8658.047217  
8722.430829  
8628.571466  
8579.808203  
8492.872827  
8470.171259  
8442.363727  
8403.911438  
8402.839062  
8424.90473  
8519.365179  
8533.490173  
8492.948273  
8593.123108  
8524.881738  
8594.847644  
8554.577368  
8458.620972  
8481.950879  
8479.889172  
8439.375928  
8513.057397  
8483.942493  
8491.466602  
8565.904004  
8478.357471  
8642.536414  
8679.195691  
8384.822217  
8482.112164  
8538.335486  
8489.699512  
8507.70542  
8470.939777  
8466.58407  
8456.951233  
8453.391724  
8483.685468  
8469.204578  
8520.773682  
8572.019678  
8525.477936  
8534.339111  
8470.705701  
8454.766248  
7942.517096  
8861.850549  
9014.60282  
8959.276526  
8817.993347  
8753.727594  
8629.38241  
8351.801422  
8244.146954  
8026.366046  
7977.658484  
8015.206305  
7997.377179  
8064.874011  
8144.545068  
8212.778638  
8254.690576  
8455.612213  
8583.911523  
8698.345874  
8795.355811  
8790.029578  
8760.012195  
8611.129004  
8527.87251  
8547.687994  
8505.286633  
8716.840039  
8718.872241  
8706.48291  
8713.205164  
8681.211865  
8650.9797  
8689.834839  
8758.62749  
8989.935071  
8830.126331  
8916.4005  
8820.198962  
8721.257385  
8564.913782  
8417.762421  
8290.73418  
8298.823871  
8311.463806  
8196.248761  
8191.521387  
8290.616132  
8347.223853  
8438.23924  
8520.89978  
8642.572021  
8734.978101  
8726.732825  
8757.556592  
8659.724084  
8702.357263  
8610.840875  
8567.839746  
8350.246277  
8302.828625  
8300.378986  
8379.335144  
8424.540088  
8492.884033  
8450.752515  
8448.649719  
8531.219153  
8590.311511  
8605.912323  
8637.865894  
8604.692529  
8693.955554  
8583.442352  
8568.843433  
8475.249988  
8375.879144  
8414.107776  
8523.037976  
8641.705017  
8664.215533  
8552.047827  
8543.804199  
8357.013812  
8384.726154  
8408.272632  
8510.762982  
8472.630072  
8535.494214  
8576.46391  
8571.028857  
8497.877435  
8615.686041  
8663.250842  
8615.299274  
8590.978015  
8590.450043  
8665.540302  
8675.644421  
8576.636438  
8579.066443  
8404.192352  
8412.393677  
8489.824158  
8554.586511  
8439.362781  
8701.044666  
8587.614325  
8644.772266  
8516.748779  
8350.124872  
8101.551892  
8537.407617  
8411.688672  
8488.689014  
8458.304126  
8415.278235  
8443.324213  
8841.338989  
8842.412012  
8520.009674  
8409.003296  
8391.415167  
8322.406256  
8334.852844  
8401.109583  
8437.584192  
8797.753223  
8713.460071  
8731.863617  
8623.371033  
8388.726263  
8447.51261  
8277.751703  
8398.099359  
8626.788013  
8637.055237  
8369.809857  
8385.127277  
8337.676947  
8367.297223  
8434.551764  
8453.006531  
8525.555231  
8452.750208  
8452.920471  
8382.772974  
8421.745898  
8483.81626  
8453.458112  
8635.133447  
8620.368591  
8497.782983  
8520.15188  
8517.759326  
8560.705865  
8487.405029  
8567.983643  
8463.67309  
8452.17594  
8422.413934  
8476.467969  
8554.173071  
8491.583435  
8770.570074  
8720.698413  
8758.651208  
8757.384766  
8747.771466  
8425.560199  
8720.818048  
8849.898767  
8788.252478  
8495.931018  
8510.2005  
8344.883032  
8350.630927  
8399.821277  
8522.706543  
8474.367773  
8374.140308  
8308.546814  
8301.386414  
7860.842773  
8186.293579  
8301.383038  
8361.874408  
8373.524658  
8291.223444  
8457.891833  
8663.305768  
8605.481537  
8597.566083  
8541.731018  
8587.017993  
8417.239008  
8444.550043  
8460.34054  
8370.850525  
8476.224945  
8511.479932  
8535.283801  
8525.999799  
8570.742682  
8637.59751  
8640.548071  
8764.466034  
8778.483777  
8645.119092  
8524.469769  
8517.414471  
8592.300244  
8626.189026  
8582.733673  
8513.965094  
8437.006525  
8439.775348  
8545.85965  
8537.909985  
8676.197192  
8545.441248  
8583.815564  
8690.351782  
8792.0328  
8802.603033  
8747.419751  
8685.013953  
8544.185583  
8431.722974  
8410.543463  
8339.086023  
8380.253088  
8379.313849  
8391.720905  
8471.355914  
8419.012207  
8561.29057  
8582.181116  
8498.99021  
8509.734204  
8420.609308  
8344.483386  
8345.751019  
8354.981641  
8444.270795  
8409.276465  
8529.383447  
8552.685547  
8617.54386  
8698.431836  
8698.413635  
8923.160974  
8570.842731  
8668.564453  
8699.719604  
8597.462695  
8520.288434  
8380.764117  
8445.268085  
8420.841162  
8513.160431  
8514.49306  
8499.238464  
8494.030933  
8458.540662  
8451.013416  
8459.000604  
8497.773236  
8751.46571  
8663.398926  
8637.79942  
8499.815497  
8447.624829  
8475.60177  
8427.049982  
8479.547455  
8449.813824  
8507.796527  
8500.771643  
8520.47337  
8656.579584  
8646.84433  
8544.340167  
8530.092102  
8544.013885  
8566.51673  
8494.577545  
8485.687433  
8424.26568  
8395.982294  
8443.221069  
8593.495538  
8551.472656  
8411.072028  
8573.694293  
8437.180408  
8349.751123  
8310.694275  
8311.314758  
8399.977789  
8437.522107  
8630.394971  
8670.611902  
9071.335535  
8623.792542  
8604.245508  
8384.926953  
8556.326624  
8528.110339  
8681.153503  
8538.275903  
8307.451257  
8708.630481  
8741.117578  
8724.987195  
8635.340826  
8573.585529  
8472.733374  
8361.502588  
8323.926099  
8337.557764  
8251.917383  
8371.410028  
8427.423102  
8220.529187  
8528.087885  
8532.027338  
8676.755255  
8515.037891  
8640.692914  
8559.670776  
8661.262366  
8747.302637  
8652.354041  
8547.668408  
8486.046887  
8399.337781  
8364.159503  
8347.141156  
8398.246289  
8437.205688  
8381.447784  
8443.736841  
8527.712726  
8465.26535  
8405.964465  
8427.297144  
8512.186768  
8456.983051  
8607.438434  
8652.477905  
8664.926843  
8487.141724  
8482.294397  
8468.12417  
8418.834546  
8467.22334  
8419.752039  
8409.229785  
8506.152759  
8399.018848  
8492.475317  
8462.174097  
8490.085339  
8947.147046  
8816.388416  
8722.323718  
8766.180786  
8647.357086  
8664.430579  
8626.961572  
8622.141455  
8648.679504  
8604.714746  
8520.4315  
8510.038422  
8430.697571  
8380.734094  
8223.739514  
8341.647675  
8346.618231  
8381.346838  
8424.947009  
8551.743054  
8400.646198  
8377.296191  
8462.597888  
8464.590308  
8552.095819  
8541.058215  
8545.627594  
8427.792621  
8491.222943  
8474.573346  
8530.542053  
8500.627155  
8703.623914  
8814.76698  
8713.974451  
8587.196252  
8620.940405  
8610.415686  
8607.398767  
8548.48175  
8666.732788  
8604.151508  
8380.767993  
8552.84679  
8492.485071  
8406.06156  
8439.786255  
8462.088031  
8432.919189  
8403.400403  
8382.322998  
8425.444989  
8468.187817  
8348.522498  
8418.021149  
8547.075854  
8950.150482  
8820.242859  
8589.176868  
8600.579706  
8473.368158  
8513.596832  
8233.402856  
8942.840173  
8893.917761  
8691.151111  
8522.071375  
8427.237433  
8407.619568  
8458.184766  
7949.93446  
7828.905103  
8448.921277  
8488.548114  
8789.569141  
8629.649915  
8534.367108  
8439.823853  
8525.897394  
8503.182947  
8550.269672  
8550.517542  
8537.927405  
8563.726251  
8486.296722  
8597.232031  
8458.153107  
8432.5836  
8361.801306  
8347.311731  
8411.409485  
8393.416705  
8435.407953  
8457.187915  
8441.721411  
8559.571033  
8527.326752  
8402.909497  
8398.908917  
8445.78761  
8417.440771  
8430.658008  
8451.131842  
8540.240961  
8018.494897  
8610.96897  
9121.597559  
8266.364514  
8886.327051  
8743.38999  
8660.904462  
8567.267535  
8566.476477  
8626.651611  
8643.295856  
8511.330096  
8542.298389  
8532.687469  
8537.57301  
8502.475055  
8493.003662  
8480.245685  
8460.122565  
8476.296454  
8400.45946  
8475.86095  
8467.758618  
8504.939838  
8455.128748  
8417.502466  
8611.96897  
8689.844238  
8776.834851  
8604.98595  
8647.052051  
8614.32478  
8627.032178  
8624.391528  
8571.154614  
8482.054797  
8459.044141  
8394.512073  
8270.221442  
8325.904071  
8674.140051  
8622.305542  
8560.152783  
8558.458801  
8479.158032  
8592.441309  
8541.74668  
8440.41344  
8411.758887  
8314.25885  
8430.276453  
8228.577069  
8271.378802  
8322.873395  
8342.825854  
8290.812463  
8219.963666  
8197.051563  
8236.151093  
8461.242688  
8574.635181  
8640.572607  
8673.116406  
8726.641522  
8755.947644  
8826.991443  
8790.914172  
8591.018933  
8614.677722  
8639.506323  
8664.720886  
8585.551111  
8596.049548  
8594.079712  
8569.375494  
8631.558582  
8639.377942  
8550.025488  
8579.623242  
8626.951514  
8624.842554  
8567.402234  
8520.451563  
8615.842798  
8690.307361  
8658.002185  
8661.593103  
8593.943103  
8566.774255  
8504.054907  
8584.749719  
8556.07204  
8576.429333  
8405.266223  
8462.222772  
8450.802478  
8365.165753  
8344.09975  
8391.626562  
8509.214044  
8526.559174  
8424.12655  
8516.917645  
8513.594214  
8580.170081  
8566.786786  
8629.51402  
8596.597992  
8467.705786  
8487.920709  
8450.574646  
8392.499805  
8494.126331  
8539.354895  
8456.563007  
8578.619684  
8459.702899  
8465.669482  
8510.271558  
8552.825702  
8480.616632  
8605.917535  
8514.711511  
8558.781573  
8481.524268  
8636.316132  
8691.951685  
8610.393372  
8672.885229  
8613.332562  
8522.345636  
8441.954694  
8514.559589  
8609.444458  
8550.957904  
8397.514832  
8418.004529  
8302.642084  
8269.995416  
8291.28385  
8480.084613  
8399.149365  
8384.271393  
8326.039453  
8372.730414  
8311.003485  
8451.913574  
8410.611816  
8382.629254  
8782.118347  
8364.623511  
9024.334753  
8537.598413  
8792.353149  
8673.614929  
8584.722028  
8699.288953  
9191.960852  
7881.554456  
8425.25575  
8305.068091  
8221.848199  
8164.631531  
8183.655316  
8296.887164  
8239.64436  
8226.731873  
8428.067371  
8525.984406  
8627.737769  
8782.973486  
8834.545703  
8832.223413  
8838.389807  
8759.761816  
8912.260132  
8890.817041  
8829.452856  
8609.381525  
8608.790051  
8472.493781  
8329.631134  
8302.372632  
8406.341937  
8463.916083  
8520.573792  
8509.311353  
8420.823163  
8257.111511  
8293.802521  
8234.573071  
8473.38031  
8383.30993  
8507.294531  
8392.868652  
8556.898932  
8515.332983  
8599.873059  
8532.400702  
8730.359412  
8607.707086  
8635.950659  
8435.912756  
8352.41972  
8339.412439  
8435.007037  
8344.926569  
8376.041766  
8454.01496  
8527.566492  
8444.404993  
8418.548047  
8367.750647  
8468.892627  
8724.72265  
8675.7479  
8581.883105  
8654.821118  
8655.977917  
8570.548132  
8286.060181  
8533.482361  
8560.915283  
8637.788257  
8771.529382  
8655.825287  
8608.417236  
8398.043262  
8463.367981  
8507.060767  
8534.837299  
8613.93866  
8579.44212  
8600.423773  
8552.638672  
8451.375635  
8451.291309  
8387.973755  
8282.366498  
8270.594128  
8315.965338  
8330.730127  
8331.017377  
8439.032422  
8541.276782  
8929.981116  
7989.773212  
8346.588586  
8565.340771  
8525.713379  
8634.81322  
8672.741321  
8674.318298  
8681.641162  
8716.059082  
8744.657568  
8845.792871  
8684.001282  
8660.906274  
8630.169202  
8696.683313  
8595.120593  
8607.495752  
8655.657141  
8607.144116  
8375.094366  
8072.722565  
8684.55014  
8693.183441  
8485.046637  
8483.636591  
8453.220355  
8503.258142  
8398.681543  
8570.410046  
8311.694098  
8363.872766  
8440.378021  
8355.996814  
8367.671429  
8388.250458  
8360.484955  
8498.236523  
8498.616437  
8364.467456  
8305.438098  
8463.160156  
8532.571716  
8517.710028  
8523.806305  
8611.010339  
8876.603284  
8877.967883  
8632.942407  
8594.844446  
8545.79552  
8506.888452  
8499.006238  
8652.977155  
8726.084357  
8598.033789  
7660.956708  
8905.58877  
8640.475195  
8537.287659  
8786.920886  
8772.710144  
8710.702051  
8610.532642  
8541.566254  
8600.202264  
8903.835461  
8869.495544  
8283.305182  
8231.422186  
8168.898499  
8208.863342  
8241.937628  
8229.566064  
8222.44353  
8241.933435  
8325.708832  
8402.128668  
8506.32793  
8552.516248  
8652.532666  
8704.443097  
8723.348279  
8693.248444  
8691.403662  
8580.989777  
8666.413745  
8731.081555  
8742.359656  
8809.341614  
8758.84823  
8776.068201  
8636.566394  
8673.135089  
8545.137115  
8542.490417  
8390.303198  
8429.493341  
9068.672974  
8708.437299  
8535.765833  
8486.883124  
8440.61637  
8467.594244  
8413.713281  
8301.522009  
8237.259326  
8137.931873  
8231.514783  
8241.710242  
8232.926367  
8318.602771  
7977.692078  
8482.006915  
8605.758954  
8734.943903  
8519.932288  
8408.593665  
8400.438245  
8587.385999  
8601.910571  
8590.135767  
8631.720557  
8558.515271  
8735.729083  
8679.096924  
8566.713525  
8456.514874  
8362.47677  
8227.699353  
8203.132507  
8521.712048  
8770.68587  
8867.635095  
8696.352057  
8720.342188  
8494.379535  
8556.993958  
8727.660181  
8820.954102  
8726.773584  
8658.582092  
8453.095264  
8364.698914  
8317.284961  
8120.171967  
8385.311725  
8296.512305  
8419.969263  
8517.944336  
8469.203992  
8562.074609  
8508.26795  
8552.183319  
8550.347351  
8606.433337  
8453.987714  
7620.506757  
8357.935059  
9446.51571  
8535.317529  
7843.157227  
8722.367163  
8616.409326  
8583.017236  
8483.606763  
8531.813959  
8461.621539  
8388.009601  
8297.133496  
8207.222656  
8259.459027  
8322.8849  
8386.216315  
8378.525598  
8414.165723  
8465.586371  
8493.260791  
8608.022986  
8592.790576  
8693.594617  
8702.251135  
8688.390686  
8553.147223  
8588.112299  
8539.741797  
8591.489905  
8648.300134  
8674.862366  
8677.435095  
8676.298657  
8565.103882  
8536.426691  
8594.722931  
8554.714111  
8683.354474  
8682.349792  
8707.308545  
8754.934534  
8668.60072  
8599.412811  
8664.916638  
8063.489612  
7817.900586  
8397.081909  
8402.553186  
8460.177246  
8554.268457  
8441.028583  
8434.989539  
8556.638037  
8528.811365  
8564.519989  
8584.186847  
8561.161713  
8442.881689  
8585.362939  
8590.678943  
8588.229712  
8577.00304  
8746.711792  
8661.938647  
8544.594641  
8492.704639  
8571.219739  
8490.110773  
8516.765161  
8525.193066  
8564.226477  
8530.248138  
8469.79469  
8442.493677  
8393.679272  
8469.375262  
8472.523785  
8430.066718  
8330.442963  
8519.456689  
8449.251031  
8389.297021  
8329.959619  
8543.961731  
8434.531165  
8403.860126  
8466.989917  
8859.425403  
8329.170087  
8188.4198  
8448.75249  
8390.356354  
8348.369019  
8551.74043  
8491.230426  
8130.886115  
8953.16012  
8808.970837  
8765.210022  
8749.2284  
8687.605414  
8513.146558  
8665.174084  
8721.57677  
8607.145264  
8706.531421  
8626.355652  
8540.224341  
8471.195142  
8576.575458  
8551.771088  
8410.175214  
8538.508215  
8485.946094  
8519.10033  
8516.491772  
8520.937286  
8597.313184  
8482.513477  
8418.10979  
8496.140973  
8622.182349  
8515.892664  
8517.299048  
8588.628406  
8472.505707  
8326.562378  
8390.967462  
8681.841736  
8487.271289  
8443.884875  
8482.296094  
8522.186719  
8508.587109  
8492.093347  
8645.090686  
8629.816125  
8636.454285  
8783.905603  
8732.179138  
8638.017163  
8456.094446  
8452.303149  
8490.531384  
8378.892578  
8248.119659  
8448.633649  
8824.593701  
8552.291376  
8453.329095  
8575.068634  
8500.343286  
8323.330328  
8330.562152  
8213.037463  
8225.437427  
8273.636957  
8273.535022  
8322.74035  
8430.326129  
8443.379877  
8435.350488  
8578.880389  
8586.853174  
8694.211475  
8707.453467  
8856.293762  
8825.404895  
8653.7797  
8679.594873  
8576.620477  
8542.617517  
8441.696625  
8406.307379  
8420.350934  
8434.919781  
8583.117273  
8584.137628  
8487.733575  
8349.861157  
8428.284723  
8555.326862  
8489.965936  
8556.659357  
8638.800525  
8685.60498  
8654.68363  
8630.829877  
8507.163959  
8650.13905  
8616.332959  
8510.423712  
8431.284705  
8475.760327  
8404.138617  
8491.047668  
8420.103998  
8423.840771  
8454.42583  
8432.074768  
8310.479346  
8302.402008  
8440.441675  
8485.30614  
8538.273108  
8594.351013  
8447.140649  
8570.277332  
8516.187134  
8616.286462  
8570.080164  
8584.168018  
8580.432288  
8573.426599  
8536.615906  
8453.176617  
8412.520093  
8661.42251  
8632.912775  
8619.151721  
8468.404639  
8439.523181  
8597.378564  
8973.004443  
7951.602588  
8763.350244  
8629.908691  
8603.396356  
8514.521606  
8524.475269  
8373.484521  
8470.155353  
8540.217712  
8663.508887  
8664.824945  
8643.933221  
8477.445111  
8622.064514  
8659.087762  
8563.733295  
8480.783685  
8435.51853  
8340.25094  
8587.913434  
8326.509747  
8298.560962  
9241.075476  
8829.191376  
8597.954175  
8387.348169  
8420.075397  
8453.492102  
8273.735358  
8111.393787  
8090.417926  
8082.712476  
8111.691064  
8201.101978  
8361.19613  
7875.919421  
8687.605475  
8545.590485  
8394.079498  
8756.526758  
8652.400635  
8561.134766  
8708.489563  
8620.231238  
8524.038818  
8552.272156  
8789.174689  
8762.613593  
8669.786682  
8693.288538  
8541.111255  
8489.906305  
8392.686627  
8277.599915  
8492.203302  
8444.35589  
8444.807257  
8361.45379  
8470.197473  
8658.710413  
8734.267603  
8822.382336  
8787.986646  
8875.740039  
8674.294214  
8584.23457  
8409.991443  
8349.279639  
7991.958337  
8443.542114  
8720.270081  
8605.856726  
8570.259045  
8527.003564  
8634.521045  
8610.999042  
8603.687585  
8703.708057  
8730.004272  
8666.00188  
8591.477441  
8602.053436  
8479.904614  
8464.53905  
8441.450684  
8328.140533  
8376.960352  
8425.282251  
8437.255188  
8531.899304  
8602.711542  
8642.061823  
8678.160913  
8576.570245  
8717.972626  
8604.253461  
8433.063245  
8426.506848  
8402.504834  
8449.191101  
8279.080127  
8360.47973  
8263.078143  
8605.072595  
8446.027673  
8562.921826  
8673.823145  
8916.6552  
8646.394867  
8523.325555  
8509.951709  
8563.701617  
8538.517303  
8645.287158  
8739.584302  
8609.950867  
8558.371777  
8473.996472  
8541.670581  
8518.339038  
8555.21532  
8501.085266  
8500.574194  
8609.946326  
8330.759528  
8297.622491  
8362.498169  
8538.06936  
8331.670245  
8342.555255  
8380.112494  
8374.686737  
8527.514777  
8467.517139  
8394.745599  
8428.864716  
8412.548755  
8324.974182  
8303.045416  
8478.964056  
8553.781085  
8421.207867  
8858.004395  
8747.248022  
8781.980847  
8610.086737  
