11407.81378  
11418.49761  
11447.78906  
11344.6806  
11333.75566  
11419.976  
11399.32565  
11406.81404  
11386.86624  
11370.85715  
11368.10205  
11389.39327  
11542.32261  
11473.57679  
11493.53066  
11452.56278  
11399.39939  
11337.30616  
11280.24539  
11293.26648  
11344.78488  
11343.11158  
11382.58791  
11299.75673  
11318.32667  
11300.31144  
11293.9767  
11301.93917  
11298.99449  
11202.07206  
11471.96812  
11401.57328  
11448.6485  
11375.96435  
11312.0071  
11328.54103  
11311.50697  
11322.45726  
11089.55066  
11501.2303  
11389.33372  
11395.91842  
11416.76844  
11416.76496  
11386.97428  
11396.48015  
11389.23004  
11401.07567  
11339.79038  
11366.50708  
11235.74398  
11298.42137  
11351.71697  
11380.04465  
11291.05515  
11346.6086  
11323.38977  
11293.15562  
11341.70241  
11312.84203  
11402.52918  
11372.22458  
11329.43675  
11321.9534  
11319.91641  
11359.80739  
11392.89065  
11422.03326  
11423.83922  
11429.507  
11337.93966  
11297.1839  
11365.20925  
11335.03385  
11319.29294  
11273.76281  
11278.47043  
11283.38322  
11301.40069  
11309.5821  
11351.5467  
11351.72072  
11383.44537  
11407.71152  
11359.45825  
11329.49804  
11353.71177  
11388.22831  
11440.99066  
11377.33501  
11405.85781  
11410.70037  
11417.31859  
11403.8614  
11449.975  
11455.41629  
11462.51091  
11395.3274  
11286.36642  
11322.77337  
11345.49093  
11350.27419  
11330.90585  
11304.28737  
11362.41845  
11385.73381  
11317.69971  
11365.16092  
11300.36171  
11350.51478  
11309.09268  
11379.5812  
11410.90321  
11396.70612  
11356.38546  
11348.16817  
11332.10084  
11358.08782  
11324.36134  
11324.40931  
11303.45492  
11338.10406  
11338.39042  
11320.61332  
11312.65569  
11385.97859  
11443.8969  
11441.23612  
11502.47996  
11408.45438  
11391.97112  
11338.2685  
11328.62643  
11313.18202  
11344.39163  
11290.08369  
11302.42821  
11321.78999  
11373.47211  
11356.86218  
11373.86328  
11334.44047  
11396.14479  
11402.29221  
11381.29394  
11364.49848  
11349.88777  
11303.44161  
11316.71254  
11348.49025  
11326.88581  
11303.69798  
11366.66781  
11347.38216  
11356.78048  
11372.28079  
11350.84665  
11322.67505  
11386.60989  
11298.06753  
11370.06313  
11385.45657  
11431.97552  
11396.81151  
11349.66369  
11327.58365  
11286.39608  
11251.33521  
11332.6266  
11419.21145  
11433.13551  
11395.43249  
11387.95225  
11365.41858  
11330.08239  
11341.93992  
11290.46573  
11332.41961  
11405.67138  
11416.28526  
11415.98833  
11333.60267  
11376.09251  
11393.22186  
11390.54024  
11395.0415  
11391.77134  
11356.80427  
11321.95211  
11314.12454  
11317.03388  
11170.42927  
11483.45432  
11380.068  
11356.24554  
11415.53698  
11432.06414  
11384.96927  
11413.12598  
11328.87078  
11367.36079  
11299.44444  
11330.49764  
11275.17329  
11389.64429  
11388.97242  
11362.79119  
11387.15903  
11371.46166  
11516.24882  
11380.90861  
11425.81906  
11381.04368  
11452.93153  
11436.12826  
11404.73542  
11381.76911  
11329.99577  
11318.06848  
11347.34925  
11386.94197  
11423.97932  
11372.88048  
11379.79732  
11379.6701  
11439.92136  
11437.71234  
11349.54174  
11328.23432  
11309.39757  
11281.24514  
11309.73113  
11254.38243  
11291.91879  
11283.849  
11332.62154  
11283.14164  
11329.45652  
11359.92077  
11383.32506  
11393.64273  
11335.1408  
11396.02628  
11390.69401  
11372.59633  
11425.93895  
11459.86592  
11428.43259  
11425.59381  
11325.17609  
11352.75564  
11360.96595  
11403.08225  
11348.57672  
11371.60344  
11392.141  
11375.93243  
11312.8672  
11313.43395  
11301.50105  
11318.12458  
11375.98357  
11371.09246  
11376.91331  
11290.59008  
11310.87358  
11359.40453  
11328.99472  
11331.40212  
11361.1491  
11321.6203  
11261.93895  
11293.93075  
11291.40347  
11337.31532  
11312.42102  
11342.6043  
11328.40753  
11286.97109  
11342.8287  
11298.42249  
11297.90466  
11259.15462  
11352.70496  
11421.65135  
11299.98596  
11301.92348  
11308.20977  
11318.82114  
11325.8488  
11333.88551  
11301.6748  
11279.76368  
11266.77449  
11240.57664  
11263.36413  
11312.4973  
11295.87316  
11300.33646  
11358.82514  
11859.02756  
11607.47108  
11553.3792  
11513.54056  
11376.83684  
11501.69218  
11489.17659  
11480.75384  
11430.63218  
11393.23691  
11380.41306  
11405.46648  
11188.66156  
11314.55613  
11454.47053  
11404.56861  
11327.63048  
11316.92956  
11351.97654  
11352.87934  
11423.26799  
11448.2559  
11429.57393  
11436.22058  
11425.05753  
11385.47528  
11392.70704  
11268.72629  
11383.62551  
11346.84506  
11362.36609  
11381.32071  
11347.71054  
11319.40125  
11402.87844  
11350.72274  
11443.43293  
11372.09144  
11355.14176  
11300.9645  
11326.26049  
11355.84792  
11318.8815  
11321.59873  
11268.71745  
11315.3799  
11287.36611  
11247.79175  
11382.86177  
11299.41303  
11465.70437  
11413.45376  
11451.31552  
11422.72315  
11429.6872  
11450.68225  
11459.59058  
11421.88709  
11443.70833  
11360.863  
11295.29395  
11250.64936  
11391.8748  
11445.3616  
11415.94634  
11400.61443  
11388.1139  
11431.83824  
11345.42937  
11331.95694  
11398.08286  
11346.78756  
11306.74415  
11350.72144  
11403.14631  
11431.52698  
11414.07435  
11425.77095  
11349.33375  
11437.57119  
11386.77882  
11396.20869  
11351.78282  
11138.60052  
11399.2728  
11327.19446  
11418.49618  
11367.9864  
11391.85245  
11321.71885  
11397.6837  
11248.23292  
11165.48207  
11129.36634  
11124.65273  
11139.95638  
11256.28015  
11257.67096  
11284.27016  
11330.17744  
11571.06777  
11534.20018  
11458.55249  
11474.846  
11502.14845  
11438.57393  
11408.20278  
11450.5336  
11393.85885  
11417.32575  
11354.70916  
11377.84401  
11334.58396  
11269.77694  
11397.91511  
11393.73919  
11308.87707  
11464.6431  
11394.08577  
11380.40813  
11370.44347  
11358.16744  
11298.32752  
11351.16068  
11316.01962  
11311.74086  
11343.36948  
11318.01759  
11372.16272  
11324.51271  
11330.79448  
11232.43105  
11313.93276  
11274.9664  
11321.54467  
11376.43399  
11367.83919  
11471.85442  
11440.468  
11343.95649  
11367.37902  
11323.91814  
11386.92558  
11332.98193  
11344.86586  
11350.29236  
11384.11848  
11414.05888  
11487.74967  
11426.91839  
11343.55755  
11373.57447  
11338.25957  
11489.72968  
11429.0163  
11326.95611  
11295.56979  
11235.61605  
11215.60186  
11279.07055  
11263.95512  
11297.96786  
11345.41592  
11288.67024  
11249.60551  
11311.76885  
11324.29026  
11349.78066  
11352.65256  
11331.50606  
11397.11314  
11369.27472  
11364.73453  
11332.80734  
11300.51658  
11293.14326  
11344.6397  
11361.21093  
11381.59988  
11393.8065  
11427.59343  
11476.71429  
11407.23704  
11389.5652  
11339.33051  
11358.38595  
11323.40065  
11356.77646  
11398.9059  
11340.5112  
11330.55905  
11312.63093  
11331.8391  
11408.08329  
11355.5345  
11376.34061  
11365.53172  
11391.02049  
11449.16749  
11469.46741  
11424.98115  
11428.05044  
11432.33562  
11346.08119  
11337.71969  
11385.49401  
11321.70113  
11255.59128  
11208.31168  
11287.75039  
11249.98971  
11305.31117  
11361.34126  
10907.36834  
11538.73532  
11433.4004  
11411.52289  
11376.5644  
11292.56971  
11302.66193  
11377.77963  
11319.83611  
11421.71917  
11354.70502  
11368.2546  
11364.854  
11392.98959  
11441.31305  
11395.05765  
11390.2329  
11371.46008  
11310.32937  
11399.06619  
11358.18107  
11390.25515  
11323.83228  
11338.52443  
11360.35657  
11314.8592  
11320.2705  
11326.97063  
11353.53472  
11345.36133  
11364.6044  
11407.81958  
11428.97335  
11481.86249  
11423.41248  
11337.77379  
11325.3218  
11369.87595  
11377.36208  
11348.64479  
11357.70029  
11394.73533  
11413.18126  
11346.66268  
11346.07906  
11327.07792  
11396.00345  
11339.05912  
11363.6044  
11339.37694  
11333.65886  
11382.90093  
11382.89814  
11419.93269  
11372.59076  
11384.36173  
11367.09083  
11364.20099  
11366.13626  
11398.66894  
11408.80945  
11342.80455  
11272.72607  
11380.34034  
11331.88488  
11379.39508  
11339.74869  
11326.09014  
11331.56685  
11337.34725  
11371.39112  
11321.25955  
11376.16738  
11466.93148  
11501.56816  
11422.15572  
11436.23017  
11356.75946  
11334.90236  
11318.93253  
11353.22234  
11265.03095  
11402.42044  
11420.11134  
11386.87671  
11404.22892  
11426.72571  
11403.8986  
11476.72719  
11324.85778  
11249.95062  
11270.80652  
11236.59028  
11215.26086  
11303.67641  
11283.23946  
11385.23365  
11331.95039  
11300.29403  
11288.27212  
11311.86138  
11362.80862  
11373.51939  
11372.46166  
11346.48325  
11419.34054  
11438.3842  
11372.9579  
11386.931  
11346.68415  
11319.10019  
11288.09347  
11306.48511  
11323.26929  
11369.78373  
11406.82926  
11415.21046  
11389.02436  
11347.62495  
11393.03039  
11351.68481  
11332.21738  
11363.28826  
11318.61028  
11348.5125  
11302.03371  
11242.62095  
11215.50592  
11243.44708  
11270.11996  
11234.16372  
11234.21977  
11254.55725  
11299.33484  
11292.73657  
11312.80763  
11282.97003  
11262.71394  
11230.66506  
11222.0384  
11235.69361  
11334.24599  
11307.94739  
11291.13046  
11306.56642  
11347.49422  
11462.75142  
11564.1217  
11607.44188  
11553.07676  
11524.65288  
11421.28531  
11523.88404  
11524.89824  
11472.59168  
11461.35029  
11194.39943  
11297.28901  
11322.72587  
11322.73614  
11363.92748  
11486.90188  
11464.44644  
11487.72537  
11439.31437  
11409.03401  
11413.94972  
11376.16816  
11380.50535  
11369.08661  
11312.55406  
11386.38537  
11408.78792  
11405.02154  
11392.81682  
11387.04955  
11305.33414  
11283.9404  
11316.06358  
11314.03472  
11326.36573  
11391.41076  
11429.59049  
11459.49578  
11493.6353  
11494.44569  
11334.6242  
11529.15302  
11467.16646  
11440.68177  
11472.56854  
11467.83413  
11462.23681  
11432.12457  
11390.72471  
11375.58875  
11318.02143  
11293.69807  
11260.20015  
11269.74623  
11293.02135  
11316.3967  
11326.43297  
11344.69684  
11323.49252  
11300.26207  
11379.37551  
11370.75521  
11403.2181  
11452.37342  
11369.46174  
11281.52155  
11353.24192  
11318.06491  
11278.78089  
11227.21991  
11308.47377  
11275.99248  
11337.43493  
11335.97727  
11344.97639  
11367.38964  
11357.98876  
11484.01836  
11539.99881  
11510.06087  
11489.24883  
11462.43542  
11478.16861  
11428.70833  
11284.41745  
11395.57936  
11410.18922  
11438.07866  
11449.13249  
11426.55522  
11334.79584  
11363.86108  
11355.46509  
11359.55759  
11294.49297  
11317.37381  
11406.35481  
11450.20699  
11448.26989  
11475.96997  
11522.45826  
11491.98077  
11414.31895  
11431.59195  
10638.8901  
11216.75059  
11761.41316  
11398.48324  
11371.66766  
11345.15534  
11313.55679  
11304.71161  
11354.35548  
11338.48218  
11253.00223  
11475.11965  
11344.92814  
11356.45789  
11335.22008  
11368.05514  
11324.76824  
11376.95311  
11363.00479  
11342.84376  
11361.33312  
11354.30778  
11384.42426  
11294.02744  
11360.54856  
11295.32319  
11345.56261  
11361.16677  
11337.07833  
11173.77239  
11256.24737  
11324.17668  
11389.41863  
11304.17601  
11305.82887  
11208.70999  
11201.92325  
11216.35746  
11155.53846  
11394.33195  
11456.78494  
11474.45741  
11386.89325  
11316.49468  
11322.79  
11264.40706  
11298.53121  
11305.79694  
11303.19714  
11314.58978  
11332.04407  
11373.60127  
11368.94353  
11410.8773  
11456.77406  
11366.04818  
11397.86099  
11240.84585  
11512.45584  
11448.14292  
11417.64704  
11369.46144  
11350.49825  
11354.50693  
11355.1035  
11231.76402  
11260.74152  
11314.85079  
11305.6969  
11296.52076  
11258.65246  
11324.05554  
11295.52303  
11353.16463  
11357.3673  
11389.50403  
11379.77539  
11422.93278  
11483.15199  
11485.79596  
11468.3535  
11446.47666  
11339.89806  
11425.35593  
11390.18767  
11354.82689  
11365.54728  
11358.55853  
11354.42046  
11353.3204  
11379.81523  
11398.4436  
11473.66434  
11468.08324  
11432.47783  
11433.91518  
11393.64756  
11302.30316  
11370.1235  
11373.94626  
11386.38078  
11335.05296  
11276.08643  
11268.91874  
11286.41782  
11329.01292  
11373.62245  
11375.54849  
11393.96809  
11385.51004  
11425.85264  
11378.97565  
11376.30727  
11326.87994  
11317.088  
11355.85122  
11319.58421  
11383.88963  
11356.47746  
11339.75604  
11471.10894  
11461.33452  
11420.76915  
11505.40345  
11470.09532  
11408.17943  
11420.15076  
11337.9723  
11348.33695  
11395.27038  
11340.60209  
11316.05964  
11377.69012  
11363.90117  
11421.09676  
11369.97308  
11299.89163  
11251.82482  
11257.84275  
11237.21474  
11264.93837  
11283.14549  
11316.18484  
11279.86129  
11291.26145  
11325.44881  
11423.85211  
11451.22259  
11440.46624  
11400.82759  
11415.51158  
11428.93183  
11401.90662  
11392.31564  
11239.12805  
11275.72223  
11343.32121  
11319.08553  
11191.09174  
11386.85382  
11208.21161  
11295.23686  
11334.02806  
11369.80285  
11311.87253  
11365.58001  
11341.13903  
11339.95406  
11333.07868  
11329.00001  
10915.20113  
11390.72285  
11285.62996  
11331.6109  
11349.91666  
11322.05328  
11383.82456  
11164.24013  
11416.78769  
11361.6935  
11353.07298  
11297.43434  
11362.08642  
11389.22378  
11398.61999  
11413.16771  
11394.71244  
11387.76544  
11358.8685  
11338.6375  
11365.18086  
11359.11348  
11355.99157  
11414.41883  
11443.34998  
11460.46593  
11364.05279  
11417.34214  
11464.07898  
11491.59191  
11486.96437  
11505.42867  
11471.73087  
11510.78167  
11441.57964  
11448.11864  
11476.13955  
11254.55143  
11409.0232  
11479.40295  
11548.93819  
11437.49414  
11349.44521  
11342.23821  
11297.07853  
11259.81373  
11219.98333  
11267.27  
11300.03922  
11298.94782  
11272.43093  
11355.9285  
11280.15324  
11279.42652  
11339.03835  
11328.02754  
11443.41788  
11391.85761  
11482.58179  
11300.32413  
11395.59068  
11026.36036  
11482.80318  
11417.51651  
11357.77122  
11351.43689  
11404.37665  
11338.3375  
11302.15653  
11303.26517  
11310.25733  
11329.731  
11406.59911  
11474.40004  
11486.29084  
11391.30157  
11320.30913  
11213.80278  
11262.31235  
11289.99713  
11292.93376  
11303.11732  
11330.04246  
11338.65341  
11320.68192  
11306.39988  
11309.75416  
11336.72376  
11305.99875  
11357.69388  
11359.73034  
11365.07332  
11328.79413  
11331.05923  
11302.33368  
11195.70943  
11358.7611  
11354.12596  
11274.15542  
11294.65556  
11376.44214  
11439.89133  
11368.59756  
11331.46211  
11312.98398  
11278.77339  
11257.26528  
11280.64665  
11278.81137  
11259.54248  
11364.75928  
11387.24452  
11294.60719  
11361.5447  
11389.64249  
11344.19846  
11341.49666  
11337.98457  
11334.96509  
11311.60775  
11324.74742  
11378.40354  
11389.24695  
11388.22794  
11460.6774  
11420.6486  
11432.88158  
11367.83504  
11311.46604  
11344.35189  
11343.75128  
11358.80752  
11368.42914  
11374.82491  
11411.65916  
11368.73151  
11331.10493  
11344.17166  
11307.32915  
11330.84449  
11382.70945  
11443.06677  
11459.96518  
11457.40797  
11454.42766  
11504.78958  
11502.59177  
11422.28144  
11410.77223  
11415.0895  
11403.48741  
11354.24596  
11152.64317  
11558.4736  
11407.65059  
11382.25395  
11305.04944  
11267.59765  
11348.17249  
11251.65405  
11261.26909  
10351.43744  
11591.85446  
11389.52237  
11404.45455  
11452.54566  
11380.21943  
11346.52273  
11395.58189  
11375.90334  
11433.92553  
11403.31435  
11449.7761  
11466.053  
11431.01259  
11460.04983  
11384.37903  
11465.62612  
11396.52461  
11375.53814  
11343.44939  
11362.25216  
10663.93643  
10924.48952  
11692.77147  
11429.52292  
11519.07819  
11494.41992  
11483.49512  
11532.76342  
11446.61377  
11438.76235  
11472.78493  
11464.97849  
11474.28903  
11482.11093  
11417.00907  
10913.16079  
11475.89213  
11446.46217  
11422.22346  
11383.18204  
11422.2945  
11388.09189  
11334.7559  
11371.48223  
11389.96714  
11345.8056  
11360.19346  
11382.65717  
11307.52555  
11283.26682  
11222.00342  
11244.31456  
11126.15494  
11514.285  
11519.44805  
11425.62761  
11420.44206  
11433.20638  
11407.72246  
11434.48435  
11438.54585  
11466.35193  
11438.37526  
11442.26375  
11417.18592  
11432.76736  
11345.62941  
11339.24655  
11359.93994  
11415.08114  
11378.63069  
11367.13236  
11402.4881  
11470.66975  
11270.62738  
11402.85074  
11315.89717  
11297.49779  
11364.72589  
11307.0435  
11263.7081  
11322.80526  
11309.14949  
11298.94737  
11358.50582  
11334.02728  
11382.13321  
11450.42533  
11345.54808  
11425.43384  
11354.92602  
11399.40271  
11242.39505  
11299.6881  
11384.92906  
11419.00791  
11361.06295  
11319.66783  
11314.03912  
11274.37181  
11247.45115  
11336.60362  
11331.53145  
11414.80533  
11552.5504  
11375.72141  
11344.80609  
11303.94644  
11251.48952  
11303.512  
11315.82748  
11280.39463  
11319.64534  
11321.38316  
11365.91683  
11342.43239  
11350.04664  
11378.51555  
11318.70138  
11346.26686  
11338.52285  
11423.33929  
11433.06206  
11365.78449  
11306.47489  
11283.11345  
11283.65463  
11323.3275  
11301.71529  
11346.7543  
11385.37456  
11315.68568  
11324.97347  
11312.1505  
11256.27334  
11309.20864  
11372.42231  
11286.11297  
11294.45935  
11287.2918  
11349.63472  
11340.92515  
11261.83268  
11314.64976  
11295.58178  
11277.65683  
11276.38454  
11344.06881  
11345.03843  
11397.98316  
11316.41552  
11393.02768  
11409.31741  
11385.15884  
11395.039  
11442.51177  
11402.60788  
11356.57406  
11339.37231  
11438.60377  
11104.97879  
11231.99477  
11239.81811  
11334.22745  
11449.47287  
11409.82741  
11350.53588  
11323.73242  
11269.64415  
11223.94321  
11250.23675  
11265.47951  
11264.83302  
11300.34696  
11332.22279  
11326.37491  
11023.8361  
10883.18912  
11384.91199  
11416.02235  
11420.3427  
11414.99419  
11424.27943  
11453.52282  
11436.96643  
11411.4842  
11341.24555  
11315.3794  
11318.70959  
11305.61037  
11318.33821  
11358.4524  
11396.47377  
11388.00502  
11402.02309  
11452.75125  
11534.67292  
11552.20114  
11451.29716  
11467.30944  
11339.07997  
11462.28167  
11473.51704  
11512.85954  
11410.13042  
11422.95437  
11358.14119  
11382.83151  
11444.56645  
11452.64382  
11465.59332  
11459.90253  
11489.89081  
11479.28294  
11422.12518  
11463.91755  
11421.94543  
11443.25446  
11487.5836  
11469.38287  
11425.19968  
11469.31874  
11387.13135  
11423.0739  
11359.11987  
11346.9858  
11460.82483  
11356.2105  
11482.58248  
11446.62994  
11443.73862  
11427.65039  
11441.53426  
11439.25698  
11454.2549  
11372.1361  
11409.67276  
11425.87251  
11434.32109  
11508.38225  
11400.41872  
11407.99136  
11422.75452  
11430.60629  
11438.5058  
11354.0915  
11385.31479  
11431.51348  
11370.80363  
11344.1711  
11316.43762  
11337.48377  
11338.86732  
11346.79184  
11394.26899  
11438.35674  
11354.36111  
11381.99145  
11319.95009  
11322.42043  
11308.67987  
11321.99688  
11266.22775  
11303.66725  
11273.32644  
11350.45839  
11310.33143  
11117.83712  
11440.50631  
11491.42256  
11420.578  
11374.26201  
11430.54988  
11359.36742  
11330.34997  
11281.82853  
11278.12967  
11196.47537  
11299.00149  
10347.87099  
10758.56448  
11524.65294  
11537.60923  
11388.67493  
11409.2285  
11371.46378  
11342.13586  
11374.70431  
11076.51073  
11431.90703  
11355.98013  
11391.28403  
11390.57272  
11342.35322  
11411.15537  
11388.62383  
11290.32392  
11438.21585  
11366.13147  
11358.64131  
11321.11665  
11344.32259  
11283.30522  
11268.63765  
11289.74866  
11271.4517  
11240.29068  
11275.9435  
11343.74772  
11359.15668  
11399.83698  
11435.46548  
11436.77472  
11403.34089  
11363.78991  
11397.52638  
11332.91503  
11370.63138  
11312.31848  
11350.23948  
11401.87924  
11463.13514  
11384.38455  
11490.09118  
11459.46841  
11392.8489  
11279.91721  
11292.72985  
11295.74696  
11289.09102  
11259.85617  
11372.29028  
11438.7982  
11524.39906  
11500.72922  
11493.951  
11302.28368  
11251.22806  
11203.21815  
11174.03067  
11205.40098  
11276.24052  
11231.90025  
11248.66865  
11252.32771  
11276.45327  
11575.17127  
11475.95322  
11516.82665  
11465.54442  
11394.40265  
11320.36675  
11387.09834  
11315.35251  
11399.75202  
11409.02362  
11400.2217  
11315.64022  
11345.24119  
11409.03447  
11335.40576  
11345.83025  
11293.9993  
11336.99079  
11270.991  
11281.82976  
11357.73495  
11395.81823  
11372.71966  
11389.31225  
11417.53809  
11440.77741  
11412.63112  
11308.96573  
11314.67751  
11306.82246  
11372.73903  
11372.72862  
11356.61427  
11349.66982  
11400.76376  
11399.41978  
11389.29952  
11412.72232  
11398.389  
11460.80971  
11492.56647  
11482.50994  
11403.56093  
11460.48333  
11393.326  
11312.9176  
11335.108  
11357.01497  
11325.14658  
11419.52403  
11350.34931  
11335.54773  
11392.01676  
11405.74856  
11401.93239  
11376.11348  
11354.17092  
11302.27693  
11308.12639  
11315.58318  
11353.07214  
11306.56364  
11356.11364  
11386.23319  
11411.30666  
11414.3796  
11393.60673  
11317.41457  
11283.77188  
11385.06851  
11422.94999  
11345.70655  
11378.32213  
11408.16093  
11382.67624  
11323.65369  
11373.65432  
11347.60551  
11379.40142  
11393.09081  
11397.10547  
11412.89076  
11434.79894  
11420.56744  
11438.44848  
11428.74872  
11463.61641  
11421.41294  
11499.36826  
11538.15641  
11483.80938  
11510.33166  
11461.9039  
11486.45245  
11396.46839  
11436.09459  
11433.63053  
11444.26432  
11426.28662  
11457.4268  
11464.89066  
11419.08906  
11391.83852  
11406.56875  
11455.21796  
11506.91798  
11550.37521  
11462.97226  
11398.05675  
11332.05524  
11342.82403  
11329.3211  
11273.6146  
11286.23741  
11358.79858  
11469.50392  
11046.19223  
11274.74446  
11258.39221  
11203.20707  
11419.07398  
11300.32201  
11369.09834  
11405.32658  
11426.61256  
11420.78916  
10912.81119  
11646.22198  
11520.31305  
11426.96165  
11379.18302  
11323.0837  
11363.57641  
11320.31603  
11298.73013  
11277.76853  
11328.18654  
11398.60834  
11424.62685  
11420.85447  
11271.29764  
11242.03452  
11230.21518  
11262.28168  
11088.33893  
11253.90521  
11458.876  
11422.42532  
11403.41944  
11398.41667  
11284.81526  
11251.58606  
11298.00631  
11317.17868  
11315.79735  
11299.25776  
11322.30957  
11307.09939  
11299.92676  
11390.58984  
11294.79404  
11326.09928  
11310.69217  
11327.64884  
11349.1162  
11351.08301  
11288.89955  
11201.86239  
11300.16756  
11281.28264  
11229.67187  
11246.00355  
11291.69912  
11379.19706  
11357.10263  
11411.96374  
11428.2277  
11399.12386  
11391.19358  
11232.24564  
11529.72235  
11430.30577  
11437.12781  
11408.04644  
11374.61478  
11354.33589  
11367.25782  
11395.77919  
11400.21369  
11442.42201  
11395.17528  
11328.89728  
11296.61425  
11304.53855  
11367.96302  
11375.59957  
11348.37172  
11295.16203  
11245.1048  
11254.87323  
11245.65705  
11283.82552  
11280.80332  
11300.69773  
11285.54594  
11286.03738  
11321.1301  
11349.25838  
11330.78494  
11349.75661  
11294.47207  
11245.07178  
11383.67285  
11411.14836  
11430.08021  
11415.33431  
11446.98686  
11430.51277  
11380.63474  
11382.68561  
11371.79361  
11354.18316  
11041.96414  
11288.79514  
11287.07287  
11351.84112  
11338.31974  
11345.84541  
11365.43123  
11342.75393  
11386.42769  
11405.69849  
11436.53578  
11435.11023  
11424.39704  
11101.57796  
11581.64689  
11562.16226  
11405.31713  
11337.67333  
11320.72925  
11273.35603  
11117.79292  
11280.37754  
11119.54353  
11206.8749  
11226.48369  
11246.18357  
11263.26457  
11217.71698  
10832.80558  
11294.66163  
11441.67379  
11422.15415  
11285.95399  
11548.85822  
11495.31695  
11463.42593  
11420.58487  
11390.91336  
11385.84844  
11440.11939  
11473.67175  
11426.87275  
11476.69655  
11383.95423  
11410.53182  
11406.63665  
11471.87261  
11447.33219  
11451.89864  
11462.32738  
11377.9507  
11340.33016  
11411.23089  
11456.19694  
11433.20562  
11354.71788  
11418.82041  
11392.92684  
11472.82922  
11440.97237  
11424.41839  
11321.77591  
10494.60693  
11505.84737  
10729.4553  
10363.982  
11740.0417  
11486.30349  
11426.02109  
11405.50583  
11439.00726  
11427.10177  
11409.9603  
11413.57013  
11424.91574  
11429.69869  
11382.39931  
11384.23708  
11319.17835  
11348.5583  
11390.15491  
11401.94094  
11450.25625  
11404.12719  
11408.07324  
11434.52666  
11465.94766  
11304.99702  
11476.4342  
11435.61375  
11442.95623  
11401.96129  
11356.35677  
11361.97371  
11367.00671  
11328.37295  
11336.70556  
11399.32679  
11443.8028  
11486.66798  
10913.27721  
11448.31886  
11499.09748  
11256.48108  
11267.9131  
11209.28474  
11279.92181  
11276.4686  
11297.69209  
11273.28672  
11290.78668  
11489.77845  
11528.22378  
11352.35235  
11371.86782  
11342.7908  
11324.18943  
11340.91032  
11385.9293  
11413.15561  
11488.5758  
11506.71058  
11482.99429  
11436.14842  
11493.91024  
11430.88542  
11465.62022  
11441.96905  
11389.22395  
11357.86302  
11343.29499  
11276.75858  
11355.89124  
11338.30071  
11395.33057  
11374.55406  
11302.29471  
11359.8446  
11309.491  
11294.59547  
11308.96267  
11347.67766  
11303.91609  
11135.21192  
11338.01103  
11369.30336  
11378.45073  
11414.91194  
11317.48306  
11363.91931  
11296.84078  
11417.17184  
11370.91555  
11421.41718  
11323.66777  
11288.21696  
11343.92101  
11366.15318  
11342.62283  
11348.72638  
11345.26816  
11346.21705  
11335.32731  
11381.60397  
11433.02566  
11382.90915  
11356.00775  
11382.17819  
11391.39181  
11396.49244  
11391.57188  
11402.37384  
11376.08271  
11403.93197  
11378.71583  
11391.27714  
11387.46601  
11399.87076  
11455.95919  
11394.24603  
11445.04501  
11445.18188  
11509.71474  
11459.52635  
11408.89242  
11479.68063  
11395.17171  
11386.16668  
11351.14729  
11404.20312  
11366.62727  
11377.74437  
11374.48792  
11336.13941  
11339.42173  
11374.41458  
11318.70485  
11385.57405  
11402.18954  
11411.63957  
11361.1781  
11366.72831  
11448.43279  
11422.21929  
11396.74362  
11378.32112  
11429.17441  
11515.41982  
11448.33306  
11448.96806  
11450.65756  
11442.02501  
11252.06985  
11039.50083  
11157.62561  
11488.45085  
11402.84049  
11388.49202  
11449.23594  
10822.24224  
10943.14039  
11349.55083  
11316.95783  
11315.4709  
11300.41225  
11311.28665  
11343.41507  
11365.30741  
11432.79709  
11419.58283  
11407.61625  
11421.1166  
11436.91906  
11426.1096  
11448.99078  
11441.50846  
11445.09537  
11442.13505  
11415.21246  
11447.65083  
11219.9427  
11502.43432  
11371.90047  
11472.35653  
11437.32803  
11371.7719  
11456.24454  
11396.94096  
11439.99  
11425.53024  
11398.44717  
11422.95142  
11398.84968  
11411.3514  
11414.29968  
11420.82467  
11447.40088  
11497.58913  
11485.87863  
11452.06457  
11425.96959  
11418.29488  
11433.50269  
11380.91795  
11321.84006  
11315.12373  
11319.4427  
11386.10308  
11329.82923  
11356.03596  
11341.44503  
11342.16943  
11311.02857  
11249.85293  
10781.98205  
11635.72356  
11500.38038  
11452.93348  
11391.74601  
11335.07546  
11304.52606  
11161.22887  
11379.54915  
11187.7936  
11286.43954  
11384.77852  
11257.61377  
11259.8753  
11293.64183  
11262.05117  
11271.67258  
11285.58808  
11301.23105  
11334.35086  
11296.02994  
11263.38302  
11228.81288  
11279.46569  
11296.4534  
11314.69533  
11241.60167  
11276.64665  
11163.44015  
11207.76923  
11196.61137  
11209.21275  
11080.76598  
11683.81591  
11356.54463  
11274.40626  
11256.77908  
11252.81074  
11303.84661  
11288.40833  
11281.9249  
11283.93779  
11263.35782  
11251.68402  
11309.25025  
11335.73674  
11364.52616  
11320.7289  
11321.91767  
11271.4219  
11319.60135  
11257.33702  
11326.10338  
11316.18217  
10891.7976  
11161.46592  
11565.37869  
11415.70876  
11435.1519  
11302.66657  
11335.76338  
11389.09487  
11299.70151  
11399.5576  
11349.62804  
11367.84613  
11325.86608  
11368.81305  
11437.53947  
11394.18522  
11450.4493  
11437.75405  
11386.33215  
11345.17585  
11326.70104  
11487.32141  
11465.08783  
11493.40938  
11500.10802  
11340.57101  
11504.50846  
11372.35985  
11395.98829  
11333.7018  
11305.0622  
11321.30269  
11408.60899  
11405.86555  
11367.29523  
11423.28923  
11499.61807  
11503.0131  
11418.94549  
11515.81308  
11495.99127  
11398.41659  
11337.81224  
11340.0191  
11344.7924  
11167.54776  
11347.51872  
11389.04835  
11428.45232  
11392.5897  
11426.07687  
11358.97256  
11417.47305  
11505.18775  
11439.98007  
11469.80027  
11481.80258  
11390.31017  
11577.55154  
11644.52774  
11544.03322  
11544.7716  
11603.61726  
11586.36538  
11518.0526  
11507.95107  
11504.72665  
11456.97878  
11469.38879  
11461.17383  
11444.70102  
11473.30557  
11440.98181  
11419.77759  
11231.01641  
11423.66152  
10903.22282  
11510.70859  
11395.72208  
11602.47708  
11403.01595  
11417.54352  
11362.54426  
11272.19827  
11215.01022  
11146.29084  
11176.1703  
11176.36596  
11220.7135  
11299.07168  
11240.74944  
11218.2558  
11323.36542  
11289.67884  
11281.75211  
11202.83713  
11409.16739  
11419.87753  
11417.45262  
11422.84528  
11205.82384  
11250.26561  
11317.17881  
11308.50336  
11257.55465  
11242.97508  
11331.63588  
11411.50902  
11379.21997  
11471.84572  
11316.36083  
11467.70651  
11461.91378  
11279.03196  
11468.7661  
11313.74368  
11229.48739  
11353.24154  
11346.0289  
11467.74205  
11377.20404  
11342.38798  
11399.28725  
11396.85843  
11564.79313  
11526.37834  
11537.54978  
11506.23642  
11468.6653  
11379.58202  
11393.96619  
11397.57499  
11439.49165  
11439.3516  
11451.58417  
11483.63101  
10364.42852  
11201.33157  
10956.54118  
11273.34813  
11264.77902  
11510.59838  
11425.63208  
11370.65386  
11357.18807  
11332.2384  
11311.54835  
11325.81763  
11342.08544  
11295.00903  
11370.15252  
11227.08733  
11353.70694  
11450.2379  
11488.84132  
11464.38693  
11470.06071  
11445.72896  
11438.50426  
11379.71104  
11404.42621  
11257.87215  
11481.68647  
11465.66645  
11427.6904  
11469.62171  
11462.81586  
11442.46211  
11356.2385  
11382.00083  
11386.51755  
11365.88489  
11403.98974  
11403.17662  
11397.34687  
11378.36638  
11306.65991  
11358.90909  
11330.76549  
11361.34902  
10675.6441  
10688.15039  
11623.4583  
11549.90883  
11461.44566  
11398.05607  
11358.99594  
11418.40393  
11368.67996  
11424.39394  
11386.45484  
11411.79504  
11389.11013  
11345.92116  
11378.63478  
11374.0442  
11411.04238  
11271.38936  
11302.80061  
11265.53857  
11329.33931  
11292.7181  
11317.94031  
11348.77233  
11425.1286  
11304.35343  
11311.3761  
11248.21924  
11336.18754  
11321.92519  
11231.5836  
11304.53741  
11270.98874  
11307.98911  
11334.60778  
11325.48327  
11248.09284  
11342.78508  
11319.68085  
11308.55524  
11194.12638  
11276.22384  
11270.55561  
11020.81838  
11416.26971  
11420.81878  
11325.34732  
11394.32786  
11307.54997  
11323.06478  
11392.37004  
11473.41142  
11402.01811  
11493.75329  
11481.89158  
11382.86628  
11388.85118  
11375.32716  
11155.70671  
11374.76529  
11384.42944  
11370.76171  
11388.26822  
11279.36638  
11451.28549  
11305.32874  
11456.48014  
11422.59264  
11448.8312  
11386.41168  
11354.05201  
11351.96675  
11471.76315  
11412.2152  
11384.66386  
11404.3137  
11375.77215  
11380.97292  
11353.8058  
11371.9891  
11408.45134  
11401.67927  
11458.43899  
11532.67566  
11486.45278  
11421.99589  
11395.88151  
11355.706  
11336.45332  
11388.55405  
11385.78859  
11354.6833  
11337.89533  
11354.20568  
11258.45818  
11314.78312  
11378.55999  
11420.23639  
11395.33482  
11261.73372  
11017.13049  
11374.71059  
11533.62489  
11105.74506  
11303.91789  
11385.21994  
11331.45255  
11250.11793  
11223.84391  
11176.47559  
11223.86324  
11294.00882  
11298.79213  
11371.65124  
11336.54687  
11315.75213  
11351.45104  
11350.65074  
11331.01567  
11346.73902  
11354.96311  
11331.07505  
11402.45095  
11492.17585  
11392.51545  
11376.04066  
11465.46174  
11354.61804  
11415.28761  
11282.12031  
11306.36722  
11319.75935  
11323.75643  
11335.44309  
11380.82545  
11399.40369  
11398.26056  
11454.51128  
11502.96672  
11495.56495  
11446.67144  
11415.67885  
11435.5716  
11362.87072  
11315.5977  
11389.62047  
11352.802  
11387.92807  
11366.69924  
11314.05509  
11387.80596  
11293.00268  
11331.06771  
11309.12064  
11397.09695  
11418.65153  
11460.44127  
11392.20754  
11340.72039  
11397.77164  
11346.99328  
11366.11339  
11418.09  
11370.54958  
11380.51327  
11421.70718  
11368.46284  
11373.41477  
11388.24981  
11418.45078  
11483.63449  
11411.0958  
11434.67174  
11385.93972  
11419.60088  
11382.73202  
11371.31791  
11388.06306  
11397.15012  
11213.00681  
11433.83297  
10055.86985  
11485.52903  
11487.81526  
11429.7369  
11432.48612  
11392.09475  
11385.92037  
11414.2516  
11463.9484  
11477.471  
11537.63865  
11466.80111  
11444.83824  
11376.21663  
11427.82609  
11351.51613  
11351.29636  
11393.39263  
11359.88707  
11268.86266  
11267.56238  
11177.66616  
11435.87707  
11474.142  
11410.25323  
11383.55438  
11417.28071  
11388.64867  
11302.08385  
11353.05209  
11324.36444  
11358.06758  
11387.97221  
11463.26727  
11454.98826  
10918.51803  
11410.44519  
11414.45283  
11374.48757  
11454.28297  
11404.83588  
11421.61105  
11461.82155  
11446.93813  
11394.9168  
11424.45605  
11389.24747  
11440.66811  
11381.31662  
11394.2639  
11472.12462  
11434.02331  
11433.56418  
11463.39328  
11432.91969  
11417.37715  
11382.42111  
11317.84156  
11259.24087  
11371.54485  
11384.8297  
11333.90369  
11387.20377  
11376.92161  
11358.13519  
11320.74738  
11261.57213  
11305.1575  
11231.71596  
11491.30158  
11440.00855  
11368.7617  
11389.5673  
11344.6867  
11328.23821  
11383.0022  
11409.36657  
11410.6303  
11395.82358  
11372.54599  
11364.96644  
11358.57292  
11376.33565  
11334.92134  
11314.31009  
11410.575  
11277.3109  
11299.10565  
11393.31746  
11336.12363  
11384.0212  
11393.00482  
11400.04816  
11362.06128  
11384.52281  
11348.37821  
11305.40259  
11330.07987  
11343.27484  
11274.96034  
11329.73761  
11299.87652  
11252.27986  
11391.18637  
11338.09083  
11384.14763  
11273.21218  
11050.8002  
11697.57613  
11473.72245  
11443.76603  
11473.78033  
11483.04982  
11359.37435  
11144.64778  
11321.91282  
11340.9341  
11410.74978  
11344.97123  
11318.85798  
11361.84971  
11374.53017  
11361.69078  
11339.26804  
11283.0606  
11245.34067  
11494.27949  
11362.6763  
11339.8085  
11359.49491  
11362.45138  
11352.1785  
11386.0055  
11335.22664  
11310.97715  
11301.02494  
11334.99615  
11327.42865  
11349.0287  
11325.05445  
11348.53452  
11301.01572  
11345.63637  
11413.6617  
11464.64013  
11568.31237  
