10666.46951  
10666.89881  
10702.96092  
10673.92601  
10624.5278  
10671.19905  
10681.77349  
10652.04159  
10664.39842  
10623.68088  
10560.60158  
10610.84868  
10707.71197  
10708.80852  
10784.69448  
10691.91869  
10690.32026  
10679.24753  
10654.37804  
10705.11924  
10737.26409  
10714.01978  
10758.6355  
10670.69543  
10667.64992  
10662.40991  
10675.97356  
10692.96614  
10721.99456  
10708.48858  
10825.57672  
10726.3755  
10651.36344  
10582.69283  
10603.8393  
10633.91172  
10645.46395  
10650.2663  
10640.00053  
10667.10156  
10671.09208  
10692.72593  
10696.9002  
10758.73264  
10735.74871  
10720.02644  
10649.18616  
10645.50724  
10626.86653  
10710.37428  
10787.62107  
10785.66928  
10750.31016  
10765.12173  
10735.60196  
10739.47882  
10706.62063  
10692.02688  
10671.58832  
10697.49632  
10668.95745  
10633.49594  
10660.80793  
10681.06442  
10688.04107  
10689.8121  
10720.92697  
10715.58107  
10729.54492  
10745.56501  
10737.10191  
10701.29736  
10702.58203  
10678.19121  
10682.26785  
10700.07804  
10633.57079  
10651.73919  
10635.75508  
10657.71151  
10708.21153  
10659.69294  
10700.28428  
10689.05159  
10701.72411  
10730.35487  
10701.61857  
10690.12435  
10660.3256  
10652.48821  
10666.57129  
10665.92626  
10719.95651  
10741.01094  
10763.98972  
10730.33143  
10670.31995  
10654.08724  
10663.28928  
10658.00082  
10627.75534  
10625.41971  
10634.00603  
10690.5302  
10713.80743  
10702.08177  
10653.65323  
10643.40099  
10675.36019  
10691.9784  
10688.29465  
10693.46375  
10705.39914  
10691.91701  
10642.75414  
10685.22808  
10667.09135  
10628.90786  
10593.82031  
10666.07705  
10649.80047  
10659.03631  
10728.35102  
10708.90207  
10710.79744  
10696.00738  
10719.83361  
10750.23554  
10727.36357  
10657.26828  
10612.721  
10650.07318  
10620.89419  
10610.26686  
10670.30355  
10632.92358  
10677.50427  
10634.99469  
10659.30559  
10692.80365  
10701.42738  
10725.95771  
10773.12816  
10732.78969  
10694.22597  
10679.26298  
10630.58358  
10639.66141  
10642.29752  
10626.46973  
10658.02133  
10704.17881  
10667.29508  
10651.19396  
10691.18819  
10693.4346  
10657.80911  
10704.53606  
10718.0841  
10735.29548  
10724.55022  
10694.22177  
10692.86927  
10602.26445  
10576.17412  
10617.39808  
10616.37253  
10617.36536  
10579.1843  
10705.27327  
10701.1391  
10736.83862  
10682.52996  
10673.68628  
10618.87096  
10636.15593  
10604.12728  
10649.12809  
10657.21527  
10700.35218  
10645.00997  
10679.24509  
10647.55384  
10682.16966  
10735.91146  
10662.49787  
10643.8093  
10612.31132  
10598.64506  
10519.95241  
10525.93114  
10687.02061  
10705.2718  
10723.85668  
10692.52487  
10715.38244  
10742.78022  
10740.80618  
10737.92584  
10650.6852  
10608.17077  
10627.22985  
10677.55971  
10704.46298  
10678.09075  
10667.11825  
10629.37677  
10652.11628  
10772.88267  
10738.9758  
10749.84381  
10744.58947  
10741.37863  
10796.84869  
10790.84206  
10755.86472  
10710.38501  
10674.51607  
10700.11984  
10692.74996  
10724.48577  
10726.05849  
10712.47424  
10735.03424  
10718.08291  
10772.40299  
10777.99286  
10732.10031  
10696.91623  
10662.24177  
10694.84836  
10718.54208  
10689.73914  
10690.63589  
10639.72528  
10690.13919  
10662.46447  
10608.4792  
10645.23384  
10677.35871  
10701.68203  
10676.1649  
10669.20447  
10671.70888  
10685.8743  
10741.24525  
10738.24675  
10690.86989  
10655.47062  
10600.39009  
10626.99866  
10694.77401  
10663.89463  
10702.131  
10747.0457  
10739.77318  
10657.27041  
10526.19942  
10561.69099  
10603.83525  
10625.31873  
10666.67513  
10703.08337  
10660.67605  
10634.42348  
10620.30668  
10624.12412  
10631.31012  
10644.6962  
10645.8128  
10589.13205  
10586.56781  
10612.97767  
10629.86618  
10672.05351  
10627.06013  
10613.97481  
10594.24473  
10565.83377  
10596.36589  
10565.66517  
10599.26499  
10717.75761  
10722.86838  
10706.50791  
10634.10672  
10612.62728  
10605.27018  
10626.19679  
10671.27727  
10631.41926  
10627.66385  
10629.58128  
10590.49328  
10552.49961  
10612.09263  
10567.25294  
10616.00136  
10670.08378  
10766.42535  
11069.30296  
10911.05536  
10740.68746  
10576.41309  
10663.42862  
10887.64021  
10790.48989  
10626.79845  
10747.29175  
10685.59486  
10672.90998  
10658.702  
10717.21094  
10737.20993  
10819.89321  
10775.80148  
10697.99032  
10733.47033  
10768.48373  
10801.64266  
10853.44467  
10863.06616  
10839.74871  
10839.15186  
10710.12687  
10715.88332  
10718.36443  
10589.16488  
10640.72606  
10739.72373  
10733.86707  
10677.65491  
10678.2264  
10696.3159  
10757.09142  
10748.62761  
10719.95167  
10717.52519  
10663.23646  
10627.83841  
10704.27259  
10738.55404  
10726.7522  
10696.32502  
10654.74269  
10715.73058  
10698.47734  
10765.73868  
10717.8154  
10528.36097  
10845.05383  
10739.77698  
10733.67595  
10691.14653  
10632.1059  
10682.45437  
10668.37049  
10690.64653  
10661.14265  
10648.91836  
10598.41834  
10619.27507  
10724.57693  
10797.94587  
10839.99635  
10841.13693  
10740.93928  
10707.32621  
10661.06351  
10661.69399  
10695.49054  
10712.33597  
10717.20651  
10709.03468  
10682.54688  
10699.55184  
10748.83312  
10784.78228  
10735.59415  
10803.54825  
10734.27762  
10698.56975  
10552.39332  
10542.69619  
10708.8147  
10718.0239  
10666.93292  
10696.72572  
10726.66728  
10736.78336  
10598.16761  
10531.40111  
10476.46604  
10439.72291  
10483.4872  
10545.37267  
10600.12175  
10602.02657  
10630.49033  
10805.16132  
10792.83205  
10827.30227  
10806.0491  
10791.78027  
10763.88999  
10733.51517  
10768.11849  
10753.47768  
10717.33757  
10657.94447  
10642.70499  
10677.60985  
10726.06444  
10701.87161  
10661.75708  
10740.12526  
10770.15348  
10759.79227  
10728.19135  
10717.71813  
10633.11315  
10698.45073  
10692.39093  
10734.64864  
10713.86095  
10651.89012  
10731.09348  
10737.20228  
10763.78508  
10721.98887  
10702.1312  
10661.14222  
10589.94705  
10574.65881  
10613.28577  
10615.23626  
10683.00355  
10754.35765  
10731.00296  
10647.90882  
10600.89674  
10684.64511  
10700.3395  
10643.91847  
10614.15736  
10623.35703  
10643.55243  
10659.48861  
10683.90757  
10651.8959  
10657.39546  
10659.31447  
10787.12769  
10832.0136  
10712.09408  
10640.1006  
10661.39121  
10707.75225  
10646.17997  
10667.06  
10611.53204  
10603.02094  
10615.56837  
10639.70462  
10710.32369  
10722.15753  
10685.98952  
10696.15372  
10672.06399  
10738.95729  
10712.36163  
10736.56017  
10640.56269  
10632.61179  
10661.62262  
10649.73404  
10665.86953  
10686.19683  
10724.08782  
10681.86311  
10684.36545  
10641.09065  
10687.36778  
10647.75411  
10617.60578  
10638.67219  
10747.44086  
10762.01728  
10769.99296  
10759.32722  
10670.20358  
10646.31883  
10562.04199  
10646.90625  
10702.45397  
10653.52384  
10640.96173  
10648.84474  
10735.47933  
10775.87994  
10697.81493  
10763.61671  
10703.40882  
10630.25177  
10643.95439  
10694.03732  
10688.21958  
10656.20185  
10644.976  
10653.84348  
10615.63487  
10632.69192  
10632.27199  
10755.90468  
10657.36133  
10690.4071  
10677.84865  
10623.03421  
10614.62405  
10732.09827  
10729.39048  
10721.30765  
10683.1744  
10670.41768  
10681.18351  
10727.20086  
10808.54133  
10791.31853  
10710.17318  
10685.4023  
10723.92002  
10704.04344  
10764.7356  
10737.37338  
10664.72959  
10650.14643  
10597.20347  
10643.1936  
10605.65026  
10570.73564  
10532.7029  
10578.77963  
10595.14928  
10685.67554  
10707.28241  
10767.79563  
10802.47643  
10717.53773  
10639.01237  
10606.52693  
10622.31916  
10640.64166  
10673.62843  
10632.6577  
10645.19069  
10680.93948  
10635.29752  
10615.36611  
10610.80505  
10640.56309  
10645.889  
10646.87378  
10695.93042  
10671.38757  
10699.10439  
10741.09328  
10744.68898  
10701.34464  
10692.50075  
10672.31523  
10656.68143  
10693.16231  
10701.31852  
10674.26179  
10702.01822  
10675.31612  
10664.61628  
10662.31299  
10663.52938  
10674.31183  
10705.42682  
10682.88477  
10689.2447  
10659.51923  
10643.47998  
10672.06605  
10724.74329  
10682.41079  
10669.35547  
10639.43522  
10603.22017  
10602.58851  
10667.46263  
10703.49334  
10689.88867  
10750.86407  
10796.34891  
10781.25194  
10781.41102  
10728.49953  
10749.12918  
10708.60204  
10619.32487  
10592.1054  
10618.8404  
10594.63765  
10592.14167  
10634.02125  
10668.22233  
10729.10764  
10690.31002  
10680.52908  
10658.62084  
10687.35587  
10709.60815  
10709.66596  
10685.02565  
10537.84529  
10666.91011  
10689.16266  
10615.97375  
10520.31735  
10491.1067  
10510.68537  
10574.88676  
10566.29749  
10581.86901  
10721.47212  
10748.32609  
10636.81985  
10609.45891  
10592.86716  
10623.85843  
10618.73492  
10678.44946  
10659.88218  
10644.8374  
10634.72207  
10588.60214  
10546.59147  
10551.47464  
10592.03732  
10607.08271  
10548.09611  
10521.17001  
10608.4319  
10709.29028  
10617.20728  
10611.17255  
10553.81586  
10619.74247  
10584.71457  
10697.40863  
10691.25411  
10574.82886  
10591.03434  
10588.3832  
10565.16653  
10568.30309  
10696.81862  
10888.02796  
10869.01162  
10872.95153  
10828.92578  
10640.97543  
10695.41419  
10700.49456  
10760.36664  
10753.93233  
10810.46339  
10720.18296  
10739.74855  
10711.41004  
10762.44316  
10704.86589  
10686.24361  
10701.04606  
10736.57054  
10802.23219  
10794.527  
10833.08309  
10799.70363  
10793.72989  
10762.86344  
10802.40767  
10742.09467  
10795.53257  
10777.8715  
10770.93101  
10758.17641  
10751.87127  
10725.93236  
10666.43599  
10666.68879  
10863.83126  
10834.42439  
10810.13949  
10790.02624  
10798.57873  
10847.53361  
10854.51527  
10855.57102  
10828.17601  
10779.60544  
10746.65509  
10667.01173  
10677.47366  
10689.33223  
10670.72167  
10677.51528  
10566.40906  
10556.80042  
10608.25293  
10655.04084  
10690.44739  
10666.65625  
10696.04054  
10657.61687  
10666.96688  
10696.44755  
10682.23782  
10648.17195  
10653.61663  
10624.49509  
10680.40233  
10723.63527  
10738.57297  
10683.48883  
10676.27404  
10638.73932  
10684.6243  
10725.7332  
10713.14176  
10751.95251  
10729.92753  
10404.9285  
10775.5002  
10979.8351  
10801.38014  
10829.00801  
10769.5572  
10756.568  
10636.74895  
10630.69722  
10690.8704  
10747.35576  
10795.66444  
10744.03992  
10678.41375  
10704.81043  
10760.50814  
10745.09313  
10743.03562  
10725.49505  
10756.58268  
10792.21494  
10795.31542  
10834.34967  
10785.07048  
10772.66026  
10769.99328  
10772.70842  
10819.85907  
10626.26357  
10516.8204  
10761.91543  
10769.15098  
10746.619  
10701.52974  
10656.05882  
10600.52365  
10624.97806  
10579.59737  
10682.09328  
10753.57428  
10696.61969  
10704.79163  
10631.94551  
10599.97247  
10606.86083  
10596.37536  
10559.65852  
10621.48077  
10614.56167  
10638.64531  
10555.12823  
10638.41571  
10702.06056  
10642.58251  
10631.85291  
10620.17084  
10646.2688  
10635.41485  
10730.5985  
10680.58337  
10659.85948  
10600.68683  
10584.29192  
10573.88913  
10610.83701  
10543.74687  
10663.58696  
10677.37422  
10768.27381  
10674.91026  
10623.15438  
10628.03537  
10627.52546  
10674.81351  
10665.99016  
10638.01982  
10655.42666  
10670.59076  
10699.84398  
10711.51027  
10703.41715  
10706.81407  
10694.82537  
10621.35653  
10715.74589  
10703.81565  
10774.71616  
10677.02285  
10670.96592  
10663.04486  
10640.29137  
10604.10308  
10556.36406  
10528.29854  
10550.28145  
10606.56688  
10613.41903  
10600.15431  
10631.68193  
10677.01848  
10651.52298  
10715.83854  
10654.40414  
10733.4395  
10741.01364  
10755.76254  
10728.02561  
10714.98236  
10711.22271  
10693.78468  
10727.32494  
10698.66023  
10665.67084  
10687.97764  
10636.57945  
10626.20883  
10719.66072  
10726.07385  
10694.96973  
10708.99703  
10713.5684  
10749.44701  
10746.34171  
10721.02157  
10634.68092  
10616.19235  
10613.66557  
10629.0357  
10548.65592  
10502.06019  
10526.35939  
10551.88979  
10532.80576  
10627.02931  
10649.49003  
10665.60468  
10653.69441  
10666.16185  
10619.83552  
10622.19885  
10706.23315  
10642.71924  
10613.84467  
10614.94105  
10624.42012  
10712.95493  
10624.10596  
10740.44537  
10711.61541  
10730.15862  
10759.8759  
10704.79212  
10650.63629  
10642.76603  
10697.88066  
10659.31816  
10674.67861  
10702.15473  
10728.45223  
10715.45712  
10707.70491  
10734.61009  
10648.60965  
10613.19004  
10636.78972  
10673.56567  
10659.28195  
10662.28366  
10719.0521  
10767.64388  
10775.64884  
10709.68332  
10613.65178  
10567.81069  
10720.97979  
10752.75587  
10706.20657  
10664.68049  
10643.14501  
10681.52651  
10681.50572  
10686.87738  
10631.51643  
10658.82965  
10687.16849  
10703.941  
10687.16221  
10642.41461  
10773.40476  
10807.97594  
10790.48211  
10794.06162  
10765.20032  
10741.952  
10704.34333  
10662.70819  
10662.55897  
10673.77759  
10653.72867  
10633.80687  
10680.79376  
10726.27716  
10719.24586  
10703.12234  
10682.39526  
10659.57751  
10646.7643  
10667.14739  
10698.88199  
10705.88435  
10721.61147  
10706.74525  
10723.622  
10698.2655  
10700.03086  
10734.58476  
10705.09075  
10667.03046  
10728.68049  
10727.2858  
10755.52275  
10765.6819  
10667.99184  
10608.17222  
10584.48591  
10752.0109  
10842.26259  
10857.46411  
10751.00783  
10698.59193  
10643.42946  
10703.99108  
10658.10431  
10663.47797  
10737.12226  
10727.28105  
10681.26162  
10769.73643  
10560.10172  
10669.11078  
10585.94329  
10565.03368  
10564.38612  
10536.29463  
10518.71477  
10498.054  
10540.23251  
10574.9112  
10568.34042  
10587.91823  
10635.97862  
10658.09223  
10736.29746  
10772.03488  
10738.00439  
10694.423  
10715.62369  
10645.37084  
10622.15309  
10438.99789  
10720.41853  
10693.34091  
10682.71744  
10684.78517  
10738.43494  
10658.17307  
10648.52322  
10661.96777  
10675.93234  
10681.34147  
10665.57942  
10724.38929  
10660.01428  
10614.13113  
10645.54751  
10664.13462  
10659.85782  
10648.42011  
10688.08634  
10687.07501  
10697.1955  
10661.67791  
10661.09582  
10720.18751  
10675.80329  
10726.82863  
10694.90524  
10729.34773  
10719.88939  
10667.54581  
10627.50587  
10682.76132  
10648.14712  
10650.58687  
10752.97145  
10645.31116  
10690.2306  
10694.49859  
10809.86694  
10694.56649  
10644.81945  
10652.445  
10658.54403  
10646.78958  
10679.14311  
10642.27921  
10642.49339  
10660.74641  
10693.67519  
10707.94484  
10721.35156  
10733.7448  
10692.40777  
10682.25414  
10628.31592  
10668.56342  
10673.11411  
10648.65124  
10733.22814  
10741.35547  
10749.98413  
10748.07343  
10729.67739  
10725.2628  
10709.68232  
10665.41606  
10706.02589  
10708.11127  
10676.82204  
10684.10607  
10716.14791  
10740.03721  
10715.60982  
10707.75551  
10669.10646  
10701.35342  
10737.57112  
10767.86798  
10666.19877  
10736.60337  
10749.40816  
10787.95301  
10843.63639  
10805.80341  
10775.00483  
10749.17758  
10717.37112  
10752.80292  
10687.50941  
10676.42992  
10352.32914  
9964.451172  
10735.2332  
10801.06394  
10820.87606  
10785.8051  
10716.98604  
10632.96944  
10690.78773  
10521.35403  
10625.25823  
10666.06082  
10713.61893  
10717.31175  
10663.62685  
10671.18305  
10696.19158  
10707.87545  
10721.49265  
10781.83449  
10782.69653  
10794.11058  
10782.77282  
10797.90718  
10799.13668  
10712.20414  
10738.09174  
10654.76521  
10643.77081  
10654.06234  
10258.35864  
9878.17749  
10751.52941  
10874.76258  
10817.24548  
10757.07093  
10699.92706  
10693.64195  
10659.76677  
10678.42196  
10678.99087  
10700.43414  
10714.15499  
10753.93823  
10747.43573  
10737.51044  
10868.69511  
10816.4026  
10775.87371  
10776.49474  
10688.77595  
10636.22523  
10612.66533  
10588.33778  
10651.16366  
10616.27225  
10608.30806  
10628.93914  
10649.88556  
10636.86837  
10629.08631  
10567.17289  
10603.23696  
10782.61025  
10792.93318  
10799.82452  
10775.42827  
10742.54173  
10664.81602  
10719.09596  
10690.26461  
10724.19648  
10639.21818  
10554.83495  
10581.74398  
10648.71006  
10685.80971  
10710.08121  
10781.56786  
10809.22454  
10719.60087  
10601.69573  
10705.88649  
10656.51512  
10674.96981  
10589.88612  
10603.0059  
10597.68155  
10649.56836  
10684.47712  
10722.15843  
10765.33824  
10771.43115  
10757.28001  
10822.13497  
10723.61852  
10659.77009  
10685.76015  
10699.89156  
10661.36311  
10710.69905  
10749.01051  
10657.26252  
10677.78303  
10749.17264  
10770.08802  
10725.42396  
10679.50134  
10634.30545  
10533.24701  
10690.80041  
10740.39136  
10703.35413  
10580.70254  
10632.96546  
10540.36182  
10565.6446  
10542.28023  
10522.07815  
10571.8754  
10643.42739  
10653.40671  
10697.54316  
10660.4453  
10675.34925  
10717.08913  
10780.82551  
10776.04856  
10819.91998  
10726.49983  
10719.92906  
10655.37809  
10650.53444  
10640.70479  
10635.15918  
10573.70012  
10607.3336  
10618.22676  
10629.75854  
10665.88566  
10718.114  
10741.73667  
10767.81985  
10767.41273  
10702.58566  
10703.16604  
10708.8689  
10727.55276  
10748.95554  
10694.8341  
10650.89347  
10562.86825  
10632.51973  
10685.22609  
10626.00533  
10617.13363  
10672.75349  
10697.49339  
10697.90869  
10654.64297  
10693.79955  
10710.25165  
10690.46615  
10701.53092  
10702.24236  
10710.28652  
10690.14783  
10742.29488  
10697.0324  
10709.14025  
10717.39149  
10418.2005  
10443.26143  
10819.22633  
10800.19445  
10705.44745  
10656.76262  
10661.10798  
10675.16089  
10621.60224  
10608.86631  
10594.3732  
10566.43539  
10638.55022  
10650.78651  
10693.04288  
10533.45416  
9719.04014  
10770.15881  
10778.72679  
10773.08815  
10773.24203  
10757.79117  
10742.33947  
10710.69428  
10701.76962  
10709.55341  
10676.22429  
10701.51002  
10749.83564  
10733.68556  
10750.29007  
10816.2168  
10781.91346  
10772.61608  
10762.67124  
10660.66237  
10918.13616  
10794.06957  
10692.4784  
10703.4454  
10781.90661  
10739.74421  
10588.19826  
10561.39745  
10612.99798  
10676.58384  
10593.51346  
10636.43448  
10665.14028  
10655.81496  
10635.47056  
10693.23267  
10706.43592  
10710.25329  
10732.66092  
10699.37784  
10652.55991  
10661.44998  
10659.36872  
10662.88303  
10633.73294  
10640.69745  
10649.77045  
10668.30694  
10673.77675  
10687.33352  
10699.87646  
10669.40237  
10696.67837  
10704.36157  
10657.36544  
10669.31687  
10680.66398  
10656.00014  
10597.3975  
10648.64077  
10620.00997  
10673.67861  
10664.74775  
10678.13336  
10670.3415  
10674.55597  
10709.65045  
10713.58566  
10718.00738  
10700.57779  
10719.13711  
10689.42712  
10660.96321  
10675.92351  
10685.86141  
10711.73932  
10661.26919  
10688.57057  
10685.05128  
10641.6489  
10687.24627  
10730.98027  
10760.5648  
10718.75111  
10695.51522  
10668.63606  
10658.36324  
10686.27569  
10751.59784  
10733.82136  
10512.5444  
10685.16909  
10768.07583  
10735.57991  
10696.2114  
10688.59881  
10674.17528  
10606.13085  
10550.23927  
10583.97009  
10608.62904  
10669.58587  
10673.26298  
10614.54392  
10856.80829  
10810.13268  
10830.92208  
10781.20824  
10728.19675  
10839.19421  
10877.92268  
10821.61604  
10670.7223  
10788.16676  
10765.53968  
10705.91153  
10623.93876  
10667.88356  
10681.74648  
10611.19076  
10655.76214  
10685.73169  
10581.17937  
10628.97043  
10683.99589  
10689.75451  
10714.78474  
10701.56819  
10727.80098  
10741.15848  
10753.82183  
10783.58947  
10743.29096  
10696.69459  
10618.96114  
10635.37124  
10675.68433  
10721.07242  
10794.73344  
10756.37254  
10742.7363  
10736.61203  
10774.57848  
10778.97013  
10684.4433  
10639.0515  
10621.33253  
10672.24734  
10660.47968  
10667.07702  
10636.97778  
10635.85379  
10700.95417  
10714.7274  
10731.88963  
10823.35218  
10749.02151  
10713.43035  
10552.28674  
10623.16145  
10572.45811  
10477.46836  
10473.74  
10547.13395  
10559.35886  
10526.26274  
10541.31119  
10575.52973  
10680.52384  
10796.70631  
10751.22504  
10666.44803  
10596.28979  
10617.10319  
10676.25974  
10677.05177  
10728.78424  
10718.3943  
10714.6008  
10748.12514  
10734.33038  
10698.34916  
10655.633  
10664.12053  
10657.55724  
10648.21052  
10666.42582  
10706.23868  
10660.05052  
10692.69744  
10715.5034  
10791.33729  
10788.87909  
10775.05894  
10741.12978  
10590.04677  
10553.18777  
10665.41698  
10614.55259  
10642.91396  
10701.17918  
10679.48631  
10671.57047  
10715.88925  
10744.7261  
10740.47954  
10789.0684  
10755.97281  
10792.2093  
10791.85122  
10741.3534  
10632.12549  
10655.56478  
10632.22774  
10609.89187  
10626.53553  
10631.03521  
10632.41398  
10654.23157  
10666.86752  
10673.99174  
10655.8077  
10734.58888  
10692.63346  
10643.55305  
10656.68288  
10669.58347  
10643.70646  
10665.59171  
10650.08855  
10644.43986  
10624.55164  
10700.16567  
10689.83763  
10672.45666  
10648.91589  
10583.19613  
10728.7831  
10717.88655  
10716.97174  
10645.17129  
10619.85604  
10613.2508  
10613.03646  
10707.8741  
10682.96459  
10692.6962  
10714.20387  
10701.86492  
10759.55918  
10700.71957  
10671.3992  
10669.96954  
10593.14854  
10694.72131  
10719.91831  
10657.25396  
10667.09287  
10701.5278  
10707.50682  
10665.3853  
10634.99081  
10585.16132  
10651.69774  
10725.73384  
10726.03313  
10734.44922  
10710.76166  
10717.86328  
10667.96892  
10634.35286  
10621.91846  
10626.84016  
10633.37533  
10655.04376  
10640.54413  
10682.46599  
10709.23495  
10655.71411  
10671.74459  
10699.81072  
10695.8067  
10729.49049  
10692.67252  
10791.16355  
10548.02001  
10663.37129  
10601.10742  
10636.56575  
10681.4925  
10712.46907  
10756.90911  
10775.17057  
10736.50154  
10780.24842  
10598.34106  
10679.46625  
10739.90305  
10729.16133  
10677.60498  
10659.74588  
10691.99427  
10719.44462  
10688.07217  
10748.92007  
10748.35064  
10746.61828  
10727.46889  
10657.49463  
10507.01066  
10703.56394  
10849.11729  
10790.10102  
10670.65391  
10626.08969  
10658.42047  
10609.20664  
10542.74683  
10530.58268  
10525.40892  
10622.8263  
10635.34993  
10586.86739  
10588.29723  
10608.79705  
10624.38836  
10676.26225  
10658.01112  
10679.27575  
10708.73726  
10786.69273  
10823.50112  
10776.75076  
10790.81417  
10791.91155  
10705.65512  
10710.7502  
10742.81208  
10675.14548  
10580.04782  
10555.51772  
10637.74997  
10732.43016  
10726.64717  
10720.13485  
10736.04241  
10771.24499  
10584.5848  
10650.74978  
10726.32146  
10714.25011  
10665.59832  
10633.1302  
10644.61312  
10620.57883  
10633.15565  
10688.94468  
10723.77599  
10679.35968  
10648.01528  
10604.4103  
10592.02551  
10657.03501  
10735.68247  
10707.26729  
10683.45179  
10647.21326  
10662.57267  
10714.87513  
10761.75131  
10773.08992  
10738.85064  
10688.41093  
10728.77397  
10712.27443  
10756.64868  
10804.9887  
10808.7224  
10685.90283  
10686.20315  
10683.43935  
10640.76934  
10681.03142  
10733.51494  
10717.34188  
10695.8171  
10646.36289  
10650.44596  
10647.73522  
10671.11654  
10723.64482  
10701.84368  
10761.73132  
10637.17271  
10664.98264  
10659.32952  
10668.50813  
10640.03  
10608.31954  
10615.12056  
10685.38452  
10693.29777  
10770.32301  
10726.02192  
10636.21061  
10700.1361  
10723.05643  
10752.52352  
10836.54208  
10785.06134  
10740.26469  
10130.77495  
10482.72813  
10469.53602  
10627.37832  
10655.87095  
10680.35018  
10674.83532  
10651.05351  
10678.77051  
10581.90115  
10700.35196  
10764.913  
10852.81628  
10801.34108  
10710.23828  
10676.81474  
10685.538  
10657.80505  
10706.49803  
10732.1819  
10765.28368  
10776.83947  
10802.12685  
10811.36502  
10737.66141  
10754.12649  
10755.31388  
10736.75461  
10660.13626  
10665.84569  
10708.63418  
10773.1033  
10768.79067  
10798.29489  
10740.37678  
10743.25549  
10785.45571  
10796.50879  
10772.39465  
10710.51752  
10654.2638  
10688.80248  
10112.15998  
11173.68061  
10704.29114  
10644.56534  
10585.13963  
10683.33574  
10658.97643  
10660.7071  
10700.39918  
10640.52765  
10698.40359  
10652.75352  
10742.51799  
10741.8609  
10712.29814  
10679.00026  
10681.27105  
10657.0494  
10712.87435  
10675.802  
10665.60112  
10667.2665  
10588.52464  
10546.5743  
10576.42294  
10524.46325  
10632.02098  
10756.59964  
10724.71808  
10696.54479  
10675.48758  
10696.22438  
10735.46329  
10711.90937  
10734.73288  
10702.37365  
10762.10927  
10750.45455  
10629.9911  
10730.26937  
10780.66254  
10658.4562  
10607.82672  
10596.37481  
10661.83407  
10626.19916  
10574.91999  
10559.08775  
10580.37872  
10660.88082  
10614.01323  
10624.40884  
10625.29193  
10629.88129  
10613.52675  
10618.90049  
10737.3774  
10741.97895  
10787.17831  
10793.48325  
10762.77253  
10735.33803  
10673.41398  
10699.9625  
10745.66739  
10761.95397  
10735.7737  
10672.62375  
10631.27012  
10626.73268  
10515.32472  
10541.9861  
10564.7355  
10571.20736  
10585.36778  
10623.1705  
10614.79271  
10623.59793  
10706.26462  
10672.27321  
10679.39301  
10680.31369  
10730.03045  
10788.82011  
10713.36355  
10652.3553  
10628.19979  
10621.20845  
10671.93104  
10609.65058  
10693.89628  
10672.23281  
10705.30983  
10699.55189  
10728.94775  
10729.81712  
10694.50612  
10669.21019  
10677.57459  
10718.83322  
10690.33045  
10682.25869  
10688.60969  
10706.07138  
10708.51133  
10655.17165  
10686.14864  
10721.32564  
10717.96621  
10724.10149  
10716.50204  
10714.18041  
10744.15715  
10666.1  
10603.82749  
10610.13748  
10613.45674  
10640.47451  
10645.404  
10691.05391  
10738.1172  
10754.92239  
10740.93354  
10698.49831  
10741.16405  
10731.0545  
10711.32758  
10682.94372  
10738.4405  
10732.96609  
10648.25468  
10628.14021  
10675.88027  
10684.46285  
10659.86578  
10625.72055  
10638.29463  
10651.26656  
10678.67584  
10690.06102  
10739.45025  
10716.09488  
10723.03856  
10697.65698  
10705.5159  
10755.19192  
10720.51597  
10720.80865  
10711.60758  
10678.51219  
10565.19688  
10507.28901  
10727.39542  
10681.41883  
10664.16301  
10687.35915  
10715.24044  
10005.78392  
10418.40137  
10579.69551  
10575.11898  
10632.55062  
10636.17913  
10633.39485  
10696.40379  
10712.73323  
10644.25135  
10699.23975  
10717.39752  
10769.07676  
10753.11618  
10753.24278  
10715.60433  
10778.36893  
10727.46658  
10684.39265  
10654.50579  
10717.76564  
10689.49658  
10716.36476  
10709.41893  
10646.71711  
10550.79295  
10617.35894  
10676.80002  
10607.99157  
10603.61548  
10630.70966  
10605.69454  
10611.2535  
10648.15107  
10676.97396  
10698.47366  
10731.72429  
10711.03849  
10772.06172  
10741.80067  
10698.37069  
10635.99443  
10693.49405  
10718.74556  
10765.05631  
10692.48261  
10673.2443  
10742.78429  
10746.62671  
10733.84881  
10695.77067  
10730.12279  
10755.97332  
10725.1979  
10740.87213  
10561.11071  
10565.82899  
10695.51113  
10699.13917  
10641.82857  
10671.5454  
10597.12526  
10602.52163  
10550.86857  
10625.57502  
10661.60229  
10736.27179  
10768.74836  
10715.52048  
10678.87955  
10637.42917  
10725.50507  
10705.35116  
10730.66666  
10738.27819  
10766.27268  
10710.25991  
10702.39791  
10721.55869  
10727.05584  
10684.87876  
10721.1516  
10762.61173  
10766.25363  
10825.98208  
10801.89916  
10803.81451  
10356.71864  
10335.54521  
10857.26562  
10726.55885  
10778.3796  
10760.58905  
10676.17447  
10662.39011  
10685.11368  
10739.60603  
10794.72128  
10757.66695  
10763.99114  
10652.20017  
10693.74604  
10698.70099  
10749.97684  
10725.80217  
10672.23051  
10647.60011  
10644.46931  
10509.06175  
10530.26044  
10760.30905  
10830.12899  
10660.61229  
10614.24786  
10683.31754  
10735.96846  
10813.81401  
10749.39554  
10820.51311  
10703.35451  
10700.66632  
10600.67074  
10628.80575  
10655.12241  
10685.4656  
10702.98412  
10785.1064  
10775.57488  
10785.48241  
10763.69215  
10640.95739  
10705.59132  
10756.81119  
10784.09164  
10685.05304  
10692.10797  
10659.52604  
10724.74213  
10742.90713  
10709.48109  
10737.37968  
10741.34144  
10812.61083  
10769.01822  
10244.2114  
10857.38747  
10706.8593  
10492.02933  
10560.47549  
10635.50866  
10590.49403  
10607.41136  
10547.60652  
10559.5519  
10255.36243  
10190.64424  
10662.60063  
10620.25223  
10615.67109  
10619.43741  
10726.02009  
10661.99046  
10735.34392  
10697.16893  
10698.312  
10791.94709  
10825.09095  
10833.83857  
10873.1633  
10882.703  
10921.42004  
10870.21164  
10788.87254  
10711.3967  
10727.38556  
10748.07238  
10747.96282  
10728.23532  
10765.84277  
10738.92887  
10732.43223  
10773.59351  
10788.19663  
10741.0324  
10703.98334  
10425.60553  
10678.31227  
10630.37961  
10469.42282  
10550.42298  
10621.83186  
10605.74013  
10569.5517  
10488.90417  
10496.27693  
10599.18947  
10614.68018  
10634.72215  
10624.99981  
10612.84496  
10613.56435  
10664.18954  
10706.04182  
10650.72187  
10589.49951  
10599.60548  
10599.50516  
10592.27207  
10609.24282  
10616.01797  
10697.30513  
10726.87203  
10736.38557  
10727.24367  
10737.48231  
10750.10235  
10751.4407  
10804.13873  
10783.22138  
10760.6955  
10747.60464  
10662.70107  
10656.37359  
10854.84144  
10780.68671  
10788.02851  
10786.46133  
10756.89037  
10737.84332  
10753.63399  
10759.35511  
10774.84711  
10828.85547  
10717.31375  
10796.2794  
10727.52793  
10709.45765  
10692.2581  
10770.59681  
10797.82547  
10826.88659  
10824.77449  
10886.06675  
10871.16874  
10718.74899  
9604.776985  
10264.69645  
10336.23443  
10546.42469  
10564.22065  
10693.85372  
10641.6793  
10616.7341  
10653.63556  
10652.52293  
10700.10841  
10693.229  
10595.51268  
10553.71213  
10538.79281  
10685.32374  
10650.11719  
10685.82354  
10737.83971  
10721.19112  
10762.27158  
10722.37537  
10752.53392  
10852.47593  
10801.71121  
10761.9678  
10604.16998  
10681.25184  
10730.85893  
10773.15496  
10759.93552  
10739.827  
10697.52236  
10627.46911  
10729.14939  
10718.00267  
10711.61969  
10752.18737  
10823.43968  
10748.34612  
10765.28473  
10798.1363  
10784.31738  
10780.73346  
10476.63161  
9728.578175  
10750.26822  
10531.69662  
10569.74128  
10677.59364  
10691.65535  
10663.29646  
10671.09499  
10691.97686  
10757.85323  
10707.43925  
10705.75349  
10713.3022  
10751.24591  
10743.70628  
10724.90329  
10669.25086  
10698.97362  
10706.51983  
10692.77677  
10652.76986  
10684.00494  
10762.67775  
10708.33265  
10670.40996  
10626.40813  
10671.28363  
10674.01245  
10709.42656  
10699.04165  
10682.22214  
10712.56349  
10738.87648  
10702.27815  
10700.08442  
10701.45337  
10752.76939  
10780.99507  
10741.98788  
10787.29781  
10733.02542  
10751.92426  
10605.76631  
10464.57867  
10769.95588  
10693.30875  
10648.19874  
10660.25686  
10651.39719  
10554.58404  
10653.37806  
10566.1709  
10829.20483  
10705.41207  
10701.15838  
10676.27574  
10701.65234  
10579.87022  
10650.37401  
10665.74482  
10673.46074  
10709.62444  
10770.23251  
10754.76494  
10744.65115  
10688.48696  
10609.99216  
10630.71912  
10636.97303  
10667.49852  
10657.37312  
10675.51228  
10626.57876  
10628.94938  
10670.2554  
10711.59108  
10714.75024  
10722.08849  
10721.64463  
10757.2123  
10795.248  
10823.68535  
10755.14529  
10702.37131  
10639.67386  
10617.6115  
10672.115  
10739.753  
10771.91142  
10719.42634  
10723.03434  
10737.81625  
10700.60383  
10719.48245  
10673.27849  
10690.83279  
10724.13044  
10720.07186  
10756.12137  
10490.09878  
10341.53829  
10382.61633  
10633.26113  
10609.19513  
10560.81484  
10674.81685  
10622.2229  
10549.79356  
10584.73985  
10622.66349  
10644.84708  
10633.80212  
10660.07669  
10662.28826  
10653.33943  
10635.34702  
10632.67518  
10758.91457  
10752.96507  
10786.69559  
10859.63494  
10784.29264  
10735.69953  
10697.55862  
10633.58934  
10740.6464  
10676.76023  
10698.26741  
10678.55154  
10689.72412  
10639.05018  
10668.35976  
10607.06075  
10643.92208  
10656.24517  
10687.75722  
10702.8395  
10837.98818  
10720.70908  
10710.90724  
10700.82086  
10751.18651  
10743.90625  
10740.01133  
10695.90277  
10660.99068  
10643.9395  
10643.02947  
10664.51399  
10669.68724  
10657.4463  
10670.37728  
10646.08703  
10696.79158  
10732.15433  
10733.89453  
10688.22754  
10605.53633  
10598.45495  
10644.86432  
10663.52309  
10699.86312  
10681.10989  
10686.18559  
10709.37376  
10791.43662  
10728.55757  
10770.68994  
10750.22731  
10653.01353  
10633.58016  
10679.7808  
10709.21886  
10776.57359  
10782.01788  
10772.52407  
10784.3717  
10760.21015  
10722.18395  
10614.95788  
10165.36235  
10434.55819  
10631.39916  
10634.81948  
10682.67435  
10658.60143  
10649.69495  
10700.80894  
10732.12102  
10722.49111  
10746.1928  
10652.55887  
10641.36931  
10690.33289  
10727.65793  
10745.05806  
10763.7964  
10755.04512  
10706.67368  
10860.4378  
10791.43815  
10307.1894  
10726.42577  
10688.40507  
10641.79537  
10617.83795  
10616.22554  
10592.42693  
10572.55331  
10580.88985  
10649.32446  
10643.16949  
10692.43305  
10755.91362  
10719.94902  
10435.78846  
10598.34883  
10744.25146  
10748.38215  
10670.96197  
10745.23469  
10767.03062  
10751.23666  
10747.72148  
10727.27075  
10710.69507  
10731.36587  
10742.56079  
10696.99785  
10640.96868  
10608.92518  
10658.85656  
10625.15746  
10719.72619  
10729.06724  
10746.78563  
10753.97105  
10729.40713  
10673.46706  
10748.70936  
10716.67004  
10666.86663  
10632.24339  
10600.307  
10587.01382  
10625.17534  
10608.97679  
10608.64943  
10586.5481  
10743.06872  
10768.01663  
10749.6042  
10768.87155  
10769.973  
10739.93683  
10685.86956  
10683.16169  
10688.45073  
10632.26814  
10583.13543  
10617.52105  
10628.26733  
10669.95756  
10632.79827  
10692.78237  
10679.56104  
10746.22237  
10752.69215  
10766.03955  
10775.96378  
10715.27719  
10697.99948  
10677.79317  
10766.81901  
10765.34539  
10697.80509  
10632.83082  
10605.42515  
10598.44204  
10599.18924  
10638.03553  
10705.94839  
10691.68749  
10735.43744  
10760.68773  
10736.69352  
10754.31629  
10608.39554  
10718.09089  
10755.56309  
10790.54953  
10830.83604  
10756.97204  
10640.62454  
10665.41383  
10638.81329  
10565.65173  
10554.25793  
10653.11508  
10688.50401  
10709.05134  
10705.43074  
10723.61589  
10621.647  
10753.82445  
10754.46971  
10776.84889  
10694.9747  
10625.53098  
10662.14169  
10647.96207  
10615.64083  
10622.07568  
10637.05427  
10658.31095  
10698.82458  
10698.30644  
10669.23344  
10625.57703  
10611.09085  
10611.01458  
10653.91762  
10755.76851  
10734.22191  
10702.53911  
10668.63807  
