7982.108709  
8020.134144  
7953.797097  
7974.422852  
7912.216619  
7846.87611  
7916.153409  
7898.048517  
7899.295987  
7989.197132  
7909.040572  
7878.565607  
7900.242188  
7951.834872  
8050.884366  
7969.074086  
8038.018466  
7977.852006  
8127.653276  
8131.790794  
8179.50182  
8137.223722  
8139.932173  
8028.703613  
7985.667702  
7956.072221  
7900.098899  
8018.258123  
7910.408248  
7914.385875  
7947.883523  
7832.983576  
7940.217596  
7868.196289  
7911.144354  
8001.335893  
7811.155451  
7913.552335  
7831.912509  
7856.762163  
7920.190652  
7903.49525  
8101.293191  
8081.376864  
8032.509899  
7975.040616  
7924.581055  
7920.447532  
7906.026855  
7923.425515  
8053.574174  
8029.940918  
8103.285778  
8141.903365  
8021.974343  
7960.749911  
7930.144043  
7802.117054  
7802.541637  
7959.821733  
7908.670499  
7992.320756  
7957.771706  
7984.011497  
7999.032848  
8088.55593  
8045.215332  
7987.579057  
8072.458762  
8082.044744  
8092.242543  
7982.470526  
7922.517356  
7925.789862  
7921.300826  
7930.975808  
7966.778187  
8003.766957  
8047.203258  
7958.604004  
7894.701926  
7779.893288  
7857.483221  
7889.052734  
7976.776101  
7999.343217  
7987.605558  
7977.288663  
8020.191051  
8062.552157  
8061.766557  
7984.843572  
7966.395819  
7867.214134  
7990.174805  
7929.681286  
7983.477761  
7992.990279  
7960.136053  
7945.921653  
7927.709606  
7902.186346  
7816.185414  
7810.193759  
7821.771085  
7825.914773  
7912.424672  
7915.888184  
7984.237349  
7984.658825  
8025.205167  
8046.752308  
8031.507546  
7997.190297  
8066.544966  
8037.81432  
8075.533114  
8023.444425  
7921.589311  
7869.097656  
7949.504838  
7879.825861  
7890.73149  
7861.671831  
7849.675471  
7886.121049  
7888.285289  
7876.826571  
7920.070756  
7946.807839  
7953.740234  
8079.236816  
8080.847567  
8105.310769  
8077.894132  
8017.322443  
7956.044966  
7947.302335  
7859.882369  
7890.456765  
7973.07089  
7897.044345  
7998.657315  
7867.487305  
7967.271884  
7970.448153  
8036.904652  
8049.836958  
8178.342729  
8124.926491  
8043.866033  
7933.886674  
7962.347612  
7886.921431  
7856.127397  
7838.55016  
7960.651545  
7937.665572  
8028.22714  
8090.219682  
7968.591708  
7884.731401  
7868.760254  
7746.436612  
7827.083585  
7858.844682  
7849.326039  
7914.955167  
7992.457209  
7955.742321  
8013.108754  
8039.718439  
8041.854492  
7973.518288  
8080.326749  
8025.511497  
8083.426758  
8000.349521  
7985.789728  
7950.752175  
7920.184703  
7942.001554  
7849.822443  
7862.255149  
7962.426447  
8030.448952  
8053.46622  
8119.325328  
8136.934837  
8120.504661  
8018.791992  
7929.972301  
7836.640225  
7755.300071  
7836.972967  
7868.906827  
7833.030051  
7832.790439  
7878.210227  
7893.229625  
7947.802646  
8045.575107  
8093.004306  
8142.702104  
8129.067472  
8002.657315  
8029.686346  
8014.514116  
8013.734775  
7979.333496  
7924.179909  
7952.404874  
7909.313654  
7830.787997  
7807.679909  
7867.007591  
7877.394354  
7903.447665  
8015.810724  
8043.805531  
8058.629616  
8124.544966  
8093.792303  
7984.692649  
7929.751998  
7871.722745  
7855.854537  
7828.353205  
7806.657626  
7896.809482  
7901.645463  
7979.623224  
8034.737127  
8063.497159  
8032.866921  
8015.77397  
8022.758967  
7914.578791  
7966.589711  
7965.499023  
8009.928489  
8014.574263  
8103.753551  
8052.895907  
7930.69043  
7953.928045  
7938.679155  
7976.349165  
7893.611994  
8020.018999  
8016.302823  
8057.294656  
8030.569691  
7991.671298  
7977.333674  
8017.11772  
7922.962891  
7974.464489  
7996.854004  
7956.03853  
7877.040261  
7811.3754  
7834.938743  
7880.004883  
7977.273349  
7998.17405  
8042.651722  
8060.508833  
8081.178533  
8037.922985  
7988.686257  
7966.547896  
7920.809126  
7820.638983  
7836.373047  
7842.725763  
7905.981179  
7815.830833  
7893.183283  
7951.261408  
7975.509144  
7997.301847  
8095.51092  
8033.745428  
8110.49019  
8016.031783  
7997.473944  
7857.623358  
7898.768244  
7897.500843  
7947.934659  
7934.216797  
7865.501065  
7868.259854  
7832.669434  
7929.317028  
7944.543279  
8044.760609  
8056.909047  
8051.982156  
8146.923429  
8125.235973  
8080.677424  
7979.061168  
7905.512074  
7902.567871  
7967.191806  
7919.542081  
7687.613281  
7681.347346  
7695.614924  
7718.918901  
7862.166104  
7992.718928  
8004.432306  
8064.52255  
8055.647328  
8032.816939  
8140.166859  
8101.541681  
8049.049672  
8037.565341  
7990.105202  
7992.087314  
7952.369229  
7871.461914  
7711.505726  
7741.352894  
7910.214355  
7942.101074  
7947.090376  
8097.506214  
8122.429643  
8051.669389  
7882.610041  
7872.424893  
7808.423784  
7902.994851  
7964.306419  
7991.141646  
7999.870783  
8050.716264  
8068.343706  
7927.010653  
7922.771174  
7882.258922  
8009.654696  
7953.157892  
7926.565474  
8006.295188  
8080.937855  
7972.449973  
8093.796475  
8045.671254  
8122.890625  
8039.245028  
8091.303223  
8148.471058  
8095.429332  
8051.656294  
7884.406694  
7872.507191  
8028.928356  
7937.352095  
7900.866522  
7929.8034  
7930.708896  
7861.481623  
7998.850542  
8043.682617  
8116.527921  
8124.90665  
8134.913219  
8144.086337  
7998.506614  
7794.664329  
7692.607999  
7695.504972  
7827.9284  
7913.640758  
7935.280096  
7938.196777  
7989.826749  
8006.388894  
8053.515492  
8013.936035  
7974.460138  
7991.659091  
7939.815962  
8013.01305  
8092.494895  
8160.513938  
7932.894221  
7881.815252  
7780.586515  
7757.113414  
7826.829501  
7831.633922  
7829.970304  
7879.310369  
7906.429776  
7935.57777  
7894.741877  
7852.882857  
7916.588556  
7976.891335  
8028.245428  
8133.910556  
8143.237749  
8111.254261  
8032.47785  
7976.193226  
7953.073242  
8023.921254  
8000.227894  
8031.716886  
8017.904474  
8003.28196  
7937.214666  
7781.078347  
7825.510387  
7846.103027  
7941.097346  
7859.371538  
7922.139515  
7936.353649  
8044.310281  
8045.559348  
8145.881525  
8160.290838  
8168.692694  
8075.572488  
7980.994762  
7945.197532  
7931.335316  
7836.257235  
7831.416726  
7820.804599  
7787.818981  
7777.28418  
7801.840554  
7935.442427  
7977.987837  
7998.603649  
8023.372381  
7939.400701  
7839.241433  
7855.697931  
7894.805176  
7985.899814  
7991.078569  
7990.50688  
8081.299272  
8134.088468  
8042.096369  
8002.520375  
7881.888184  
7946.339844  
7917.60902  
7994.655762  
8102.472567  
8058.711248  
8059.063388  
7976.46764  
7891.589489  
7889.9822  
7901.300604  
7925.556286  
7990.072088  
8008.921032  
8049.205478  
8143.311479  
8070.350719  
8119.359908  
8063.889737  
8058.502175  
7944.43133  
7924.990456  
8009.620162  
8022.439009  
7975.059703  
7906.314409  
7778.302734  
7813.441007  
7813.634277  
7841.352983  
7852.819647  
7860.314853  
7955.305442  
8059.994629  
8031.678533  
8135.520286  
8106.341575  
8022.466131  
7960.455744  
7902.746183  
8015.304288  
8026.434126  
8062.389648  
8097.7587  
8054.101385  
7892.121715  
7746.47745  
7754.222656  
7700.259677  
7869.65332  
7928.346369  
7935.737127  
7912.197798  
8074.472124  
8116.065518  
8126.599831  
8185.806463  
8088.705389  
7987.582741  
7912.621493  
7939.750444  
7894.537908  
7881.964622  
8041.139071  
8007.75293  
8056.377042  
8087.992188  
8081.204501  
8022.439498  
7933.598011  
7919.886985  
7922.950861  
7902.066717  
7904.017667  
7946.471147  
7945.471014  
7987.97674  
7975.629705  
7917.398926  
7827.765891  
7814.595392  
7850.493297  
7966.447798  
7987.431774  
8134.587536  
8121.222035  
8080.005105  
8072.052113  
7998.939409  
8028.374778  
7999.663308  
7955.875977  
8021.818004  
7896.836781  
7941.71511  
7944.631703  
7969.076793  
7939.830566  
7985.574219  
7957.755504  
7963.554643  
7978.016513  
7949.745206  
7940.830611  
7900.252264  
7821.043457  
7797.653409  
7849.243564  
7844.090243  
7884.289906  
7963.147061  
8004.904963  
8015.716708  
8054.283203  
8137.037287  
8094.507013  
8010.951483  
7951.621715  
7990.513317  
7983.888539  
7967.324529  
7993.49707  
8004.23149  
7943.722124  
7938.148615  
7810.436523  
7768.60902  
7717.722967  
7764.21329  
7913.036044  
7991.842995  
8040.02215  
8062.343217  
8138.292125  
8058.855868  
8036.691806  
7976.304244  
7880.808017  
7825.310059  
7860.214489  
7973.74343  
7991.504927  
7994.269487  
8056.841664  
7998.102894  
7980.013139  
8028.403098  
7984.817694  
7868.717507  
7844.5  
7882.798118  
7867.469904  
7892.237837  
7787.796742  
7849.119895  
7815.60032  
7864.376598  
7899.560281  
7945.185946  
7954.547097  
8060.304288  
8045.504972  
8013.231268  
7964.001287  
7886.78995  
7883.794478  
7891.689054  
7968.77326  
7941.636941  
7755.940652  
7795.980735  
7943.315297  
7986.370073  
8077.254306  
8158.992498  
8170.475941  
8026.772372  
7926.053134  
7846.166104  
7779.433993  
7837.378018  
7848.108754  
7891.763761  
7873.556152  
7876.526722  
7905.492276  
8047.337491  
8056.156383  
8056.372736  
8109.758612  
8047.338867  
8011.91495  
7969.533292  
8002.682573  
8110.298074  
8057.103826  
8025.246848  
7971.799183  
8007.848722  
7948.321777  
7900.876953  
7945.382058  
7982.223899  
8101.843395  
8114.844638  
8150.248668  
8029.905362  
7769.467241  
7703.767667  
7874.23362  
7946.336737  
8006.169434  
8061.741921  
8057.734419  
8094.162553  
8131.446555  
8155.613814  
8133.683904  
8056.798961  
7945.542525  
7904.845748  
7896.08647  
7902.534224  
7835.177956  
7726.201882  
7764.663263  
7816.464444  
7937.769798  
7991.716797  
8072.709428  
8070.293501  
8178.330833  
8185.261275  
8198.893155  
8108.425914  
8019.301447  
7833.196067  
7800.206898  
7910.667747  
7995.654608  
8017.81108  
8024.238503  
8083.376243  
8013.448997  
8077.10063  
8070.55815  
8026.202903  
7836.533913  
7682.738725  
7702.457031  
7878.101296  
7937.89573  
7987.411133  
7950.897239  
8021.613503  
8070.976784  
8011.408381  
7991.600852  
8011.975985  
8046.961825  
8126.416415  
8049.68679  
8024.467507  
8006.998979  
7864.799849  
7965.554244  
7985.095037  
8027.804332  
8047.916681  
8071.251864  
8070.347701  
7952.368031  
7788.892756  
7728.04541  
7655.098544  
7790.467551  
7944.519487  
7999.958496  
8017.985218  
8019.260298  
8003.402388  
7979.942116  
7964.34011  
7995.802646  
7979.356357  
7997.451438  
8027.003773  
8022.528809  
7984.201571  
7947.958097  
7842.134544  
7958.900169  
8016.910955  
8035.671298  
8067.445534  
8015.878951  
7975.282981  
8056.491921  
8005.363459  
8075.939054  
8093.018333  
8066.715732  
7918.389959  
7789.448997  
7873.537775  
7953.664018  
8012.702992  
8070.329501  
8054.224432  
8026.889338  
8000.643954  
7937.106667  
7889.815208  
7815.89351  
7845.568448  
7822.98544  
7794.149059  
7852.807351  
7965.217773  
7998.400346  
8033.752086  
8109.272994  
8085.619407  
8075.550027  
8049.902299  
7939.651545  
7787.422985  
7638.03054  
7786.256525  
7920.299405  
7978.692827  
8032.378817  
7973.67769  
8015.572088  
8090.603205  
8007.655673  
8101.7409  
7969.668723  
7924.422363  
7828.193359  
7804.605868  
7947.282715  
7938.544212  
8048.082431  
7994.904075  
8017.579368  
7987.960582  
7906.533558  
7961.096724  
7913.030273  
7960.587491  
8005.542259  
8083.799538  
7980.520241  
7964.257502  
7963.569025  
7895.242898  
7883.929199  
7906.888938  
7955.46804  
8073.384588  
8060.762651  
8035.577193  
8006.731046  
7993.623668  
7994.179022  
7987.876687  
7964.928445  
7964.322887  
8071.020508  
8014.097967  
8080.964355  
8068.898571  
8072.96946  
8063.59486  
7977.147905  
7974.117987  
7763.595037  
7726.480779  
7716.473588  
7810.110263  
7878.0443  
7898.068892  
7969.979847  
8096.694647  
8112.637562  
8051.044833  
8043.848233  
7961.335627  
7889.165217  
7835.613548  
7805.860618  
7769.432795  
7910.22057  
7948.172363  
8152.488548  
8125.634544  
8200.197532  
8068.796342  
7951.13623  
7742.554554  
7880.736195  
8044.391069  
8015.227228  
8068.173873  
8004.946644  
7983.650124  
7997.644709  
8071.761541  
7990.252974  
8009.200284  
7836.232244  
7888.342818  
7950.153897  
7983.198553  
8049.342507  
7925.866566  
7961.262917  
8033.801092  
7989.249023  
8024.558949  
7986.371227  
7911.613548  
7780.167747  
7695.636097  
7883.802157  
7974.518643  
7932.559659  
7920.739702  
7878.22603  
7908.26456  
7902.204324  
7968.406072  
8021.620073  
7986.336426  
7995.337491  
7940.482999  
8007.617853  
8045.508967  
8077.129217  
8076.122914  
8062.633967  
8000.906206  
7994.074352  
7983.795188  
8084.47927  
8111.307528  
8091.28196  
8060.430087  
8037.797541  
8083.393865  
8098.728871  
8093.47492  
8172.990545  
8041.398171  
7847.204235  
7582.341087  
7615.358798  
7646.55633  
7655.157759  
7565.658425  
7721.892756  
7817.844638  
7834.450906  
7905.40514  
7960.088113  
8132.501731  
8111.274592  
8115.078436  
8167.955211  
8066.004972  
8034.502663  
8012.303445  
7996.677113  
7964.564631  
7963.58536  
7884.539018  
7868.570668  
7784.215643  
7882.832298  
8046.802734  
7993.237971  
8080.03813  
8053.13046  
8091.342596  
7966.796875  
7924.914373  
7958.851429  
7937.554954  
7981.042791  
7903.424805  
7918.698065  
7885.309615  
7988.263849  
8002.768555  
8006.306241  
7971.206499  
7858.681463  
7919.036133  
8012.971369  
7958.069913  
8004.555487  
7982.913352  
7955.310236  
7957.958319  
8099.034934  
8123.848588  
8162.548917  
8144.913485  
8085.266335  
7890.475586  
7654.618697  
7733.914373  
7831.992898  
7918.268466  
7938.617631  
8002.388938  
8046.904031  
8079.84051  
8028.383656  
8062.257679  
8004.033381  
7876.216797  
7923.231401  
7885.399991  
7981.051136  
7990.646129  
7910.060813  
7910.657759  
7950.2322  
7946.873624  
8026.253596  
8030.876909  
7975.148748  
8003.581721  
7924.969283  
7969.032315  
7954.170055  
7966.776989  
7947.668324  
7989.826261  
7974.35902  
8113.12358  
7984.123002  
8029.802646  
7842.618963  
7764.61013  
7855.081543  
7889.786444  
7903.780717  
7914.773704  
7922.690163  
7868.06321  
7956.282715  
7972.066007  
8003.915527  
8106.406294  
8076.78813  
8096.436523  
8171.510964  
8110.329945  
8042.693315  
7982.045499  
7987.135565  
7964.293679  
7884.113592  
7901.459295  
7854.59739  
7932.568759  
7951.310946  
8054.579767  
8042.31907  
7920.37682  
7777.857644  
7783.183683  
7760.729625  
7783.002974  
7825.4106  
7943.697266  
7970.363459  
8032.70277  
8059.218306  
8134.301491  
7962.696644  
7826.09415  
7720.107866  
7900.62358  
7939.601474  
7936.403942  
8034.19478  
8015.580123  
8019.54723  
7996.872514  
8028.094993  
8010.414684  
7971.296964  
8055.933105  
7900.565075  
7803.495605  
7915.891735  
8020.209118  
8035.38845  
8008.8481  
8052.274991  
8065.204102  
7894.058594  
8004.350586  
7802.416948  
7884.922718  
7961.211914  
7918.008345  
7971.273349  
8034.741832  
8098.75253  
8071.646751  
8051.213778  
8014.024592  
7947.858043  
7795.194913  
7731.558949  
7859.067472  
7904.72381  
7893.701127  
7912.843572  
7950.247914  
8047.863104  
8039.812678  
7964.054954  
8010.389426  
8026.70277  
8022.822044  
7959.159268  
8000.186301  
8052.075018  
7961.142179  
7760.17627  
7905.152699  
7940.614746  
7952.323819  
7940.484952  
7912.738459  
7929.062544  
7932.256436  
7981.031472  
7984.943981  
8176.611106  
8088.3212  
8066.252974  
8192.958274  
8187.341309  
7995.909091  
7810.996404  
7910.742898  
7896.582786  
7929.565518  
7998.099165  
8085.23584  
7991.713912  
8015.20712  
8004.188965  
8017.913663  
7954.080788  
7900.154608  
7818.386364  
7829.790483  
7865.047097  
7879.049361  
7962.270774  
8024.497869  
7959.036044  
8054.273571  
8118.496227  
8011.186523  
7888.032626  
7839.697221  
7869.847701  
7872.371937  
7901.418546  
7947.107821  
8034.153498  
8011.626154  
8045.708984  
8075.284579  
7989.287287  
8061.458185  
8079.060502  
8017.384899  
8079.527566  
8017.047807  
7898.814054  
7823.405273  
7792.969283  
7812.12611  
7907.86084  
7959.631481  
8051.341309  
8061.333319  
8006.335227  
8020.00182  
8044.152788  
8057.452015  
8080.4553  
7986.096591  
7922.404341  
7923.924627  
7950.609331  
7965.361861  
8014.837757  
8012.725941  
8036.17152  
8075.611594  
8036.849698  
7912.458274  
7913.960627  
7841.118963  
7898.539107  
7886.679199  
7831.383301  
7616.236284  
7643.974387  
7810.777033  
7929.31796  
7934.404075  
7933.949174  
7950.347967  
8031.227095  
8116.827992  
8208.367365  
8025.888006  
7855.412553  
7762.155895  
7774.856223  
7848.539906  
7890.669123  
7940.799672  
8056.451926  
8027.697488  
8084.995605  
8095.265359  
8101.404608  
8124.316184  
7986.84415  
7977.774148  
7849.202282  
7892.146085  
7903.316406  
7952.062189  
8075.483665  
8140.566096  
8157.178977  
8150.914684  
8055.20965  
8110.899592  
8057.680131  
7851.889071  
7782.919167  
7656.400923  
7774.060192  
7847.342773  
7873.418635  
7939.67334  
7988.423118  
8062.190385  
8101.501199  
7897.052734  
7946.040439  
7851.762873  
7877.304466  
7907.856445  
7887.731534  
7934.538974  
8061.294833  
8166.50799  
8201.493208  
8208.169522  
8027.815607  
8003.070002  
7806.151767  
7862.829279  
7954.02326  
8022.090154  
8047.980558  
8069.167303  
7972.057573  
7858.899947  
7914.655806  
7912.303356  
7901.836825  
7919.861151  
7989.11519  
8001.344549  
7999.274592  
7944.568004  
8045.943803  
8052.330655  
7933.060991  
7920.962713  
7955.299982  
7983.76345  
8091.729936  
8016.192205  
8072.458629  
8136.212092  
8149.958274  
7911.121582  
7804.634277  
7726.875178  
7704.264293  
7801.698952  
7908.047541  
7917.251376  
8021.148171  
8043.48877  
8059.527876  
8107.851607  
8014.77215  
7985.357067  
7875.293812  
7824.448952  
7893.17445  
7995.234641  
8037.653365  
8047.499645  
7983.951216  
7996.221813  
7941.861639  
7880.100364  
8074.417702  
7962.025835  
7881.954989  
7862.582164  
7984.010742  
7971.000311  
7884.818093  
7991.421431  
7900.467995  
7836.989347  
7890.66677  
7772.317915  
7756.67405  
7825.094727  
7957.756303  
8017.419078  
7994.057706  
8036.220748  
8104.648615  
8059.527921  
8022.76598  
7872.123047  
7714.195978  
7738.984375  
7904.605202  
7981.894442  
8004.266557  
7962.090687  
8009.232999  
8015.806996  
7923.535733  
7989.581499  
7998.019487  
8035.361816  
8038.368963  
8162.180531  
8237.23584  
8053.187189  
8045.813166  
8046.525479  
8057.424361  
8026.341797  
7999.153809  
8005.425737  
8001.953835  
7981.079057  
8022.467463  
8048.811257  
7973.742853  
7888.673429  
7730.838113  
7755.895907  
7772.003773  
7903.657182  
7987.757591  
7982.004572  
8072.958674  
8065.593306  
8088.382901  
8018.163042  
7996.646928  
7971.77619  
7821.200728  
7759.07413  
7659.873136  
7822.618652  
7794.832786  
7713.271973  
7815.510787  
7932.340909  
7915.028542  
8038.608132  
8100.241832  
8139.420099  
8036.651323  
8034.761586  
8003.034668  
7979.460982  
7938.305797  
7886.302734  
7938.577415  
8024.90261  
7994.071422  
8108.647772  
8172.087757  
8075.44802  
8007.84517  
7871.946378  
7680.060103  
7645.623091  
7843.980602  
7906.0356  
8034.441451  
8033.493919  
7958.828968  
8004.10538  
7936.26234  
7941.329102  
7967.789418  
7948.367765  
7901.588423  
7808.691451  
7918.575018  
7970.646618  
8042.301625  
8037.741477  
8016.528054  
8020.842285  
8030.042658  
8008.068093  
8035.166948  
7969.066628  
8015.216575  
7979.761763  
7941.946333  
8030.036754  
8085.271928  
7989.51638  
7921.103161  
7976.280362  
8033.238459  
8053.597923  
8092.101829  
8089.830123  
8033.158514  
7970.572044  
8017.026101  
7949.638672  
7771.926314  
7841.799228  
7872.424805  
7993.429288  
8004.689054  
8060.067116  
8044.511009  
8038.150169  
7955.837757  
7973.906117  
7910.028098  
7899.775435  
7779.283736  
7820.614746  
7946.109641  
8034.443981  
8097.501642  
8160.59193  
8148.951882  
7997.538841  
7910.420144  
7883.160645  
7870.616522  
7940.351429  
7913.492987  
7924.610618  
7796.453791  
7885.685103  
8016.513095  
7986.954723  
7976.494806  
8005.328613  
8081.768599  
7990.495295  
8045.251909  
7989.758567  
7996.475098  
7901.653986  
7764.388361  
7662.197532  
7695.266557  
7778.032892  
7834.729403  
7888.868297  
7974.672452  
8080.532182  
8153.710449  
8145.582342  
8159.810636  
8035.874201  
7932.302246  
7933.123713  
7942.734286  
7957.455833  
7831.756792  
7809.816939  
7887.648615  
7933.142001  
7964.121049  
8058.876509  
8112.998979  
8080.849787  
8064.830078  
8114.249822  
8129.040794  
8035.307972  
8052.767933  
8047.913929  
8000.929288  
7929.557484  
7898.310902  
7928.452903  
8053.947443  
8035.431596  
8096.996449  
7955.763317  
7966.625799  
7971.345748  
7945.047319  
7965.786488  
7985.001909  
8006.48473  
8068.033514  
8059.154874  
8174.997026  
8084.19478  
8048.599387  
7807.019798  
7637.298606  
7776.100497  
7893.790882  
7890.805487  
7946.327148  
7973.83141  
7961.026944  
8057.027566  
8126.571689  
8095.09193  
8019.582386  
7991.797674  
7870.316007  
7915.40625  
7939.503862  
7979.032892  
8053.873801  
8175.998935  
8170.35103  
8148.86408  
7980.449796  
7696.582342  
7635.227583  
7765.731978  
7827.515359  
7873.098544  
7913.682617  
7934.928178  
8020.356534  
8125.384277  
8171.863059  
8209.960272  
8116.200328  
8040.399237  
7911.279519  
7875.044789  
7793.472789  
7738.647195  
7747.55775  
7887.461026  
8011.60791  
8014.016824  
8037.231978  
8071.520153  
7995.358931  
7994.075772  
7882.371449  
7834.971236  
7819.943182  
7868.750666  
7844.826127  
7819.960804  
7961.890714  
8023.272505  
7998.190652  
8009.767711  
8001.902077  
7996.230957  
8078.252131  
8036.533913  
8045.400346  
8041.367454  
8098.815474  
8063.84415  
8085.122115  
8118.959162  
8138.960804  
8123.230114  
8054.354403  
8019.937278  
7962.035023  
8013.321955  
7980.236905  
7864.229359  
7829.074219  
7779.546387  
7798.924805  
7825.647061  
7764.557662  
7754.642623  
7884.510831  
7930.382591  
8010.080655  
8074.30229  
8127.989036  
8102.743786  
8053.96147  
7836.143732  
7736.833052  
7822.079856  
7929.281827  
7880.918546  
7827.988414  
7786.55815  
7816.086515  
7852.755105  
7921.374956  
7962.459251  
7940.201305  
8110.481845  
8220.06321  
8227.135165  
8114.274325  
7973.99929  
7817.932528  
7786.988237  
7987.713601  
7980.740146  
8024.125533  
7990.056108  
7970.21764  
8064.480069  
8066.616477  
7972.516424  
8043.976296  
7982.395463  
7815.707209  
7700.474743  
7777.565874  
7887.311035  
8020.5716  
7990.493075  
8072.763849  
8074.21986  
8073.503862  
8089.013406  
8047.720259  
7981.075639  
7960.762251  
7999.432795  
7961.49494  
7963.749822  
7972.680975  
7966.728604  
7944.260653  
8005.239746  
7892.907404  
8066.547408  
7841.180975  
7835.803178  
7733.738414  
7933.520508  
7980.972479  
7963.349787  
7803.096191  
7837.965421  
7997.673118  
7880.393155  
7890.667525  
7834.313033  
7791.879616  
7906.080833  
8007.17698  
8053.425027  
8066.340066  
8136.929199  
8182.99201  
8191.485041  
8133.072754  
8257.027921  
8185.187722  
8169.953436  
8100.269798  
8041.405318  
7960.005282  
7988.520774  
7999.827504  
7848.994984  
7767.283647  
7826.933549  
7981.675515  
7967.145375  
7967.983487  
7951.287331  
8023.977273  
8101.185813  
8053.881747  
8100.258345  
8146.056507  
8011.862971  
7909.358532  
7831.99565  
7805.446866  
7836.678045  
7909.174494  
7886.556064  
7983.879395  
8014.91242  
8051.853915  
8113.959118  
8089.396973  
8082.842951  
7901.626021  
7898.363281  
7842.380815  
7810.822443  
7799.769221  
7874.473233  
7892.774325  
8010.113681  
7971.472168  
8041.393732  
8036.034624  
7998.215643  
7941.059082  
7895.309792  
7780.647061  
7798.484996  
7793.426314  
7884.436479  
8008.962402  
7949.05593  
8008.417525  
8072.913974  
8082.505859  
8056.757369  
7978.0182  
7844.029341  
7901.329013  
8047.310991  
7951.434526  
7941.226341  
8096.551491  
8073.098455  
8015.308239  
8032.417436  
8050.693981  
8056.826172  
8056.397949  
8047.953303  
8075.515225  
8137.910778  
8053.756081  
7983.654164  
7956.87065  
7880.316184  
7920.707386  
7871.380948  
7910.743741  
7903.45752  
7912.257147  
8019.473855  
8085.663219  
8115.610085  
7995.672186  
7893.842152  
7746.652566  
7796.230069  
7829.083896  
7802.252486  
7992.123313  
7990.916193  
8042.580389  
8121.041859  
8267.803311  
8291.041593  
8057.672985  
7829.464489  
7739.128773  
7737.698375  
7816.721014  
7745.745028  
7771.470881  
7800.446955  
7846.520774  
8032.566895  
8132.315208  
8154.037953  
8224.089888  
8153.077459  
8042.233398  
7779.803178  
7714.068936  
7722.073553  
7777.867498  
7902.621138  
7905.223944  
8066.648837  
8094.607866  
8056.067871  
8093.103116  
8087.255415  
8018.219371  
7888.154741  
7723.467418  
7681.534624  
7821.37207  
7826.011941  
7887.394442  
7871.630682  
7917.480202  
7923.292569  
7957.369185  
8002.819425  
7972.99707  
8007.779874  
7956.330256  
7804.584872  
7827.423473  
7842.95854  
7921.427024  
8015.152832  
8008.350186  
8055.461648  
7996.954457  
7996.182085  
7955.016957  
7942.930353  
7886.471103  
7856.576571  
7842.704457  
7870.537553  
7923.694869  
8117.163752  
8193.949751  
8128.416637  
8134.358088  
7806.428134  
7939.469971  
7884.194602  
7875.252175  
7950.455522  
7946.182928  
7874.742631  
7952.88339  
8036.463556  
8097.994451  
8167.444292  
8014.368253  
7961.804909  
7878.269798  
7844.386541  
7841.696999  
7926.54177  
7947.869718  
7905.782493  
8000.184082  
8099.740589  
8084.404963  
8113.40119  
8186.861816  
8287.61266  
8269.425559  
8099.119451  
7896.172674  
7834.367454  
7798.339089  
7881.486728  
7808.26851  
7866.61812  
7966.527699  
8061.820046  
8118.246582  
8085.972168  
7964.505149  
7880.876953  
7764.124956  
7894.034002  
7998.885831  
8018.20348  
8044.75293  
8109.758034  
8039.340643  
8053.177956  
8068.348988  
7831.728516  
7894.544833  
7911.256348  
7933.467196  
7878.232955  
7985.201793  
7919.34193  
7999.947088  
8090.393333  
8003.23291  
8011.465199  
7914.613414  
7839.074308  
7950.01962  
7996.826127  
7998.040705  
7934.218217  
7893.305975  
7908.396884  
7931.323065  
7832.632191  
7897.988814  
7937.789284  
8000.770552  
8078.072843  
8041.835272  
7986.950018  
7913.240279  
7822.850186  
7867.006747  
7938.927069  
7979.755238  
8106.607156  
8136.477095  
8071.526056  
8151.049672  
8237.542214  
8155.290261  
8065.282315  
7826.834872  
7765.324396  
7817.511497  
7794.015669  
7874.967551  
7924.341397  
7908.179688  
7894.93386  
7928.5621  
7958.065652  
8039.660156  
7987.215154  
8088.348233  
8151.196555  
8119.151323  
8000.488636  
7878.575861  
7787.974787  
7876.69771  
7904.248358  
8061.140758  
8127.086692  
8060.115945  
8188.07595  
8171.598322  
8153.105513  
7978.971058  
7893.942649  
7822.067649  
7810.883212  
7886.28125  
7901.678622  
7814.746449  
7902.585849  
8010.042702  
8048.012251  
8060.588645  
8109.196955  
8096.343883  
7926.15736  
7820.201971  
7732.364391  
7839.61195  
7835.803045  
7887.149148  
7995.037464  
8032.809215  
8004.090421  
8108.537376  
8147.686923  
8113.374467  
8056.228604  
7949.790083  
7983.856978  
7935.642667  
7995.232244  
7941.350719  
7949.101829  
7925.668945  
7930.656916  
7948.74201  
7885.418679  
7959.052157  
7977.16677  
8003.889249  
8077.571467  
8096.398304  
8091.983576  
8003.972701  
7680.939542  
7664.348145  
7864.881348  
7925.17223  
7926.77326  
7995.754439  
8184.212757  
8228.466531  
8055.589799  
7982.702282  
8087.908825  
8065.431374  
8084.547585  
8012.150524  
7909.689231  
7723.326394  
7805.67405  
7887.324396  
7781.285201  
7916.841175  
8025.341708  
8038.565518  
8007.10285  
8123.554688  
8036.276545  
8035.436168  
8021.403675  
7934.885742  
7757.861373  
7657.493031  
7721.899503  
7887.19043  
7920.202592  
8089.201083  
8048.939675  
8058.642134  
8067.357866  
8034.856001  
7946.880726  
7922.402921  
8026.078702  
7955.676314  
7880.245117  
7854.214222  
7887.854892  
7841.334783  
7812.205034  
7975.929332  
8017.911843  
8024.786133  
8069.935014  
8109.727273  
8071.368697  
8096.768599  
8104.151323  
8125.890714  
7838.962536  
7755.54106  
7706.681596  
7799.918901  
7956.588201  
7991.831854  
8058.651145  
8106.452459  
8075.955966  
8072.776634  
8092.660378  
8049.829412  
7852.231534  
7842.004173  
7826.867454  
7861.468129  
7943.456942  
8000.464888  
7999.945446  
7991.47168  
7945.768111  
7979.917924  
8014.783159  
7873.017534  
7967.482333  
7994.264426  
8061.218217  
8089.221768  
8120.776012  
8099.181019  
8080.59921  
8052.977006  
7933.866921  
7900.286444  
7930.965421  
8045.433904  
8038.178311  
7997.847523  
8017.878862  
7931.065962  
7764.855114  
7801.104581  
7875.520241  
7812.967374  
7693.458585  
7833.954679  
7834.037686  
7962.556419  
8095.592596  
8096.789329  
8121.216531  
8111.147994  
8027.452326  
7701.124423  
7748.418324  
7799.775968  
7718.649192  
7772.715421  
7913.133523  
7907.148748  
8010.475542  
7978.301713  
8033.003906  
8085.715732  
8198.799494  
8265.633656  
8178.722523  
8106.183594  
7934.63774  
7635.734109  
7697.89968  
7828.188299  
7830.987926  
7859.117454  
7985.500178  
8040.354403  
8085.470215  
8203.688787  
8134.809703  
8109.737038  
8036.81756  
7829.155717  
7636.275835  
7660.089933  
7863.915616  
7854.99019  
7913.364746  
7977.770508  
8126.880904  
8098.35467  
8071.752397  
8166.088024  
8140.97128  
7935.368874  
7871.523704  
7808.778542  
7859.758567  
7859.926935  
7944.834073  
7951.686568  
7940.482377  
7976.247736  
7995.398304  
8014.501287  
8057.404608  
8078.009233  
