11858.18179  
11826.128  
11798.11846  
11786.51083  
11849.94074  
11754.07275  
11817.09095  
11810.20914  
11831.13562  
11810.42178  
11770.68802  
11809.71993  
11839.11431  
11854.58306  
11902.56313  
11856.62847  
11847.33741  
11837.86361  
11815.48927  
11793.00923  
11792.01984  
11833.20273  
11774.31678  
11816.53215  
11781.63704  
11818.43804  
11832.13532  
11804.53444  
11799.56441  
11794.9935  
11792.76374  
11796.05495  
11815.60824  
11826.12344  
11806.39825  
11856.33672  
11816.16938  
11754.83917  
11760.8724  
11798.78583  
11766.49695  
11833.93517  
11787.90342  
11806.62635  
11812.12766  
11816.57548  
11769.9169  
11727.84354  
11806.50814  
11799.73327  
11791.30489  
11830.44789  
11834.47874  
11894.48924  
11890.79944  
11867.38966  
11801.63469  
11755.55458  
11771.53739  
11779.58496  
11811.56146  
11844.10157  
11812.26599  
11803.10054  
11804.24531  
11795.6522  
11844.77943  
11800.6302  
11791.70939  
11834.14744  
11797.39723  
11866.4681  
11825.14533  
11823.93951  
11798.19673  
11789.36938  
11827.75239  
11808.14029  
11888.25571  
11842.48575  
11778.13359  
11821.26946  
11793.70832  
11822.97789  
11815.93921  
11825.69149  
11799.46846  
11875.81022  
11802.88967  
11835.94153  
11813.33233  
11859.52586  
11818.54613  
11828.32437  
11817.52794  
11830.70879  
11835.46781  
11844.68185  
11809.93836  
11797.15355  
11823.85337  
11791.78065  
11806.41578  
11804.16514  
11804.84653  
11772.36196  
11749.97931  
11744.61724  
11827.5168  
11813.38646  
11773.67646  
11759.38822  
11779.76186  
11842.44712  
11856.08743  
11798.58454  
11822.0461  
11812.3034  
11850.72795  
11883.29842  
11844.44157  
11880.26498  
11809.59057  
11827.30762  
11759.77643  
11778.48644  
11815.48485  
11837.66634  
11860.20691  
11827.74031  
11846.71908  
11821.23785  
11781.07198  
11787.29845  
11848.09048  
11871.67984  
11885.59586  
11910.52202  
11838.06853  
11833.25903  
11791.8245  
11767.74811  
11812.62976  
11821.87567  
11824.93583  
11812.76552  
11839.05015  
11844.58205  
11810.19878  
11823.2807  
11755.59111  
11849.96264  
11837.27225  
11813.36489  
11775.12212  
11768.29186  
11744.78346  
11802.6915  
11801.24785  
11798.96426  
11811.19424  
11824.54393  
11774.01744  
11788.32334  
11822.48709  
11764.09  
11780.57678  
11845.26096  
11817.67294  
11839.60198  
11853.16442  
11846.31586  
11822.80378  
11797.90603  
11794.75926  
11815.15848  
11788.44232  
11815.66391  
11804.43104  
11821.83932  
11897.7614  
11829.03914  
11834.62521  
11851.03782  
11832.96267  
11833.61596  
11862.78845  
11820.01258  
11842.45995  
11833.57943  
11791.08402  
11832.39632  
11832.41034  
11809.62195  
11800.62771  
11822.95482  
11825.09652  
11811.65946  
11832.02738  
11831.16663  
11794.46851  
11822.70279  
11813.63885  
11829.05026  
11788.8624  
11813.14718  
11789.54229  
11784.14845  
11776.12498  
11781.83871  
11853.37471  
11854.55622  
11795.1961  
11807.52845  
11808.40368  
11806.72613  
11772.03634  
11800.18844  
11854.88168  
11828.99129  
11875.14047  
11841.86108  
11817.60874  
11779.66451  
11838.14889  
11800.80367  
11808.42587  
11792.09949  
11779.26658  
11799.54017  
11823.23552  
11828.91042  
11799.79352  
11818.40046  
11788.90497  
11730.94662  
11785.71063  
11813.36996  
11843.94568  
11840.11735  
11855.44271  
11843.31676  
11830.92236  
11832.915  
11874.87334  
11828.15303  
11776.36201  
11772.67596  
11791.0596  
11805.27522  
11863.37532  
11826.8165  
11828.94051  
11870.02513  
11858.13076  
11833.97339  
11864.47834  
11838.04671  
11849.06262  
11878.31859  
11798.9485  
11831.22511  
11843.99532  
11820.25286  
11813.2297  
11749.6262  
11805.52279  
11786.85103  
11790.61792  
11758.77525  
11793.02121  
11800.7797  
11810.55671  
11831.72937  
11848.50774  
11861.71987  
11822.6647  
11823.03778  
11779.2051  
11788.5308  
11775.22615  
11798.54411  
11761.8408  
11795.9467  
11812.69383  
11820.78492  
11815.09231  
11772.90682  
11798.27229  
11854.29118  
11858.71841  
11830.01348  
11830.03383  
11849.04094  
11795.32511  
11812.73903  
11768.19825  
11750.23474  
11806.23186  
11796.88569  
11803.57413  
11811.7035  
11780.17466  
11800.24953  
11765.55096  
11825.12278  
11829.26694  
11827.81149  
11774.87956  
11818.09628  
11809.3287  
11855.9727  
11853.44987  
11820.91925  
11792.43083  
11814.87708  
11844.00311  
11852.69457  
11800.48354  
11850.08198  
11812.78351  
11780.43775  
11814.55573  
11835.85606  
11867.76296  
11867.42418  
11871.6543  
11863.72031  
11832.61467  
11831.13189  
11803.85708  
11853.12322  
11850.7433  
11876.08094  
11835.5364  
11834.51828  
11767.82718  
11783.96219  
11787.03974  
11784.28754  
11796.78326  
11756.01684  
11791.29449  
11791.44393  
11828.36226  
11824.14113  
11758.63649  
11782.69118  
11806.90824  
11795.40483  
11829.68856  
11827.84517  
11796.90288  
11832.12169  
11812.81223  
11809.65619  
11861.33243  
11896.49591  
11915.68742  
11835.96697  
11760.53933  
11769.20405  
11747.796  
11783.47305  
11824.80266  
11784.12694  
11850.37501  
11857.30104  
11878.32431  
11812.63253  
11865.30215  
11827.96462  
11868.21466  
11773.43903  
11816.4859  
11825.42143  
11805.17313  
11812.49581  
11793.00952  
11761.71418  
11799.2511  
11841.40871  
11804.4577  
11776.6118  
11786.88133  
11781.75373  
11818.34968  
11815.57992  
11781.9661  
11853.88393  
11815.82216  
11830.19934  
11862.16428  
11850.77212  
11819.2745  
11788.84687  
11852.38132  
11844.93871  
11819.80883  
11811.68025  
11794.25678  
11810.2065  
11830.27777  
11782.71129  
11775.05589  
11849.96295  
11802.89295  
11809.75075  
11777.08745  
11798.07752  
11821.4426  
11796.24733  
11846.58482  
11853.68036  
11841.10722  
11804.18334  
11850.88034  
11815.75729  
11863.27817  
11825.46612  
11842.11204  
11817.37444  
11827.05017  
11840.75486  
11778.82308  
11834.57648  
11822.57265  
11823.28194  
11829.80801  
11792.85635  
11761.28595  
11785.64178  
11801.15485  
11803.81203  
11785.79224  
11810.53504  
11808.79129  
11819.96418  
11812.88744  
11845.75809  
11797.92734  
11842.16915  
11823.72039  
11816.36296  
11808.70362  
11800.21618  
11824.59226  
11811.21115  
11810.80027  
11791.69663  
11831.12619  
11823.05785  
11867.5711  
11806.61942  
11836.65012  
11776.7967  
11821.30939  
11787.87913  
11752.88524  
11822.9776  
11867.26432  
11876.46337  
11789.99625  
11816.54039  
11801.64825  
11817.10551  
11844.46631  
11878.54007  
11853.60102  
11844.87552  
11874.86483  
11843.53285  
11818.43948  
11800.38348  
11765.52829  
11782.60162  
11815.42869  
11844.33988  
11896.291  
11846.26214  
11784.83638  
11798.4631  
11738.81901  
11836.53774  
11802.01933  
11812.77001  
11789.92122  
11802.37855  
11836.97929  
11835.95719  
11816.27495  
11813.54735  
11821.38082  
11771.74791  
11748.94168  
11751.22034  
11847.68345  
11862.00471  
11848.02165  
11839.80449  
11869.08126  
11868.31609  
11825.40641  
11801.14544  
11852.21283  
11791.189  
11787.79372  
11838.30147  
11825.25082  
11757.90831  
11805.80641  
11796.08012  
11781.15719  
11815.77682  
11807.13033  
11847.92311  
11790.37784  
11803.57198  
11803.42354  
11825.04736  
11815.85034  
11812.06089  
11817.31451  
11774.83102  
11797.73675  
11811.14065  
11799.35177  
11818.42435  
11859.32203  
11822.63266  
11831.70334  
11850.30461  
11833.69331  
11812.21491  
11854.46669  
11807.94838  
11779.73345  
11793.20178  
11798.98265  
11839.54624  
11812.02923  
11808.73715  
11779.75457  
11788.35814  
11801.21967  
11833.6166  
11836.79479  
11860.36734  
11863.67594  
11887.1302  
11827.81513  
11875.92232  
11794.24888  
11757.47278  
11806.08249  
11779.35405  
11809.59259  
11769.36362  
11832.47446  
11850.63284  
11808.29077  
11829.90621  
11766.84796  
11785.65887  
11820.20412  
11801.61801  
11760.22104  
11805.11256  
11836.8595  
11852.79216  
11852.54531  
11848.0457  
11793.40202  
11770.69199  
11794.61539  
11821.21844  
11846.87816  
11881.22395  
11845.15853  
11824.09578  
11798.54959  
11777.09741  
11834.69892  
11852.69604  
11866.66468  
11835.12014  
11834.20325  
11796.95236  
11789.9633  
11809.87606  
11766.47784  
11766.6309  
11845.16514  
11830.60153  
11805.22079  
11819.6235  
11813.09462  
11818.1495  
11802.60967  
11762.30325  
11800.15256  
11793.54533  
11790.21867  
11850.07418  
11813.6293  
11831.24488  
11844.00279  
11834.83629  
11853.41057  
11822.19348  
11791.3023  
11834.28428  
11789.28177  
11839.67131  
11832.19941  
11802.9299  
11740.87323  
11814.71727  
11828.16358  
11843.85331  
11818.34398  
11819.12214  
11790.19314  
11866.32205  
11883.12547  
11822.93623  
11738.55476  
11771.24356  
11784.43053  
11798.21847  
11830.58131  
11816.7116  
11805.32159  
11774.68412  
11788.07233  
11833.49402  
11847.15654  
11833.51198  
11798.47778  
11859.16358  
11820.91178  
11798.63821  
11781.09229  
11796.31422  
11808.0413  
11841.27993  
11774.70391  
11785.51471  
11764.28004  
11826.38735  
11808.15424  
11816.23904  
11805.97677  
11803.70698  
11797.51626  
11755.07426  
11832.76492  
11810.44548  
11852.46126  
11843.16838  
11814.91089  
11876.17947  
11890.15964  
11885.78081  
11812.93548  
11830.63397  
11857.38969  
11836.23541  
11859.97958  
11842.8485  
11810.48339  
11826.1265  
11807.79227  
11806.34609  
11798.27132  
11878.78236  
11868.21186  
11845.60618  
11818.1192  
11834.62206  
11818.6236  
11756.83448  
11811.24854  
11854.23293  
11868.93124  
11864.29279  
11805.90859  
11801.32897  
11779.72251  
11853.38875  
11831.26585  
11862.19161  
11811.0577  
11738.52944  
11734.65922  
11788.86934  
11783.6283  
11766.02913  
11852.09765  
11800.81248  
11817.83481  
11799.11953  
11853.01554  
11799.68614  
11735.70382  
11751.45839  
11787.48858  
11855.47124  
11829.1886  
11864.9402  
11856.0215  
11847.02491  
11784.57923  
11810.86462  
11752.35654  
11809.02078  
11838.01336  
11850.30348  
11823.72699  
11753.7515  
11794.15914  
11876.36041  
11816.00332  
11830.81986  
11810.52013  
11769.1588  
11813.76405  
11779.8092  
11824.27063  
11821.3444  
11821.75809  
11831.65164  
11843.88572  
11813.21024  
11814.80158  
11844.60652  
11848.05662  
11832.51023  
11833.11695  
11762.83709  
11794.3148  
11840.91746  
11850.44221  
11884.03088  
11850.54012  
11774.25202  
11718.88756  
11739.93517  
11780.29963  
11815.13433  
11863.81093  
11822.26583  
11833.91635  
11820.71398  
11862.2933  
11829.31348  
11830.16426  
11829.93818  
11830.56467  
11817.23496  
11782.69067  
11848.70406  
11823.66426  
11850.47663  
11842.99344  
11838.78657  
11800.65258  
11819.2351  
11771.51113  
11755.59401  
11805.6389  
11808.9408  
11800.64874  
11838.30259  
11849.18937  
11822.2911  
11844.58837  
11810.17276  
11805.42978  
11795.4126  
11814.32321  
11846.28056  
11844.12053  
11799.773  
11850.20341  
11818.11848  
11846.56352  
11822.0292  
11808.79269  
11857.37695  
11859.78705  
11811.83118  
11828.07556  
11798.77517  
11842.71561  
11820.72297  
11792.50835  
11771.75771  
11807.70451  
11796.10404  
11781.01751  
11803.15806  
11787.42592  
11778.6175  
11782.85591  
11749.50345  
11816.0658  
11830.8351  
11867.53708  
11818.81584  
11842.48719  
11809.11874  
11806.73761  
11842.65294  
11832.15674  
11861.51082  
11817.79653  
11802.81574  
11794.69114  
11809.77108  
11800.0941  
11793.88115  
11812.42322  
11803.63214  
11862.35636  
11861.1588  
11830.38013  
11839.23317  
11807.35327  
11854.32776  
11786.53449  
11815.4533  
11808.01364  
11819.16344  
11773.40566  
11827.39795  
11828.51861  
11782.33869  
11797.51909  
11834.6415  
11826.0613  
11817.46097  
11811.39286  
11815.95716  
11821.82125  
11825.99929  
11807.2923  
11778.20879  
11811.15727  
11868.20944  
11841.52361  
11858.3175  
11819.65275  
11807.6466  
11815.86587  
11809.32853  
11827.67151  
11823.00911  
11805.06005  
11825.0348  
11847.53885  
11843.42776  
11857.94376  
11822.72163  
11850.19529  
11833.59706  
11851.94451  
11837.4681  
11744.69808  
11809.00593  
11773.65469  
11754.70801  
11773.68961  
11755.72719  
11836.75563  
11856.19758  
11877.82637  
11831.98399  
11797.09693  
11804.47727  
11709.42615  
11759.98177  
11773.96627  
11833.96714  
11820.49026  
11772.14693  
11748.25261  
11723.07262  
11755.78942  
11870.93878  
11822.87785  
11810.70713  
11847.16158  
11810.31849  
11853.72494  
11823.8822  
11816.27877  
11840.86574  
11839.0653  
11879.06988  
11846.09311  
11839.36899  
11825.8985  
11872.15049  
11851.67111  
11827.22721  
11828.87932  
11823.69958  
11841.24721  
11837.4204  
11847.45348  
11827.67226  
11831.9243  
11807.14118  
11775.78512  
11779.84353  
11789.42356  
11795.93507  
11840.78005  
11815.60365  
11787.15661  
11782.71966  
11814.4216  
11836.45753  
11815.85447  
11812.76799  
11777.81495  
11797.53762  
11825.63888  
11836.7366  
11834.87578  
11834.60989  
11834.88379  
11853.15812  
11827.94285  
11865.04658  
11801.2805  
11858.75691  
11823.23665  
11736.56858  
11764.69383  
11836.82929  
11867.95742  
11842.98903  
11799.39486  
11809.76187  
11770.85158  
11788.79762  
11783.07486  
11818.57635  
11834.52347  
11830.55525  
11805.68579  
11771.60919  
11840.00635  
11773.99065  
11816.58235  
11820.51289  
11801.80123  
11813.77802  
11798.19261  
11858.87896  
11865.03231  
11850.55912  
11815.59255  
11839.87107  
11845.98409  
11838.24771  
11850.15366  
11847.57448  
11862.59516  
11852.15019  
11815.27639  
11798.9448  
11800.35234  
11732.55834  
11795.67819  
11780.74298  
11775.13083  
11802.46154  
11835.14211  
11845.77736  
11827.28332  
11818.01903  
11782.94092  
11809.72017  
11772.48169  
11831.6626  
11805.67882  
11809.6057  
11802.55332  
11762.32513  
11784.83232  
11800.65104  
11852.60701  
11857.08932  
11868.63299  
11827.17196  
11794.41736  
11806.40397  
11835.52701  
11881.61519  
11847.48646  
11797.16408  
11796.29146  
11804.82309  
11765.50188  
11795.27169  
11813.47166  
11832.82501  
11819.17901  
11822.13345  
11820.09545  
11827.74277  
11838.97527  
11806.39684  
11821.81053  
11811.87975  
11822.71586  
11840.72152  
11807.50438  
11802.17782  
11849.70442  
11790.78713  
11764.84718  
11805.43364  
11801.76155  
11814.30404  
11775.793  
11720.85275  
11799.51198  
11801.46232  
11817.50292  
11812.23537  
11853.62066  
11866.96415  
11810.75486  
11795.28517  
11805.50774  
11811.0341  
11834.6812  
11880.7874  
11873.33491  
11872.3055  
11837.17666  
11794.28015  
11831.61609  
11813.91123  
11832.59135  
11813.20147  
11804.93902  
11797.73484  
11821.36236  
11807.44493  
11767.82551  
11822.71257  
11838.31348  
11798.63009  
11832.19019  
11839.28003  
11805.40613  
11805.70848  
11839.20729  
11865.76188  
11821.27893  
11836.27676  
11826.90507  
11840.96604  
11838.47481  
11849.12131  
11855.26813  
11847.52303  
11814.80205  
11819.62552  
11780.76646  
11784.66118  
11791.02359  
11769.08872  
11814.69137  
11791.709  
11794.79613  
11771.51269  
11791.47829  
11796.75563  
11751.05992  
11827.62546  
11811.55645  
11829.34982  
11782.93785  
11788.01603  
11828.1814  
11804.14512  
11809.4654  
11845.09912  
11834.4208  
11828.16385  
11821.34548  
11791.48546  
11826.74484  
11796.65774  
11744.84411  
11853.80826  
11859.35614  
11875.82  
11835.91599  
11832.30899  
11863.69098  
11851.04733  
11826.48733  
11874.68879  
11858.38299  
11836.95729  
11827.11036  
11791.32813  
11811.54543  
11814.43852  
11801.47612  
11808.58912  
11854.82941  
11810.7354  
11851.10186  
11769.78172  
11774.54463  
11781.91696  
11756.927  
11808.59956  
11776.57749  
11771.71498  
11785.89653  
11804.30091  
11803.30598  
11804.16002  
11810.44655  
11801.34748  
11772.59905  
11773.03198  
11801.54807  
11825.19953  
11812.50372  
11859.36671  
11830.18111  
11827.61399  
11810.34294  
11804.64314  
11847.84911  
11824.6381  
11796.95065  
11838.02387  
11853.06557  
11786.90606  
11818.20061  
11773.81889  
11818.46326  
11796.83241  
11815.71606  
11838.77455  
11867.98492  
11847.07292  
11852.15623  
11807.29795  
11809.32856  
11805.67528  
11811.44867  
11821.69072  
11803.35992  
11816.29781  
11779.94334  
11788.8981  
11775.63126  
11794.15978  
11835.07549  
11876.70057  
11891.65336  
11886.32919  
11783.22289  
11778.21473  
11741.81768  
11796.89115  
11808.76624  
11810.93445  
11809.89961  
11849.21593  
11839.74872  
11847.25751  
11836.37588  
11878.10246  
11892.58299  
11812.98291  
11791.43012  
11802.62644  
11815.50973  
11835.70774  
11808.02796  
11741.59006  
11773.79602  
11774.00876  
11849.13575  
11826.11224  
11803.18381  
11824.48265  
11795.63708  
11796.68863  
11824.45882  
11793.81462  
11793.49488  
11844.41303  
11826.19609  
11807.9815  
11838.43939  
11869.92419  
11849.06467  
11841.84188  
11796.29737  
11846.99976  
11815.39045  
11807.34199  
11822.50696  
11766.35059  
11801.87039  
11751.55953  
11783.40304  
11828.98007  
11810.22181  
11812.43835  
11835.82732  
11825.91421  
11848.7184  
11831.52956  
11789.34068  
11796.57928  
11744.36244  
11833.46868  
11823.50559  
11881.81486  
11880.64176  
11885.61921  
11849.52166  
11846.04985  
11791.97577  
11827.99986  
11813.15671  
11797.14664  
11765.95171  
11816.93189  
11848.19147  
11826.81576  
11829.45825  
11796.25369  
11816.77074  
11769.53539  
11762.83628  
11816.18012  
11828.33968  
11840.11408  
11815.60452  
11842.10396  
11837.36641  
11840.24476  
11841.61372  
11851.26613  
11799.30792  
11819.68304  
11844.53961  
11753.20821  
11778.03307  
11777.60783  
11830.75728  
11831.34945  
11832.28942  
11837.44612  
11786.54384  
11776.74333  
11772.63546  
11806.32517  
11853.59102  
11865.35295  
11818.91726  
11866.37419  
11859.26946  
11796.34087  
11779.30357  
11826.32754  
11811.11071  
11838.20474  
11846.42323  
11872.40961  
11845.85648  
11785.69947  
11812.29876  
11828.68659  
11753.41869  
11807.7489  
11800.98124  
11856.70524  
11822.9264  
11827.71461  
11837.05972  
11747.10789  
11825.2665  
11790.94956  
11793.20354  
11781.78284  
11772.00771  
11811.21117  
11835.72951  
11815.79671  
11791.99832  
11861.47239  
11864.48988  
11829.28808  
11833.71186  
11776.41983  
11805.82115  
11802.69003  
11810.42382  
11855.94903  
11840.53361  
11840.15321  
11809.62519  
11807.5394  
11837.45718  
11810.57527  
11799.60914  
11838.64924  
11843.55049  
11837.60331  
11810.53595  
11819.2605  
11804.10091  
11859.75675  
11844.96139  
11871.46907  
11846.14862  
11801.6412  
11797.19454  
11776.48173  
11733.36469  
11791.13388  
11810.93271  
11767.01623  
11818.00242  
11777.69136  
11817.35231  
11770.30998  
11795.28922  
11815.16524  
11860.13168  
11836.62638  
11817.82797  
11863.34864  
11801.29938  
11830.86011  
11832.83541  
11879.53317  
11873.52376  
11829.23041  
11842.00261  
11791.58392  
11831.96397  
11771.44514  
11791.32178  
11801.02701  
11814.72294  
11851.58859  
11824.36789  
11814.92123  
11778.82311  
11790.18941  
11829.79993  
11802.57294  
11806.31033  
11786.72743  
11832.34826  
11848.24895  
11789.4083  
11749.1416  
11747.68263  
11753.12155  
11756.93251  
11757.94036  
11819.48677  
11825.87639  
11816.28931  
11837.32864  
11840.53724  
11826.06164  
11826.55715  
11849.15465  
11823.49343  
11830.62441  
11807.70792  
11798.86769  
11821.9785  
11893.61536  
11823.08197  
11849.68177  
11803.07712  
11829.53541  
11829.37028  
11799.54857  
11765.86476  
11822.54151  
11826.55219  
11844.35035  
11832.94736  
11862.18535  
11829.17753  
11857.62488  
11808.45073  
11826.78084  
11853.40067  
11846.06979  
11859.12572  
11799.36226  
11801.76852  
11829.88972  
11808.7271  
11827.72994  
11770.86414  
11798.94185  
11821.03486  
11832.30301  
11804.78022  
11825.37912  
11836.66161  
11822.06645  
11868.5808  
11809.92396  
11774.64145  
11791.65419  
11800.71031  
11812.44071  
11829.87852  
11843.56921  
11841.04486  
11787.44213  
11799.15351  
11777.95704  
11804.72185  
11826.47655  
11803.63039  
11776.40199  
11799.95218  
11800.48173  
11808.86109  
11788.09391  
11771.32552  
11750.45095  
11799.78891  
11808.89532  
11838.30526  
11875.0595  
11877.98985  
11772.42286  
11783.72126  
11779.46946  
11822.98476  
11824.30482  
11893.08209  
11817.48946  
11886.19283  
11834.33328  
11774.15367  
11814.68414  
11829.36122  
11833.54258  
11811.87263  
11825.97842  
11824.23884  
11790.18896  
11826.0129  
11820.79152  
11780.54461  
11781.30029  
11802.60587  
11813.2706  
11810.16324  
11804.38416  
11844.9697  
11777.40298  
11817.0821  
11824.9952  
11788.49243  
11912.02833  
11877.94039  
11876.05521  
11815.28962  
11835.02753  
11808.60874  
11770.91935  
11845.45559  
11797.60567  
11811.12347  
11864.98349  
11851.21337  
11873.57211  
11792.71769  
11796.44762  
11831.58695  
11773.68048  
11819.51528  
11807.73399  
11753.98558  
11810.45819  
11811.07064  
11838.80415  
11802.96762  
11769.79509  
11817.60548  
11790.80769  
11855.60518  
11826.02377  
11792.84596  
11773.31866  
11842.87156  
11809.8644  
11861.72416  
11795.856  
11757.15693  
11798.48995  
11830.83691  
11842.26607  
11847.66765  
11877.2472  
11838.26644  
11821.56457  
11847.60104  
11839.10409  
11851.97585  
11882.83025  
11847.99331  
11823.78667  
11745.60565  
11794.39275  
11781.51965  
11791.18836  
11772.36137  
11766.39538  
11800.32441  
11808.04491  
11809.18523  
11861.73407  
11788.74998  
11755.32365  
11753.23917  
11767.19021  
11801.9444  
11818.73258  
11862.94354  
11876.6432  
11800.45942  
11810.7263  
11799.80599  
11769.00355  
11778.29485  
11822.36558  
11803.84858  
11851.23133  
11833.41223  
11820.27384  
11840.05754  
11884.20575  
11859.71658  
11832.12109  
11829.10426  
11847.61223  
11822.51311  
11794.3727  
11821.54114  
11787.18052  
11839.03727  
11801.91056  
11866.35414  
11843.60001  
11845.14051  
11788.71453  
11747.76143  
11835.33375  
11766.38009  
11807.05666  
11792.17055  
11806.88133  
11774.43175  
11813.70575  
11849.81963  
11857.37073  
11852.80851  
11822.52133  
11840.4692  
11852.39048  
11820.34604  
11805.40465  
11810.25351  
11771.32309  
11822.69184  
11865.67748  
11814.48061  
11858.18786  
11797.27738  
11777.85115  
11788.11264  
11811.09475  
11821.39483  
11779.15241  
11788.57389  
11787.67196  
11793.98077  
11808.50868  
11818.28802  
11772.77024  
11769.82505  
11781.29296  
11799.59856  
11781.45607  
11856.97271  
11801.96821  
11840.14266  
11861.71737  
11850.68859  
11840.08451  
11812.26546  
11837.55113  
11822.8997  
11805.82581  
11814.45455  
11841.61253  
11900.00588  
11861.89261  
11863.78842  
11839.23842  
11771.63684  
11794.49582  
11782.48962  
11772.08606  
11799.34271  
11832.99824  
11850.9888  
11893.52032  
11893.69127  
11841.73045  
11811.57019  
11780.48875  
11717.373  
11716.78643  
11719.13785  
11713.50974  
11812.17991  
11829.20493  
11847.96575  
11836.85321  
11808.69115  
11818.69846  
11830.63487  
11773.64629  
11811.4586  
11838.68917  
11874.64652  
11857.03691  
11916.81239  
11885.47616  
11836.36799  
11833.58565  
11771.33262  
11765.7525  
11739.46172  
11821.75117  
11857.64525  
11811.41942  
11849.73813  
11833.01976  
11817.53505  
11827.35904  
11800.67868  
11764.31847  
11866.32684  
11830.94175  
11828.19923  
11853.87906  
11791.48392  
11836.24834  
11813.97801  
11757.40008  
11674.47475  
11734.58859  
11808.5567  
11809.41956  
11835.43477  
11844.99023  
11801.70399  
11875.24754  
11810.9737  
11823.25989  
11846.74706  
11852.22436  
11815.4026  
11813.13003  
11847.54581  
11797.61583  
11802.92616  
11832.37932  
11834.05952  
11826.56252  
11842.90564  
11906.03184  
11857.11968  
11875.53231  
11799.84443  
11799.94728  
11784.87264  
11767.39944  
11795.26408  
11813.40686  
11797.52609  
11832.36576  
11787.65021  
11803.55107  
11859.70547  
11852.42057  
11790.40357  
11729.73881  
11802.19004  
11781.48011  
11853.6118  
11845.95387  
11850.04856  
11859.69227  
11860.62652  
11830.39492  
11831.75888  
11807.91067  
11804.70227  
11841.41772  
11798.32744  
11810.34143  
11833.08405  
11804.07075  
11848.14469  
11918.54112  
11840.32442  
11864.70648  
11894.8025  
11760.56341  
11727.47009  
11753.49192  
11777.09247  
11796.71272  
11813.20976  
11846.49784  
11902.32711  
11844.57531  
11841.00673  
11774.85832  
11775.38772  
11753.33611  
11810.7041  
11783.43649  
11828.51862  
11813.44247  
11850.72107  
11820.22127  
11800.05533  
11796.43841  
11800.03328  
11825.9752  
11853.64109  
11848.26666  
11862.7368  
11806.50786  
11795.46109  
11778.86619  
11765.8644  
11780.71138  
11820.95719  
11750.8469  
11816.34949  
11804.58272  
11855.4054  
11864.23777  
11783.01299  
11812.17653  
11857.95448  
11824.67623  
11827.59134  
11839.63183  
11820.16435  
11794.79015  
11864.35789  
11892.95715  
11808.09573  
11787.9805  
11778.61355  
11815.5738  
11762.47392  
11799.49978  
11791.75946  
11800.09066  
11788.7176  
11770.0486  
11838.32815  
11862.46949  
11818.30582  
11823.73745  
11781.53957  
11816.88199  
11856.87742  
11869.4144  
11814.42703  
11778.53177  
11791.25716  
11810.84465  
11837.7573  
11858.70911  
11854.59639  
11820.05773  
11854.72127  
11746.30606  
11830.46643  
11841.32692  
11826.19958  
11791.6331  
11831.16238  
11825.20568  
11820.38481  
11699.73037  
11753.41445  
11773.49046  
11787.85426  
11765.15055  
11773.46455  
11750.6573  
11798.97464  
11876.99747  
11848.56506  
11826.35941  
11843.74367  
11871.03802  
11837.43293  
11794.57261  
11834.46756  
11881.98009  
11812.01449  
11806.17643  
11808.40797  
11786.9023  
11826.55561  
11814.0432  
11822.84944  
11837.63321  
11832.0256  
11832.80994  
11788.76415  
11804.70644  
11780.33739  
11789.37831  
11778.68708  
11818.34468  
11810.945  
11866.64109  
11829.53541  
11804.88392  
11840.84386  
11823.15353  
11858.03994  
11826.14826  
11843.96748  
11865.3371  
11904.40785  
11867.22219  
11791.61696  
11756.86417  
11836.76616  
11813.77448  
11808.00771  
11794.15684  
11869.44123  
11874.85304  
11837.19573  
11853.35374  
11766.10929  
11738.80318  
11762.77138  
11783.69677  
11804.94284  
11841.24649  
11796.31572  
11839.60691  
11870.41228  
11812.51574  
11769.08463  
11792.12545  
11853.31842  
11794.94448  
11792.43994  
11809.64605  
11835.17794  
11815.02635  
11851.52345  
11744.2332  
11826.63504  
11857.35951  
11847.81686  
11815.34997  
11846.67749  
11892.05227  
11816.78868  
11763.86156  
11798.29742  
11776.14829  
11677.17076  
11744.62632  
11801.28247  
11820.18626  
11811.01962  
11831.56909  
11844.91014  
11831.29709  
11830.76998  
11816.40011  
11885.30227  
11865.89066  
11881.43258  
11864.85979  
11854.16438  
11814.06496  
11798.19915  
11772.3717  
11761.91648  
11757.11078  
11787.64858  
11795.74405  
11841.53661  
11810.26967  
11795.69102  
11828.28827  
11810.67073  
11819.64754  
11826.5726  
11813.57143  
11812.69232  
11836.61264  
11852.20233  
11830.7777  
11809.7658  
11826.07879  
11840.85837  
11784.2361  
11766.28292  
11789.06025  
11782.92341  
11780.20034  
11777.66391  
11797.58947  
11831.39282  
11790.23403  
11843.03693  
11857.13181  
11846.58983  
11816.68689  
11847.17832  
11886.08049  
11823.46581  
11816.07427  
11776.38514  
11794.17784  
11797.1922  
11860.97669  
11790.40917  
11843.97389  
11860.23105  
11870.03232  
11816.34924  
11845.92284  
11819.01602  
11809.80985  
11857.0933  
11834.28019  
11851.7821  
11823.65569  
11824.90803  
11840.21087  
11803.55064  
11827.39038  
11769.32997  
11807.90545  
11829.61235  
11816.56721  
11796.10257  
11812.44982  
11807.82861  
11780.18904  
11796.36165  
11837.15243  
11782.77393  
11813.29601  
11784.64861  
11802.39404  
11781.78222  
11831.72386  
11827.67394  
11835.08538  
11841.09985  
11862.9152  
11843.98082  
11808.18619  
11867.64252  
11800.61243  
11787.65089  
11833.02276  
11821.25583  
11766.0324  
11819.10858  
11850.75323  
11799.69432  
11842.51482  
11866.40951  
11798.8908  
11763.31107  
11784.92346  
11760.06831  
11792.97493  
11793.62947  
11788.88221  
11782.48956  
11790.6566  
11820.74951  
11784.88414  
11803.55081  
11823.40267  
11823.98049  
11829.65563  
11827.57077  
11827.51057  
11864.34253  
11897.81686  
11828.27061  
11775.8162  
11772.66206  
11812.37972  
11748.5606  
11822.41391  
11800.92345  
11816.02002  
11871.33444  
11818.48512  
11861.51083  
11845.2374  
11809.11202  
11798.5542  
11783.00632  
11777.24013  
11739.98366  
11815.13736  
11881.40138  
11872.80702  
11893.89359  
11873.14854  
11843.36217  
11860.62599  
11855.10109  
11814.59074  
11801.51735  
11831.55019  
11783.01382  
11779.40635  
11821.31451  
11830.14741  
11831.7112  
11804.03668  
11775.4016  
11810.35292  
11788.9014  
11810.88713  
11812.85987  
11831.21658  
11826.27587  
11814.36241  
11798.62757  
11798.21194  
11802.34549  
11800.31256  
11821.42227  
11817.11006  
11789.15921  
11816.84795  
11830.01051  
11832.44813  
11828.17371  
11811.02716  
11740.72257  
11768.33015  
11785.77602  
11819.34271  
11888.03072  
11874.35685  
11894.30436  
11802.15481  
11786.66736  
11757.04139  
11819.97111  
11843.40147  
11850.08976  
11855.92925  
11821.65197  
11807.75326  
11843.17906  
11847.89801  
11822.47443  
11788.95726  
11775.10252  
11827.41239  
11748.28571  
11774.66772  
11791.40703  
11831.80495  
11802.03287  
11803.93584  
11818.66065  
11805.01605  
11806.14535  
11803.33449  
11805.01866  
11800.17344  
11806.60181  
11858.0412  
11851.78622  
11838.13181  
11856.58539  
11841.83328  
11829.67885  
11790.27792  
11810.77794  
11769.93508  
11832.59407  
11814.72594  
