10409.28981  
10431.91653  
10423.61189  
10399.38195  
10413.94815  
10386.8142  
10378.56145  
10400.58238  
10388.99591  
10377.24635  
10393.57438  
10431.54271  
10445.17206  
10442.66688  
10492.9913  
10450.83059  
10458.09649  
10469.88049  
10452.73579  
10434.01755  
10448.5232  
10405.10163  
10425.56638  
10418.67111  
10431.91327  
10407.16634  
10405.45845  
10415.88853  
10431.88063  
10404.67069  
10412.57447  
10384.4714  
10397.7796  
10421.84787  
10402.46661  
10416.72547  
10418.11519  
10426.31392  
10414.56031  
10415.95033  
10389.32745  
10471.13856  
10455.67039  
10416.31155  
10401.83856  
10395.48703  
10398.35461  
10379.12523  
10384.14779  
10407.25007  
10385.22207  
10437.39932  
10433.94685  
10470.15623  
10454.02869  
10438.65623  
10428.7031  
10381.21394  
10415.5379  
10429.59577  
10430.87281  
10432.88023  
10430.20222  
10436.12084  
10392.18699  
10379.33175  
10373.88677  
10382.48061  
10383.31324  
10407.84494  
10404.01895  
10404.47217  
10436.4764  
10420.88911  
10457.14423  
10432.79562  
10448.60547  
10452.3604  
10438.73275  
10358.8324  
10385.52555  
10379.47621  
10433.97872  
10421.28781  
10423.31248  
10435.5984  
10426.76721  
10415.15467  
10403.28023  
10390.05801  
10390.06469  
10399.79318  
10401.45487  
10426.99607  
10444.03313  
10437.30824  
10430.66834  
10428.43778  
10430.46877  
10445.94559  
10421.97254  
10408.80404  
10367.34356  
10402.6047  
10426.55162  
10410.9627  
10453.26739  
10424.61189  
10429.74189  
10388.86647  
10405.84259  
10369.82589  
10390.23068  
10398.26923  
10423.37935  
10431.95615  
10455.5877  
10427.20703  
10415.67852  
10420.61058  
10420.37219  
10409.50528  
10419.05157  
10404.97826  
10412.76879  
10412.88153  
10421.4498  
10419.46924  
10421.48012  
10406.31862  
10404.64881  
10426.17455  
10423.69048  
10431.75188  
10425.23542  
10459.54181  
10430.2852  
10446.09075  
10413.04134  
10431.42155  
10465.4697  
10420.66569  
10423.41569  
10411.54727  
10438.50274  
10443.52337  
10458.89323  
10408.43197  
10404.48328  
10361.43241  
10376.72138  
10407.73551  
10449.46691  
10451.60252  
10454.35284  
10428.93036  
10373.16627  
10368.71647  
10409.20829  
10408.59766  
10419.16127  
10400.20368  
10419.86344  
10390.85807  
10411.44052  
10401.54915  
10416.59945  
10422.23059  
10408.53697  
10396.10203  
10422.78016  
10428.64002  
10447.07073  
10410.46791  
10411.9578  
10387.95206  
10398.13172  
10406.53137  
10433.14139  
10442.28639  
10427.71259  
10436.89944  
10427.20764  
10388.94894  
10398.72484  
10434.39528  
10424.82487  
10428.58396  
10390.91641  
10431.59835  
10420.02295  
10442.79334  
10411.28544  
10435.93615  
10404.30645  
10402.61805  
10395.64274  
10372.75856  
10418.52848  
10440.77855  
10433.56259  
10434.86961  
10391.35235  
10415.94901  
10431.77799  
10417.27307  
10408.52035  
10414.98249  
10404.32071  
10421.40558  
10408.1951  
10425.54915  
10418.4206  
10404.77572  
10401.94534  
10412.2457  
10437.1842  
10442.48868  
10421.56192  
10420.92673  
10399.23333  
10416.29234  
10417.05394  
10424.51358  
10397.67441  
10399.81631  
10370.23628  
10353.9411  
10409.32045  
10441.31769  
10421.86819  
10394.13551  
10385.40432  
10379.45626  
10419.41392  
10409.72507  
10420.17671  
10462.80311  
10415.94992  
10412.8298  
10421.3192  
10411.73807  
10436.32729  
10463.7237  
10427.11472  
10440.01716  
10410.09742  
10449.14339  
10411.41774  
10448.38742  
10423.06278  
10405.87005  
10389.75202  
10394.35712  
10434.84387  
10440.62209  
10455.96157  
10461.92799  
10421.75165  
10434.36575  
10411.62  
10431.47354  
10417.01658  
10418.89723  
10402.82819  
10419.55404  
10382.74528  
10389.31996  
10413.86986  
10409.2936  
10400.59803  
10387.2972  
10404.94731  
10396.41434  
10411.77002  
10419.48531  
10407.7304  
10383.95854  
10394.98844  
10418.38911  
10409.82106  
10410.86761  
10409.34959  
10390.13721  
10436.29367  
10446.38451  
10464.89242  
10448.72942  
10418.71322  
10445.66718  
10455.01051  
10410.04127  
10458.51528  
10405.97519  
10397.4368  
10436.25953  
10418.88177  
10416.22438  
10434.44445  
10388.84119  
10405.2863  
10427.56062  
10432.90332  
10441.59333  
10442.70773  
10422.6323  
10445.11175  
10429.22431  
10403.31868  
10404.57345  
10400.67306  
10381.71501  
10436.67239  
10448.41509  
10443.76165  
10409.06052  
10367.57761  
10405.7391  
10397.65783  
10407.496  
10410.52444  
10423.97112  
10425.46591  
10421.43587  
10438.87646  
10400.59224  
10413.92415  
10399.8766  
10422.7726  
10429.85314  
10445.15381  
10481.43966  
10416.58301  
10407.36719  
10400.75365  
10411.8826  
10392.75065  
10397.05748  
10403.20364  
10424.06483  
10409.83698  
10431.89962  
10458.79385  
10432.11809  
10427.81543  
10387.50772  
10377.40379  
10443.1071  
10422.65597  
10399.05592  
10464.41834  
10463.58173  
10439.5825  
10411.14762  
10430.51639  
10426.37147  
10446.04269  
10439.87291  
10471.34266  
10443.92913  
10442.255  
10433.17057  
10413.991  
10409.14748  
10383.26442  
10379.90148  
10406.0352  
10446.62751  
10426.74049  
10436.69166  
10430.94306  
10407.34333  
10417.91232  
10416.41618  
10413.70819  
10396.19048  
10356.82778  
10377.99135  
10384.94422  
10404.17074  
10449.44415  
10428.19952  
10376.74707  
10373.08157  
10358.80548  
10394.66797  
10407.87895  
10393.98396  
10427.47377  
10413.60784  
10446.69573  
10434.23858  
10432.33508  
10431.00705  
10390.33936  
10405.72289  
10416.19857  
10407.73884  
10424.05118  
10410.52458  
10391.48493  
10407.46596  
10417.03302  
10432.641  
10462.53116  
10453.9777  
10436.1559  
10409.60705  
10377.42406  
10401.42936  
10419.27569  
10407.38032  
10425.93876  
10427.25037  
10450.19717  
10441.47698  
10417.39035  
10402.90888  
10400.84398  
10409.09422  
10417.42566  
10436.37765  
10402.50818  
10397.34003  
10392.14332  
10408.14541  
10440.84887  
10424.40634  
10435.56596  
10421.4554  
10402.64311  
10404.65974  
10374.133  
10399.68948  
10409.10314  
10411.72956  
10429.84068  
10433.51184  
10376.3591  
10376.95719  
10402.04783  
10391.33038  
10451.59508  
10417.76081  
10420.69873  
10430.24363  
10424.05034  
10424.50481  
10393.45478  
10428.50158  
10427.49793  
10437.3764  
10432.51328  
10429.23675  
10388.56901  
10395.10947  
10390.78939  
10426.28637  
10437.04883  
10424.13195  
10441.04262  
10404.67157  
10394.17039  
10394.73177  
10424.85056  
10442.23993  
10435.381  
10450.61919  
10462.01288  
10460.64204  
10453.51493  
10405.65411  
10441.70626  
10421.27606  
10438.9627  
10456.91225  
10435.53062  
10422.52886  
10414.00709  
10397.6317  
10383.92069  
10395.76214  
10407.86779  
10346.68366  
10411.75186  
10403.4026  
10374.23389  
10403.64169  
10412.24807  
10422.23786  
10430.47084  
10444.96791  
10425.49654  
10398.79839  
10407.12084  
10417.84101  
10431.82282  
10443.64748  
10442.63651  
10480.61591  
10447.86186  
10433.01614  
10389.40639  
10387.15744  
10395.56427  
10432.04171  
10419.99714  
10384.27125  
10383.18173  
10412.29085  
10446.64116  
10440.66678  
10423.98077  
10378.25846  
10408.59356  
10407.29636  
10412.90269  
10430.28406  
10383.87674  
10399.52834  
10454.02632  
10453.20878  
10444.94894  
10385.88677  
10363.01855  
10384.86386  
10422.0599  
10408.09949  
10392.32141  
10403.31676  
10403.38095  
10445.26274  
10448.88198  
10452.72945  
10425.98735  
10386.2952  
10386.12791  
10404.1406  
10446.25156  
10434.67392  
10401.48484  
10359.21761  
10428.58298  
10421.58371  
10446.51532  
10432.04099  
10464.74691  
10421.58708  
10456.25816  
10432.92285  
10466.25409  
10432.79769  
10423.94689  
10436.76948  
10419.78123  
10397.97861  
10375.45938  
10390.69192  
10415.01249  
10412.04592  
10399.016  
10424.27021  
10421.95615  
10406.95875  
10414.74142  
10430.56901  
10441.738  
10417.00737  
10406.65032  
10399.10052  
10428.80185  
10443.89079  
10441.56845  
10426.1579  
10408.62695  
10398.06682  
10441.27144  
10433.60559  
10448.56455  
10418.992  
10390.22593  
10406.09538  
10431.63425  
10403.65265  
10426.70998  
10459.86656  
10464.45843  
10425.24916  
10409.31613  
10391.04713  
10386.46312  
10450.26032  
10409.11963  
10409.12616  
10417.1639  
10402.59126  
10457.75423  
10415.5313  
10400.04581  
10383.65181  
10391.67062  
10408.98158  
10433.62746  
10400.48863  
10411.80869  
10421.78918  
10428.14476  
10474.32175  
10457.77855  
10453.67713  
10391.93336  
10393.49177  
10366.15492  
10375.4851  
10419.3776  
10404.35593  
10457.56915  
10432.69213  
10385.55522  
10393.06048  
10400.69713  
10437.13777  
10410.62867  
10438.7457  
10429.88618  
10365.89281  
10383.68829  
10406.81236  
10446.87558  
10432.32506  
10421.45061  
10443.94503  
10401.0865  
10401.87691  
10415.41406  
10422.509  
10446.08877  
10441.82759  
10439.45245  
10416.3334  
10411.31208  
10392.5602  
10452.67411  
10437.15783  
10453.31896  
10433.88323  
10441.51351  
10429.41702  
10420.3082  
10434.16202  
10434.41295  
10445.21787  
10437.488  
10454.14855  
10427.24763  
10412.65237  
10394.75779  
10402.76116  
10425.03746  
10453.22382  
10454.06813  
10422.74093  
10439.97889  
10373.62709  
10376.89569  
10406.98072  
10423.18192  
10412.68073  
10409.87991  
10398.70519  
10403.25288  
10407.47184  
10405.36133  
10404.85677  
10419.49119  
10425.04955  
10430.2393  
10442.46166  
10425.28664  
10391.20903  
10363.8448  
10371.31801  
10411.89414  
10400.41476  
10449.35372  
10447.81329  
10408.13825  
10364.55311  
10399.60803  
10434.07266  
10462.01388  
10445.49695  
10408.03151  
10390.6423  
10389.94182  
10405.01909  
10397.48856  
10388.6729  
10400.52916  
10410.89502  
10443.80029  
10424.34852  
10426.36349  
10402.48072  
10331.75486  
10411.21784  
10426.59366  
10437.95754  
10430.83598  
10420.7806  
10407.02795  
10420.14514  
10379.02316  
10418.05027  
10400.18878  
10402.61451  
10431.34519  
10409.39418  
10445.67876  
10439.96949  
10435.80348  
10425.23907  
10441.93585  
10432.73651  
10398.47061  
10398.76718  
10440.96905  
10411.46068  
10415.52688  
10406.25063  
10413.55966  
10434.80687  
10426.28199  
10408.4764  
10374.30478  
10369.95401  
10389.63044  
10368.85821  
10367.92578  
10402.31252  
10451.75481  
10456.50851  
10457.91355  
10430.44266  
10425.96377  
10398.6193  
10401.65878  
10416.79727  
10414.84787  
10441.33891  
10429.26832  
10412.21401  
10437.96805  
10400.84903  
10423.10858  
10428.46089  
10448.29327  
10441.33291  
10417.11275  
10391.22152  
10428.11698  
10420.88521  
10414.86244  
10436.89895  
10454.99491  
10463.58947  
10408.53002  
10446.6609  
10386.15811  
10364.26297  
10399.54762  
10411.67081  
10408.05901  
10369.20517  
10413.19927  
10424.23498  
10424.78297  
10424.02046  
10438.61163  
10432.36886  
10439.72268  
10450.58903  
10449.96101  
10438.35772  
10416.32264  
10414.96712  
10395.99833  
10364.58949  
10382.62212  
10389.13742  
10419.1  
10429.5139  
10425.65506  
10385.4285  
10390.04522  
10405.41811  
10400.94817  
10392.29671  
10432.19815  
10429.25219  
10429.45201  
10447.33682  
10426.72177  
10431.5978  
10450.16611  
10428.2497  
10377.24003  
10409.93132  
10403.02625  
10437.65695  
10392.64381  
10417.86503  
10386.3042  
10437.54374  
10436.63902  
10458.67199  
10447.11972  
10432.29209  
10400.79392  
10411.96773  
10391.34882  
10403.8291  
10389.65685  
10425.37477  
10440.18622  
10431.09559  
10391.44138  
10420.72477  
10434.04688  
10439.97128  
10426.27025  
10429.93569  
10399.64725  
10361.67543  
10392.1549  
10419.32187  
10413.45078  
10412.95754  
10407.0476  
10439.98651  
10416.66797  
10398.15007  
10411.05522  
10426.79646  
10429.14837  
10441.46224  
10399.78788  
10376.61379  
10373.06803  
10437.79997  
10430.06989  
10460.98507  
10424.60738  
10471.75625  
10436.49642  
10389.95629  
10416.37928  
10437.52332  
10418.25053  
10427.02602  
10429.84036  
10397.71703  
10409.07987  
10419.73607  
10452.65158  
10438.30299  
10442.33098  
10397.57127  
10403.07001  
10380.97628  
10385.23833  
10398.40988  
10313.99723  
10382.87107  
10441.65834  
10447.39569  
10425.40916  
10429.13844  
10400.40504  
10375.65809  
10378.33038  
10416.9764  
10429.81815  
10433.25351  
10426.34289  
10406.19952  
10391.32241  
10414.27841  
10433.05701  
10456.77309  
10444.01618  
10435.72742  
10443.65792  
10423.20903  
10424.19531  
10435.74744  
10426.74881  
10434.3474  
10465.25821  
10413.44296  
10434.57901  
10422.66657  
10446.92183  
10458.70438  
10454.69636  
10460.45947  
10433.4638  
10451.88586  
10399.92074  
10396.71161  
10421.09468  
10391.8704  
10383.19722  
10368.17243  
10377.57961  
10384.99681  
10387.22619  
10441.24814  
10402.02427  
10412.06413  
10399.88118  
10419.82661  
10437.91848  
10430.29013  
10424.49505  
10383.11279  
10404.40765  
10407.4441  
10427.34942  
10433.12623  
10446.46691  
10441.94571  
10401.9022  
10377.50809  
10399.8763  
10421.9694  
10437.38235  
10419.16536  
10391.78111  
10391.61298  
10431.28281  
10418.7101  
10432.42413  
10410.49788  
10414.58703  
10397.98249  
10426.27509  
10431.46363  
10469.88693  
10451.64807  
10444.31129  
10405.35289  
10387.25551  
10394.16564  
10439.98691  
10426.09415  
10438.72461  
10435.43206  
10405.9943  
10389.61019  
10403.74098  
10432.56659  
10445.51249  
10428.03688  
10423.56338  
10420.15618  
10356.63514  
10393.27055  
10413.27207  
10438.4438  
10444.36058  
10445.2617  
10435.33733  
10411.8354  
10376.29462  
10386.47793  
10403.98554  
10407.15716  
10451.0116  
10431.34124  
10433.71294  
10437.99244  
10416.14428  
10353.378  
10401.50323  
10409.19255  
10449.1915  
10423.37474  
10384.32952  
10409.71882  
10392.87228  
10393.70975  
10465.91485  
10446.21047  
10438.25188  
10450.61005  
10455.46794  
10447.30148  
10399.15009  
10423.34563  
10394.68741  
10408.41423  
10419.4398  
10411.19947  
10438.34682  
10421.93373  
10451.31143  
10404.66246  
10388.07919  
10373.71717  
10399.50879  
10387.16013  
10413.27895  
10379.627  
10428.22893  
10434.92464  
10408.51781  
10428.36496  
10424.48393  
10423.59147  
10414.74742  
10413.99616  
10414.25656  
10375.41657  
10415.08094  
10447.98605  
10441.51781  
10429.78713  
10418.79043  
10406.84396  
10442.18364  
10412.68862  
10394.7596  
10382.48191  
10400.32857  
10381.82282  
10440.40181  
10428.5465  
10457.97591  
10450.58224  
10451.46717  
10389.46949  
10403.0223  
10422.84828  
10403.86826  
10385.88679  
10392.42104  
10388.80583  
10421.1549  
10419.01372  
10404.83389  
10439.31434  
10444.73245  
10431.08545  
10389.04167  
10416.95385  
10402.82566  
10418.67215  
10413.1316  
10445.12593  
10441.74705  
10446.18018  
10483.26695  
10455.14497  
10410.06399  
10393.92499  
10380.83289  
10375.14862  
10435.22407  
10419.44429  
10447.27865  
10419.66257  
10442.76974  
10375.06364  
10346.50618  
10388.61186  
10396.49426  
10399.68471  
10367.18155  
10372.07761  
10389.31376  
10417.2001  
10440.77141  
10420.37265  
10429.38956  
10431.8301  
10453.04639  
10428.00205  
10465.98351  
10420.66125  
10391.98835  
10408.12165  
10444.14516  
10411.69106  
10428.14423  
10436.80192  
10422.35882  
10422.7823  
10426.53097  
10425.02423  
10453.23091  
10428.75581  
10431.99365  
10441.48677  
10444.79271  
10428.79867  
10362.52176  
10375.09649  
10431.69534  
10427.31971  
10435.92869  
10416.16232  
10406.38937  
10441.13939  
10429.95464  
10414.04606  
10457.61244  
10401.0611  
10415.51179  
10366.68834  
10384.68506  
10415.98521  
10439.54032  
10442.40599  
10414.68185  
10394.3234  
10430.83768  
10428.40576  
10407.9538  
10432.06738  
10425.16181  
10439.93178  
10442.83791  
10413.71638  
10413.66311  
10410.27348  
10416.56285  
10432.77751  
10433.30799  
10428.76214  
10419.63435  
10402.58831  
10429.99105  
10436.77221  
10441.14286  
10450.62816  
10418.94999  
10384.91797  
10355.8567  
10384.23675  
10419.50916  
10381.52609  
10397.50881  
10395.98424  
10385.64932  
10402.76707  
10437.84438  
10421.04302  
10448.63804  
10438.93234  
10466.75344  
10457.93878  
10493.49879  
10456.98972  
10441.15706  
10436.24786  
10415.14474  
10435.02076  
10414.82899  
10384.05422  
10404.78518  
10405.40981  
10435.04646  
10402.86031  
10375.83698  
10431.29976  
10421.57457  
10432.64455  
10466.42336  
10411.8129  
10391.13016  
10388.7347  
10389.20387  
10437.13186  
10425.82889  
10447.41127  
10445.38711  
10408.89179  
10378.49735  
10406.2573  
10396.78285  
10410.20329  
10364.47654  
10336.93634  
10397.71122  
10441.74847  
10448.98091  
10431.64265  
10429.5519  
10378.99109  
10402.52879  
10417.1393  
10434.05822  
10448.0875  
10422.11723  
10412.01246  
10388.94987  
10402.33315  
10446.19782  
10427.30129  
10406.13246  
10409.4072  
10398.01535  
10405.30641  
10417.01093  
10440.04088  
10406.11198  
10426.62084  
10388.7125  
10406.39149  
10414.50609  
10436.61819  
10400.44303  
10434.83552  
10420.13037  
10433.77748  
10434.67655  
10448.05094  
10470.07964  
10431.90397  
10398.17322  
10422.95803  
10456.16085  
10441.6669  
10429.95585  
10418.84331  
10401.58433  
10371.6709  
10372.6766  
10381.32487  
10380.7533  
10397.39232  
10416.83159  
10437.78055  
10477.69541  
10458.34024  
10395.62946  
10393.83489  
10390.90937  
10433.3381  
10410.36575  
10453.32938  
10448.93864  
10459.61026  
10438.97084  
10428.1612  
10414.54104  
10397.9688  
10407.99714  
10439.78827  
10413.79309  
10378.20085  
10348.95452  
10358.04836  
10413.0103  
10404.88481  
10421.94796  
10403.90158  
10404.30232  
10404.1323  
10424.34745  
10469.736  
10423.24435  
10411.93471  
10390.12088  
10393.65007  
10457.10812  
10422.63704  
10398.62519  
10388.32354  
10397.33324  
10407.17378  
10430.52611  
10469.67399  
10487.15869  
10450.77797  
10365.09631  
10372.95094  
10402.84249  
10399.15167  
10416.81829  
10444.09575  
10420.78853  
10401.79704  
10389.34987  
10384.05636  
10413.83094  
10419.18778  
10419.2882  
10426.1759  
10419.86775  
10415.76688  
10425.28646  
10423.89228  
10435.7473  
10432.56771  
10431.19252  
10407.89167  
10421.78532  
10411.05255  
10378.98893  
10394.15606  
10428.98377  
10425.44438  
10464.77632  
10447.30927  
10429.00549  
10405.5991  
10395.30387  
10434.31743  
10416.62998  
10431.52369  
10443.00644  
10428.86635  
10446.10047  
10413.13549  
10402.20443  
10413.5283  
10419.1889  
10443.15918  
10459.02025  
10478.53106  
10452.36833  
10384.21136  
10408.86279  
10426.71945  
10474.49872  
10432.9861  
10421.30306  
10416.19482  
10353.32815  
10395.32671  
10405.23979  
10402.09001  
10446.71319  
10422.58956  
10393.80148  
10362.13542  
10375.3866  
10401.85417  
10423.03923  
10413.00877  
10449.25091  
10410.98528  
10379.49835  
10400.00523  
10382.19062  
10401.30678  
10414.99637  
10431.35756  
10434.35721  
10401.9983  
10354.17294  
10385.08519  
10427.03553  
10450.58477  
10443.92118  
10448.36186  
10446.58047  
10404.4103  
10434.31648  
10415.73528  
10415.45796  
10390.10277  
10406.92176  
10412.26644  
10405.75005  
10392.55387  
10374.9637  
10381.39209  
10426.4036  
10411.57043  
10457.2935  
10439.05257  
10396.60159  
10460.01649  
10447.84101  
10456.53337  
10450.53118  
10431.36237  
10379.60212  
10397.91702  
10435.33931  
10448.85059  
10404.41141  
10393.62877  
10408.32185  
10413.96001  
10448.64467  
10411.87816  
10408.381  
10395.15023  
10453.38432  
10449.89734  
10432.70373  
10428.46384  
10414.7124  
10367.67448  
10398.5595  
10415.3451  
10408.78562  
10408.86635  
10407.09122  
10446.25439  
10418.21594  
10415.35886  
10402.78183  
10412.02951  
10398.05427  
10427.20213  
10454.25432  
10420.0725  
10404.91248  
10427.95036  
10410.91292  
10428.03148  
10414.60438  
10426.64579  
10411.10954  
10429.0392  
10428.30585  
10415.45543  
10426.29601  
10427.4468  
10429.92594  
10422.14972  
10416.13823  
10388.59435  
10422.66774  
10429.78632  
10434.13144  
10384.58412  
10390.55943  
10396.37186  
10400.99798  
10427.43845  
10416.0097  
10446.70264  
10419.77886  
10371.13567  
10371.5193  
10379.04388  
10400.4252  
10414.49774  
10413.28371  
10430.40716  
10407.02602  
10397.3171  
10396.39207  
10405.70094  
10429.75972  
10421.57261  
10407.83798  
10426.05827  
10435.27665  
10434.3182  
10427.23212  
10397.59654  
10403.61389  
10412.85445  
10417.94845  
10409.86151  
10427.89358  
10407.84024  
10438.90639  
10438.33087  
10441.08347  
10444.20171  
10424.26181  
10418.21403  
10434.13177  
10438.123  
10438.10875  
10493.39214  
10464.9452  
10415.58873  
10384.3999  
10383.4538  
10424.89021  
10405.29757  
10437.38149  
10468.12572  
10441.37014  
10434.10963  
10420.95754  
10420.38037  
10429.11093  
10437.42239  
10438.22266  
10398.58205  
10377.90792  
10416.34949  
10401.40023  
10393.10742  
10428.85014  
10394.27418  
10365.03995  
10361.7819  
10418.34005  
10429.47624  
10410.382  
10436.34419  
10398.55004  
10414.6393  
10420.85303  
10461.4718  
10448.70747  
10431.0695  
10416.96949  
10433.05594  
10443.56141  
10446.93297  
10431.53234  
10382.76109  
10389.0731  
10405.48614  
10418.97254  
10407.59398  
10397.74777  
10397.38337  
10393.45778  
10432.15323  
10428.05232  
10446.63807  
10444.09635  
10411.31662  
10384.5259  
10421.73542  
10449.15146  
10468.9548  
10425.123  
10415.258  
10426.62626  
10404.02451  
10409.29381  
10394.14776  
10392.8643  
10424.49279  
10450.6921  
10412.38395  
10327.71101  
10379.99754  
10416.04462  
10397.23535  
10417.26204  
10417.84926  
10421.77441  
10452.07306  
10452.85905  
10445.58919  
10375.84868  
10414.4891  
10438.39283  
10436.22296  
10448.42125  
10432.93283  
10424.13225  
10416.5774  
10411.83724  
10383.74193  
10426.06515  
10437.75351  
10425.64518  
10414.50309  
10386.76621  
10390.78506  
10400.84319  
10400.91248  
10387.36412  
10418.84947  
10427.26495  
10454.88202  
10435.26035  
10423.78657  
10406.5845  
10431.07999  
10415.46594  
10397.46331  
10394.19775  
10407.06097  
10423.91697  
10434.08403  
10426.45915  
10407.46622  
10446.996  
10416.16767  
10429.88005  
10431.07052  
10430.10907  
10422.06213  
10426.69906  
10424.495  
10423.46368  
10369.92641  
10383.41555  
10396.25916  
10400.90379  
10436.37  
10420.03123  
10418.03392  
10400.53072  
10384.2257  
10426.93929  
10441.43827  
10440.76814  
10398.16769  
10373.46022  
10388.14307  
10421.44759  
10430.37291  
10389.94847  
10392.74549  
10427.45603  
10421.80185  
10428.24226  
10425.474  
10440.48707  
10448.12256  
10442.78113  
10432.57538  
10457.11579  
10413.39721  
10399.05373  
10423.33336  
10450.68776  
10432.94031  
10477.13507  
10444.3727  
10468.85626  
10449.14058  
10406.38418  
10350.55748  
10311.09308  
10347.90383  
10330.72005  
10405.08691  
10356.8776  
10467.44945  
10471.32368  
10449.23872  
10446.15088  
10406.73661  
10393.45417  
10409.75809  
10420.18992  
10421.94845  
10435.95159  
10456.71447  
10468.88623  
10448.89886  
10448.25202  
10430.83226  
10427.15172  
10376.65902  
10408.18517  
10428.03574  
10423.12061  
10400.76723  
10404.38658  
10418.65667  
10408.96905  
10377.68252  
10406.09249  
10449.57778  
10420.93292  
10422.91695  
10455.92301  
10460.99574  
10469.4501  
10442.9282  
10373.45317  
10381.77237  
10410.53069  
10431.90148  
10408.89862  
10411.02886  
10410.84552  
10399.67585  
10388.47194  
10410.17629  
10442.81213  
10436.88225  
10444.97712  
10456.46198  
10409.45631  
10398.51672  
10414.02465  
10402.9871  
10378.68304  
10374.10547  
10382.7742  
10422.16076  
10447.78704  
10435.46138  
10447.06959  
10414.26279  
10428.40255  
10418.25937  
10407.72919  
10412.34894  
10402.08573  
10380.88551  
10399.02562  
10404.40004  
10426.33359  
10462.37451  
10448.51139  
10420.54385  
10410.65853  
10415.53162  
10400.91253  
10418.56192  
10395.35938  
10425.36319  
10412.37542  
10449.37816  
10472.43866  
10439.63525  
10411.06124  
10371.4923  
10380.38611  
10372.84226  
10413.50339  
10420.17562  
10429.08601  
10427.43627  
10446.65437  
10424.1552  
10406.6752  
10394.13484  
10386.1021  
10397.46538  
10437.48456  
10415.70315  
10415.39616  
10395.67606  
10418.27141  
10426.81843  
10438.43892  
10414.50191  
10414.84573  
10398.00126  
10373.24056  
10417.70299  
10438.82812  
10427.81878  
10420.47305  
10432.57257  
10463.27028  
10441.73219  
10435.03771  
10453.72977  
10443.21305  
10444.09412  
10425.10596  
10410.16434  
10390.74509  
10390.74895  
10421.5549  
10419.74928  
10400.65804  
10414.69638  
10412.56531  
10438.8049  
10453.38049  
10467.94199  
10453.62223  
10396.91139  
10419.16592  
10387.59598  
10404.84984  
10383.04095  
10382.02641  
10385.86223  
10385.34966  
10404.56994  
10432.51783  
10454.45426  
10421.76181  
10434.26479  
10434.27325  
10362.59198  
10361.10224  
10364.09773  
10396.99244  
10401.18943  
10421.4022  
10435.36037  
10445.62386  
10438.24549  
10429.4102  
10411.20145  
10439.58473  
10461.05062  
10428.08961  
10424.27207  
10388.16076  
10379.28027  
10395.15218  
10419.5159  
10422.88007  
10470.4504  
10437.56324  
10388.15297  
10422.1878  
10433.38783  
10412.74433  
10424.55913  
10402.9096  
10428.93385  
10412.52121  
10397.39295  
10316.82015  
10361.99686  
10431.60014  
10407.51674  
10348.79915  
10334.62751  
10386.90925  
10414.11893  
10446.33454  
10443.96659  
10432.56952  
10406.42134  
10409.56078  
10458.11893  
10451.77286  
10434.87851  
10443.07599  
10458.81799  
10438.34217  
10428.62937  
10420.59926  
10419.44082  
10455.34742  
10453.73993  
10449.88711  
10393.23082  
10435.62163  
10430.74709  
10424.11449  
10428.0329  
10423.44741  
10359.64914  
10421.9169  
10381.43006  
10404.73696  
10407.43945  
10404.53076  
10386.25591  
10410.71263  
10422.68087  
10428.15051  
10442.86635  
10430.4794  
10458.21166  
10439.34898  
10421.12388  
10450.80615  
10439.29218  
10445.02625  
10434.17332  
10413.7075  
10390.30801  
10398.37684  
10418.42418  
10435.3757  
10456.08657  
10427.18208  
10390.84977  
10382.62972  
10380.94217  
10408.79513  
10404.86888  
10390.45715  
10391.67164  
10420.63321  
10442.6928  
10449.75667  
10466.07894  
10416.96915  
10390.37281  
10394.69171  
10430.36905  
10460.05208  
10452.23154  
10424.63725  
10362.59056  
10389.81352  
10453.77227  
10436.19482  
10408.54085  
10434.9837  
10424.86542  
10414.42387  
10391.65448  
10390.14414  
10406.46719  
10405.0306  
10421.4129  
10442.12365  
10430.49686  
10429.99333  
10422.41111  
10402.12386  
10430.37823  
10416.85647  
10429.99628  
10447.8421  
10422.34982  
10438.9166  
10447.42832  
10448.71629  
10434.08931  
10421.55769  
10362.25374  
10394.13976  
10405.34963  
10419.28611  
10403.89862  
10441.60361  
10418.58094  
10390.5595  
10402.28181  
10373.20708  
10408.36384  
10440.01848  
10435.15323  
10436.68394  
10393.21854  
10417.0299  
10398.70522  
10421.01393  
10423.44627  
10395.48637  
10407.16606  
10432.42757  
10435.69854  
10438.42113  
10437.96466  
10422.69815  
10397.96356  
10411.9834  
10431.94362  
10417.58145  
10430.12953  
10410.37221  
10448.84349  
10438.29701  
10470.81273  
10458.3949  
10394.61612  
10392.92992  
10413.47535  
10391.50591  
10413.51246  
10434.06536  
10389.88925  
10423.0243  
10402.12149  
10421.74556  
10436.41485  
10398.10661  
10398.4318  
10402.67336  
10422.63332  
10415.39804  
10424.44196  
10432.21529  
10418.40258  
10406.79615  
10446.27844  
10423.60038  
10373.84866  
10389.27855  
10435.76807  
10425.44234  
10416.00202  
10437.64774  
10427.45698  
10375.80083  
10422.45817  
10425.56952  
10424.1579  
10401.17594  
10439.01372  
10427.52035  
10432.56655  
10421.19066  
10417.02255  
10406.56624  
10410.86675  
10381.03976  
10421.30987  
10424.8847  
10426.43604  
10420.88353  
10405.19768  
10378.56982  
10416.81648  
10431.53764  
10450.75791  
10467.17294  
10451.32785  
10436.36037  
10442.10751  
10408.05678  
10383.72642  
10414.00067  
10441.44424  
10440.22563  
10381.88914  
10366.55748  
10391.27927  
10435.4229  
10441.5861  
10442.67485  
10395.20238  
10408.57645  
10389.47196  
10370.63235  
10400.88177  
10420.2427  
10437.52307  
10467.46184  
10435.23349  
10410.48082  
10432.19871  
10420.96856  
10405.82392  
10397.00939  
10401.45636  
10430.16464  
10425.90813  
10445.85503  
10425.69924  
10359.76132  
10398.01751  
10395.06399  
10396.94938  
10429.04471  
10428.33354  
10442.36505  
10457.19613  
10427.90723  
10418.01525  
10390.24261  
10395.69717  
10420.15402  
10452.43127  
10451.05738  
10415.84528  
10413.68057  
10465.2999  
10408.32066  
10391.19501  
10392.38146  
10405.61319  
10410.19073  
10420.62695  
10403.25505  
10421.99456  
10408.39925  
10428.20233  
10397.8105  
10412.95417  
10417.68631  
10396.88191  
10376.12037  
10416.71817  
10425.68685  
10378.15204  
10404.95052  
10406.32801  
10411.53276  
10413.08584  
10408.91076  
10402.07196  
10394.4458  
10385.9312  
10377.53653  
10409.47891  
10444.0599  
10451.86956  
10408.37016  
10425.33303  
10450.0998  
10439.728  
10468.71536  
10456.51097  
10418.69171  
10387.68069  
10382.65027  
10429.45494  
10404.54139  
10441.79162  
10453.11012  
10417.44134  
10427.12695  
10416.53369  
10416.06492  
10399.0532  
10428.00881  
10397.65011  
10409.87828  
10395.29478  
10395.42501  
10382.15927  
10379.56748  
10406.24572  
10372.48982  
10380.76853  
10423.90853  
10422.74456  
10420.32978  
10434.54392  
10436.35163  
10451.88463  
10413.9698  
10430.13286  
10415.50842  
10429.73375  
10447.52074  
10398.25556  
