10973.56583  
10968.41096  
11059.79545  
11068.99992  
10947.61379  
10773.28384  
10916.58114  
10932.68058  
10933.85935  
10989.53974  
10872.92374  
10867.03441  
10986.14612  
11153.31541  
11320.88334  
11244.87481  
11318.80138  
11200.6443  
11018.3138  
11126.26509  
11043.54755  
11037.9378  
11082.89133  
11000.33422  
10959.41623  
10887.7835  
10850.74645  
10885.01985  
10869.34483  
10940.35205  
11018.30594  
10902.46043  
10711.38744  
10780.33243  
10798.22873  
10869.32904  
11057.38232  
11083.42996  
10985.48701  
11030.67455  
10970.70423  
11125.87833  
11107.66852  
10901.72915  
10686.53989  
10739.21996  
10858.46281  
10957.17379  
11085.16164  
11155.71667  
11213.20009  
11143.40691  
11097.35137  
11311.97308  
11210.96317  
11285.03923  
11343.20053  
11127.30475  
11137.95735  
11017.45763  
10968.23353  
10950.18287  
10959.98669  
11043.36865  
11066.25049  
10797.66614  
10875.80658  
10911.58742  
11000.67746  
11026.32953  
11006.59581  
10987.73074  
11062.22684  
11104.91481  
10881.06363  
10751.54647  
10777.43623  
10716.1789  
10797.19172  
11078.13392  
10926.7565  
10841.076  
10861.75214  
10941.79492  
11011.97688  
11047.65572  
11078.84823  
11055.20417  
10982.48323  
10984.79656  
11023.35082  
10993.37574  
11061.8819  
11271.29046  
11143.03055  
11082.97656  
10925.9744  
10887.8846  
10848.09944  
10970.94457  
11083.17731  
11109.38644  
11000.28828  
11101.27834  
11108.70482  
11090.27131  
11143.44145  
11157.43073  
11046.71862  
10876.39774  
10916.16166  
10939.53157  
10924.22646  
11022.10551  
10988.15937  
10911.98881  
10840.45712  
10842.67415  
10904.80252  
11012.95376  
11169.69332  
11179.7099  
11019.73151  
10862.65827  
10784.90273  
10839.34286  
10895.58044  
10961.78628  
11010.85339  
10975.66164  
11073.76805  
11093.28265  
11097.63266  
11026.93049  
11013.86903  
10896.33861  
11019.13878  
11010.47697  
10869.96283  
10982.65113  
10918.14731  
11075.27424  
11138.23208  
11015.01219  
11058.41969  
11070.88317  
11023.46489  
10786.46981  
10696.61532  
10799.67226  
10886.88935  
11248.68546  
11226.45527  
11293.18096  
11014.70372  
10815.60097  
10685.65481  
10845.21673  
10870.21745  
11046.1247  
11159.00648  
11253.14368  
11194.42621  
11051.42635  
10955.08452  
10922.79963  
11019.52809  
11146.56895  
11208.07564  
10888.62553  
11000.89814  
10994.46223  
11107.97571  
10994.36587  
10873.23913  
10853.05808  
10896.18102  
11073.50057  
11157.8519  
10988.12252  
10926.42561  
10773.88496  
10913.73053  
11092.8212  
11134.25637  
11069.01889  
11124.3138  
11088.68506  
10960.403  
10936.66056  
10962.41542  
10954.84371  
10998.66969  
11005.27968  
10906.11073  
10863.61819  
10830.96457  
10878.54097  
11048.61318  
11204.57745  
11073.30668  
10906.21376  
10924.58371  
10765.91769  
10900.56093  
10903.86545  
10978.18247  
10988.38005  
11031.99945  
11111.91349  
11005.11114  
11031.72038  
10967.38789  
11026.89638  
10963.82509  
10995.36831  
11021.45425  
11008.36124  
10942.84912  
10992.89447  
11018.60214  
10955.29677  
11009.94845  
11034.6582  
11156.76669  
11143.15665  
11073.89307  
11096.68771  
10923.76673  
10916.50448  
11100.70236  
11074.71743  
11254.81216  
11013.46614  
10988.31675  
10889.95047  
10882.39869  
10930.85099  
10790.19482  
10953.48595  
10926.67489  
10901.83038  
10937.03212  
10969.50764  
11014.44714  
11016.85774  
10948.91052  
10997.12226  
10965.43623  
11110.47731  
11096.82783  
11019.26233  
11123.4496  
10987.43888  
10997.56029  
11045.65043  
11183.07182  
11138.74845  
11005.08706  
10834.40347  
10891.25864  
11030.9545  
11057.27142  
11081.21204  
10998.80068  
10937.47724  
10998.07957  
11095.70253  
11122.97864  
11016.77414  
10866.57386  
10825.8543  
10784.31447  
10720.78677  
10846.65118  
10953.5721  
11015.6019  
11033.43102  
11083.21444  
10911.37281  
10879.76053  
10925.50741  
10815.49227  
10882.61844  
10949.73378  
11070.33381  
11115.05335  
11038.39865  
10939.10623  
10888.10502  
10896.79874  
10910.62649  
11165.68141  
11217.35114  
11078.85337  
11058.05878  
10915.04543  
10805.15107  
10918.44109  
11013.79955  
10910.15568  
11004.02804  
11105.65273  
11019.47501  
10918.72798  
10886.59874  
10944.97714  
10948.44139  
11040.46635  
11133.21988  
11045.32936  
11108.80121  
11183.78685  
11146.49631  
11114.81053  
11050.80836  
11136.5791  
11169.62152  
11176.67309  
11091.25369  
10978.99737  
11087.61836  
11139.57165  
11237.63653  
11290.07401  
11185.78989  
11253.18119  
11104.59449  
11153.25444  
10937.74121  
10833.41559  
10807.89651  
10833.26853  
10951.16024  
11017.38808  
11005.45047  
10910.39186  
10751.36373  
10659.49968  
10849.33339  
10945.10023  
10883.95217  
10809.98582  
10761.71317  
10796.94088  
10943.24735  
11034.28976  
11066.12729  
11042.35048  
11066.27359  
11039.86373  
11041.73571  
11200.63026  
11290.38407  
11100.97932  
10972.98752  
10742.51357  
10733.28352  
10841.45601  
10950.82127  
10990.03475  
11072.20695  
11182.34468  
11034.82513  
11005.24002  
11096.97756  
11109.2193  
11024.72431  
11070.652  
11152.4987  
11166.40428  
11025.6298  
11014.92965  
10892.26376  
11035.85683  
10990.35729  
11120.14232  
11067.81655  
10942.55401  
10963.04681  
11013.03643  
11068.27078  
11053.96769  
11069.55261  
11055.5538  
10981.02356  
10901.40965  
10958.0515  
11082.98858  
10843.37929  
11581.81065  
11152.63279  
11145.77091  
11340.23168  
11147.74665  
10894.9868  
10817.01968  
10612.15553  
10526.14738  
10649.29401  
10867.20113  
10843.85398  
10959.33256  
11035.98847  
11026.4185  
11032.25505  
11043.25484  
11052.12655  
11064.11521  
11032.16417  
10934.14886  
11043.75091  
10963.33273  
10887.45818  
10959.46423  
11015.01838  
11053.47045  
10937.59885  
10944.19916  
10876.31176  
11002.25902  
11095.94499  
11183.847  
11146.38961  
11121.49361  
11093.81651  
11048.09403  
11000.2075  
11009.55046  
10967.91285  
11145.25473  
10798.06957  
10838.10381  
10758.99068  
10675.37496  
10755.13659  
10847.0087  
10984.68907  
11054.8039  
11046.20062  
10965.80492  
10984.17355  
11072.28475  
11184.18775  
11139.40126  
11179.76255  
11114.00603  
11015.73408  
10943.63767  
10854.98883  
11033.86596  
10969.85479  
11013.97331  
10979.04337  
10923.43695  
11077.22898  
11060.87203  
10942.73711  
10963.98726  
10717.26879  
10921.09993  
10825.19304  
10986.63644  
10995.43848  
10917.16965  
10984.19381  
10860.73586  
10977.3784  
11046.99669  
11070.94892  
11066.32367  
11118.90101  
11305.01981  
11149.01352  
11156.71695  
10966.92251  
10889.91009  
10899.92158  
11018.28978  
11009.37421  
10898.78284  
10887.93512  
10763.12816  
10837.94867  
11051.79142  
10937.46278  
10864.18325  
10857.82942  
10917.79354  
10942.94597  
10954.1091  
10869.96134  
10888.38908  
10866.41585  
10937.19192  
11118.95907  
11092.91884  
11222.0421  
11240.45181  
11225.69996  
11299.90115  
11172.7023  
11022.11366  
10995.91924  
10956.73773  
11083.19497  
11072.93635  
10996.68325  
10954.11245  
10900.8777  
10890.39024  
10790.64368  
10911.23913  
10994.38192  
11130.00087  
11144.71688  
11014.50497  
11066.50372  
10845.93179  
10868.55057  
10815.8232  
10913.12576  
11051.33061  
11189.26221  
11001.06821  
10948.44049  
10841.88867  
10691.30301  
10686.4013  
10783.12436  
10940.06309  
10955.13593  
10967.10411  
11000.03787  
11092.24529  
11124.75096  
11129.2535  
10986.77592  
10979.73147  
11116.53184  
11159.20079  
11155.1464  
11078.30106  
11043.44635  
11034.16674  
10922.70559  
10826.7573  
10823.82103  
10926.61727  
10962.48399  
11008.6743  
11094.9337  
11088.28864  
11086.93527  
11081.09876  
11150.94393  
11163.57222  
11161.46973  
11025.42984  
11027.66979  
11046.81747  
10858.77066  
11007.2534  
11047.5559  
10916.41903  
10991.48036  
11052.94374  
11107.24198  
11127.05734  
11108.64116  
11018.93519  
11026.04418  
11096.91954  
11132.86683  
11117.60035  
10940.50408  
10892.38252  
10924.19572  
10969.65037  
10990.49527  
10861.31012  
10782.47253  
10746.56133  
10695.99645  
10825.86593  
11003.96036  
11040.37402  
11032.44894  
11025.51724  
11132.2024  
10924.21531  
10952.2299  
11055.98091  
11180.09817  
11288.87585  
11132.1413  
10818.48438  
10790.17504  
10742.94264  
10946.4651  
10876.3138  
10924.16544  
10821.57779  
10719.51754  
10813.85366  
10905.57768  
11120.78388  
11194.26216  
11102.73104  
11006.60288  
10878.99132  
10861.51919  
10886.1596  
10879.45886  
10946.98537  
10938.83178  
11081.17279  
10951.37784  
10929.10146  
10972.07853  
10886.10524  
10984.98272  
10903.8616  
10993.19134  
10931.89786  
10869.91143  
10881.73055  
10793.25219  
10943.42854  
10987.8653  
11115.42568  
11084.70039  
11038.82507  
11049.89752  
11043.49384  
11062.12014  
11209.27446  
11182.89436  
11170.5387  
11128.2489  
11093.7238  
11130.24302  
11084.36371  
11101.07212  
11132.27955  
11092.24195  
11126.28927  
11069.35279  
10938.08933  
11012.97011  
11009.34659  
11076.90725  
11147.47599  
11065.95716  
11022.51671  
10988.70062  
10889.40905  
10902.08437  
10727.03339  
10755.20943  
10905.83887  
10983.3266  
10935.54832  
11020.67294  
10776.40415  
10813.17011  
10979.29641  
11176.03753  
11034.89708  
11036.58443  
10985.51866  
10762.47888  
10714.50597  
10741.60971  
10874.44676  
10972.42143  
11137.1087  
11111.19402  
11031.67635  
11082.07479  
11130.15024  
11157.20344  
11137.68449  
11175.0836  
11065.53465  
11003.11778  
11133.79622  
11139.58617  
11041.59479  
11031.05906  
10959.05384  
10976.06316  
10927.62016  
11098.2151  
11146.44941  
11141.39581  
11154.98096  
11113.5933  
10926.58749  
10893.27097  
10903.42221  
10988.56715  
11046.80131  
11076.24724  
11097.05076  
11057.14366  
11039.45308  
11018.96151  
10900.70037  
10970.6482  
10970.73883  
11004.82838  
10985.2893  
10883.95858  
10696.27002  
10873.86328  
10970.75427  
10936.57144  
11010.54057  
11085.30229  
10991.44342  
11127.22219  
11003.90326  
10985.99879  
11137.37583  
11175.3847  
10903.35617  
10827.17587  
10750.27013  
10503.03628  
10619.15455  
10854.47629  
10929.27522  
10910.29412  
10893.08084  
10869.3208  
10958.36549  
11042.67319  
10996.32082  
10905.52469  
10978.70251  
11065.46633  
11140.0797  
11050.12436  
11000.11056  
11060.81866  
11050.74605  
11135.92576  
11157.08299  
11226.48911  
11274.95217  
11318.74423  
10839.86379  
11202.23964  
11170.08328  
11384.5798  
11257.06377  
11140.32428  
11040.99968  
10949.74336  
10908.40158  
10959.22826  
10816.60496  
10797.42814  
10674.27323  
10729.16028  
10657.75987  
10737.21996  
10729.7579  
10744.90498  
10794.50529  
10717.63215  
10784.93446  
10873.80068  
11041.39895  
11121.44911  
11121.1298  
11237.5273  
11145.81271  
11026.55887  
11042.03212  
11118.2117  
11129.43028  
11195.83749  
11204.37489  
11280.8488  
11170.88269  
11162.08526  
11151.70434  
11237.19177  
11168.25161  
11044.42404  
10929.20799  
10817.93852  
10798.96244  
10947.66578  
10933.44646  
11074.89706  
11065.642  
11089.57725  
11078.22979  
10979.98907  
10902.58842  
10822.09757  
10811.13738  
10885.27497  
11019.05923  
10938.6468  
10957.17824  
10958.90368  
11016.72529  
11106.65115  
11125.6468  
11145.47593  
11043.25656  
10975.6543  
10995.03949  
11005.17544  
10993.37704  
11029.77125  
10996.46852  
10977.0083  
10910.48962  
11070.66154  
11018.00947  
10983.91578  
10979.02624  
11001.2518  
10977.76034  
10980.63005  
11034.8039  
11026.6385  
11020.56653  
11008.05876  
11053.22883  
10987.94359  
10896.29683  
10874.07352  
11061.60587  
10983.94886  
11017.56142  
11002.44922  
10789.94591  
10807.89294  
10859.91886  
10838.81469  
10889.02703  
11002.08485  
10994.73098  
10917.03477  
11028.63479  
11103.30346  
11064.60103  
11145.69117  
11195.59333  
11030.56244  
11128.70903  
11226.44419  
11306.53061  
11210.83193  
11292.58755  
10833.914  
11138.66353  
10933.33829  
10920.56036  
10961.03843  
10913.01562  
10823.58583  
10619.09279  
10766.08273  
10782.46484  
10833.93336  
10922.2393  
11004.46225  
10891.74938  
10925.04755  
10757.06452  
10840.55556  
10876.99081  
11159.77976  
11052.90048  
11013.20268  
11084.11303  
11046.50236  
11139.90578  
11205.70425  
11331.80399  
11388.3892  
11399.46232  
11322.58367  
11434.55991  
11393.57658  
11332.73675  
11379.44096  
11254.24803  
11161.43561  
11182.54581  
10898.80178  
10833.80271  
11101.42483  
11180.84456  
11053.67684  
10783.26688  
10727.45886  
10667.93752  
10593.44007  
10425.07827  
10445.11441  
10556.64111  
10639.20981  
10422.03204  
10383.53072  
10356.99093  
10418.1602  
10414.56588  
10325.36878  
10528.10734  
10698.55904  
10871.7082  
10974.36653  
11073.46828  
11111.05588  
10996.78758  
10985.40487  
11083.48278  
11120.12041  
11164.52153  
11244.32706  
11294.95412  
11248.72021  
11104.25166  
11142.88891  
11153.42209  
11229.14294  
11255.19994  
11256.98718  
11145.53857  
11188.26399  
11128.01875  
11259.51074  
11319.24393  
11387.84084  
11190.99947  
11200.02809  
11081.42744  
11193.68308  
11285.12328  
11331.01637  
11237.85154  
11088.16014  
10919.87642  
10984.80959  
11036.06655  
11222.30263  
11059.32432  
10849.40587  
10713.9433  
10678.87547  
10580.36252  
10503.76295  
10503.23002  
10741.9987  
10987.02811  
11040.43986  
10958.96758  
10951.94831  
10921.43782  
10994.20289  
11055.88521  
11036.38975  
11079.72718  
11124.44676  
10947.29683  
10946.59814  
10839.1115  
10852.46816  
10890.25338  
10892.88247  
10893.21143  
11003.63158  
10954.92669  
10906.4886  
11028.78172  
10987.19293  
11081.6049  
11179.18398  
11077.89735  
11231.59328  
11128.95011  
11170.95325  
11038.76386  
10984.28938  
11009.40604  
11107.04229  
10939.40338  
10809.45788  
10977.42674  
11112.90865  
11199.52777  
11261.38999  
11183.00709  
11191.17209  
11224.7334  
11139.58708  
10946.53792  
10836.89103  
10990.28581  
11039.2452  
11210.08432  
11193.6536  
11087.40778  
11084.38447  
10878.34086  
10866.53068  
10740.95066  
10826.07655  
10952.11632  
10924.74144  
10944.09732  
10950.25915  
11035.41999  
11039.88496  
11091.04403  
11144.8729  
10998.72465  
10883.71818  
10745.24578  
10824.73735  
10932.25435  
11002.46779  
11100.99843  
11153.78244  
11116.70151  
11094.49446  
11172.31218  
11056.50934  
11184.27042  
11193.3968  
11150.39969  
11168.84844  
11023.69446  
10659.27325  
10550.83029  
10935.21888  
11078.72051  
11011.00977  
10805.93676  
10663.43967  
10559.72389  
10594.79184  
10641.47264  
10723.42139  
11092.45576  
11186.18119  
11172.818  
11202.156  
11249.05078  
11252.02119  
11185.77405  
11211.33373  
11249.96208  
11176.02584  
11033.04518  
10840.40929  
10927.58488  
10903.38368  
10878.58738  
10827.06157  
10826.65608  
10721.98769  
10674.07016  
10805.90067  
10839.94794  
10870.53216  
10919.50282  
10999.15332  
10920.30528  
11024.74236  
11221.4555  
11249.9209  
11157.11419  
11041.35766  
10933.21045  
10856.39799  
10731.10988  
10746.33876  
10730.14262  
10809.09292  
10902.9976  
10918.72684  
10970.90512  
11030.88912  
11026.43729  
11068.47041  
11087.96845  
11059.77896  
11191.66948  
11197.25017  
11150.04547  
11233.72934  
11113.98539  
11028.8273  
11044.3933  
11041.63092  
10968.53594  
10837.0293  
10831.65846  
10788.1015  
10984.38317  
11042.91096  
11072.70075  
11033.78255  
11064.74121  
11080.78832  
11059.84182  
11103.91154  
11264.01055  
11071.08243  
11061.16712  
11081.68039  
10942.89712  
11008.50433  
11004.71145  
11030.28401  
10960.31953  
11120.5677  
10923.99896  
10990.59532  
10993.55199  
11078.2697  
11071.36959  
11075.95992  
11045.70627  
11029.89547  
10929.66572  
10937.32214  
10915.7351  
11023.24265  
11030.55377  
11126.61411  
11201.84606  
11226.87746  
11113.22051  
11005.46701  
11034.08322  
11091.65633  
11026.24849  
11210.74083  
11302.92081  
11242.47688  
11129.47068  
11019.02743  
11049.51163  
10502.35749  
11170.511  
11279.59851  
11235.80138  
11090.85691  
10955.43098  
11003.1482  
10955.63649  
10647.71932  
10373.53448  
10280.01361  
10422.04146  
10383.02838  
10408.79662  
10473.45678  
10621.21208  
10904.13525  
10803.19824  
11007.29685  
11008.41614  
11075.84952  
11073.75229  
11123.38498  
11098.38814  
11164.9136  
11227.85496  
11138.88833  
11097.88617  
10968.96372  
10971.72673  
10936.87472  
11050.14517  
11115.40801  
11084.0697  
11143.56715  
11144.70601  
11149.08738  
11101.53577  
11136.0725  
11086.37141  
11074.52085  
11072.50983  
11035.83335  
10984.73807  
11048.32046  
11008.55029  
10982.80579  
11044.00645  
11077.6906  
11083.61311  
11054.81836  
11052.76197  
11126.85364  
11049.27792  
10988.82411  
10889.73752  
10856.16196  
10843.29566  
10692.33585  
10869.75287  
10988.93451  
11064.71393  
10990.90801  
11006.44281  
10982.7714  
10961.31813  
10818.60383  
10819.01607  
10952.55558  
10991.8823  
10916.75898  
10888.80556  
10873.22155  
10929.17137  
10897.05042  
10943.1871  
11104.73953  
11053.75546  
11050.28756  
10916.46673  
10760.01323  
10792.32311  
10832.46633  
10997.73227  
11132.27915  
11120.01488  
11248.17816  
11223.65844  
11052.02299  
11052.81231  
11131.56927  
11346.24476  
11320.21015  
11263.65039  
11226.64769  
11050.74263  
10842.20393  
10793.83579  
10333.25384  
10917.76197  
11095.18979  
10989.83706  
11075.92937  
10881.58452  
10621.58876  
10643.09672  
10529.9462  
10697.47601  
10852.76036  
11104.10466  
11175.57713  
11254.68555  
11178.51996  
11351.50314  
11156.89508  
11175.63676  
11075.27246  
10923.06439  
11062.24323  
11100.01431  
11074.11776  
11250.65434  
11292.46191  
11104.93402  
11219.24896  
11164.81123  
11032.92538  
10892.52138  
10866.34424  
10673.08048  
10776.69996  
10837.201  
10765.30488  
10837.24176  
10774.95858  
10807.18731  
10684.45387  
10822.04388  
10974.19398  
11097.65338  
11135.61175  
11050.61313  
11003.90385  
11087.52673  
11086.89173  
11084.26855  
11171.3692  
11065.32146  
10894.82246  
10896.29195  
10819.58354  
10841.66767  
10832.50157  
11093.73805  
10933.10502  
10976.41016  
11118.81363  
11275.93947  
11137.81471  
11088.58944  
11035.29161  
10934.6391  
10942.28991  
11120.95264  
11142.2076  
11114.7594  
10978.16224  
10967.65782  
10828.12547  
10848.89479  
11016.40659  
10950.40264  
11030.23206  
11166.47748  
11200.72856  
11119.40086  
11013.81271  
10852.11112  
11131.24221  
10823.59838  
10910.63899  
11066.21213  
11209.13693  
11279.14793  
11043.08587  
10832.6199  
10791.30997  
10819.8829  
10830.20646  
11013.95559  
11018.85645  
10981.55129  
11017.68599  
10867.53278  
10842.61729  
11047.90264  
11185.38213  
11189.61016  
11032.31316  
11059.00998  
10931.58373  
11020.58392  
11158.38761  
11225.73115  
11162.54322  
10993.23539  
10938.96253  
10870.43782  
10947.66219  
10943.91803  
11103.45383  
10771.31229  
11515.68612  
11326.27006  
11199.74796  
11251.8031  
11145.56163  
11152.73134  
11280.73779  
11298.95215  
11070.32205  
10859.54592  
10623.54133  
10574.20484  
10476.06369  
10457.37063  
10726.88245  
10778.02331  
10884.42903  
11001.69408  
11036.70461  
11013.44811  
11159.2227  
11113.89188  
11058.61148  
10145.11439  
11388.07445  
11262.46898  
11240.90065  
11123.65952  
11034.98856  
11065.33522  
10932.49391  
10938.53845  
11035.63266  
11182.33711  
11176.4834  
11078.65822  
11111.09848  
11079.18483  
10948.61243  
10835.78662  
11109.53027  
11168.65115  
11192.4344  
11161.52204  
11213.67304  
11139.31675  
11141.80322  
11260.79641  
11246.64186  
11209.78533  
11132.32452  
11091.98556  
11027.20743  
10987.28511  
11085.8339  
11039.84628  
11109.50694  
11117.16495  
11166.25996  
11017.52874  
10616.17336  
10497.40489  
10241.16098  
10556.16695  
10751.51807  
10714.53397  
10758.23824  
10887.48187  
10789.61485  
10786.19361  
10759.01552  
10857.08084  
10989.05042  
10995.78671  
10987.10772  
10975.96177  
10887.89572  
10893.4554  
10968.21518  
11059.9948  
11091.06689  
11184.60976  
11076.35863  
10915.72234  
10885.91018  
11024.38077  
11118.87818  
11184.70355  
11215.26363  
11178.43657  
11098.40145  
10930.152  
11039.40757  
11006.75127  
10910.01805  
10976.14691  
10738.17353  
10676.37704  
10874.27233  
11058.46671  
11160.02925  
11032.77087  
10957.06764  
10925.63039  
11032.88948  
11122.66517  
11251.69637  
11164.6592  
11028.32469  
11077.68742  
11024.61836  
11129.49204  
11051.71811  
10923.10436  
10864.68245  
10820.56993  
10720.11199  
10869.66608  
10757.54645  
10723.78233  
10836.15067  
11017.55004  
11105.85237  
11048.23949  
11075.29318  
10924.7714  
10938.88538  
10814.29469  
10967.31363  
10954.07936  
11031.71242  
10977.45788  
10865.2483  
10863.54611  
11030.73919  
10992.2831  
11102.55961  
11133.68729  
11237.34171  
11047.43391  
11014.19425  
11039.30492  
10943.00355  
11149.28346  
11063.25868  
11106.23563  
10876.0607  
10902.11405  
10831.18234  
10998.73359  
11171.546  
11209.03384  
11129.81399  
11056.16642  
10941.81473  
10927.70794  
10974.73673  
11019.23183  
10988.10207  
11116.89268  
11030.57186  
10942.99505  
10993.4216  
10967.29169  
10909.4326  
11053.38409  
10928.47983  
10936.02023  
11000.32294  
11042.33328  
11115.80632  
10908.93926  
10922.26486  
10853.38383  
10813.47433  
10935.6112  
11048.71561  
11065.77756  
10949.1612  
10917.00798  
10954.66937  
10807.71582  
10975.89086  
11135.03473  
11012.24533  
10810.02373  
10841.50495  
10701.0542  
10782.24495  
10934.66498  
11082.80025  
11012.66612  
11012.29586  
10951.2459  
10889.0712  
11015.80881  
10829.75671  
11209.23561  
11175.5415  
11209.43973  
11173.29048  
11093.09101  
11040.10568  
10804.58685  
10679.68378  
10800.2078  
10867.68733  
10881.37683  
11149.67986  
10992.16999  
10475.23499  
10960.26526  
10897.03412  
10904.82169  
11064.35318  
11041.66228  
11038.25335  
11005.89328  
11041.88685  
11104.92863  
11095.3895  
11178.21537  
11062.58677  
10989.14196  
11012.22688  
11017.84524  
11079.97913  
11079.65578  
11113.41226  
10827.62432  
10979.46896  
11073.15313  
11208.8916  
11196.25979  
11026.21928  
10960.50333  
10831.51233  
10909.27435  
10946.86324  
10994.52465  
10978.90969  
11024.79961  
11095.62479  
11116.19228  
11064.02573  
11017.75994  
11024.71646  
10975.81462  
11061.30579  
11110.22469  
11094.03762  
11149.92597  
11254.73361  
11190.16345  
10999.10211  
10812.62746  
10826.76643  
10908.49017  
10949.56743  
10869.37944  
10877.94648  
10968.05921  
10957.57097  
10982.23223  
11016.07258  
11098.14105  
11168.68686  
10997.43285  
10903.63184  
10896.05511  
10938.32167  
11130.80494  
11131.14867  
11098.7717  
10975.72924  
10890.12683  
10795.64687  
11016.10965  
11068.33398  
11163.93478  
11093.4358  
11181.37078  
11067.01641  
11058.38145  
11104.17954  
11090.72457  
11012.03518  
10999.71703  
11068.63844  
11069.65561  
10863.83171  
10844.80307  
10704.64963  
10685.70323  
10769.07382  
10798.53904  
10858.57511  
10887.32999  
10896.94308  
11004.50117  
11071.39281  
11119.5014  
11152.02626  
11023.20385  
11005.40814  
10915.81392  
10944.22945  
10961.287  
11157.6716  
11297.79792  
11227.83715  
11144.52284  
11114.41703  
11041.75938  
11002.66205  
10834.82042  
11309.36848  
11336.09776  
11205.24123  
11083.38767  
10885.85672  
10904.85012  
10765.89935  
10759.36092  
10651.43986  
10791.27454  
10691.26087  
10714.02344  
9962.54178  
10754.43221  
11172.02074  
11290.62655  
11137.89209  
11043.91347  
10852.11997  
10840.67251  
10883.95801  
10952.54169  
11106.82643  
11092.26231  
10961.46586  
10906.29947  
10868.41205  
10969.17103  
11112.18436  
11273.08299  
11500.59063  
11401.46217  
11226.79263  
11240.35464  
10990.03743  
10778.02308  
10525.92669  
10697.90215  
10950.7718  
11308.10657  
11210.73847  
11078.47264  
10948.87976  
10831.62271  
10838.82176  
10911.45132  
11065.99522  
11279.88269  
11339.40512  
11323.35099  
11245.40464  
11146.70368  
11070.86986  
11103.03142  
11151.2023  
11196.94495  
11163.11918  
11040.41774  
10916.48546  
10857.09277  
10886.42285  
11014.75214  
11119.06509  
11008.59772  
10806.27577  
10663.38241  
10595.37334  
10550.6633  
10573.87226  
10662.29378  
10768.18168  
10958.03753  
11087.28709  
11086.58768  
10962.33299  
10883.11668  
10753.28263  
10753.31517  
10765.03864  
10933.85439  
11087.91576  
11115.85073  
11056.58229  
11092.65279  
11071.76611  
11110.69209  
11197.32812  
11071.48423  
11087.20642  
10969.46992  
11173.29947  
11204.20739  
11131.85114  
11056.42289  
10981.46336  
10793.36001  
10732.82445  
10700.17672  
10795.56161  
11041.58337  
11180.93863  
11243.615  
11242.69567  
11141.56855  
10983.93746  
10703.7904  
11172.86855  
11316.87581  
11281.95162  
11188.15769  
10967.80172  
10874.16285  
10882.7275  
10940.08331  
10706.44302  
10883.21051  
11080.97244  
11100.08188  
11025.031  
10820.11462  
10783.51427  
10859.38457  
10788.29057  
10919.21155  
11053.50316  
11010.44425  
11066.89043  
11041.25425  
10999.33449  
11052.74352  
10968.03643  
10936.50577  
10867.53378  
10999.02535  
11095.93245  
11159.4699  
11012.75493  
10963.77325  
11048.73138  
11016.45482  
11204.77709  
10862.23629  
11149.37052  
11327.26142  
11298.02492  
11394.80337  
11205.89812  
11139.87723  
11015.84343  
11065.09836  
10916.36893  
10903.76792  
10829.02964  
10825.96474  
10630.13714  
10486.32248  
10531.98066  
10553.66071  
10832.07558  
11042.05133  
11101.28806  
11104.13317  
11100.33902  
10920.49546  
10902.66644  
10892.38419  
11003.06129  
11094.4244  
11154.25928  
11151.40132  
11164.06135  
11221.45559  
11125.83358  
11106.75529  
11091.70835  
11087.31312  
11011.86774  
10929.64659  
10743.74367  
10835.04575  
10785.41803  
11007.42279  
11195.8176  
11141.93153  
11104.07938  
10921.33674  
10908.05358  
10984.37596  
11130.73871  
11228.95633  
11168.8294  
11042.41858  
10900.40502  
10986.57352  
10872.14322  
10867.72293  
10813.22769  
10876.04766  
10858.57449  
10959.92453  
11002.27047  
11018.28543  
10867.58169  
10866.43567  
10981.49558  
10931.59931  
11062.20429  
11167.54029  
11358.06842  
11225.52832  
11086.04654  
11120.24962  
11186.64479  
11039.74444  
10906.7762  
10753.71068  
10694.0407  
10685.76038  
10657.46391  
10846.64765  
10983.65158  
11071.01811  
11183.57216  
11180.44338  
11328.71051  
11180.88407  
11201.88704  
11080.92996  
11016.78522  
11448.86715  
10718.91319  
10941.11664  
11154.14249  
11513.17863  
10984.6664  
10794.90816  
10976.55915  
10947.76301  
10854.58084  
10692.20642  
10448.17731  
10352.46187  
10159.67047  
10279.37016  
10543.16071  
10940.70701  
11038.77306  
11090.74183  
11192.84515  
11113.72559  
11097.83271  
11090.92882  
11141.85982  
11350.34976  
11685.64515  
10614.07411  
11499.48905  
11292.53178  
11100.36141  
11169.51626  
11100.06422  
11054.93211  
11142.81108  
10899.85031  
11148.88846  
11013.15236  
10915.36993  
10851.50495  
10689.0638  
10748.57666  
10724.7275  
10766.01393  
10769.16699  
10766.95593  
10913.19291  
11002.11912  
10964.16627  
11180.7269  
11287.31303  
11157.61874  
11725.18718  
11613.63908  
11309.075  
11068.01762  
11037.51864  
10955.89383  
10921.86402  
10877.27726  
10971.15859  
10773.94417  
10797.49771  
10602.69189  
10962.81655  
10966.34719  
10763.81486  
10725.98673  
10639.01127  
10504.51499  
10592.13927  
10728.21102  
10801.14784  
10940.11619  
10997.81806  
11095.07004  
11044.27582  
11136.54632  
11022.80044  
11195.17164  
11263.63992  
11291.03136  
11171.93829  
11063.39012  
11075.50635  
11029.57424  
10998.59806  
10945.81193  
11016.68678  
11007.35171  
11168.09653  
11330.81396  
11294.04388  
11167.90682  
11172.40304  
11320.31218  
11854.30953  
11599.44697  
10949.42776  
10887.02686  
10969.17156  
10883.99586  
10996.82511  
10988.03165  
11043.20983  
11061.441  
11139.36521  
11211.52484  
11310.48972  
11458.18597  
10780.26138  
11089.93913  
11072.6681  
11082.86292  
10688.64682  
10708.26883  
10643.4105  
10734.58095  
10887.78668  
11109.67805  
11253.04178  
11305.4717  
11076.6996  
10953.88888  
10687.01053  
10874.56791  
11156.6574  
11299.50977  
11213.03685  
11164.2962  
10969.8387  
10878.77323  
10955.45223  
10805.36417  
10403.86553  
10436.9506  
10412.26777  
10537.73953  
10518.90037  
10558.41786  
10673.26639  
10657.5612  
10702.8953  
10649.02095  
10885.72098  
10972.3912  
11101.53155  
11246.8236  
11296.58358  
11060.82859  
10871.05547  
10844.25709  
11019.72285  
11117.08702  
11099.94582  
11226.67298  
11166.24834  
11126.30169  
11094.71321  
11073.18614  
11206.35003  
11453.70287  
11352.05902  
11239.21879  
11069.09305  
11091.65493  
11198.23457  
11232.18506  
11277.78957  
11127.48153  
11003.99231  
10845.34171  
10721.64122  
10622.38617  
10599.94105  
10771.21973  
10968.93338  
10957.07112  
11119.92939  
11113.06917  
11159.06348  
10953.20864  
10792.18644  
10892.03862  
10919.66599  
10968.24938  
10944.04847  
11038.61109  
10843.78301  
10934.14927  
10952.91323  
11144.17589  
11177.1368  
11236.84836  
11135.5539  
11022.85712  
10915.60645  
10892.71629  
10905.13171  
10959.94805  
11135.6381  
11131.61233  
11109.86721  
11086.02516  
10947.89515  
10747.54768  
10711.05498  
10861.18402  
11084.12748  
11336.26711  
11233.46329  
11267.64341  
11187.2724  
11071.31626  
10895.06384  
10931.97442  
10893.01688  
10790.74718  
10670.22353  
10681.22603  
10701.9465  
10692.33375  
10856.77507  
10917.62634  
10975.58859  
11042.31836  
11031.11831  
10992.73754  
10967.66636  
10784.08335  
10823.25539  
10822.24783  
10773.95971  
10899.99807  
11017.75713  
10970.58615  
11072.87101  
11222.1889  
11275.3149  
11367.38818  
11310.21317  
11222.63296  
11202.57373  
11243.52949  
11278.68629  
11155.77934  
11121.03558  
11204.89873  
11258.05481  
11141.36146  
11175.52414  
11124.02601  
11067.16243  
11081.74921  
11027.19022  
10990.88256  
11093.9461  
10970.68264  
11028.97941  
10990.8464  
11091.00658  
10838.55658  
10863.16903  
11422.90077  
10609.68986  
10789.76187  
11080.28036  
11157.1081  
11014.99168  
11059.98053  
10842.33948  
10455.51206  
10112.12058  
9946.944293  
10450.09023  
9567.222911  
11094.16118  
10938.18466  
10733.69478  
10753.69111  
10664.644  
10846.95434  
10743.80061  
10816.4043  
10949.72525  
10900.50212  
11120.48446  
11257.567  
11281.58558  
11182.18971  
11182.26  
11306.52847  
11372.31902  
11422.96293  
11417.47325  
11372.03187  
11223.02688  
11240.7241  
11277.76083  
11464.7673  
11375.52639  
11009.98796  
10858.97881  
10845.57953  
10845.55418  
10878.63871  
11001.32607  
11008.56798  
11071.0397  
11012.93967  
11001.55685  
10880.60426  
11033.00089  
11189.67948  
11226.87511  
11365.62487  
11206.30467  
11018.09141  
10791.60016  
10783.29766  
10668.95041  
10986.91086  
11103.38948  
11099.22491  
10894.27972  
10831.17071  
10863.75715  
10938.46669  
10966.98792  
10944.08384  
10954.35717  
11072.39878  
10909.57101  
10859.59963  
11136.56617  
11193.90716  
11060.82762  
11006.29658  
10924.84108  
10800.374  
10876.33711  
11067.02962  
11038.9606  
11041.14763  
11058.26565  
11066.48361  
11090.5014  
11138.04694  
11239.91933  
11771.89062  
10806.42198  
11189.84925  
11195.1247  
11107.89608  
10983.30433  
10975.34424  
10886.42374  
10839.08473  
10799.28337  
10955.252  
11020.49469  
10889.75543  
11003.06452  
10899.48985  
11006.03195  
10859.15971  
10809.76312  
10946.97062  
11204.59562  
11584.22635  
11227.07388  
11198.10698  
11243.69705  
11053.90771  
10767.45062  
10882.29386  
10676.89243  
10877.75159  
10828.58122  
10937.38553  
10908.71119  
10811.11946  
10724.8571  
10548.97172  
10484.73009  
10791.87377  
10848.02756  
10989.65538  
10874.17132  
11049.62553  
11105.69954  
11131.1979  
11127.83592  
11131.83598  
11160.97455  
11257.74149  
11290.49945  
11294.52373  
11045.29422  
11059.26021  
11002.99741  
11013.97525  
11025.26639  
10944.65846  
10886.79872  
10885.47172  
10862.95279  
10926.42943  
11044.26076  
11440.50853  
11029.08611  
11100.77834  
11065.42877  
11188.29997  
11047.35373  
10976.21765  
10808.78214  
10727.53106  
10723.02626  
10870.9868  
10895.14026  
10869.53961  
10929.81522  
10784.84199  
10895.11037  
10938.1554  
11044.98637  
10950.09422  
10861.2573  
10714.88587  
10645.9078  
10864.54898  
10926.9299  
11033.25246  
10991.22385  
10874.56116  
10999.72452  
10943.06919  
11012.21425  
11068.95319  
11103.71729  
11028.54728  
11051.06171  
10988.36056  
11041.34458  
11245.32664  
11301.89472  
11246.90691  
11190.63598  
11118.37916  
11130.84065  
11183.00102  
10998.69071  
10911.22947  
10870.58887  
10866.91599  
10830.97533  
11034.91967  
11089.68739  
11084.11865  
10997.42886  
10856.38576  
10967.33118  
11063.76601  
11225.5201  
11101.57641  
11057.91988  
10780.71805  
10796.70183  
10768.88995  
10963.759  
11091.98395  
11020.82328  
10991.31016  
10774.02908  
10882.99142  
10771.54414  
11086.38553  
11022.45682  
11011.96431  
10988.37298  
10882.44722  
10896.02911  
10821.82369  
10962.50062  
10976.71608  
11062.94603  
11223.99563  
11102.25117  
11119.21988  
10992.67277  
