9962.687729  
9932.576488  
9912.86641  
9936.691112  
9942.308714  
9916.235965  
9936.011948  
9946.292663  
9980.291438  
9934.017941  
9928.604536  
9923.619157  
10005.52851  
9997.289905  
10011.23247  
9950.83582  
9930.664894  
9945.614675  
9953.322541  
9971.771152  
9938.956442  
9980.409731  
9941.878497  
9934.999512  
9960.599738  
9900.73336  
9888.827405  
9952.176635  
9954.956368  
9953.045402  
9932.236396  
9958.433155  
9924.02182  
9915.541365  
9917.591767  
9938.097784  
9919.738516  
9955.492823  
9923.851642  
9882.387248  
9904.009504  
9928.916618  
9909.352823  
9900.988118  
9916.773511  
9893.203196  
9937.539142  
9953.0675  
9936.475174  
9956.816357  
9984.846554  
9965.800759  
9948.052964  
9970.942827  
9983.480935  
9990.833384  
10003.68969  
9926.116997  
9943.845534  
9964.637589  
9951.906373  
9944.839315  
9940.612981  
9908.752169  
9932.632502  
9914.356574  
9885.266367  
9944.08118  
9987.298032  
9932.767646  
9923.210883  
9977.435721  
9929.715692  
9907.336134  
9902.333207  
9937.626549  
9955.334557  
9906.682211  
10004.80847  
9950.625857  
9953.709718  
9984.87183  
9956.358227  
9987.251929  
9972.391724  
9978.89437  
9984.681425  
9965.559502  
9938.758857  
9954.142191  
9929.352359  
9925.821641  
9948.923956  
10011.68692  
9932.892084  
9935.808695  
9909.954047  
9917.115731  
9913.469266  
9963.820092  
9955.117719  
9954.899711  
9939.131536  
9951.806024  
9928.4313  
9943.610949  
9966.27305  
9947.021438  
9960.779182  
9999.082558  
9934.890142  
9889.600089  
9931.163195  
9915.087844  
9918.712239  
9898.175375  
9956.021413  
9915.113895  
9963.724451  
9941.314388  
9997.901782  
9959.962108  
9944.472659  
9933.093365  
9884.137818  
9942.69792  
9960.754108  
9964.232351  
9947.717397  
9945.201914  
9933.198013  
9963.662279  
9954.593862  
9958.621307  
9976.184639  
9944.152816  
9977.996015  
9948.470207  
9905.992831  
9943.668885  
9894.876086  
9972.931259  
9971.61842  
9963.611658  
9965.238063  
9940.959274  
9916.178408  
9947.660145  
9901.402393  
9930.194601  
9921.734048  
9931.127591  
9920.42014  
10000.79662  
9942.057601  
9932.150983  
9922.508773  
9889.202328  
9988.710501  
9982.664543  
9993.904491  
9998.866857  
9939.656236  
9937.774051  
9908.914112  
9943.835987  
9937.324655  
9991.539297  
9951.137916  
9932.123088  
9978.14951  
9984.54337  
9930.902087  
9906.07974  
9952.459203  
9955.028296  
9934.332852  
9931.391244  
9977.936264  
9963.883404  
9947.637982  
9954.879553  
9938.413252  
9986.233066  
9982.297598  
9919.994116  
9922.331524  
9897.354765  
9907.084274  
9948.421092  
9939.690994  
9965.148732  
9927.521132  
9915.836767  
9942.698259  
9905.7168  
9955.384288  
9943.509962  
9961.831559  
9969.945143  
9970.627968  
9946.382128  
9956.55463  
9930.634444  
9979.104735  
9972.212454  
9975.049895  
9916.8979  
9937.142248  
9945.814617  
9939.425154  
9935.928656  
9926.380434  
9899.751258  
9926.172265  
9969.163165  
9956.391683  
9948.344647  
9914.822757  
9949.72953  
9948.671646  
9926.590403  
9954.378726  
9942.303561  
10020.86541  
9985.972604  
9965.696057  
9950.486031  
9949.895993  
9963.852888  
9970.148672  
9933.319584  
9953.231942  
9845.020134  
9931.848164  
9958.346481  
9964.445937  
9924.180189  
9934.366353  
9957.941474  
9899.447593  
9925.584129  
9957.746645  
9955.382466  
9944.529166  
9933.654147  
9958.736121  
9975.597514  
9918.91053  
9979.800498  
9976.046553  
10006.15258  
9955.338698  
9915.177582  
9921.192819  
9944.719238  
9974.00652  
9957.493955  
9893.660481  
9923.365848  
9897.892848  
9944.005311  
9958.940441  
9941.414682  
9935.144848  
9943.924161  
9911.809123  
9939.497741  
9925.257564  
9949.471862  
9937.807685  
9943.104888  
9959.13724  
9937.836158  
9949.789278  
9957.52314  
9952.099067  
9917.487441  
9966.616645  
9971.33351  
9928.437124  
9987.50407  
9984.817967  
10000.45115  
9936.274054  
9931.942377  
9928.132594  
9942.723666  
9934.10872  
9889.420838  
9884.143105  
9949.483849  
9992.6065  
9965.618418  
9919.605752  
9913.034963  
9950.65215  
9915.235461  
9969.915061  
9952.945997  
9932.216238  
9949.649556  
9950.784848  
9927.341208  
9941.100859  
9921.563823  
9922.973207  
9960.697588  
9934.508213  
9932.781375  
9933.941712  
9929.549698  
9980.10908  
9953.704162  
9924.504324  
9970.296171  
9970.280096  
9970.534665  
9985.784272  
9987.310904  
9971.301008  
9967.12802  
9983.305972  
10001.0912  
9984.918967  
9975.249924  
10023.6545  
9949.993835  
9975.741956  
9979.434707  
9980.979391  
9934.6543  
9967.843668  
9921.427513  
9955.93885  
9907.718963  
9915.868041  
9891.414022  
9878.685599  
9949.929818  
9935.02859  
9961.305457  
9889.205026  
9884.924603  
9903.323147  
9894.036894  
9933.015928  
9933.385038  
9920.565034  
9911.725062  
9927.870082  
9981.59863  
9952.741296  
9960.000865  
9939.498505  
9937.278083  
9953.738559  
9937.674701  
10007.47553  
9930.813665  
9970.215065  
9982.242504  
9958.334554  
9943.173714  
9992.490005  
9933.338103  
9968.162906  
9918.157273  
9955.910017  
9988.246735  
9974.127128  
9984.838616  
10006.0178  
9969.418915  
9987.907974  
10005.70422  
9956.011514  
9947.424475  
9949.960081  
9917.612457  
9996.994585  
9999.558326  
9971.331401  
9940.606707  
9937.504763  
9920.127499  
9943.318362  
9965.008298  
9942.413195  
10006.36831  
9877.872343  
9632.410301  
10071.60584  
9997.472064  
9977.528833  
9900.985373  
9889.345313  
9883.059467  
9920.652196  
9892.076597  
9962.702222  
9914.752526  
9948.06181  
9957.306532  
9899.497968  
9940.377035  
9951.055369  
9929.679052  
9957.109072  
9924.382158  
9927.851587  
9949.564562  
9939.323638  
9955.107842  
9948.280383  
9953.440872  
9926.40284  
9962.049807  
9979.090013  
9886.956947  
9956.162587  
9959.28299  
9971.46755  
9964.762166  
9947.934813  
9936.811687  
9955.117498  
9957.956227  
9966.117076  
9971.356909  
9980.421889  
9947.131064  
9989.290489  
9953.773618  
9954.803708  
9926.129122  
9987.965722  
9946.283039  
9955.711328  
9932.318728  
9918.476849  
9904.247499  
9942.832331  
9975.519758  
9969.535623  
9945.803812  
9934.982708  
9892.60719  
9927.709214  
9906.018124  
9969.239121  
9950.786531  
9932.739411  
9924.77068  
9950.234034  
9938.519992  
9946.318946  
9941.10108  
9962.864102  
10120.89417  
9964.46546  
9990.662202  
9982.529256  
9929.4721  
9910.0601  
9937.424155  
9907.017663  
9976.520925  
9929.192072  
9940.471751  
9936.36958  
9923.804314  
9956.331311  
9907.346071  
9918.490682  
9901.740911  
9924.399853  
9953.545634  
9989.811608  
9946.99057  
9921.047112  
9953.751034  
9937.186483  
9949.430146  
9955.647371  
9920.865057  
9933.870695  
9954.62482  
9940.670345  
9943.356009  
9934.853671  
9911.512368  
9915.696019  
9914.04697  
9925.816447  
9921.845957  
9938.828095  
9930.109713  
9934.055503  
9971.866366  
9952.254228  
9939.66933  
9965.323755  
9930.294123  
9947.05601  
9951.30514  
9957.332108  
9934.1294  
9946.839732  
9968.551616  
9957.418932  
9978.939213  
9969.146228  
9940.509697  
9945.584031  
9932.429311  
9953.164933  
9909.865087  
9923.415451  
9939.652417  
9947.215247  
9935.367237  
9982.605943  
10006.58384  
9940.732389  
9965.796548  
9905.305359  
9935.450678  
9941.013947  
9971.516151  
9947.930754  
9926.09612  
9949.159911  
9949.381129  
9961.188065  
9936.788465  
9927.041417  
9897.440858  
9915.242324  
9974.887305  
9932.324827  
9971.439524  
9926.147188  
9932.800593  
9936.54951  
9965.952388  
9957.055468  
9960.024043  
9950.878884  
9942.859211  
9965.937383  
9997.880843  
9909.100059  
9936.864983  
9958.185222  
9944.416277  
9941.534652  
9935.801351  
9954.573073  
9920.95453  
9959.26547  
10130.87109  
9973.350485  
9987.934772  
9946.433517  
9958.770273  
9982.317399  
9965.043468  
9940.565342  
9926.171534  
9922.336308  
9937.54101  
9952.902352  
9924.350332  
9965.741252  
9904.879463  
9941.864378  
9933.389542  
9933.577664  
9965.463267  
9953.466153  
9936.422194  
9931.031927  
9910.48264  
9941.746154  
9939.197683  
9924.593556  
9932.709844  
9925.692582  
9947.689696  
9924.907284  
9940.822658  
9955.758661  
9940.799016  
9955.90278  
9898.114915  
9950.595073  
9943.798801  
9952.724631  
9943.994015  
9919.360848  
9993.959863  
9930.512663  
9902.570446  
9945.512507  
9936.236023  
9972.545159  
9952.481456  
9913.008347  
9893.727951  
9931.298133  
9903.025999  
9917.735905  
9870.931098  
9949.065517  
9915.604964  
9919.81011  
9870.803476  
9905.343273  
9913.169022  
9896.593439  
9930.255688  
9913.166313  
9886.442699  
9929.796381  
9953.059358  
9934.35246  
9882.457751  
9920.027747  
9936.992989  
9959.737076  
9977.360769  
9941.900789  
9938.428296  
9926.688185  
9938.458856  
9953.757758  
9958.681763  
9968.547838  
9939.861683  
9949.825528  
9945.044674  
9939.169147  
9919.286076  
9965.392884  
9901.383996  
9907.271239  
9940.48168  
9896.970938  
9925.064388  
9978.635287  
9931.872488  
9928.807885  
9943.20148  
9965.096871  
9968.923397  
9969.846276  
10004.04688  
9962.345621  
10014.41037  
9979.852635  
9979.85818  
9933.73764  
9930.852678  
9926.496721  
9959.871023  
9948.342945  
9928.894891  
9943.302909  
9953.549502  
9939.698084  
9883.51359  
9918.794567  
9985.198185  
9988.309568  
9979.799368  
9981.856088  
9957.851546  
9937.760557  
9942.495521  
9944.440828  
9968.555629  
9926.256159  
9943.491088  
9891.097416  
9940.783566  
9987.385903  
9950.789785  
9987.038855  
9894.402071  
9904.733909  
9916.681485  
9967.311763  
9940.401034  
9973.455886  
9949.271577  
9958.450272  
9935.190089  
9989.214857  
9946.781084  
10004.98487  
9944.570596  
9968.219015  
9957.571297  
9949.500922  
9955.242673  
9932.395819  
9934.354563  
9912.42924  
10001.99802  
9975.823392  
9986.346674  
9992.728925  
9984.964732  
9908.814568  
9971.686892  
9927.011443  
9985.169682  
9980.308059  
9955.710987  
9928.516105  
9856.600575  
9888.624064  
9923.653697  
9973.935637  
9966.06732  
9971.484814  
9963.782723  
9944.730766  
9930.831851  
9968.426842  
9965.871184  
9978.887493  
9945.797601  
9880.858917  
9944.063496  
9934.068089  
9903.766143  
9888.962367  
9893.637125  
9921.731631  
9928.801992  
9938.609931  
9912.094795  
9931.923078  
9963.451925  
10007.99957  
9949.224852  
9952.332326  
9962.56765  
9933.505055  
9989.072405  
9970.29212  
9977.57567  
9972.497954  
10026.5489  
9927.324328  
9927.066174  
9893.81462  
9917.946409  
9976.38691  
9947.392417  
9904.074723  
9918.102899  
9902.985062  
9950.791002  
9950.272106  
9951.935187  
9935.322593  
9945.459358  
9926.388595  
9928.683335  
9903.038277  
9894.322541  
9982.48581  
9975.062525  
9953.691158  
9990.043994  
9970.302325  
9977.530543  
9934.917303  
9979.325228  
9942.982564  
9958.359555  
9965.588166  
9969.235793  
9922.614743  
9957.209653  
9971.311543  
9978.763565  
9985.132071  
9909.837446  
9903.649668  
9951.112558  
9985.829328  
9955.153072  
9992.203095  
9959.791992  
9947.217312  
9913.522663  
9994.815918  
9938.780972  
9930.521105  
9944.094574  
9929.86093  
9908.342539  
9935.298667  
9949.294974  
9917.708815  
9932.332162  
9937.790402  
9981.648803  
9959.208594  
9929.834224  
9960.262002  
9942.438302  
9966.51003  
9953.679202  
9967.791226  
9975.68541  
9989.78373  
9941.427434  
9942.676875  
9997.464249  
9955.357392  
9924.765259  
9967.795519  
9933.784071  
9933.056114  
9948.880578  
9971.285568  
9942.988399  
9950.641921  
9898.592345  
9924.069085  
9910.456145  
9903.159226  
9923.127804  
9972.327822  
9942.620788  
9920.752581  
9933.612798  
9903.88449  
9914.018405  
9997.925579  
9943.773181  
9962.422546  
9929.604634  
9968.53349  
9940.123732  
9920.528639  
9957.441428  
9925.702569  
9925.881007  
9968.98138  
9978.266637  
9921.283844  
9923.903779  
9938.221669  
9932.613682  
9908.531523  
9904.870608  
9844.779597  
10002.37222  
9953.203883  
9896.564159  
9854.859659  
9983.662126  
9945.688007  
9842.436976  
9993.266171  
10016.51722  
9902.805457  
9932.847716  
9964.076322  
9911.962127  
9907.208264  
10077.45228  
9939.555667  
9935.136146  
9986.368693  
9955.144629  
9962.25943  
9950.610878  
9945.787123  
9933.95247  
9983.557849  
10001.04213  
9964.32926  
9972.317328  
9935.52511  
10009.92066  
9979.363748  
9969.876822  
9977.079323  
9908.872853  
9937.017712  
9907.841715  
9976.083125  
9983.221969  
9922.109173  
10004.54242  
9976.215856  
9935.061952  
9902.709274  
9915.701636  
9900.924854  
9915.871058  
9899.330782  
9915.895827  
9886.291889  
9890.580637  
9939.723704  
9909.609997  
9916.874296  
9883.007518  
9925.666114  
9900.725556  
9956.85426  
9913.147589  
9910.994817  
9928.167355  
9922.96857  
9942.781948  
9972.697372  
10028.38513  
9979.978458  
9948.362657  
9976.707822  
9942.590239  
9928.492438  
9960.944671  
9969.65787  
9967.008928  
9932.332593  
9997.241541  
9995.561916  
9984.729099  
9951.151891  
9990.154545  
10037.00353  
9985.268121  
9986.303665  
10001.90099  
9945.586248  
10003.22828  
10018.794  
9967.419131  
10001.15156  
9966.092083  
9944.364839  
9931.198602  
9917.794597  
10006.77724  
9932.78496  
9888.767123  
9858.170118  
9892.480646  
9866.037311  
9872.895483  
9939.536261  
9860.624274  
9953.016558  
9931.649272  
9944.067495  
9875.413438  
9903.750431  
9943.625606  
9910.175612  
9883.174232  
9937.773309  
9928.98869  
9887.40344  
9908.203079  
9915.581658  
9947.8157  
9984.987321  
9896.183283  
9942.206456  
9930.187418  
9957.673834  
9939.916676  
9944.076221  
10035.23038  
9962.768732  
9932.235698  
9985.204508  
9947.875518  
9978.286856  
10074.11109  
9876.268077  
9890.11527  
9938.254755  
9909.15257  
9943.801264  
9900.533342  
9906.86282  
9987.467558  
10086.85739  
9968.970823  
9953.40323  
10078.30305  
10020.51494  
9941.458057  
9969.203422  
10002.84387  
9941.145407  
9945.466778  
9971.772876  
9901.442478  
9933.678564  
9906.602665  
9895.415366  
9957.194161  
9942.043266  
9936.421815  
9971.931796  
9985.793015  
10007.70617  
10012.67705  
9958.832779  
9956.900955  
9978.944843  
9948.576417  
9930.021493  
9911.977695  
9916.892172  
9882.709274  
9906.108243  
9963.5073  
9963.939775  
9958.062776  
9931.609694  
9905.546089  
9942.108475  
9926.838234  
9893.75644  
9919.257883  
9932.837441  
9940.69034  
9915.077268  
9981.682328  
10014.87699  
9970.150961  
9934.757777  
9929.506904  
9886.337091  
9932.453954  
9902.193343  
9906.503052  
9953.109871  
9977.187688  
10003.47275  
9987.053956  
9940.059336  
9940.530306  
9891.694131  
9940.474492  
9906.771817  
9934.540907  
9934.477307  
9937.283882  
9911.773994  
9909.45286  
9946.019504  
9910.262373  
9954.745862  
9905.12925  
9947.59827  
9951.766689  
9907.599255  
9913.301815  
9976.937355  
9918.517813  
9918.50772  
9946.083668  
9959.334186  
9920.187301  
9936.834424  
10002.94767  
9948.700632  
9950.374935  
9947.925489  
9915.095861  
9947.805852  
9938.557715  
9994.812999  
9945.989915  
9884.005998  
9945.8985  
9965.880859  
9899.614956  
9923.631266  
9928.448883  
9953.09106  
9957.613505  
9971.351955  
9981.169027  
9969.090441  
9877.421616  
9957.083095  
9968.952432  
9984.868189  
9981.643266  
9977.501558  
9972.655271  
9947.913566  
9948.96303  
9970.574082  
9970.722449  
9947.902936  
9936.939456  
9887.284873  
9920.097056  
9987.719364  
9951.021981  
10010.02629  
9957.558834  
9935.62805  
9968.351031  
9919.125196  
9951.275306  
9967.347629  
9986.157966  
9949.30564  
9932.24198  
9942.297543  
9995.88476  
9933.074871  
9992.563646  
9977.30172  
9928.886915  
9937.965479  
9951.907396  
9950.826352  
9963.118947  
9963.422857  
9989.590989  
9957.452956  
9974.639918  
9989.381288  
9970.938149  
9934.752406  
9930.789785  
9915.507294  
9936.740635  
9966.673523  
9992.613854  
9981.51709  
9936.316644  
9921.242368  
9930.199863  
9936.761651  
10056.76607  
9898.974293  
9922.7166  
10002.70481  
9890.880936  
9942.908353  
9956.093892  
9907.084066  
9900.036768  
9885.251432  
9916.733748  
9968.622436  
9922.045367  
9927.188788  
9961.029207  
9907.335512  
9916.222902  
9900.823949  
9904.898961  
9921.052091  
9923.299728  
9899.561911  
9982.204977  
9952.481243  
9951.387684  
9937.233107  
9942.042573  
9976.979509  
9956.720548  
9944.839759  
9965.7934  
9916.11255  
9974.419693  
9958.515194  
9957.899019  
9896.972514  
9960.546564  
9930.033072  
9969.126901  
9948.912137  
9957.393634  
9970.367752  
9954.925356  
9969.744438  
9935.461104  
9927.313782  
9900.696016  
9948.979429  
9977.73201  
9942.736257  
9920.724148  
9910.241372  
9968.106069  
9906.741165  
9963.448095  
9898.776828  
9916.042071  
9909.698515  
9952.741634  
9912.032025  
9953.309977  
9963.800391  
9944.774807  
9906.188277  
9940.865859  
9894.874471  
9935.983273  
9937.07714  
9943.924464  
9934.312279  
9952.942743  
9954.765715  
9939.971511  
9934.444849  
9943.666763  
9891.998271  
9880.247976  
9938.637894  
10009.71919  
9941.012384  
9961.329614  
9962.655936  
9972.316985  
9967.413091  
10024.37684  
9981.661122  
9929.96408  
9895.910154  
9870.900254  
9928.738936  
9891.292254  
9915.186605  
9918.421728  
9914.705847  
9905.151255  
9892.075561  
9910.624078  
9895.785732  
9926.983497  
9989.07462  
9912.944497  
9933.360968  
9948.473145  
9905.682816  
9955.281575  
9923.938924  
10021.17915  
9966.386667  
9977.265922  
9976.490616  
10017.48157  
9895.376391  
9981.40981  
9937.82998  
9953.626585  
10005.88179  
9947.629326  
9981.362717  
10022.2659  
10000.68244  
10055.08067  
9975.737678  
9971.039267  
9942.494727  
9977.268481  
9957.383683  
9951.565288  
9951.27368  
9922.237932  
9941.385568  
9931.175132  
9897.676711  
9924.303206  
9899.012799  
9915.376806  
9882.399139  
9903.922762  
9940.978074  
9948.939456  
9915.061354  
9940.621718  
9953.140262  
9965.192339  
9928.808782  
9929.112048  
9929.50928  
10004.41064  
10007.80182  
9945.525429  
10011.56332  
9973.380985  
9933.220567  
9944.239045  
9921.049087  
9929.015172  
9937.174633  
10014.29644  
9949.875295  
9957.693198  
9928.018227  
9931.787292  
9924.237659  
9931.203982  
9915.284668  
9951.975698  
9923.782587  
9933.909482  
9943.910879  
9929.800484  
9912.751345  
9950.481756  
9958.760707  
9962.202127  
9937.675997  
9940.595329  
9945.994544  
9949.941335  
9951.862588  
9981.23234  
9942.788997  
9990.544518  
9983.383339  
9972.924663  
9989.978876  
9936.472874  
9912.800931  
9934.090223  
9912.293097  
9990.249154  
9974.100801  
9969.197159  
9935.589904  
9973.581603  
9910.851522  
9904.430416  
9961.996006  
9977.169049  
9926.770696  
9915.150467  
9963.310209  
9930.816766  
9992.572814  
9966.60273  
9972.418937  
9965.739752  
9955.157396  
9914.879034  
9944.999659  
9948.714617  
9956.591276  
9993.295688  
9991.398459  
9999.260709  
9985.006596  
9974.929524  
9973.04571  
9957.224825  
9934.572413  
9975.563681  
9990.748802  
9936.117621  
9871.888645  
9966.408146  
9892.202661  
9885.878213  
9895.01847  
9949.158921  
9925.316548  
9942.065569  
9918.725392  
9984.121678  
9952.735733  
9980.567541  
9935.234353  
9882.223109  
9670.800547  
10104.9499  
9992.684483  
9968.644078  
9998.629708  
9982.743532  
9983.225321  
9962.511173  
9922.661507  
9965.385649  
9987.446526  
10018.77563  
10011.59897  
9990.028462  
10015.41605  
10026.66228  
9971.618265  
9988.011206  
10017.84742  
9967.497509  
10000.72133  
9999.805318  
9986.997308  
9975.424387  
10012.54219  
9965.622117  
10022.30612  
9979.892139  
9929.534613  
9918.200632  
9905.336977  
9925.447091  
9851.582645  
9972.830034  
9942.371836  
9884.049286  
9695.890909  
10064.64921  
9938.215744  
9773.645284  
9941.956033  
9921.14395  
9897.497188  
9887.621307  
9902.315735  
9846.543359  
9896.803741  
9950.316873  
9936.406588  
9940.814164  
9952.70187  
9954.389106  
9918.108641  
9970.611396  
9906.106399  
9950.812634  
9978.422104  
9959.008835  
10025.93202  
9985.950951  
9980.086898  
9958.68082  
9975.417685  
9950.036717  
9947.017376  
9970.667276  
9945.001705  
9924.231683  
9933.2497  
9930.743854  
9924.52466  
9928.975286  
9947.990128  
9869.360444  
9902.474642  
9907.206014  
9945.297783  
9941.083242  
9925.926553  
9935.105742  
9951.946057  
9909.22671  
9969.118028  
9958.260344  
9948.067456  
9952.441603  
9946.28376  
9990.479648  
9914.531937  
9963.157658  
9966.206988  
9915.270524  
9935.858385  
9931.181163  
9919.062405  
9911.84794  
9910.399703  
9926.091819  
9891.166438  
9875.59489  
9872.36845  
9916.779212  
9909.65697  
9954.798056  
10056.59863  
9923.037366  
9952.172783  
9962.829846  
9927.827882  
9950.041357  
9964.438858  
9934.716821  
9972.292058  
9944.767251  
9933.988617  
9945.423165  
9917.195929  
9909.025704  
9963.471647  
10091.91436  
9946.881397  
9951.394804  
9914.482446  
9927.971587  
9873.98557  
9920.554756  
9907.829437  
9946.307794  
9919.896348  
9908.336974  
9933.243704  
9884.422352  
9893.534913  
9944.49946  
9974.127902  
9952.880205  
9986.976691  
9946.809679  
9962.742608  
9924.556594  
9906.599353  
9900.261732  
9873.840695  
9920.468106  
9906.564985  
9934.01682  
9925.152205  
9913.982918  
9927.657652  
9939.499124  
9910.02278  
9925.307445  
9961.349113  
9934.118341  
9901.876629  
9904.450449  
9874.845409  
9956.472716  
9939.833455  
9977.136765  
9997.650669  
9958.245881  
9910.545151  
9864.54879  
9884.085138  
9947.07869  
9915.238603  
9956.29709  
9910.557846  
9895.976571  
9921.842798  
9916.277944  
9943.604972  
9916.40419  
9926.769395  
9997.802647  
9948.508661  
9932.617556  
9933.043561  
9887.665784  
9902.566183  
9976.832713  
9963.306291  
10071.2339  
9963.767875  
10098.83835  
9946.832198  
9945.496544  
9960.413157  
9961.281095  
9945.937181  
9938.638323  
9941.465493  
9924.753732  
9889.531403  
9895.193452  
9963.309731  
9990.552912  
9922.064118  
9950.791095  
9918.059488  
9924.641482  
9967.125306  
9941.236557  
9953.819734  
9956.545844  
9952.894728  
9997.569699  
10000.23234  
10030.71754  
9987.980965  
9965.519297  
9950.007161  
9934.630783  
9940.480174  
9950.475455  
9964.572214  
9990.628339  
9941.745169  
9972.229146  
9979.338368  
9958.303225  
9916.981192  
9936.743966  
9968.779646  
9962.591314  
9960.120712  
9990.717438  
9975.276258  
9978.136495  
9935.921308  
9960.768102  
9919.145655  
9939.070842  
9970.073474  
9956.715798  
9916.339585  
9924.561845  
9906.867684  
9926.203313  
9918.225278  
9948.562928  
9957.220657  
9993.180781  
9924.757237  
9891.805211  
9929.976429  
9928.254686  
9967.799742  
9949.110431  
9953.684513  
9930.073144  
9933.954066  
9979.227858  
9972.838704  
9999.808195  
9988.070405  
9939.361066  
9936.216854  
9926.159362  
9972.524425  
9905.809467  
9971.016547  
9958.088892  
9965.201224  
9965.318411  
9912.470057  
9933.680667  
9933.60114  
9904.31325  
9937.688662  
9931.460032  
9989.113909  
9948.488712  
9933.479855  
9894.688992  
9982.804142  
9934.640857  
9934.563738  
9970.785085  
9911.44627  
9898.427412  
9948.980815  
9967.099789  
10002.82864  
9971.214645  
9974.460032  
9900.772717  
9930.128241  
9916.745196  
9922.76416  
9935.638437  
9926.96207  
9993.439328  
9946.701677  
9890.499528  
10002.98208  
9883.087667  
9907.620131  
9867.198242  
9924.168858  
9950.152505  
9928.795527  
9883.503587  
9882.958278  
9672.046796  
10169.62698  
9943.019136  
9989.89089  
10022.58197  
9953.621129  
9928.605002  
9958.3515  
9974.485234  
9932.696526  
9936.87075  
10004.18247  
9953.903399  
9896.676177  
9927.480461  
9924.601137  
9976.50679  
9938.918853  
10057.34008  
10087.92848  
9943.576019  
9951.674974  
9934.781496  
9908.434778  
9886.633088  
9992.071829  
9927.463144  
9991.571726  
9963.398285  
9938.787156  
9925.754395  
9894.245409  
9978.652349  
9949.666152  
9990.518039  
10003.83237  
9996.955782  
9973.139894  
9984.790653  
9923.642281  
9951.716429  
9942.982157  
9943.063381  
9950.047194  
9945.425195  
9887.305743  
9882.862818  
9911.387232  
9924.852405  
9928.257641  
9960.198089  
9911.152371  
9896.068005  
9916.575989  
9877.501478  
9874.025104  
9959.930877  
9983.362681  
9946.27826  
10020.57928  
9983.142881  
10010.28005  
9973.577408  
9975.600507  
9959.658015  
9943.227984  
9943.573218  
9915.00195  
9967.04328  
9963.715237  
9922.211669  
9951.297279  
9952.915879  
9949.448875  
9978.723281  
9937.73632  
9876.371277  
9953.15673  
9942.055176  
9967.193294  
9962.521607  
9922.912936  
9885.830228  
9892.924147  
9909.163266  
9881.432093  
9948.339077  
9958.359334  
9929.508849  
9997.107588  
9916.90484  
9918.065722  
9908.868625  
9985.924649  
9985.086936  
9980.496266  
9959.83926  
9944.449625  
9979.30304  
9959.188924  
9940.192083  
9922.986707  
9723.503055  
10045.56199  
9963.410972  
9944.864694  
9945.066022  
9936.613879  
9919.950261  
9834.734427  
9885.764258  
9924.895453  
9950.191027  
9903.370431  
9945.956518  
9917.955561  
9929.608  
9941.542388  
9935.181133  
9891.204724  
9963.859375  
9945.805918  
9950.478038  
9974.794398  
9973.397232  
9973.751339  
9914.370949  
9989.255993  
9963.098232  
10084.56769  
10061.83854  
10052.8003  
10013.7079  
10018.49252  
9996.007911  
9927.421539  
9970.409848  
9921.784894  
9957.972138  
9959.862048  
9961.547361  
9916.619981  
9836.805056  
9892.640876  
9913.18603  
9895.688272  
9930.293465  
9947.650011  
9953.728096  
9921.171422  
9958.263906  
9948.775691  
9985.095395  
9970.854828  
9976.101047  
10018.62474  
10018.50263  
10005.9728  
9962.215226  
10006.6519  
9980.043994  
9948.711535  
9964.013372  
9935.663416  
9920.628898  
9939.360963  
9903.17813  
9956.120349  
9953.0334  
9958.803684  
9994.344855  
9968.898765  
9927.148879  
9912.299862  
9895.28415  
9938.370144  
9943.074363  
9944.652671  
9937.428411  
9894.407101  
9919.848897  
9947.889269  
9919.19106  
9910.445686  
9970.179944  
9922.980657  
9957.40389  
9960.477695  
9947.727359  
9934.228944  
9944.281836  
9951.856213  
10011.62143  
9955.185784  
9918.426512  
9955.002605  
9912.540833  
9910.20812  
9892.339184  
9925.646408  
9936.950029  
9957.482095  
9947.020093  
9931.950697  
9910.213635  
9945.255505  
9917.618881  
9918.383159  
9940.121563  
9919.98779  
9976.889556  
9918.919581  
9943.292287  
9883.95794  
9978.195757  
9953.019378  
9935.072997  
9758.094047  
10173.41161  
10057.85213  
10069.22056  
10186.12315  
9927.259588  
9901.497354  
9988.410925  
9985.426032  
9935.057399  
9949.087151  
9907.354206  
9913.39494  
9919.857485  
9914.357054  
9931.677939  
9952.611604  
9917.85132  
9865.035841  
9926.352809  
9913.313537  
9881.218687  
9926.106942  
9905.720766  
9986.926441  
9964.804649  
9793.678891  
9997.894414  
9965.810307  
9957.478917  
9934.982438  
9998.266599  
9960.879692  
9944.015669  
9991.194606  
9947.177382  
9937.999326  
9905.479768  
9907.738557  
9894.947702  
9951.225373  
9958.257856  
9957.310045  
9942.812849  
9991.438078  
9971.67726  
9943.506964  
9948.50898  
9964.150852  
10056.46814  
9433.106617  
10224.34759  
10071.82148  
9941.412041  
9958.035972  
9934.378314  
9938.807691  
9916.369855  
9936.637976  
9940.081611  
9924.16517  
9945.657486  
9941.314865  
10026.25827  
9946.280077  
9972.687876  
9935.33351  
9890.227364  
9897.52751  
9929.84163  
9963.845068  
9939.545394  
9955.603055  
9967.474672  
9957.760071  
9914.90386  
9987.103603  
9893.752523  
9966.614776  
10025.75839  
10012.07649  
10024.66678  
9936.215916  
9946.327784  
9981.227209  
9946.03176  
9954.001713  
9988.973218  
9978.790009  
9985.018563  
10032.70743  
10121.26955  
10002.38561  
9971.129564  
9955.890251  
9941.355902  
9772.177222  
10124.52209  
10044.09108  
10001.79123  
10023.9581  
10033.50742  
10037.12172  
10012.53696  
9975.526711  
10003.39841  
9943.429434  
10026.42125  
9442.383827  
9710.051392  
9989.18502  
9890.594598  
9916.591445  
9888.833043  
9904.762513  
9844.627207  
9929.304188  
9952.524747  
9942.509837  
9950.581123  
9938.41547  
9936.477763  
9890.026924  
9853.958654  
9932.298735  
9962.022507  
10001.91042  
9968.397682  
9912.778487  
9991.383415  
9965.735469  
9980.982823  
9970.663001  
9941.301995  
9910.791897  
9934.057091  
9921.691065  
9913.06172  
9916.600741  
9919.568659  
9912.116178  
9879.64006  
9873.630578  
9761.966401  
10065.76112  
9969.030985  
9917.196213  
9912.005767  
9922.300912  
9863.350231  
9914.262578  
10003.80024  
9982.217337  
9986.52769  
9983.581246  
9934.469609  
9913.132873  
9976.559047  
9988.047541  
9956.064789  
9954.093254  
9961.298285  
9950.600207  
9958.56723  
9990.721892  
9962.378841  
9999.489383  
9943.212143  
9955.164543  
9876.17077  
9911.096601  
9873.53023  
9936.506359  
9923.112327  
9964.724691  
9962.003153  
9943.262461  
9970.406621  
9926.555348  
9907.573872  
9964.675953  
9923.89063  
9919.828771  
9947.355965  
9938.860485  
9935.797759  
9922.606947  
9910.037549  
9915.342228  
9967.237989  
9970.0038  
9951.181466  
9965.73459  
9959.802437  
9952.800885  
9936.755698  
9963.212318  
9967.404147  
9990.462858  
9957.082372  
9983.39287  
9960.723764  
9947.420394  
9974.261656  
9939.246266  
9929.764381  
9901.251416  
10081.75749  
9920.561998  
9937.769038  
9886.092754  
9886.188662  
9842.931842  
9889.076982  
9905.035544  
9896.443968  
9899.006135  
9904.12838  
9966.292385  
9920.355592  
9920.700416  
9912.575119  
9937.47058  
9941.032819  
9887.816998  
9918.492793  
9946.914041  
9896.146056  
9936.180882  
9949.645715  
9936.035415  
9907.02897  
9968.841881  
9964.045762  
9936.414864  
9976.379386  
9987.288964  
9982.135554  
9957.720725  
9917.412175  
9944.454088  
9969.735523  
9986.05741  
9938.084835  
9953.889774  
9943.63449  
9951.879002  
9941.002848  
9935.487209  
9939.221573  
9977.068466  
9964.747657  
9975.468927  
10024.37861  
9974.886781  
10053.18524  
10035.23168  
10024.57107  
9949.117739  
9920.435591  
9941.279537  
9876.734972  
9661.720239  
10061.0467  
9843.050839  
10131.84105  
9865.257223  
9868.553607  
9866.781684  
9782.838041  
9746.211611  
9851.020202  
9761.903506  
9831.165388  
9909.484536  
10067.5746  
10038.63121  
9967.908697  
10020.39516  
9943.785636  
9989.897573  
9986.704571  
9962.566507  
9932.270772  
9969.781048  
9976.27841  
9982.880658  
9948.02556  
9924.294335  
9976.319734  
9983.618661  
9972.540064  
9994.556551  
9907.594416  
9943.346661  
9905.868418  
9924.084437  
9873.148309  
10119.25541  
10090.08644  
10011.37203  
9939.103546  
9963.290369  
9959.560751  
9933.62356  
9999.810599  
9904.946701  
9944.421196  
9924.022466  
9950.320332  
9935.718346  
9971.115172  
10050.60945  
10011.58075  
9995.007818  
10005.45358  
9942.168877  
9929.843543  
9971.03433  
9923.374441  
9965.147466  
9962.303705  
9934.024796  
9935.056049  
9944.890292  
9929.621197  
9986.355671  
9957.596017  
9933.124272  
9977.191845  
9778.736503  
10076.01812  
9959.03191  
10005.97433  
9974.47893  
9917.867076  
9915.222727  
9875.997621  
9895.533981  
9925.189246  
9945.962059  
9945.813643  
9961.410132  
9955.657985  
9963.151018  
9925.379956  
9972.409633  
9949.872136  
9927.618974  
10037.09303  
9935.873666  
9947.035211  
9950.551463  
9927.782344  
9956.021231  
9871.860169  
9897.817416  
9897.975201  
9971.152827  
9931.711412  
9938.228041  
9890.531185  
9897.848456  
9903.073785  
9920.265952  
9934.985679  
9963.68816  
9937.154251  
10104.16188  
10019.88525  
10013.21005  
9978.986083  
9911.936867  
9912.008478  
9945.773435  
9922.465283  
9939.256214  
9956.923978  
9933.480946  
9951.241885  
9906.43262  
9923.912592  
9921.839418  
9934.705686  
9905.128511  
9923.265838  
9867.771424  
10085.28862  
9994.195683  
9975.473892  
9925.048544  
9959.2544  
9968.545102  
9929.648983  
9965.404731  
9943.082719  
9980.617602  
9917.08465  
9958.451049  
9953.947604  
9948.090496  
9931.108407  
9951.643061  
9971.887734  
9950.236743  
9955.658749  
9967.568834  
9998.886198  
9824.867711  
10053.56526  
9963.531198  
9994.12862  
10029.79634  
9967.075452  
9906.547852  
9857.917841  
9889.186474  
9918.48007  
9921.851132  
9923.280475  
9898.457727  
9905.903129  
9942.828139  
9897.225796  
9956.787628  
9935.005638  
9948.489386  
9856.016051  
9914.58435  
9938.914608  
9923.744588  
9945.634075  
9919.768031  
9875.841898  
9927.704052  
9910.012957  
9916.077956  
9964.433111  
9970.036766  
9953.716019  
9967.50314  
9917.321005  
9931.062443  
9940.659518  
9999.821895  
9978.480008  
9940.595924  
9904.449246  
9934.058766  
9991.507136  
9969.004239  
9935.253044  
9939.200168  
9917.540173  
10035.27808  
9969.584001  
9988.496492  
10027.19267  
9948.910012  
9941.248707  
9906.286266  
9940.65897  
9980.385488  
10005.26084  
9949.492313  
9928.424919  
9927.477187  
9907.639081  
9985.175307  
10011.32354  
9933.259875  
9961.107201  
9985.633243  
9977.207402  
9965.842653  
9953.29681  
9880.069434  
9970.053553  
9928.37117  
9908.888118  
9905.513047  
9856.78511  
9921.753322  
9932.183566  
9972.88179  
9968.119885  
9930.604989  
9920.874809  
9991.753893  
9984.106282  
