10135.61847  
10104.88649  
10087.45496  
10092.52611  
10063.5481  
10092.05109  
10113.5902  
10123.56364  
10099.1525  
10064.37831  
10128.67664  
10074.22906  
10145.83677  
10156.05433  
10158.05443  
10110.74539  
10180.35431  
10136.61874  
10173.05437  
10158.6094  
10135.14641  
10160.27944  
10117.86835  
10103.68895  
10122.53018  
10114.05329  
10102.05502  
10132.67908  
10117.67584  
10151.34784  
10103.13885  
10054.09098  
10044.45122  
10012.80074  
10064.48424  
10097.43292  
10055.99527  
10083.66728  
10126.1389  
10092.65916  
10103.1602  
10149.04602  
10053.19649  
10072.64645  
10114.80326  
10098.58699  
10147.74956  
10159.48203  
10127.20367  
10161.52577  
10119.8634  
10143.54031  
10152.15672  
10180.75481  
10170.04944  
10158.01659  
10149.57501  
10147.59966  
10153.8723  
10098.14899  
10127.80777  
10107.94191  
10095.20877  
10108.42039  
10119.34817  
10128.10478  
10119.7601  
10118.95185  
10133.74932  
10070.20733  
10115.47313  
10122.11986  
10123.25759  
10120.91845  
10102.89156  
10146.37633  
10082.48825  
10114.87749  
10048.99434  
10160.79845  
10079.75548  
10119.90962  
10090.5032  
10140.24442  
10104.23167  
10103.70663  
10091.82039  
10087.39355  
10099.7061  
10131.39438  
10144.29164  
10146.89891  
10147.38934  
10138.87025  
10102.95088  
10102.82867  
10109.8074  
10074.19235  
10147.5805  
10150.8583  
10104.0319  
10109.73935  
10090.43783  
10126.80089  
10115.04403  
10107.09069  
10167.01874  
10081.54227  
10087.53883  
10085.07657  
10083.71216  
10105.31998  
10108.46635  
10130.09141  
10118.25869  
10139.92236  
10111.0288  
10099.28449  
10101.42102  
10138.65765  
10160.0324  
10111.58507  
10144.85408  
10114.03513  
10125.9911  
10116.70128  
10116.78268  
10091.53802  
10101.05372  
10109.15756  
10115.95228  
10097.64344  
10130.85579  
10118.64682  
10118.17045  
10112.79798  
10066.87321  
10055.50724  
10108.16022  
10094.32078  
10089.1244  
10151.82109  
10115.68286  
10153.39179  
10123.74588  
10133.06006  
10096.55135  
10088.13654  
10086.95948  
10099.35792  
10038.76299  
10097.16327  
10138.12221  
10112.37422  
10058.51003  
10148.11596  
10125.71159  
10132.09857  
10152.54088  
10184.49913  
10156.28768  
10155.703  
10126.6316  
10110.3018  
10117.71571  
10115.98956  
10115.99467  
10146.5195  
10148.6233  
10072.78803  
10142.74415  
10115.61481  
10134.19406  
10103.26052  
10067.0962  
10058.95468  
10138.50273  
10090.61282  
10115.72486  
10113.99237  
10100.48062  
10101.7831  
10169.88104  
10098.46841  
10091.11922  
10135.7712  
10108.37693  
10106.33835  
10138.00689  
10049.80349  
10118.53138  
10112.02933  
10090.57574  
10095.75562  
10104.31352  
10113.29339  
10103.54057  
10140.81206  
10179.42334  
10096.92134  
10077.06168  
10080.53091  
10122.36497  
10102.53614  
10136.45611  
10127.49637  
10121.71438  
10128.83403  
10127.64585  
10117.28461  
10100.11857  
10132.23533  
10135.94582  
10113.34276  
10115.67048  
10086.85426  
10128.48713  
10132.61036  
10116.0087  
10091.43975  
10112.10335  
10101.66867  
10116.50059  
10175.28061  
10084.06891  
10118.52064  
10122.8805  
10109.26703  
10135.32613  
10117.45507  
10197.16384  
10010.55333  
10107.9088  
10124.04033  
10115.63576  
10104.46497  
10078.88479  
10101.842  
10092.31651  
10067.19337  
10113.63734  
10149.95193  
10146.38167  
10153.47364  
10081.95807  
10106.49507  
10078.46998  
10093.84  
10096.82304  
10157.62817  
10143.85305  
10129.1395  
10108.02737  
10161.96318  
10182.54065  
10180.96764  
10183.51892  
10112.90216  
10120.79842  
10143.9186  
10143.84327  
10163.37641  
10181.43135  
10048.15769  
10141.16693  
10114.16833  
10146.01448  
10127.39903  
10063.04154  
10061.09468  
10072.39213  
10100.69111  
10078.67479  
10092.34412  
10149.10923  
10104.22485  
10119.19997  
10137.15315  
10121.2416  
10114.9439  
10088.77006  
10071.04744  
10017.93063  
10102.09801  
10098.64927  
10080.74171  
10064.32862  
10081.60279  
10097.35473  
10090.61275  
10094.51616  
10168.6367  
10117.38124  
10075.99272  
10118.25302  
10073.37095  
10109.91398  
10071.39109  
10110.55119  
10111.08296  
10144.65035  
10118.63114  
10124.92793  
10117.629  
10123.46338  
10074.92113  
10116.42545  
10187.16782  
10114.6242  
10156.44606  
10189.89241  
10182.60387  
10134.64687  
10153.61396  
10191.32623  
10150.61532  
10141.57604  
10186.30303  
10174.99842  
10146.24685  
10177.98119  
10144.08408  
10149.72347  
10145.09384  
10049.7676  
10171.79408  
10103.36915  
10083.76802  
10039.49414  
10068.7799  
10025.12125  
10022.51375  
10052.33699  
10140.03566  
10096.60372  
10096.33343  
10086.1481  
10043.16221  
10071.34405  
10089.13095  
10087.3728  
10078.69293  
10089.91393  
10140.25437  
10125.7505  
10219.82745  
10138.19124  
10150.42175  
10133.10959  
10105.02346  
10162.85953  
10164.96814  
10190.10648  
10138.39304  
10118.15642  
10062.71517  
10050.44214  
10065.8329  
10076.7309  
10079.19206  
10128.11242  
10078.3305  
10144.77086  
10095.39581  
10139.32858  
10150.21389  
10176.18073  
10179.1535  
10182.95255  
10169.43039  
10115.66477  
10138.76917  
10121.01267  
10126.02397  
10126.11642  
10118.60815  
10108.75145  
10084.87416  
10119.86664  
10091.43592  
10110.63012  
10116.88108  
10115.07085  
10109.8458  
10136.21078  
10121.43667  
10144.12438  
10136.13379  
10185.01022  
10264.60434  
10116.62975  
10110.3521  
10188.86454  
10107.87393  
10092.91242  
10002.16737  
10047.52704  
10039.42439  
10080.66857  
10074.19439  
10139.1368  
10102.57737  
10072.15868  
10098.99271  
10122.20487  
10147.22904  
10071.6926  
10107.41234  
10088.04024  
10085.74464  
10057.25239  
10070.11383  
10080.26954  
10105.2702  
10124.42097  
10112.28024  
10101.51853  
10154.12795  
10158.97486  
10058.62651  
10156.06868  
10150.66421  
10138.9719  
10156.93111  
10146.6856  
10105.38586  
10132.8854  
10127.08529  
10110.50536  
10125.86776  
10096.26676  
10090.56381  
10070.69338  
10079.88154  
10063.4045  
10107.06554  
10113.02637  
10073.54484  
10096.80279  
10097.14915  
10077.43934  
10141.64739  
10143.45941  
10129.29059  
10051.41969  
10178.63777  
10123.08747  
10073.70453  
10087.58101  
10110.5918  
10116.71717  
10052.69782  
10072.5898  
10059.18149  
10070.43122  
10072.16354  
10056.24464  
10066.9109  
10082.89078  
10168.96571  
10184.4767  
10126.82396  
10162.00447  
10122.01319  
10141.2952  
10124.84  
10153.45641  
10162.74591  
10123.41202  
10143.17585  
10161.67787  
10162.95064  
10090.53552  
10094.48252  
10103.90553  
10109.17154  
10080.74309  
10156.05217  
10087.3578  
10071.09236  
10064.74828  
10097.42701  
10091.89167  
10130.10292  
10151.54969  
10104.63044  
10129.66269  
10132.60256  
10139.43121  
10124.77163  
10145.70097  
10091.34443  
10110.44013  
10122.20758  
10156.4715  
10148.05657  
10153.65166  
10164.62554  
10127.5337  
10113.70246  
10093.09398  
10108.141  
10103.99319  
10126.36456  
10103.85801  
10131.27136  
10111.00535  
10107.03519  
10072.64076  
10063.32124  
10071.14474  
10068.07148  
10130.10379  
10161.05786  
10164.08656  
10117.0862  
10100.98543  
10083.94425  
10114.08153  
10118.31277  
10107.47735  
10138.44757  
10117.2873  
10161.09872  
10073.92114  
10041.80127  
9999.729481  
10043.09822  
10085.89657  
10066.60061  
10132.18308  
10111.72221  
10111.90823  
10108.68701  
10146.58739  
10128.76462  
10160.7503  
10135.55438  
10119.18283  
10125.24056  
10140.21388  
10097.95286  
10085.43935  
10078.70213  
10084.85524  
10072.38111  
10062.14815  
10070.10945  
10091.84641  
10129.86535  
10092.22397  
10081.75983  
10047.0691  
10080.40884  
10117.27972  
10091.04753  
10071.30777  
10068.42977  
10084.77186  
10117.74078  
10109.57335  
10176.37564  
10181.7389  
10196.97156  
10166.38778  
10180.16901  
10133.87575  
10151.96047  
10140.39004  
10155.49009  
10150.29146  
10140.72617  
10139.49818  
10114.64885  
10089.40527  
10087.76364  
10146.57783  
10162.56949  
10130.61991  
10125.80458  
10103.44749  
10121.04525  
10113.34639  
10106.34913  
10113.87989  
10155.89293  
10165.41725  
10143.30291  
10131.32282  
10118.73859  
10091.48418  
10131.99174  
10181.4446  
10183.0561  
10185.5245  
10055.46928  
10047.51432  
10059.8508  
10069.57253  
10109.50428  
10105.09313  
10064.80726  
10097.75338  
10118.875  
10169.99608  
10160.48563  
10163.23308  
10104.19174  
10062.23209  
10062.79216  
10083.25192  
10090.9093  
10131.66941  
10106.87741  
10119.78275  
10124.25518  
10086.25786  
10073.31605  
10071.53417  
10100.8457  
10090.24235  
10119.75754  
10090.71517  
10107.73303  
10100.82146  
10091.45035  
10099.25871  
10077.75748  
10127.09646  
10132.67909  
10170.15803  
10153.61553  
10160.88954  
10180.98057  
10134.99306  
10173.95099  
10185.88161  
10141.37391  
10162.05273  
10122.34782  
10138.19601  
10165.10906  
10134.24579  
10115.30048  
10188.53307  
10110.95248  
10100.67594  
10131.03442  
10083.21608  
10100.33458  
10105.21487  
10140.32394  
10191.02032  
10135.71014  
10158.37497  
10121.10101  
10098.08428  
10124.37494  
10096.25892  
10121.93932  
10127.89125  
10136.10358  
10117.24163  
10036.17785  
10126.29638  
10092.91309  
10171.63815  
10160.72556  
10127.66322  
10109.58994  
10065.30932  
10047.64605  
10065.30423  
10094.12142  
10140.97399  
10104.08667  
10084.90607  
10066.4176  
10067.32066  
10114.20392  
10135.8453  
10111.64036  
10105.14826  
10124.74264  
10100.77157  
10102.84515  
10130.75138  
10131.77138  
10090.3683  
10083.31069  
10093.29314  
10092.74298  
10109.64412  
10140.78825  
10166.88747  
10126.4085  
10140.9826  
10112.09233  
10075.82665  
10055.65473  
10093.06816  
10103.26557  
10098.9345  
10101.96171  
10083.10512  
10066.35313  
10095.26665  
10087.18142  
10084.38331  
10098.06954  
10077.27784  
10101.81717  
10101.84144  
10045.85215  
10081.7787  
10121.22401  
10109.27772  
10122.6961  
10092.28589  
10072.37012  
10072.55053  
10172.42361  
10090.13028  
10129.19795  
10118.74552  
10123.68454  
10098.29929  
10076.23799  
10070.65521  
10061.5057  
10079.90934  
10095.42088  
10044.67758  
10113.9913  
10073.44769  
10104.84527  
10119.68803  
10129.88442  
10107.5903  
10100.63552  
10083.00707  
10166.8105  
10100.95427  
10114.20142  
10083.67857  
10085.57483  
10140.62358  
10124.92696  
10125.3319  
10132.84698  
10096.04598  
10138.69952  
10160.62519  
10064.45739  
10133.04271  
10138.66681  
10111.33262  
10100.14035  
10127.00097  
10122.14135  
10116.36229  
10151.65429  
10116.15232  
10120.04305  
10077.3068  
10095.14321  
10104.87911  
10162.60952  
10073.77306  
10129.07947  
10151.55533  
10134.73016  
10156.91154  
10188.22946  
10178.4811  
10133.60636  
10176.88899  
10105.16933  
10076.11205  
10129.75179  
10118.04082  
10137.3023  
10118.53469  
10157.67826  
10182.70522  
10139.49312  
10145.23757  
10134.08918  
10187.00732  
10124.96371  
10100.64808  
10094.98241  
10107.05155  
10085.34506  
10096.7134  
10087.46173  
10123.18616  
10155.81339  
10146.2594  
10120.93376  
10126.40583  
10167.70852  
10090.29304  
10067.06731  
10107.18464  
10130.43813  
10123.74349  
10080.67639  
10109.85658  
10135.63176  
10126.4498  
10142.46848  
10138.33746  
10081.56355  
10134.874  
10121.44973  
10119.80071  
10135.82848  
10093.05414  
10079.57615  
10091.31707  
10096.8426  
10133.43465  
10130.12351  
10098.67438  
10106.70509  
10124.39598  
10116.02059  
10105.30114  
10128.04538  
10109.47249  
10135.08416  
10076.71301  
10127.93109  
10103.18606  
10097.39662  
10106.41493  
10114.40463  
10128.80565  
10123.24725  
10128.52979  
10090.15601  
10092.37921  
10116.44138  
10098.35053  
10123.90502  
10092.81641  
10095.21169  
10114.91297  
10133.94713  
10103.66087  
10115.59559  
10099.76149  
10056.67124  
10107.51938  
10109.14266  
10136.38368  
10137.09302  
10107.63746  
10130.03107  
10167.22823  
10003.46458  
10141.04228  
10123.64516  
10091.22377  
10099.38549  
10071.32575  
10074.48895  
10088.11143  
10072.82822  
10108.70943  
10134.52123  
10106.01387  
10085.23372  
10077.50554  
10113.73483  
10115.17295  
10121.94589  
10148.48873  
10204.37389  
10177.38467  
10156.4167  
10147.6732  
10171.4504  
10168.27218  
10184.18172  
10179.08438  
10149.25173  
10111.97695  
10096.49467  
10161.02209  
10118.36032  
10127.22213  
10169.1522  
10139.76851  
10127.54764  
10128.80864  
10139.78404  
10052.25518  
10186.06592  
10269.76196  
10142.83964  
10004.19161  
10069.40055  
10065.21118  
10069.63144  
10064.3425  
10069.26988  
10007.52903  
10026.89329  
10047.87417  
9996.906505  
10023.18244  
10069.17889  
10032.16998  
10072.12226  
10069.25084  
10144.58899  
10135.20052  
10118.7876  
10153.61042  
10092.07912  
10128.26001  
10137.65642  
10166.95473  
10151.14792  
10188.67667  
10179.88939  
10169.24883  
10145.136  
10145.70939  
10168.08301  
10143.26162  
10190.86651  
10159.74182  
10131.45738  
10121.95598  
10127.05005  
10184.04415  
10173.68695  
10165.77254  
10125.18119  
10106.43618  
10096.52213  
10175.35749  
10170.14722  
10128.30893  
10158.76096  
10114.78331  
10082.73055  
10002.87531  
10136.0355  
10150.42015  
10109.634  
10019.77992  
10060.91921  
10058.99496  
10039.07931  
10060.46005  
10084.93225  
10102.38495  
10110.1536  
10128.54216  
10105.28391  
10082.53277  
10132.5078  
10117.96351  
10131.84489  
10154.30374  
10118.33497  
10109.62722  
10090.53692  
10073.96976  
10144.49956  
10075.63829  
10126.39069  
10104.71381  
10104.79175  
10099.62164  
10086.67351  
10064.0419  
10105.57131  
10107.30472  
10101.52077  
10151.1624  
10125.04033  
10091.72212  
10100.3134  
10125.94512  
10066.80938  
10144.31196  
10159.46575  
10120.20255  
10144.40323  
10129.58809  
10084.86876  
10152.99324  
10187.65384  
10151.48218  
10109.08643  
10108.02649  
10102.37089  
10145.43426  
10083.09229  
10092.98322  
10101.07562  
10167.52288  
10161.48536  
10111.41926  
10122.63965  
10110.59617  
10081.32639  
10083.49037  
10118.94497  
10113.12824  
10127.67357  
10081.93206  
10062.66519  
10102.43731  
10072.64037  
10100.06145  
10144.25508  
10132.35972  
10115.36226  
10111.53096  
10120.20975  
10076.37932  
10120.2613  
10148.18198  
10139.15017  
10084.66426  
10103.91875  
10117.62472  
10125.46446  
10086.93561  
10147.90474  
10090.60631  
10117.61173  
10086.24524  
10120.41532  
9991.780007  
10125.27559  
10102.78682  
10145.22207  
10122.37957  
10102.12004  
10088.56094  
10066.63009  
10065.93414  
10128.49393  
10119.84215  
10125.38275  
10155.71446  
10113.61383  
10126.08031  
10120.74114  
10156.9138  
10180.92975  
10199.30134  
10134.68051  
10135.0999  
10129.42448  
10102.15122  
10107.56566  
10149.01036  
10124.53252  
10143.51772  
10119.52053  
10106.26389  
10106.79907  
10099.3331  
10119.72528  
10089.83926  
10122.55382  
10140.43749  
10119.54468  
10102.541  
10142.47422  
10160.98121  
10078.36032  
10069.03509  
10079.18456  
10097.0159  
10084.11007  
10106.84647  
10107.2924  
10116.83404  
10089.91092  
10124.5996  
10085.11819  
10074.69192  
10047.48557  
10102.45482  
10096.9947  
10145.78924  
10100.07768  
10125.10188  
10135.09519  
10112.91245  
10097.12732  
10164.05934  
10100.53954  
10125.55728  
10111.85886  
10088.11966  
10081.46866  
10112.37897  
10122.45486  
10147.41192  
10154.70159  
10141.81415  
10098.09181  
10119.05932  
10147.44388  
10097.37284  
10145.15543  
10100.20843  
10134.57158  
10139.62447  
10106.07606  
10058.8312  
10117.83432  
10131.23125  
10108.02517  
10089.59537  
10131.67951  
10129.87967  
10123.15038  
10081.51161  
10122.11478  
10126.33943  
10111.98272  
10087.15405  
10118.72161  
10133.163  
10085.6379  
10076.19957  
10095.87804  
10101.9027  
10124.80048  
10107.53517  
10148.86001  
10100.9634  
10096.09809  
10088.85525  
10141.65469  
10104.92144  
10118.86912  
10121.04781  
10102.01635  
10102.42924  
10107.66089  
10149.7517  
9990.152033  
10218.82761  
10144.70708  
10085.55963  
10155.19822  
10132.58279  
10061.47954  
10093.61688  
10086.69935  
10070.32392  
10083.29054  
10083.07713  
10032.21203  
10097.46216  
10109.87461  
10106.51235  
10156.92484  
10169.47411  
10170.83219  
10140.08543  
10157.97036  
10122.87978  
10137.93153  
10127.63647  
10138.20617  
10147.88495  
10085.8038  
10123.35714  
10095.74612  
10127.64096  
10102.19112  
10139.54171  
10153.1351  
10140.57956  
10150.60788  
10079.90227  
10165.54792  
10135.10986  
10108.45817  
10094.82587  
10117.03507  
10126.12926  
10120.88733  
10116.1131  
10119.50108  
10112.31701  
10122.47048  
10116.34061  
10090.82976  
10111.36225  
10115.30727  
10084.4803  
10134.35571  
10114.98412  
10082.35475  
10111.07814  
10121.99127  
10132.88556  
10119.86248  
10121.59527  
10099.79079  
10137.22256  
10093.5875  
10094.45443  
10114.57577  
10107.88108  
10094.30449  
10052.72776  
10092.98919  
10132.41473  
10093.56059  
10107.81386  
10123.42135  
10134.91734  
10118.85295  
10133.98772  
10175.53665  
10125.90339  
10132.40599  
10109.98565  
10123.06393  
10111.09278  
10139.45705  
10079.9699  
10142.181  
10115.34973  
10136.47307  
10109.43948  
10121.03912  
10129.54358  
10146.11378  
10082.73269  
10077.75134  
10076.9488  
10119.21879  
10116.72877  
10108.14168  
10107.24634  
9952.623191  
10130.27993  
10138.62249  
10124.32386  
10074.68857  
10069.26165  
10076.38754  
10108.58042  
10112.00801  
10127.51066  
10186.96861  
10145.18175  
10129.2652  
10194.99203  
10177.46211  
10220.99224  
10164.02017  
10168.73275  
10176.02238  
10120.51439  
10151.68313  
10156.22955  
10118.39279  
10119.36258  
10039.01447  
10088.29732  
10070.93788  
10075.06949  
10089.59254  
10031.97769  
10076.65495  
10113.03853  
10111.72392  
10117.88503  
10087.08314  
10100.73553  
10117.48088  
10114.1672  
10132.49706  
10140.94396  
10101.84088  
10153.96438  
10099.85024  
10096.09062  
10141.68865  
10126.26314  
10194.81918  
10124.9993  
10096.64596  
10066.4857  
10109.09446  
10113.17493  
10123.83246  
10107.43422  
10060.80459  
10176.0997  
10108.23155  
10113.3846  
10131.39826  
10093.62537  
10106.27485  
10084.25508  
10084.94027  
10101.8822  
10140.04984  
10158.80768  
10165.84534  
10158.521  
10090.57073  
10089.02566  
10108.36298  
10075.89511  
10114.9936  
10133.20621  
10078.37663  
10110.12277  
10074.89328  
10136.09033  
10126.54045  
10120.08416  
10186.63332  
10095.92701  
10104.71619  
10119.49298  
10071.74081  
10080.98709  
10097.42424  
10075.07348  
10123.81778  
10119.01763  
10169.75357  
10148.67898  
10105.43359  
10072.38348  
10088.33017  
10131.3834  
10107.62395  
10121.98018  
10151.51206  
10126.26952  
10167.71564  
10123.01556  
10153.3861  
10167.81851  
10188.77734  
10155.09002  
10103.59986  
10133.27423  
10076.84561  
10072.47014  
10078.2471  
10120.93781  
10135.64931  
10036.27191  
10165.23717  
10088.58163  
10119.9447  
10102.73472  
10073.90028  
10136.12273  
10083.05661  
10098.29099  
10087.94322  
10153.49594  
10050.56234  
10025.62718  
10047.72408  
10067.08689  
10076.43319  
10093.24393  
10123.29958  
10065.74102  
10147.46321  
10169.60865  
10151.02578  
10143.32008  
10112.64926  
10204.97336  
10151.03267  
10110.49251  
10094.75423  
10110.79077  
10102.76681  
10098.41507  
10118.63215  
10115.38076  
10157.88558  
10177.54594  
10168.44735  
10152.80499  
10161.67542  
10114.99929  
10123.39949  
10112.34353  
10147.78934  
10118.27488  
10144.54817  
10113.56997  
10187.02267  
10181.79079  
10208.27426  
10208.64489  
10128.39921  
10170.39768  
10165.12749  
10109.55961  
10132.63877  
10192.77299  
10167.29149  
10145.07273  
10145.26924  
10153.56825  
10170.19316  
10109.86683  
9995.188687  
10042.10989  
10012.48743  
9975.204512  
10013.0213  
10020.97827  
10025.48167  
10062.18292  
10028.75162  
10035.2641  
10107.09327  
10144.49939  
10098.37623  
10075.56765  
10083.22114  
10098.19704  
10073.41578  
10115.68762  
10104.0258  
10121.38393  
10123.56008  
10093.57996  
10108.66535  
10082.71079  
10141.42008  
10097.04039  
10123.57251  
10091.72744  
10131.93934  
10081.85991  
10090.23398  
10120.51533  
10129.0175  
10088.86472  
10061.35443  
10092.7847  
10042.58624  
10036.52953  
10082.9272  
10065.87206  
10051.81526  
10040.30706  
10044.66351  
10092.22848  
10081.49114  
10082.50779  
10084.98783  
10068.42327  
10070.0143  
10151.91082  
10171.57386  
10202.27788  
10128.59442  
10117.91369  
10067.43842  
10086.88989  
10096.39893  
10113.75675  
10118.39611  
10123.19848  
10131.89362  
10149.52455  
10144.22235  
10141.91899  
10145.23808  
10139.98759  
9996.877863  
10119.93912  
10080.93626  
10098.04535  
10123.33614  
10119.89004  
10091.72448  
10128.39575  
10161.81515  
10096.32353  
10156.3845  
10150.89212  
10144.45465  
10121.75567  
10116.39833  
10166.97913  
10157.54225  
10190.74955  
10121.92922  
10129.46005  
10141.91578  
10119.11965  
10156.89631  
10150.36384  
10153.80918  
10138.75141  
10145.88239  
10142.68942  
10158.28096  
10170.21761  
10167.3046  
10114.1681  
10126.28206  
10131.83061  
10065.62487  
10088.6747  
10102.18183  
10092.28985  
10104.956  
10111.7709  
10089.25939  
10097.26858  
10108.84792  
10188.93064  
10131.3811  
10124.28823  
10155.17008  
10123.76172  
10143.58816  
10184.7808  
10144.91059  
10136.48368  
10130.48275  
10127.04397  
10138.84559  
10129.83006  
10147.28992  
10151.33224  
10111.92322  
10053.30754  
10089.07978  
10121.24933  
10134.61113  
10146.37091  
10163.62062  
10104.66934  
10110.5709  
10108.7262  
10128.03378  
10109.94988  
10027.10872  
10154.7425  
10157.49555  
10090.38136  
10116.45649  
10061.27697  
10056.2671  
10032.96818  
10033.71924  
10078.08331  
10081.3724  
10174.48489  
10132.41428  
10061.82483  
9861.362194  
10122.63075  
10109.19405  
10121.41013  
10170.31057  
10177.62725  
10094.27782  
10158.55572  
10183.05208  
10169.83431  
10137.40928  
10142.5547  
10157.09681  
10090.35323  
10136.93972  
10142.30867  
10183.12477  
10153.34116  
10084.05711  
10155.33816  
10167.17172  
10173.59578  
10100.00202  
10121.2037  
10051.24325  
10089.61214  
10109.92564  
10098.56344  
10106.94123  
10133.6569  
10141.87892  
10124.59954  
10095.54724  
10093.25888  
10124.95256  
10105.55872  
10103.84478  
10122.32951  
10112.85221  
10123.61562  
10093.51134  
10164.84689  
10098.48956  
10080.90676  
10105.40184  
10086.07121  
10085.32466  
10088.85845  
10058.18056  
10078.40472  
10053.45895  
10061.69641  
10045.42583  
10094.62948  
10105.41165  
10112.37762  
10118.95195  
10145.54436  
10065.87815  
10124.26935  
10123.43976  
10132.19039  
10139.73463  
10096.2658  
10100.07223  
10085.14454  
10157.82847  
10165.96758  
10171.97385  
10126.89697  
10126.93945  
10138.78361  
10109.69193  
10151.60878  
10112.39829  
10141.44598  
10059.63289  
10085.54106  
10068.80723  
10081.03567  
10083.78  
10108.11648  
10069.91038  
10099.26607  
10081.84618  
10088.43564  
10154.11743  
10131.58173  
10139.6889  
10135.85926  
10121.6501  
10144.73007  
10126.81466  
10093.42758  
10138.31632  
10106.45653  
10137.42669  
10175.02508  
10167.23688  
10149.7249  
10110.92807  
10106.44296  
10097.02468  
10088.30443  
10128.46238  
10111.26353  
10139.68805  
10070.03915  
10101.25838  
10101.69066  
10064.75454  
10067.17278  
10093.7272  
10076.20855  
10064.13315  
10097.22016  
10056.50793  
10078.91809  
9899.455245  
10235.39039  
10202.03027  
10132.03271  
10074.30633  
10042.32999  
10054.55023  
10128.82564  
10091.81477  
10138.61693  
10169.74362  
10175.3655  
10103.13507  
10124.92569  
10131.29914  
10199.03598  
10229.47146  
10132.90628  
10159.23132  
10103.30841  
10128.44763  
10109.31207  
10115.06941  
10047.53028  
10035.8993  
10114.03743  
10125.54309  
10176.57985  
10132.68821  
10137.40683  
10114.2355  
10110.48585  
10154.72763  
10137.12801  
10198.61426  
10238.30205  
10179.53225  
10122.53708  
10109.72261  
10086.08717  
10098.41051  
10070.31484  
10138.72145  
10103.69046  
10090.50732  
10098.97131  
10079.80319  
10077.53257  
10102.12106  
10081.39328  
10092.68582  
10105.88912  
10074.06718  
10082.54614  
10114.67077  
10078.61597  
10096.43545  
10116.70159  
10118.0121  
10154.50272  
10123.2855  
10095.25247  
10065.87627  
10076.95133  
10035.31496  
10098.40507  
10113.05074  
10132.68196  
10157.5782  
10182.88207  
10102.86262  
10092.22404  
10114.20052  
10148.17367  
10121.24581  
10075.31001  
10159.43703  
10140.5211  
10189.34998  
10151.38664  
10069.95674  
10035.93231  
10072.58772  
10077.48651  
10113.33454  
10085.2702  
10121.55756  
10120.91735  
10117.66424  
10110.3277  
10129.46191  
10070.50085  
10085.3594  
10083.87688  
10160.19824  
10149.64455  
10077.47121  
10099.62248  
10118.56657  
10076.24744  
10094.27979  
10115.58208  
10023.59508  
10150.23772  
10137.5028  
10100.66236  
10068.13145  
10100.30953  
10117.68117  
10103.40186  
10121.45826  
10118.13919  
10079.26622  
10109.90632  
10146.89157  
10069.11937  
10081.902  
10074.30575  
10119.97136  
10134.28121  
10134.69118  
10132.39954  
10208.12227  
10252.87902  
10176.88186  
10136.13934  
10175.34025  
10206.55782  
10191.58287  
10084.44457  
10062.24062  
10119.90986  
10026.31657  
10083.25992  
10043.74369  
10106.71787  
10050.90413  
10109.16216  
10090.59949  
10051.7485  
10072.63251  
10087.0129  
10094.26495  
10105.73546  
10120.07334  
10147.66385  
10158.50446  
10194.69537  
10177.14226  
10107.63053  
10085.38654  
10149.182  
10110.7698  
10168.07449  
10176.05431  
10138.31487  
10119.00928  
10135.32016  
10130.66397  
10124.44341  
10123.55878  
10125.16497  
10109.10611  
10118.70416  
10084.33149  
10061.46907  
10107.35004  
10109.77332  
10135.70494  
10107.75968  
10122.35  
10079.00327  
10091.35805  
10062.38265  
10115.19306  
10104.13857  
10159.00523  
10147.92525  
10144.46651  
10118.12411  
10102.34541  
10127.70361  
10124.29409  
10126.68504  
10099.17634  
10112.31059  
10149.24663  
10139.71896  
10072.46934  
10122.16128  
10083.04577  
10103.55773  
10098.12068  
10151.62022  
10166.17899  
10090.54652  
10118.18971  
10111.88723  
10106.68479  
10119.8661  
10115.24282  
10091.65389  
10045.34395  
10114.79822  
10067.07754  
10121.50928  
10126.62562  
10173.91102  
10161.45192  
10210.01928  
10096.6355  
10209.48379  
10180.40533  
10160.4633  
10168.63504  
10181.06908  
10155.25606  
10326.28986  
9894.696156  
10031.32682  
10001.07952  
9962.592474  
10027.21879  
10050.56082  
10071.98573  
10020.662  
10008.33828  
10035.90854  
10022.03005  
10022.36262  
10050.05457  
10119.66593  
10095.98565  
10128.40575  
10125.41661  
10101.25829  
10127.74496  
10119.14432  
10089.51103  
10129.70583  
10163.41664  
10136.83479  
10282.74966  
9794.152888  
10221.74668  
10139.28367  
10066.63816  
10117.93311  
10138.04552  
10083.08839  
10095.28589  
10052.44904  
10157.17406  
10113.19307  
10114.123  
10182.78541  
10134.48614  
10174.06247  
10147.36363  
10089.83576  
10099.62878  
10075.31944  
10093.56363  
10136.36323  
10118.30718  
10238.71847  
10215.22534  
10037.08878  
10370.6958  
10091.13969  
10041.37046  
10051.9197  
10051.84956  
10051.34412  
10119.23567  
10094.48792  
10052.72403  
10102.73118  
10108.14054  
10085.11621  
10144.83448  
10064.50817  
10047.69852  
10097.97516  
10037.75261  
10048.70237  
10108.3464  
10079.82962  
10158.3224  
10170.60077  
10164.22798  
10131.97255  
10109.58526  
10122.87784  
10107.95352  
10125.22951  
10109.11392  
10110.44552  
10114.56988  
10070.82602  
10086.77009  
10099.35154  
10089.36163  
10103.10676  
10115.53078  
10105.60288  
10114.21772  
10086.84595  
10015.78641  
10106.81971  
10137.98262  
10135.76156  
10400.57417  
10179.83066  
10130.26838  
10074.37842  
10105.87399  
10102.9941  
10149.06707  
10122.50169  
10153.8042  
10149.6465  
10130.69475  
10139.48662  
10125.67392  
10115.33731  
10129.56935  
10054.66124  
10034.37948  
10001.42515  
10041.2312  
10059.66927  
10084.0819  
10146.70992  
10143.29067  
10155.03877  
10163.37573  
10061.54904  
10054.38302  
10074.41398  
10097.72144  
10129.60404  
10232.53045  
10158.62786  
10100.91816  
10133.50555  
10095.57698  
10109.99521  
10081.34401  
10038.21338  
9999.417947  
10077.85373  
10063.77608  
10123.72627  
10114.91984  
10098.79964  
10091.0973  
10127.4092  
10096.6634  
10114.36571  
10146.21635  
10100.33894  
10146.69181  
10102.7331  
10087.57263  
10082.61373  
10075.33285  
10122.82858  
10147.6497  
10171.1231  
10182.79145  
10175.0977  
10158.64075  
10135.33246  
10189.0335  
10190.62455  
10201.59284  
10185.17647  
10160.16934  
10118.56662  
10177.12049  
10157.32366  
10254.62944  
10175.59072  
10165.78199  
10124.72064  
10108.13827  
10067.06875  
10094.79857  
10096.84763  
10128.35465  
10166.53174  
10110.64651  
10138.20751  
10117.22913  
10119.20595  
10117.78122  
10061.77583  
10097.62712  
10115.21895  
10153.09914  
10182.7706  
10123.86292  
10173.83234  
10104.97091  
10145.66835  
10185.16924  
10186.79801  
10125.30184  
10106.45765  
10097.05874  
10114.73321  
10141.22051  
10141.4207  
10143.55779  
10189.91762  
10190.77476  
10145.13745  
10126.28985  
10073.12296  
10075.60345  
10091.86383  
10177.86938  
10025.97019  
10198.58667  
10110.03239  
10102.40969  
10075.49918  
10042.61179  
10099.57829  
10048.53793  
10020.04978  
10018.0122  
10035.6288  
10055.85813  
10013.78881  
10057.93925  
10107.7887  
10097.82582  
10171.32859  
10135.58944  
10144.24616  
10132.27708  
10132.91375  
10085.88333  
10067.22723  
10118.907  
10114.76682  
10096.12287  
10133.49572  
10141.48082  
10150.97069  
10149.31834  
10189.62116  
10191.2355  
10138.70382  
10180.80353  
10135.29903  
10151.8443  
10181.31941  
10171.81178  
10150.56224  
10185.01484  
10177.67162  
10201.48601  
10210.40973  
10157.20081  
10147.12327  
10152.16001  
10164.05859  
10199.96066  
10135.50021  
10114.21795  
10146.87189  
10083.20082  
9966.247681  
10007.07546  
9997.092707  
10061.09856  
10220.82897  
9883.546942  
10237.56254  
10098.69246  
10115.19193  
10135.55827  
10084.06897  
10055.61948  
10024.78553  
10104.83467  
10091.71313  
10397.86202  
9531.9377  
10239.90041  
10084.19935  
10043.04161  
10015.3721  
10036.78419  
10049.89378  
10071.35471  
10068.74638  
10130.72767  
10097.99928  
10142.43065  
10118.65182  
10106.29052  
10151.17  
10109.84541  
10102.66195  
10142.95988  
10114.47316  
10076.61697  
10040.33332  
10095.85672  
10106.51776  
10116.82975  
10147.44106  
10132.85387  
10088.13794  
10097.53111  
10148.72622  
10137.13504  
10113.89453  
10157.58904  
10158.81809  
10166.81422  
10123.14453  
10138.73629  
10140.03639  
10159.74648  
10177.53286  
10126.16988  
10111.67831  
10063.13612  
10058.2475  
10059.63745  
10087.22525  
10133.37549  
10139.62157  
10092.93628  
10118.1195  
10084.61812  
10090.71125  
10135.27833  
10166.10975  
10116.72547  
10092.6055  
10150.29044  
10324.10547  
10055.26936  
10094.05889  
10083.4543  
10120.87952  
10062.96851  
10073.58309  
10109.0961  
10069.41206  
10111.4798  
10112.92354  
10088.71429  
10113.50263  
10097.23129  
10100.4462  
10080.17826  
10155.13114  
10158.95348  
10512.18865  
9531.118253  
10230.0445  
10114.07374  
10072.84302  
10093.51052  
10059.98361  
10065.91863  
10093.58919  
10133.88544  
10112.22729  
10131.57132  
10130.68258  
10150.17726  
10152.3151  
10139.10717  
10139.23527  
10174.45471  
10160.60717  
10138.26389  
10194.70856  
10169.2518  
10119.76443  
10070.53963  
10106.16391  
10063.56992  
10130.45873  
10055.23764  
10092.68636  
10147.64589  
10148.20662  
10073.16936  
10059.89365  
10096.36661  
10075.06374  
10092.50301  
10116.84664  
10126.31361  
10132.64293  
10062.31463  
10168.64486  
10151.45372  
10121.13399  
10159.36636  
10163.03106  
10146.33818  
10158.11356  
10153.67199  
10178.98365  
10126.23339  
10140.30378  
10129.34772  
10137.75204  
10123.66425  
10142.6462  
10106.7958  
10124.68066  
10151.10216  
10142.30481  
10115.59948  
10355.6962  
9866.075384  
10125.01707  
10121.34671  
10137.62318  
10101.641  
10071.17151  
10085.18437  
10104.60827  
10127.50549  
10143.36219  
10120.38322  
10104.75342  
10077.65859  
10068.16135  
10099.99124  
10097.87985  
10072.96994  
10054.55269  
10051.16669  
10077.41246  
10108.08279  
10155.33089  
10127.2261  
10118.03361  
10129.54841  
10096.38949  
10124.95741  
10139.62286  
10120.23968  
10102.00991  
10113.74822  
10112.81894  
10132.52984  
10157.53496  
10145.9124  
10150.17941  
10115.45083  
10120.53108  
10115.9539  
10151.41225  
10151.40042  
10143.10274  
10088.41792  
10100.17153  
10107.31473  
10125.10311  
10118.96426  
10128.98677  
10095.87462  
10108.58646  
10117.33637  
10082.22427  
10182.11223  
10205.81334  
10166.36237  
10093.22119  
10095.87702  
10113.93493  
10106.85993  
10162.32609  
10167.66827  
10137.29115  
10125.68258  
10125.99265  
10173.04739  
10122.40696  
10214.65028  
10150.71947  
10019.89192  
9968.087502  
10060.7254  
10061.23018  
10074.18828  
10051.51857  
10112.03463  
10140.22986  
10136.6864  
10136.29552  
10156.28703  
10118.73821  
10116.76969  
