9761.644675  
9674.141817  
9543.420223  
9554.88152  
9495.444839  
9351.434915  
9331.26732  
9379.561897  
9358.300652  
9443.32577  
9498.16198  
9474.965792  
9455.272231  
9430.910271  
9412.429199  
9470.536679  
9416.535975  
9453.131362  
9454.140194  
9519.236328  
9507.361974  
9621.519445  
9661.40299  
9608.713178  
9647.4593  
9575.622013  
9510.073874  
9435.643052  
9510.287296  
9473.51462  
9467.2445  
9484.239445  
9469.65197  
9480.635053  
9483.317081  
9437.400649  
9495.825784  
9503.493681  
9509.287454  
9508.785357  
9529.865938  
9463.724681  
9407.741872  
9343.73887  
9285.969267  
9423.761704  
9416.208209  
9377.124311  
9492.748765  
9496.424546  
9507.951646  
9575.693115  
9619.770838  
9736.824377  
9737.562127  
9695.973719  
9594.535242  
9543.787296  
9442.591495  
9513.423871  
9416.026238  
9464.447395  
9405.606345  
9432.138902  
9501.585665  
9541.017406  
9451.786966  
9406.035688  
9432.682696  
9496.753834  
9472.199291  
9407.720416  
9564.951789  
9630.928122  
9731.578427  
9675.056669  
9602.876479  
9528.629186  
9515.647346  
9553.895982  
9523.471852  
9496.130084  
9514.90006  
9476.090648  
9504.449377  
9423.777617  
9450.565975  
9448.036908  
9440.903249  
9411.658907  
9488.039881  
9453.332893  
9373.068331  
9446.143756  
9405.552777  
9459.187328  
9480.769445  
9569.086799  
9589.350686  
9595.983054  
9669.726534  
9622.722498  
9589.142837  
9492.808163  
9454.553955  
9549.531868  
9496.615392  
9577.239574  
9376.612915  
9366.090045  
9428.135326  
9500.688232  
9462.439022  
9516.438089  
9560.457074  
9615.666719  
9595.996596  
9490.694795  
9423.268483  
9445.429041  
9374.101764  
9470.193273  
9493.751695  
9459.584042  
9384.808019  
9444.690286  
9375.949664  
9362.592745  
9438.568575  
9417.986141  
9522.491742  
9500.603171  
9546.491556  
9606.579504  
9564.140424  
9543.846263  
9535.868896  
9572.994571  
9591.279713  
9607.721234  
9550.794118  
9591.830538  
9600.993882  
9576.283548  
9448.652846  
9546.540412  
9497.48752  
9417.501939  
9424.769143  
9433.467113  
9477.142348  
9509.141774  
9500.37658  
9537.471177  
9499.670683  
9529.786348  
9452.094296  
9488.476606  
9475.232537  
9473.446907  
9418.32284  
9436.808149  
9346.760613  
9290.06138  
9343.229047  
9324.203613  
9302.669096  
9475.877944  
9341.432287  
9397.0543  
9443.088379  
9394.201689  
9360.550839  
9486.061724  
9496.27236  
9599.561222  
9586.356603  
9611.858829  
9639.091955  
9632.632597  
9749.14736  
9680.918084  
9627.666935  
9565.172694  
9438.729909  
9429.905087  
9368.717242  
9443.121999  
9452.716998  
9469.816306  
9577.429601  
9534.246525  
9450.099509  
9484.895852  
9358.48482  
9398.684455  
9439.521312  
9483.038502  
9427.894187  
9541.93536  
9503.915427  
9515.357594  
9532.116814  
9581.602625  
9551.087819  
9423.082362  
9484.660214  
9457.681598  
9382.746166  
9400.279211  
9414.989804  
9379.553582  
9414.431152  
9469.225198  
9487.59026  
9439.98472  
9440.418256  
9479.820715  
9444.126321  
9455.991448  
9378.031193  
9495.692914  
9523.191004  
9550.350758  
9512.296099  
9513.755831  
9463.121252  
9432.997042  
9439.183709  
9482.77101  
9473.862836  
9538.14354  
9414.857135  
9552.787713  
9540.704489  
9585.527502  
9468.678122  
9614.54834  
9623.677533  
9654.027128  
9696.058019  
9589.431669  
9641.119859  
9498.196074  
9501.736773  
9448.908907  
9512.49977  
9448.658821  
9479.821576  
9447.391803  
9509.802002  
9576.636963  
9649.32307  
9548.235352  
9625.06003  
9520.712115  
9545.382037  
9528.551973  
9559.927821  
9456.981919  
9548.236486  
9531.68243  
9579.17423  
9600.779455  
9525.228745  
9370.426614  
9433.179092  
9383.422464  
9489.793199  
9438.679817  
9490.877542  
9448.085277  
9445.732149  
9390.079188  
9431.080452  
9457.440832  
9479.50843  
9510.967529  
9489.892894  
9482.392047  
9530.584372  
9431.102381  
9398.571533  
9453.468089  
9350.614646  
9405.349451  
9393.102826  
9500.228042  
9483.753461  
9471.929688  
9539.306583  
9455.260728  
9505.004854  
9483.336009  
9443.312084  
9469.829489  
9457.79979  
9494.323099  
9612.893469  
9547.305147  
9581.584229  
9647.092486  
9609.153809  
9593.571763  
9462.41109  
9416.339169  
9390.359849  
9206.93363  
9184.750991  
9166.873205  
9149.888521  
9149.931842  
9295.636877  
9402.262961  
9389.903593  
9572.764648  
9562.196504  
9769.993107  
9742.067498  
9742.861974  
9587.057502  
9549.406135  
9560.471005  
9575.209947  
9595.698012  
9606.85129  
9687.602654  
9567.197553  
9582.017679  
9533.261187  
9548.994098  
9532.375273  
9560.998004  
9470.625919  
9531.454848  
9505.190932  
9435.748291  
9421.935123  
9477.316435  
9511.388715  
9575.790886  
9509.817771  
9541.908548  
9553.988008  
9659.378892  
9468.413653  
9500.429644  
9403.665283  
9418.389706  
9322.181425  
9399.991484  
9324.658763  
9322.335722  
9421.980799  
9352.037756  
9528.848647  
9432.915556  
9542.111529  
9553.003863  
9673.492475  
9609.862075  
9625.671588  
9538.903105  
9660.842845  
9594.641975  
9625.775089  
9585.487707  
9572.199851  
9581.244054  
9528.899127  
9537.930994  
9526.135125  
9584.096392  
9581.002628  
9587.876307  
9591.138428  
9464.062062  
9458.769732  
9405.217249  
9276.777258  
9377.925422  
9337.991872  
9412.115665  
9462.946275  
9534.204575  
9478.979966  
9551.923383  
9525.407255  
9577.270838  
9473.920252  
9423.114164  
9564.983348  
9964.270479  
9726.968362  
9654.36904  
9651.104406  
9503.548096  
9388.630917  
9421.05137  
9387.364172  
9435.817656  
9453.818402  
9505.24045  
9535.180908  
9542.994974  
9529.833051  
9538.496266  
9559.678165  
9498.905015  
9447.147906  
9334.207476  
9323.909567  
9307.931009  
9356.098992  
9312.412885  
9391.085234  
9341.30486  
9425.779685  
9382.250811  
9377.029383  
9304.412483  
9288.116369  
9304.412339  
9385.10814  
9399.454087  
9411.87253  
9451.037368  
9527.743236  
9580.689051  
9547.046645  
9562.400606  
9491.094755  
9371.770264  
9372.877456  
9440.176743  
9449.786664  
9552.895307  
9678.908577  
9567.669477  
9533.552878  
9566.879021  
9601.230871  
9568.347197  
9553.769459  
9457.710593  
9418.19547  
9427.768109  
9486.495749  
9493.178984  
9516.388284  
9588.966783  
9527.143727  
9504.611098  
9477.164852  
9485.813764  
9487.918213  
9533.051499  
9419.661147  
9419.262695  
9413.986457  
9441.221909  
9510.394503  
9520.917624  
9474.267047  
9533.59286  
9525.447826  
9598.842687  
9583.69257  
9531.708467  
9652.702062  
9581.832476  
9613.063333  
9674.982996  
9569.231043  
9437.646772  
9431.769215  
9398.53866  
9405.958984  
9478.522856  
9437.677433  
9494.560676  
9394.793256  
9423.344913  
9388.783447  
9437.925954  
9560.679041  
9559.028392  
9682.851778  
9661.020149  
9635.375359  
9622.996079  
9516.242116  
9533.855914  
9424.47494  
9369.225184  
9318.464377  
9310.199391  
9345.951466  
9421.416403  
9403.284309  
9485.348475  
9552.463293  
10154.61354  
9103.627125  
9469.055463  
9331.577917  
9314.51569  
9322.998557  
9329.797485  
9318.89438  
9370.102474  
9391.535343  
9431.652085  
9595.247688  
9488.695873  
9566.527387  
8897.418227  
9694.148366  
9655.29574  
9524.505472  
9457.5923  
9376.523351  
9416.194652  
9383.338623  
9489.203096  
9534.84938  
9637.833037  
9719.260527  
9774.799072  
9640.714111  
9614.893224  
9628.845818  
9566.363928  
9520.955868  
9518.937859  
9528.306382  
9578.549575  
9527.167854  
9579.401942  
9522.831241  
9567.814353  
9500.356474  
9594.090002  
9498.000158  
9544.808077  
9561.516128  
9625.104507  
9627.89107  
9449.673297  
9567.812672  
9667.015524  
9573.846996  
9416.641156  
9388.977841  
9388.983485  
9439.334803  
9437.638334  
9432.481  
9426.628131  
9441.418859  
9385.348705  
9448.930549  
9475.144043  
9516.309197  
9567.333841  
9597.251508  
9624.828829  
9639.748076  
9616.38478  
9645.561279  
9598.461857  
9618.378705  
9725.871338  
10459.9302  
9247.933982  
9142.37556  
9261.836354  
9342.198113  
9497.526626  
9491.843032  
9414.36504  
9401.123585  
9384.435511  
9387.05076  
9498.571792  
9457.182466  
9462.216984  
9447.515568  
9414.408433  
9488.888385  
9583.919965  
9560.270178  
9523.186911  
9543.140747  
9577.366721  
9620.60768  
9544.74977  
9513.167136  
9372.881793  
9333.900017  
9356.903981  
9488.765467  
9532.676528  
9645.096981  
9592.617604  
9471.199994  
9448.869385  
9382.133344  
9370.922134  
9344.112463  
9453.207548  
9483.381563  
9503.938118  
9478.158419  
9469.333324  
9534.232192  
9440.980584  
9427.34477  
9473.742144  
9477.636719  
9433.504466  
9472.209315  
9404.514806  
9447.842386  
9548.99404  
9544.519804  
9524.273021  
9438.186624  
9444.631534  
9402.038991  
9420.328355  
9407.858355  
9409.039881  
9456.041949  
9514.974207  
9452.65266  
9489.391731  
9524.545511  
9537.210952  
9539.472426  
9526.351247  
9561.48133  
9575.877772  
9570.437572  
9520.785487  
9500.954949  
9473.429716  
9545.186495  
9485.706227  
9453.132762  
9398.313132  
9333.868868  
9323.550638  
9349.953211  
9432.248736  
9461.783447  
9516.506319  
9556.617733  
9642.804745  
9592.682043  
9630.329102  
9711.752398  
9733.368537  
9729.902028  
9702.5516  
9769.049302  
9769.035357  
9765.24977  
9525.529211  
9403.52226  
9266.473633  
9259.495562  
9180.858757  
9195.754732  
9264.373112  
9215.493853  
9402.063599  
9437.121769  
9519.632769  
9677.876766  
9485.133337  
9585.202364  
9574.600931  
9419.146685  
9397.695585  
9419.087388  
9423.671803  
9433.312644  
9510.801657  
9530.867331  
9495.16524  
9609.937701  
9585.956801  
9502.098561  
9537.792136  
9570.879653  
9521.495347  
9595.43783  
9585.962489  
9562.131089  
9601.27193  
9644.883631  
9568.057861  
9371.138069  
9726.872042  
9712.527588  
9443.201043  
9384.124454  
9283.174446  
9208.930477  
9175.210722  
9218.293974  
9258.649974  
9366.976893  
9260.885484  
9373.389246  
9381.883172  
9475.854148  
9550.571145  
9575.34757  
9465.703728  
9434.337948  
9457.46516  
9387.418716  
9491.970445  
9492.111472  
9500.169046  
9583.506893  
9538.927102  
9580.675221  
9590.137063  
9613.691191  
9633.559628  
9617.847254  
9618.889806  
9624.326402  
9725.267851  
9567.154685  
9536.890036  
9614.923627  
9483.455322  
9612.622429  
9475.917883  
9330.063218  
9442.915585  
9409.186638  
9390.8396  
9435.534467  
9549.481603  
9447.788359  
9448.523682  
9372.89028  
9320.249124  
9266.030834  
9360.356115  
9384.487003  
9454.551112  
9542.159496  
9541.322783  
9551.132238  
9566.990952  
9569.185231  
9440.155288  
9396.378389  
9441.541217  
9507.34319  
9396.802469  
9408.462955  
9478.489947  
9412.797952  
9448.177404  
9451.578197  
9494.166346  
9470.375402  
9526.715705  
9501.21898  
9535.117597  
9455.301485  
9452.351218  
9484.496166  
9408.477259  
9395.950964  
9477.320284  
9458.227431  
9595.037282  
9601.620907  
9551.01574  
9580.734605  
9573.747946  
9562.219583  
9569.815501  
9619.628461  
9685.946059  
9357.601878  
9346.242101  
9500.516874  
9434.423771  
9452.804458  
9509.470344  
9340.939597  
9425.405647  
9398.843535  
9419.761087  
9514.346234  
9489.985596  
9567.957146  
9489.558206  
9374.04587  
9351.245376  
9324.196662  
9487.399773  
9445.308192  
9616.81148  
9683.381204  
9606.681109  
9593.304659  
9659.948558  
9608.537167  
9521.683694  
9563.149716  
9482.344719  
9485.881807  
9483.121797  
9477.76877  
9463.775807  
9466.461297  
9512.516573  
9359.398567  
9434.376795  
9396.889979  
9367.724868  
9590.900793  
9598.838465  
9582.287081  
9620.313864  
9568.072452  
9438.86522  
9425.73943  
9403.318948  
9448.792222  
9503.908548  
9503.893296  
9504.47639  
9458.739157  
9409.168694  
9365.585815  
9386.584925  
9484.119988  
9599.45077  
9545.417552  
9422.786722  
9348.375115  
9466.798512  
9494.678783  
9605.229693  
9680.002283  
9595.685059  
9616.850557  
9567.417538  
9599.673239  
9571.297234  
9647.346005  
9417.608341  
9330.889785  
9300.140977  
9352.013334  
9453.570485  
9399.326746  
9463.30654  
9508.023524  
9526.008444  
9490.286291  
9491.78204  
9455.79294  
9360.431382  
9432.104607  
9369.511345  
9397.702278  
9359.491556  
9475.127729  
9388.766659  
9359.542007  
9370.348374  
9424.101706  
9382.329518  
9412.887063  
9447.07847  
9426.56716  
9399.686976  
9477.11657  
9530.557316  
9585.028177  
9588.092486  
9622.80002  
9663.713336  
9701.832347  
9611.811193  
9662.510728  
9590.122386  
9663.345272  
9575.126393  
9566.141156  
9508.697696  
9555.369227  
9500.186516  
9501.726247  
9510.566428  
9519.854133  
9546.352309  
9535.622329  
9450.990335  
9503.301169  
9431.06227  
9586.616484  
9582.316536  
9579.465346  
9626.53507  
9622.481804  
9615.052088  
9558.13949  
9650.887652  
9609.003964  
9698.334185  
9648.325023  
9648.645235  
9614.56632  
9662.835751  
9619.20212  
9568.55835  
9498.001537  
9503.405805  
9480.728745  
9409.435001  
9493.364689  
9457.590763  
9498.350859  
9335.788459  
9576.921897  
9660.65154  
9578.774077  
9643.602237  
9630.113123  
9706.419692  
9630.062098  
9512.793974  
9487.106503  
9604.327608  
8939.098877  
9221.53991  
9451.451919  
9321.952924  
9145.491254  
9066.109605  
9028.95426  
8950.568072  
9070.164939  
9034.726979  
9186.668141  
9274.373076  
9340.846392  
9509.604621  
9470.857767  
9590.421028  
9530.533663  
9603.225241  
9679.565142  
9647.585076  
9640.09375  
9761.372171  
9892.027114  
9841.083884  
9799.18457  
9739.224279  
9642.776669  
9511.054472  
9475.009665  
9386.578455  
9488.363238  
9489.839815  
9371.861816  
9283.82936  
9299.294548  
9256.803797  
9358.30509  
9283.054594  
9330.799762  
9297.985782  
9287.022935  
9281.387896  
9414.312098  
9437.103315  
9500.929659  
9558.083712  
9671.021298  
9665.961167  
9732.619141  
9671.061279  
9642.365593  
9657.895809  
9673.44751  
9583.09161  
9621.647231  
9605.945054  
9619.996237  
9552.638198  
9551.690329  
9518.761044  
9492.37276  
9551.982465  
9537.728171  
9550.079978  
9543.811121  
9459.550595  
9423.311638  
9451.018713  
9428.370749  
9464.001364  
9466.994299  
9417.493688  
9471.92357  
9582.223303  
9555.745634  
9707.138672  
9768.309412  
9798.034697  
9609.788531  
9555.776827  
9438.191823  
9314.211426  
9428.033548  
9075.423785  
9280.609375  
9320.908835  
9307.970739  
9258.113238  
9237.523093  
9231.777875  
9248.923024  
9341.812457  
9423.509191  
9534.881218  
9603.60679  
9568.953728  
9601.238856  
9499.638169  
9426.481129  
9375.971436  
9303.99427  
9255.668802  
9327.184728  
9451.08364  
9427.120993  
9566.998176  
9757.222642  
9668.238468  
9529.023107  
9516.069566  
9455.614215  
9344.183737  
9309.076775  
9398.21279  
9389.162641  
9469.575641  
9486.550982  
9471.178855  
9590.670396  
9612.088307  
9686.915973  
9530.368739  
9581.982451  
9537.691679  
9507.202134  
9489.884651  
9468.020867  
9544.941062  
9546.377212  
9633.138011  
9585.049374  
9567.690803  
9575.71763  
9598.674546  
9532.169836  
9468.296329  
9558.932818  
9535.095947  
9610.646168  
9572.331012  
9494.115737  
9475.828125  
9416.832448  
9345.756089  
9317.824348  
9330.218908  
9421.553338  
9466.711038  
9363.100586  
9388.142162  
9486.426571  
9461.165858  
9546.417926  
9626.685547  
9575.737692  
9559.382453  
9526.710708  
9549.655331  
9512.962029  
9411.277344  
9520.432344  
9617.955337  
9499.577177  
9423.770651  
9350.349609  
9300.016688  
9346.435346  
9385.299905  
9422.977151  
9509.569207  
9528.363956  
9582.265266  
9550.503849  
9661.033261  
9649.592314  
9654.112779  
9696.46684  
9601.057201  
9496.917653  
9394.447194  
9453.406753  
9398.548067  
9453.936796  
9516.26024  
9607.730742  
9650.602036  
9712.166245  
9712.187184  
9720.90378  
9700.28619  
9678.155489  
9644.281351  
9614.335492  
9484.690042  
9350.542653  
9369.871122  
9427.722211  
9408.83667  
9375.843664  
9361.617166  
9419.583683  
9520.05035  
9506.215634  
9424.161923  
9416.222771  
9286.313161  
9316.822725  
9380.720746  
9411.538072  
9356.608714  
9355.601232  
9480.624756  
9620.799503  
9585.205667  
9545.371726  
9548.563606  
9545.924848  
9528.415254  
9528.430147  
9535.068747  
9459.962402  
9509.809915  
9540.673498  
9501.402803  
9444.53227  
9388.256319  
9337.467414  
9334.445255  
9412.764907  
9471.199161  
9514.950885  
9496.947783  
9598.711857  
9556.243494  
9620.791403  
9543.730986  
9441.668601  
9358.858327  
9312.768224  
9334.030331  
9355.495792  
9334.372458  
9351.448127  
9504.081859  
9529.896987  
9561.937931  
9538.817656  
9528.783088  
9490.483442  
9484.423527  
9515.356934  
9574.872702  
9500.544189  
9529.316593  
9585.723561  
9558.323285  
9588.225184  
9549.910041  
9578.104937  
9600.025908  
9548.262494  
9543.287669  
9558.784611  
9524.084688  
9454.047952  
9440.337201  
9385.971924  
9406.532212  
9463.472211  
9500.464341  
9495.006075  
9454.920281  
9387.580767  
9437.529756  
9445.177533  
9405.534826  
9487.95953  
9585.335765  
9612.412598  
9575.870835  
9511.827292  
9565.372358  
9569.009234  
9651.020996  
9614.837374  
9584.59813  
9564.902085  
9528.944408  
9587.541317  
9537.530604  
9551.675078  
9518.761518  
9446.119313  
9506.337273  
9513.157514  
9522.734662  
9583.155747  
9542.586297  
9466.003849  
9377.76933  
9422.334918  
9363.74529  
9378.21796  
9432.204303  
9451.734059  
9412.669247  
9349.260369  
9365.788933  
9363.685274  
9399.372056  
9475.815415  
9355.255048  
9156.404728  
9531.738698  
9713.617058  
9675.002398  
9699.75293  
9566.639792  
9494.961052  
9483.558378  
9483.315516  
9425.106302  
9387.754567  
9400.557703  
9339.201201  
9406.459903  
9477.507367  
9525.454145  
9519.90569  
9604.84915  
9577.874756  
9632.926715  
9652.932086  
9625.345818  
9659.014964  
9594.549474  
9576.897892  
9519.067914  
9528.986228  
9396.138356  
9383.317038  
9362.383631  
9476.293313  
9495.509119  
9463.271556  
9556.972642  
9581.089901  
9512.990177  
9513.716323  
9428.627628  
9473.266558  
9493.227611  
9465.403521  
9488.960334  
9465.064726  
9487.93187  
9674.730153  
9430.231725  
9427.010103  
9548.706629  
9598.449865  
9601.629122  
9562.467213  
9350.696074  
9328.052749  
9356.529814  
9360.088695  
9396.502025  
9447.815688  
9421.236558  
9598.565028  
9554.194422  
9567.621309  
9525.60916  
9634.300911  
9662.203699  
9500.151166  
9651.711598  
9704.891659  
9658.331658  
9571.031853  
9581.411736  
9550.841151  
9494.607723  
9411.926068  
9327.832031  
9350.150994  
9267.459142  
9275.114502  
9323.349624  
9441.556037  
9377.114516  
9410.973992  
9465.136245  
9518.530877  
9466.662914  
9497.753102  
9552.965275  
9579.603429  
9655.829173  
9723.036506  
9715.018196  
9579.764979  
9607.689281  
9602.057201  
9572.512308  
9699.956615  
9574.57386  
9480.347268  
9439.380443  
9408.796774  
9388.255802  
9384.121467  
9232.93908  
9254.84161  
9263.746079  
9356.697869  
9383.084157  
9414.991211  
9405.38501  
9360.697596  
9491.790973  
9418.761604  
9444.245002  
9370.852295  
9394.213436  
9388.511848  
9414.155719  
9424.439396  
9507.756218  
9537.546904  
9516.89176  
9600.948027  
9677.963393  
9578.679343  
9537.753676  
9564.040958  
9552.395953  
9626.787626  
9603.201861  
9668.175796  
9687.058206  
9653.826646  
9556.952263  
9503.109763  
9489.967199  
9558.742417  
9520.76123  
9633.689554  
9659.155173  
9549.597714  
9591.446102  
9487.719885  
9474.285659  
9424.946907  
9488.385038  
9484.744787  
9380.569709  
9333.619241  
9269.550695  
9362.205638  
9403.007812  
9439.453297  
9476.080265  
9367.266673  
9472.297636  
9690.348116  
9378.710981  
9559.748471  
9558.56339  
9575.22616  
9396.269603  
9344.740536  
9371.449851  
9397.614143  
9369.740838  
9319.423799  
9311.499598  
9200.186035  
9127.977769  
9275.954748  
9206.860725  
9375.372085  
9382.080653  
9440.985538  
9516.303065  
9450.757224  
9583.963049  
9533.98482  
9696.370778  
9731.162368  
9801.585291  
10002.00991  
9798.613238  
9889.954633  
9791.552993  
9675.982005  
9600.262667  
9475.649385  
9440.560475  
9510.378145  
9483.462244  
9453.272159  
9513.320255  
9609.935059  
9610.280963  
9501.997214  
9428.200827  
9338.898122  
9339.897964  
9378.016817  
9399.046056  
9467.172823  
9476.483025  
9411.928955  
9377.963968  
9474.246826  
9436.26775  
9523.706715  
9610.927203  
9546.506247  
9533.018612  
9546.126321  
9525.370175  
9529.158993  
9511.836943  
9389.432703  
9395.617374  
9390.9348  
9443.960033  
9560.329058  
9601.20482  
9536.477898  
9474.707778  
9439.86769  
9348.582879  
9319.727668  
9332.440616  
9318.840863  
9344.054946  
9507.01472  
9522.641142  
9655.844655  
9645.30058  
9656.549115  
9608.765194  
9602.158806  
9571.372559  
9577.691636  
9534.335866  
9572.325741  
9506.429027  
9613.087977  
9592.70482  
9553.498966  
9442.745203  
9412.284251  
9516.762954  
9450.318963  
9380.659539  
9303.316923  
9262.528249  
9302.358097  
9242.322294  
9390.030403  
9430.421588  
9516.975112  
9503.398308  
9563.968807  
9472.303697  
9476.124785  
9474.111084  
9400.557545  
9316.805707  
9408.55947  
9405.782341  
9522.017219  
9709.83802  
9669.849437  
9699.666145  
9637.049316  
9603.737592  
9619.276999  
9480.206572  
9470.140022  
9495.345804  
9550.543601  
9464.399601  
9502.772561  
9429.800695  
9488.747085  
9462.759565  
9459.111759  
9461.169319  
9574.548254  
9519.680865  
9580.558594  
9566.306827  
9470.555894  
9556.121438  
9535.833798  
9585.249469  
9587.676298  
9658.964671  
9573.628016  
9594.154728  
9550.632195  
9605.136805  
9566.362161  
9546.02822  
9404.203096  
9381.418026  
9256.316593  
9207.944149  
9263.382655  
9235.488095  
9333.574492  
9397.452536  
9528.225643  
9556.52292  
9201.010814  
9060.900965  
9447.701653  
9496.647648  
9350.709343  
9427.171071  
9368.464714  
9401.904943  
9362.816363  
9233.598274  
9232.891896  
9311.964147  
9419.065573  
9482.714743  
9494.943345  
9492.990809  
9446.985337  
9498.561179  
9538.604923  
9624.815473  
9671.269546  
9712.632037  
9819.457505  
9755.261676  
9818.075942  
9721.260168  
9646.033907  
9636.679127  
9530.098159  
9550.926542  
9520.337201  
9585.885972  
9662.008215  
9570.831945  
9579.33723  
9414.42525  
9487.001235  
9624.831787  
9599.347024  
9584.719526  
9616.36499  
9616.139275  
9442.4077  
9373.538474  
9436.389979  
9435.812888  
9532.243509  
9529.326416  
9475.122358  
9584.374828  
9463.607508  
9523.932718  
9423.71628  
9406.712445  
9401.100758  
9371.33374  
9369.383487  
9409.604449  
9351.509191  
9428.204762  
9494.448558  
9589.151654  
9571.207606  
9638.691593  
9630.478142  
9588.462675  
9618.57037  
9504.896039  
9479.017219  
9465.740593  
9492.296502  
9492.110438  
9422.467127  
9507.179357  
9451.159668  
9434.952938  
9349.035688  
9494.71335  
9462.590045  
9523.407341  
9489.683536  
9585.090504  
9549.745275  
9593.719971  
9560.557617  
9432.206098  
9472.664106  
9416.492661  
9404.355483  
9400.580969  
9483.482321  
9497.565616  
9515.7011  
9462.433881  
9484.17423  
9444.475284  
9507.866613  
9474.505486  
9572.314353  
9605.773222  
9641.858657  
9746.697237  
9712.32959  
9467.854593  
9431.397719  
9405.077637  
9437.854952  
9386.838365  
9365.717285  
9315.114732  
9311.976376  
9396.289005  
9380.139505  
9404.039536  
9366.268512  
9319.5733  
9451.390941  
9446.78833  
9550.545611  
9625.947567  
9628.429802  
9566.867432  
9534.225514  
9538.040499  
9513.08611  
9493.955294  
9472.181052  
9509.403292  
9442.49618  
9412.116814  
9467.247961  
9591.348188  
9544.956141  
9657.864775  
9529.436696  
9423.075554  
9623.12253  
9447.92818  
9440.979808  
9445.640884  
9353.95278  
9449.376537  
9461.944221  
9573.353228  
9618.155001  
9603.498865  
9634.638399  
9616.613367  
9626.623305  
9632.625962  
9508.966854  
9553.739646  
9514.202507  
9467.503691  
9447.475557  
9494.570743  
9408.304759  
9418.941564  
9392.414062  
9431.279484  
9426.18559  
9390.49572  
9384.351606  
9350.778004  
9327.034108  
9347.184872  
9388.126824  
9353.758574  
9331.247185  
9332.006879  
9333.480526  
9303.611328  
9395.724222  
9381.578139  
9598.51495  
9563.047062  
9248.192139  
9592.535874  
9545.648811  
9578.510297  
9444.082922  
9530.161377  
9560.784596  
9540.97122  
9533.684585  
9530.821677  
9439.217228  
9489.925121  
9543.838953  
9575.636546  
9608.755917  
9616.391013  
9653.90085  
9600.376091  
9682.345832  
9861.332204  
9391.146197  
9680.231129  
9883.891673  
9728.347656  
9776.683622  
9602.970775  
9546.26113  
9426.953455  
9330.948874  
9246.301858  
9332.029153  
9421.572639  
9403.825152  
9438.003748  
9418.647403  
9452.443503  
9515.045582  
9381.170152  
9572.542208  
9524.243925  
9485.060726  
9583.75308  
9616.219439  
9521.361831  
9513.526396  
9452.151525  
9365.468793  
9438.238497  
9433.452206  
9466.469971  
9443.325641  
9407.641544  
9355.969052  
9440.77654  
9428.552548  
9518.944738  
9562.893368  
9545.637853  
9550.446964  
9478.733111  
9516.052462  
9554.642923  
9597.446504  
9636.767636  
9662.399902  
9544.744543  
9493.138141  
9511.245447  
9596.84286  
9494.562715  
9524.667035  
9434.025678  
9440.012408  
9374.503834  
9438.887193  
9464.792581  
9481.197108  
9529.270795  
9511.991584  
9467.371711  
9482.222426  
9446.414192  
9390.628116  
9393.54475  
9421.759895  
9486.824836  
9515.139218  
9493.68931  
9453.026985  
9532.675149  
9507.379998  
9546.51495  
9496.857508  
9615.446074  
9713.550121  
9686.27529  
9532.96335  
9545.263155  
9637.340174  
9452.309901  
9489.305133  
9467.549489  
9492.201158  
9438.670755  
9499.974595  
9475.278866  
9420.348202  
9362.582017  
9196.97219  
9145.225744  
9142.897059  
9075.097268  
9144.769323  
9295.310676  
9362.567333  
9319.323379  
9304.265453  
8903.784496  
9409.610782  
9356.526439  
9457.042165  
9483.87118  
9515.310116  
9479.607436  
9550.57666  
9640.175566  
9679.138155  
9732.367791  
9793.147188  
9831.576445  
9672.15513  
9860.944781  
9696.082074  
9736.873909  
9626.210191  
9595.981172  
9429.434886  
9447.226089  
9494.244672  
9500.245763  
9592.819896  
9587.870993  
9536.561365  
9557.901195  
9410.150304  
9412.8017  
9448.371302  
9569.417279  
9535.474724  
9516.469655  
9564.027013  
9557.079532  
9602.395809  
9621.732982  
9605.559096  
9583.240895  
9526.363367  
9427.722412  
9327.605598  
9285.455545  
9318.835191  
9381.969468  
9422.350284  
9472.686882  
9394.456744  
9444.395738  
9458.257382  
9488.805664  
9556.52799  
9632.579303  
9692.074133  
9708.266817  
9715.960492  
9619.809814  
9502.095947  
9458.211297  
9520.673742  
9556.076976  
9580.914278  
9588.439999  
9647.050307  
9594.857738  
9562.869514  
9520.562572  
9391.586555  
9478.14288  
9458.023265  
9541.414953  
9467.895206  
9537.850414  
9395.665815  
9429.341366  
9435.626939  
9356.19323  
9402.22573  
9350.777976  
9416.808694  
9272.914809  
9394.184513  
9364.560159  
9362.173527  
9339.919233  
9436.489674  
9519.243121  
9561.450037  
9581.93378  
9601.459846  
9494.9456  
9484.908806  
9591.930003  
9540.588293  
9529.607149  
9549.869787  
9432.94267  
9523.400089  
9554.664551  
9625.362175  
9739.282155  
9768.580825  
9768.278464  
9807.574061  
9568.769287  
9600.471522  
9544.115263  
9507.318948  
9411.664709  
9397.422622  
9512.041188  
9404.190746  
9425.739445  
9410.109217  
9594.11005  
9804.376752  
9472.010757  
9780.517262  
9690.460593  
9547.121266  
9430.283533  
9351.177979  
9343.559254  
9407.549359  
9374.387279  
9387.189769  
9435.900462  
9240.663861  
9305.119471  
9279.899077  
9032.843556  
9307.81362  
9406.606309  
9484.499167  
9512.425178  
9518.251537  
9425.992389  
9498.421523  
9658.540283  
8851.72909  
9772.178036  
9856.830279  
9666.814065  
9642.574966  
9551.520522  
9470.824621  
9452.245275  
9447.544075  
9449.322151  
9381.705997  
9357.975615  
9471.073458  
9449.598216  
9354.196878  
9379.497494  
9392.492934  
9383.037842  
9418.883509  
9469.43801  
9445.121338  
9433.437715  
9452.545511  
9563.639419  
9623.857896  
9718.606043  
9675.810734  
9515.215102  
9460.981517  
9541.399328  
9591.301988  
9662.813362  
9679.924719  
9641.145249  
9692.813606  
9558.157657  
9423.074003  
9341.057251  
9402.175889  
9467.27338  
9427.616828  
9477.22639  
9521.35768  
9531.157557  
9536.596148  
9526.486658  
9556.453139  
9838.236472  
9617.642851  
9623.369413  
9611.716984  
9578.860897  
9614.864818  
9530.018181  
9458.535321  
9318.789041  
9294.01877  
9273.930097  
9576.278593  
9504.264074  
9465.998909  
9525.514131  
9583.572007  
9569.390639  
9877.330825  
9877.151195  
9685.056971  
9475.793917  
9238.951603  
9082.532643  
8965.186107  
9014.500029  
8984.579073  
9067.961842  
9213.914393  
9232.397497  
9351.669635  
9399.091768  
9557.533447  
9602.659381  
9571.156509  
9576.131822  
9622.77473  
9566.661865  
9668.362104  
9619.377068  
9629.072797  
9704.239358  
9730.666001  
9600.638672  
9661.51439  
9544.440545  
9577.294448  
9551.963695  
9495.539307  
9462.455839  
9450.584645  
9359.503188  
9446.821246  
9445.461584  
9493.362707  
9455.120433  
9368.678266  
9459.164292  
9395.535372  
9386.701746  
9402.256491  
9363.470014  
9350.884952  
9343.956428  
9319.741024  
9417.167021  
9437.480282  
9499.850083  
9502.557143  
9497.334487  
9566.279268  
9609.723087  
9639.565042  
9713.859447  
9745.851864  
9825.167811  
9797.781049  
9807.146269  
9656.921344  
9624.93661  
9587.365952  
9537.057014  
9458.191392  
9449.514778  
9479.600356  
9421.308249  
9424.313376  
9438.82689  
9402.223417  
9311.341309  
9235.268239  
9255.739229  
9283.171731  
9108.033562  
9205.354729  
9342.723317  
9533.997516  
9395.906494  
9496.188936  
9081.049  
9422.05547  
9521.755314  
9440.001106  
9464.322237  
9393.060231  
9302.893138  
9283.64601  
9194.640395  
9371.076143  
9424.397303  
9442.541762  
9434.756879  
9429.653967  
9428.302734  
9484.221895  
9490.894431  
9603.837115  
9647.648394  
9665.192139  
9706.744773  
9765.129395  
9815.042121  
9801.795252  
9730.024644  
9729.369284  
9667.260742  
9667.958855  
9538.952938  
9541.577378  
9439.271843  
9340.308364  
9381.686093  
9406.189396  
9390.102869  
9407.800078  
9334.526669  
9434.759679  
9485.017377  
9498.446706  
9642.480024  
9627.765481  
9757.958654  
9640.96819  
9564.268612  
9500.639706  
9517.557818  
9480.673641  
9508.547708  
9516.96078  
9534.624612  
9517.272949  
9534.9212  
9526.753088  
9464.576631  
9410.437414  
9439.376838  
9450.232637  
9468.095143  
9460.315717  
9413.613411  
9437.589255  
9462.216423  
9409.504237  
9422.923742  
9715.246611  
9239.02766  
9379.792954  
9539.269416  
9497.809269  
9486.704504  
9378.581126  
9292.957448  
9485.38445  
9686.258717  
9600.982092  
9776.103659  
9710.748865  
9618.064984  
9454.601476  
9314.010613  
9286.678883  
9316.473805  
9336.563635  
9432.881836  
9449.664551  
9437.346795  
9450.190846  
9456.430348  
9517.822941  
9465.498076  
9451.461512  
9480.06721  
9559.602783  
9531.794678  
9738.952378  
9712.675824  
9664.665111  
9573.566622  
9618.449305  
9614.667279  
9480.711842  
9470.442684  
9413.558737  
9471.688204  
9469.78731  
9507.287181  
9506.159668  
9512.437285  
9495.03036  
9572.073903  
9648.534309  
9558.404498  
9529.627111  
9424.156609  
9343.89502  
9329.083783  
9470.19099  
9460.836167  
9610.423024  
9626.30295  
9542.239287  
9525.489473  
9528.431899  
9479.504696  
9451.72247  
9492.202895  
9462.221249  
9489.272504  
9484.852051  
9536.164422  
9415.156868  
9476.896786  
9490.286305  
9500.936265  
9583.712359  
9706.580164  
9471.77394  
9517.24167  
9453.121553  
9282.303036  
9280.52687  
9333.694824  
9232.491218  
9250.391982  
9258.231991  
9244.196512  
9388.523516  
9441.429889  
9427.0191  
9417.452924  
9380.13366  
9353.090059  
9535.351261  
9568.293601  
9598.754337  
9582.105555  
9598.207735  
9555.422952  
9570.550494  
9496.229636  
9385.857077  
9792.852711  
9705.804328  
9591.277961  
9486.032083  
9478.846364  
9503.264117  
9493.019905  
9381.132281  
9395.457649  
9442.125244  
9467.201301  
9553.212618  
9608.028651  
9606.24921  
9584.553941  
9629.832649  
9551.732953  
9584.590806  
9657.996955  
9712.563879  
9688.794922  
9642.466639  
9541.294663  
9581.872846  
9501.990536  
9523.152344  
9430.424934  
9520.849092  
9490.648107  
9493.967386  
9407.801499  
9403.347211  
9302.599322  
9334.673369  
9278.912497  
9316.567799  
9455.015051  
9645.536162  
9742.24707  
9262.258803  
9238.523193  
9572.771786  
9399.905798  
9290.51867  
9186.987958  
8701.072862  
9110.403766  
8757.272447  
9227.524543  
9239.655927  
9228.412899  
9211.505931  
9342.454461  
9505.334645  
9731.702134  
9801.459085  
9923.322567  
9881.03339  
9767.34668  
9741.154125  
9704.328139  
9803.786549  
9810.242618  
9843.829848  
9654.857695  
9678.977324  
9773.338321  
9722.341337  
9619.330021  
9508.820944  
9287.189475  
9301.068144  
9272.55733  
9384.49325  
9346.287827  
9355.677418  
9458.231244  
9530.357968  
9489.745318  
9627.934585  
9642.190401  
9662.146614  
9567.083984  
9551.928912  
9515.577192  
9497.57195  
9505.081888  
9479.812529  
9476.989229  
9515.280503  
9575.721493  
9690.144603  
9683.961067  
9628.676499  
9499.365536  
9441.329963  
9460.063721  
9401.178539  
9425.327091  
9397.93839  
9368.956055  
9493.75089  
9562.845215  
9611.639505  
9551.657772  
9498.981761  
9429.270264  
9446.926729  
9348.270838  
9385.273998  
9413.933105  
9356.784108  
9377.841452  
9530.242762  
9558.991556  
9618.033835  
9633.49595  
9566.273897  
9546.790025  
9451.161851  
9468.724581  
9432.001479  
9449.282298  
9555.97382  
9530.298225  
9494.051169  
9520.101045  
9516.710392  
9474.499138  
9498.060935  
9497.275778  
9590.276841  
9557.293859  
9550.732436  
9480.946533  
9500.569652  
9500.464197  
9536.93447  
9646.308278  
9666.266156  
9585.644072  
9559.799489  
9511.201962  
9585.462445  
9533.460894  
9574.268153  
9492.132195  
9520.623435  
9460.411133  
9460.639088  
9386.280331  
9328.144675  
9322.513198  
9381.845229  
9516.639117  
9548.329877  
9474.64693  
9403.401324  
9330.678352  
9294.393885  
9285.257324  
9366.275319  
9441.149888  
9459.636747  
9399.731345  
9454.039077  
9376.258516  
9375.377513  
9303.38063  
9367.775577  
9456.970358  
9578.926399  
9844.740924  
9749.252858  
9411.175379  
9407.77575  
9616.550451  
9582.388916  
9354.853157  
9309.864157  
9174.893741  
9154.974609  
9104.114926  
9701.373909  
9464.740924  
9533.837201  
9550.970703  
9476.932143  
9482.365536  
9530.631692  
9546.824621  
9584.953699  
9580.835334  
9535.870519  
9532.083166  
9556.006707  
9688.675523  
9642.868494  
9711.765754  
9721.67502  
9697.859533  
9617.718922  
9679.868437  
9610.443144  
9665.273179  
9661.755587  
9748.412425  
9643.495993  
9588.216653  
9476.369672  
9470.733872  
9420.750503  
9455.487736  
9449.33891  
9516.02473  
9533.774084  
9477.159036  
9467.897346  
9461.312184  
9378.957563  
9332.64502  
9366.271614  
9309.376077  
9292.22639  
9355.995835  
9434.417193  
9501.90872  
9561.254524  
9538.980612  
9496.025778  
9607.243839  
9565.435303  
9506.308077  
9484.194077  
9537.264964  
9532.882281  
9579.175078  
9543.228975  
9551.326718  
9515.799374  
9462.329418  
9476.347872  
9436.775534  
9504.653162  
9553.960593  
9475.132109  
9557.604392  
9558.108154  
9593.238755  
9627.296602  
9534.066076  
9356.985387  
9527.071533  
9479.301356  
9359.38669  
9390.944652  
9354.90401  
9380.315746  
9387.160515  
9361.358513  
9328.512638  
9294.954877  
9308.421071  
9390.709746  
9531.285932  
9551.262954  
9498.938132  
9528.64018  
9432.325583  
9423.185375  
9430.181569  
9425.413344  
9417.10903  
9444.885577  
9518.317512  
9370.266415  
9427.668974  
9469.681224  
9515.360466  
9502.938462  
9446.485222  
9466.128432  
9480.62714  
9471.925092  
9443.977754  
9492.796028  
9610.838479  
9632.556396  
9529.718994  
9508.886259  
9528.358686  
9535.674805  
9615.851132  
9675.495189  
9777.726577  
9737.484763  
9896.641544  
9758.916963  
9494.82419  
9488.167078  
9453.812586  
9464.989287  
9367.118983  
9162.36573  
9117.050968  
9063.946203  
9152.977553  
9181.232264  
9194.8275  
9260.622458  
9424.85488  
9435.410156  
9549.070557  
9616.167954  
9454.444738  
9469.107795  
9433.4566  
9449.090088  
9417.38366  
9458.151726  
9499.551571  
9490.004193  
9552.527933  
9601.924876  
9574.957907  
9445.206615  
9433.040929  
9447.129337  
9425.37355  
9310.750474  
9341.770795  
9428.735897  
9452.981359  
9545.395881  
9590.772116  
9647.056353  
9479.859634  
9445.793701  
9376.046703  
9492.699908  
9486.170353  
9625.281896  
9537.063836  
9527.480842  
9552.213709  
9513.059412  
9482.400175  
9521.554228  
9508.541906  
9544.7854  
9525.792897  
9452.968635  
9560.458238  
9384.120447  
9111.979148  
9446.550781  
9541.422148  
9410.316923  
9301.130558  
9261.831845  
9193.275333  
9149.364617  
9171.090023  
9121.022059  
9263.34263  
9299.463436  
9389.008401  
9439.784567  
9563.480627  
9588.559656  
9445.010426  
9427.719712  
9327.686394  
9442.714872  
9325.277301  
9385.376106  
7034.406013  
9295.124713  
9476.71177  
9620.85819  
9599.744557  
9611.317656  
9700.215533  
9771.467256  
9719.111479  
9596.481352  
9578.629086  
9522.127032  
9526.305707  
9562.875661  
9501.171674  
9475.471048  
9473.002571  
9460.531724  
9476.62286  
9513.978228  
9570.071993  
9594.555305  
9646.330767  
9590.741599  
9683.713896  
9655.191579  
9712.837589  
9619.562787  
9630.043816  
9583.019014  
9533.854679  
9392.098848  
9328.991455  
9354.572984  
9303.619959  
9352.264017  
9359.800279  
9339.433292  
9418.263284  
9425.909524  
9394.044807  
9314.824707  
