11335.51562  
11345.07229  
11366.91125  
11420.05553  
11422.34302  
11390.11328  
11319.20461  
11315.62978  
11370.13576  
11317.26184  
11381.76658  
11386.56043  
11383.26522  
11348.84559  
11368.76668  
11352.87497  
11324.77395  
11349.07504  
11359.69201  
11366.82466  
11409.32465  
11375.86977  
11433.78534  
11330.6064  
11301.21568  
11308.37002  
11256.54698  
11278.2289  
11299.35569  
11318.77111  
11350.69937  
11375.33543  
11406.09783  
11407.5052  
11431.80193  
11391.47878  
11422.1215  
11358.07568  
11376.04082  
11358.95786  
11297.0414  
11337.61725  
11303.82873  
11352.03569  
11423.45122  
11472.47353  
11450.40825  
11416.86341  
11380.32755  
11413.4647  
11365.00788  
11365.14263  
11408.89309  
11411.9349  
11365.19136  
11368.36704  
11378.64343  
11301.25203  
11308.01917  
11346.16767  
11306.44642  
11323.89097  
11307.22429  
11288.41993  
11293.26456  
11302.71802  
11321.49568  
11328.01104  
11402.41926  
11411.77979  
11403.53095  
11366.89555  
11387.61001  
11445.90954  
11392.58167  
11404.23527  
11396.22715  
11384.56787  
11360.3224  
11377.43061  
11392.51067  
11303.41822  
11306.02581  
11263.58046  
11277.7651  
11284.46861  
11412.76329  
11341.88819  
11425.68479  
11330.6838  
11373.68047  
11338.50168  
11324.93864  
11329.10238  
11340.0371  
11301.378  
11336.23821  
11316.60395  
11376.44678  
11424.54957  
11436.51158  
11459.48276  
11377.69924  
11340.0017  
11372.67105  
11453.61267  
11413.81629  
11399.55313  
11382.02349  
11313.56799  
11357.69134  
11351.65569  
11324.09933  
11290.28345  
11303.8019  
11317.90046  
11355.4813  
11351.09898  
11358.15061  
11296.74937  
11347.74441  
11439.19026  
11381.33423  
11363.29169  
11311.71786  
11302.25694  
11335.08648  
11375.87207  
11376.92452  
11352.09665  
11394.83864  
11415.77509  
11447.44393  
11403.674  
11466.35667  
11443.67762  
11417.3081  
11367.34775  
11362.66777  
11353.80034  
11362.69155  
11286.6341  
11370.81761  
11312.47634  
11302.84916  
11282.42038  
11323.68931  
11378.26247  
11353.82686  
11388.69024  
11401.21679  
11410.11411  
11418.70374  
11406.43147  
11412.01171  
11372.74211  
11381.8643  
11355.28445  
11372.82581  
11330.00141  
11352.17972  
11332.64171  
11340.29904  
11291.42779  
11312.32887  
11354.96748  
11278.00268  
11267.51023  
11321.48726  
11311.08567  
11339.40274  
11361.70812  
11343.24641  
11373.97897  
11434.19723  
11467.97787  
11424.22558  
11428.52475  
11408.05932  
11422.45697  
11435.40974  
11393.9888  
11364.67262  
11268.26324  
11237.58802  
11306.33534  
11313.92338  
11387.36687  
11359.85978  
11391.92221  
11348.05058  
11351.2808  
11336.69064  
11354.73324  
11333.69899  
11408.87208  
11341.53115  
11362.03628  
11404.23377  
11392.20973  
11388.03075  
11333.02636  
11373.33038  
11355.34783  
11424.26515  
11333.29282  
11395.26465  
11396.60029  
11331.99946  
11335.35525  
11294.74863  
11294.65461  
11277.78839  
11355.1222  
11373.11347  
11427.47348  
11414.32443  
11419.53696  
11347.4801  
11404.20989  
11387.68749  
11426.6783  
11445.80002  
11390.88014  
11360.56995  
11277.87564  
11302.56451  
11349.38984  
11333.4719  
11306.66936  
11328.85785  
11295.04913  
11331.74119  
11339.64234  
11324.65149  
11378.97255  
11352.30002  
11339.54108  
11372.87029  
11396.68264  
11457.72645  
11462.28151  
11447.51145  
11409.33599  
11406.21809  
11323.33253  
11334.39745  
11345.04756  
11363.5012  
11402.02464  
11393.15876  
11369.42852  
11367.55268  
11321.14382  
11273.5561  
11335.36833  
11328.08276  
11321.28462  
11358.04551  
11319.07782  
11383.50423  
11395.45089  
11391.98481  
11436.53252  
11398.11208  
11359.08379  
11388.53161  
11419.37722  
11428.71568  
11438.8333  
11354.82484  
11380.08058  
11345.24129  
11345.90272  
11304.25309  
11350.36133  
11347.43265  
11362.10137  
11397.42957  
11390.13841  
11454.41821  
11384.39998  
11338.0793  
11328.89649  
11358.86218  
11326.63194  
11361.24517  
11360.91225  
11345.71325  
11367.5073  
11338.35363  
11368.88677  
11390.1833  
11356.23758  
11323.4494  
11291.92998  
11264.98115  
11338.68415  
11334.85766  
11326.50164  
11322.1268  
11405.67212  
11286.64686  
11439.28581  
11406.47612  
11309.23517  
11352.7967  
11285.57754  
11326.88884  
11239.1733  
11295.41272  
11303.45172  
11306.19918  
11376.53378  
11396.77322  
11434.0041  
11467.73895  
11479.26152  
11522.42374  
11503.22619  
11469.24358  
11373.48843  
11379.79583  
11367.83865  
11389.8847  
11384.87858  
11328.81951  
11343.94856  
11359.98035  
11322.26612  
11315.12323  
11277.42311  
11305.46793  
11378.31012  
11351.81939  
11348.36419  
11399.48076  
11403.4216  
11375.44116  
11388.11229  
11317.43364  
11375.48413  
11378.55647  
11304.26184  
11385.33601  
11414.84605  
11443.03907  
11391.21027  
11353.50932  
11292.32924  
11345.546  
11329.11121  
11317.12044  
11353.10532  
11355.7199  
11367.63662  
11404.36235  
11366.15661  
11368.37057  
11398.54199  
11444.672  
11421.1048  
11434.13408  
11416.90845  
11363.97548  
11343.77877  
11330.20837  
11330.25531  
11372.93497  
11364.37735  
11344.61518  
11269.57368  
11347.35127  
11373.22457  
11384.45677  
11441.77315  
11435.09221  
11459.08598  
11403.9577  
11351.70498  
11347.50095  
11310.71525  
11333.17807  
11328.55301  
11358.47752  
11363.93252  
11341.93223  
11355.5428  
11347.71863  
11290.21705  
11324.37548  
11328.95271  
10924.16585  
11478.43512  
11499.28903  
11452.73453  
11456.39553  
11375.91785  
11385.22257  
11324.82882  
11361.64141  
11327.42117  
11362.73241  
11365.59397  
11387.04614  
11380.21021  
11415.51933  
11422.64914  
11364.65016  
11352.28217  
11354.57138  
11341.82533  
11331.81307  
11329.73504  
11281.29389  
11292.51613  
11318.9042  
11350.17677  
11311.70496  
11316.45672  
11365.28325  
11353.63322  
11368.09334  
11361.1738  
11392.73282  
11417.36354  
11399.14171  
11366.96098  
11362.57661  
11380.78993  
11307.34117  
11366.36901  
11378.52066  
11392.35371  
11368.93276  
11362.63722  
11359.91864  
11331.33422  
11298.26938  
11276.33639  
11330.29466  
11324.7124  
11338.55917  
11342.34431  
11366.08149  
11379.96137  
11335.82556  
11309.91081  
11342.83789  
11336.59715  
11352.08075  
11330.20786  
11336.35329  
11380.51343  
11363.31275  
11351.75096  
11324.87249  
11357.38404  
11281.7877  
11293.9183  
11347.48009  
11325.76602  
11352.28246  
11382.57829  
11383.41453  
11352.09407  
11322.99205  
11304.00966  
11338.84385  
11302.33047  
11359.70459  
11387.14933  
11366.2871  
11422.43178  
11409.75287  
11401.65699  
11397.33826  
11373.04387  
11374.8262  
11463.12314  
11449.37767  
11419.17058  
11408.54271  
11430.09299  
11379.56343  
11419.55424  
11396.98428  
11425.53446  
11400.26337  
11378.94697  
11406.55078  
11320.18173  
11358.95996  
11391.27756  
11366.77333  
11316.5069  
11336.61609  
11396.26178  
11420.63021  
11393.99696  
11372.24643  
11296.41037  
11360.20651  
10609.97713  
11418.63808  
11398.65583  
11398.29114  
11334.90111  
11343.46368  
11390.79137  
11380.4741  
11434.12664  
11462.64974  
11349.61502  
11466.1984  
11395.44784  
11388.54223  
11371.67844  
11344.35134  
11297.55708  
11319.22829  
11288.51477  
11311.56377  
11351.51366  
11398.77542  
11459.33558  
11509.99262  
11447.05849  
11413.54612  
11401.13287  
11330.45991  
11335.47095  
11308.6435  
11318.24088  
11323.67173  
11377.76775  
11367.84084  
11337.50399  
11351.4467  
11354.03618  
11330.59888  
11367.06858  
11365.5554  
11366.77581  
11323.33029  
11334.45888  
11330.97392  
11207.89497  
11314.46895  
11286.88148  
11343.40534  
11309.20077  
11304.16344  
11314.98263  
11354.39978  
11405.08976  
11444.1053  
11419.2836  
11420.65192  
11389.14954  
11397.19015  
11384.18102  
11367.79328  
11331.70321  
11350.86245  
11403.51083  
11373.40188  
11344.94112  
11372.72593  
11319.94637  
11395.02962  
11409.45952  
11450.94094  
11018.20625  
11516.42281  
11329.16721  
11212.41178  
11391.23424  
11446.35798  
11366.09599  
11316.04124  
11339.29078  
11333.72514  
11354.94252  
11367.45131  
11382.34115  
11385.8638  
11375.206  
11380.37101  
11427.26965  
11432.02131  
11482.44688  
11479.52512  
11433.22106  
11395.55948  
11424.02722  
11363.07678  
11393.14431  
11401.65391  
11379.68027  
11435.62713  
11414.48733  
11405.61222  
11332.52905  
11392.80381  
11340.97237  
11363.19912  
11313.96782  
11431.1205  
11368.0388  
11403.31502  
11419.90582  
11429.4015  
11397.63843  
11372.96401  
11371.20051  
11315.4067  
11351.87876  
11372.56699  
11369.70642  
11432.99514  
11398.52568  
11353.82849  
11338.13076  
11352.9231  
11332.47971  
11358.6413  
11364.92485  
11305.17359  
11378.03679  
11317.37893  
11303.61751  
11319.62752  
11336.97916  
11353.52559  
11377.23227  
11386.74963  
11400.54888  
11377.29141  
11348.62433  
11380.92696  
11323.22992  
11357.8896  
11394.77541  
11367.69966  
11414.07411  
11387.57401  
11450.23126  
11421.87662  
11383.69222  
11389.91975  
11401.32345  
11379.14296  
11392.15456  
11379.38861  
11413.30459  
11430.06222  
11420.57811  
11428.91927  
11367.20016  
11419.86676  
11404.3417  
11400.17309  
11466.2724  
11457.35634  
11446.50266  
11175.26114  
11026.97416  
11450.84128  
11324.62314  
11338.74834  
11261.55536  
11249.4328  
11284.51819  
11223.57389  
11379.73353  
11391.57983  
11426.8401  
11402.66765  
11467.76688  
11301.54682  
11349.80026  
11502.35958  
11060.71046  
11585.83105  
11395.06007  
11398.54239  
11425.18375  
11396.63416  
11388.75974  
11388.36596  
11449.91822  
11381.76761  
11396.28902  
11362.74702  
11387.42989  
11369.67247  
11372.36027  
11398.4213  
11393.78445  
11407.22769  
11476.11183  
11464.17613  
11288.39076  
11036.15144  
11177.87072  
11349.79704  
11379.87083  
11344.44493  
11284.35663  
11292.50384  
11310.62534  
11320.59235  
11340.30924  
11298.52358  
11325.72928  
11329.76048  
11372.08152  
11388.81735  
11388.67284  
11379.77109  
11374.29009  
11388.23485  
11400.12053  
11395.1728  
11377.43689  
11364.94966  
11351.32242  
11340.77789  
11267.46027  
11291.91053  
11249.53258  
11305.91721  
11320.3007  
11315.6419  
11339.07459  
11402.66579  
11482.41424  
11302.23362  
11360.58802  
11360.83925  
11407.4061  
11410.38517  
11352.59944  
11380.61999  
11333.58837  
11364.19699  
11327.63979  
11381.32599  
11316.08791  
11278.67368  
11319.33946  
11328.60779  
11273.22464  
11332.87076  
11358.27787  
11349.05787  
11273.30217  
11415.4689  
11383.37176  
11370.29002  
11383.70139  
11411.5852  
11363.61145  
11401.93857  
11439.5176  
11442.27698  
11376.74527  
11366.17365  
11356.90696  
11361.96342  
11366.16317  
11352.18397  
11325.02724  
11383.26152  
11360.13817  
11426.77999  
11402.91509  
11368.01691  
11357.26432  
11370.23918  
11322.62231  
11312.71715  
11332.60735  
11250.95611  
11327.64133  
11346.30873  
11338.14414  
11321.76423  
11349.42002  
11363.26877  
11369.32833  
11395.94041  
11439.40541  
11463.26639  
11387.71655  
11320.13632  
11349.28331  
11398.05759  
11333.60763  
11344.37594  
11334.79925  
11257.94931  
11414.39392  
11311.73589  
11369.93329  
11390.51312  
11380.69916  
11331.21469  
11396.41042  
11361.51292  
11366.16316  
11398.9641  
11340.1149  
11369.66907  
11371.54792  
11375.62519  
11391.18911  
11391.9948  
11383.54115  
11381.2672  
11375.38846  
11356.14107  
11294.19749  
11313.80196  
11278.39342  
11290.23546  
11324.75986  
11368.71723  
11381.95278  
11392.5565  
11422.72427  
11372.25468  
11485.51919  
11414.03226  
11398.12752  
11448.70202  
11400.79019  
11392.88591  
11344.48563  
11332.10097  
11251.30874  
11286.73875  
11282.62316  
11291.19008  
11354.09403  
11403.08867  
11353.21642  
11352.79229  
11350.21513  
11331.81678  
11359.05554  
11345.70413  
11333.9864  
11447.3362  
11361.88148  
11367.95529  
11381.1154  
11358.37717  
11357.62582  
11372.60112  
11412.49522  
11375.61017  
11384.20985  
11449.73843  
11425.90155  
11359.85767  
11436.37448  
11315.58537  
11318.09105  
11281.06639  
11323.7136  
11281.93325  
11347.61648  
11316.36863  
11337.13433  
11378.78999  
11318.92513  
11358.00806  
11375.59445  
11360.97908  
11416.41965  
11353.82354  
11355.88446  
11376.82854  
11390.58499  
11332.58385  
11377.08669  
11388.46149  
11427.05639  
11453.38826  
11488.02444  
11397.84192  
11345.02239  
11355.13891  
11306.82876  
11316.49142  
11347.97642  
11361.4639  
11298.7185  
11301.31273  
11303.0106  
11284.32647  
11352.23868  
11348.60034  
11317.5977  
11407.59254  
11334.44552  
11357.27935  
11380.58926  
11406.63203  
11385.17973  
11458.44161  
11329.07228  
11394.58914  
11330.05701  
11343.00048  
11347.96151  
11389.59635  
11405.96208  
11400.02863  
11400.44679  
11382.64902  
11378.05907  
11471.01708  
11518.54971  
11550.29511  
11547.8111  
11491.48976  
11481.12391  
11384.75346  
11315.4292  
11363.63089  
11321.40228  
11368.30751  
11306.35081  
11353.06392  
11367.00945  
11412.71455  
11445.63522  
11458.61664  
11374.99049  
11376.37695  
11400.6413  
11299.75986  
11013.70508  
11515.39697  
10790.92424  
11336.14583  
11352.48558  
11335.97217  
11355.83832  
11324.85923  
11402.14919  
11369.76833  
11412.46695  
11436.16231  
11426.25099  
11323.42065  
11277.62826  
11278.86631  
11230.71747  
11254.5367  
11328.15564  
11365.933  
11407.43598  
11422.6466  
11458.23057  
11369.37199  
11450.66986  
11356.87094  
11426.75239  
11414.64582  
11416.41527  
11366.21862  
11329.82917  
11295.54972  
11258.49865  
11256.40731  
11279.58132  
11273.15309  
11319.46516  
11365.02305  
11338.43377  
11343.39052  
11351.91575  
11334.63686  
11395.88451  
11430.8522  
11437.13588  
11396.16551  
11430.96786  
11423.57057  
11445.9935  
11424.87694  
11368.01922  
11368.64048  
11365.08532  
11316.66826  
11369.6833  
11281.76481  
11294.77497  
11260.31647  
11312.51267  
11326.77049  
11311.28999  
11342.22125  
11305.20206  
11303.6366  
11364.07087  
11380.87014  
11401.63423  
11395.33972  
11333.22074  
11300.35839  
11305.46502  
11319.71418  
11322.23262  
11394.17672  
11404.71841  
11375.04615  
11418.14023  
11423.85223  
11372.15298  
11372.87865  
11403.45432  
11382.62122  
11393.63926  
11341.01304  
11339.1997  
11506.73099  
11471.7314  
11181.43525  
11346.25893  
11364.39855  
11397.79264  
11348.11224  
11360.71714  
11369.45924  
11356.13425  
11360.91712  
11428.65323  
11396.25849  
11381.12624  
11380.95695  
11278.46573  
11288.49149  
11292.38295  
11318.8849  
11353.03785  
11267.37973  
11442.09786  
11340.9908  
11350.04564  
11357.37626  
11341.8115  
11325.77339  
11269.56562  
11282.58736  
11309.58154  
11346.62235  
11373.50908  
11400.14022  
11375.92121  
11359.19097  
11391.29572  
11390.21566  
11373.67722  
11421.62459  
11398.70626  
11426.34671  
11379.02681  
11338.25629  
11401.91871  
11363.58064  
11399.33712  
11381.42848  
11357.80658  
11374.89347  
11420.97582  
11351.92929  
11345.2978  
11204.18097  
11390.9949  
11380.72598  
11360.2827  
11432.63048  
11397.05973  
11341.70782  
11330.86928  
11352.22791  
11324.5145  
11378.84026  
11405.49503  
11425.2551  
11404.89367  
11400.32225  
11342.73763  
11286.30966  
11341.88537  
11341.26209  
11364.78783  
11357.50657  
11361.45143  
11354.43008  
11313.81871  
11327.55137  
11385.40415  
11396.73378  
11364.43697  
11395.90561  
11347.34095  
11368.37147  
11372.22625  
11360.84093  
11345.56677  
11396.92879  
11319.81362  
11351.81833  
11357.28732  
11392.18249  
11412.92234  
11410.83091  
11389.57123  
11380.14907  
11325.36276  
11339.53347  
11246.4419  
11306.54498  
11344.19743  
11335.86648  
11425.04429  
11380.56599  
11403.94423  
11405.22593  
11380.57281  
11355.54721  
11398.74251  
11340.22543  
11424.39018  
11355.88858  
11345.005  
11301.58731  
11329.60477  
11354.89889  
11356.45907  
11341.43729  
11366.44418  
11439.18819  
11394.91557  
11406.00168  
11391.03847  
11341.04438  
11362.34495  
11348.58385  
11369.77411  
11323.27832  
11333.9027  
11388.35722  
11421.19328  
11354.16165  
11343.2467  
11392.2612  
11369.53148  
11383.56732  
11394.24244  
11404.74688  
11382.4405  
11416.25161  
11393.36739  
11393.37531  
11361.75127  
11307.01485  
11331.71418  
11347.41237  
11368.72104  
11364.26898  
11367.82717  
11321.42353  
11307.70491  
11329.12255  
11288.04876  
11255.90601  
11285.0976  
11329.43639  
11328.68008  
11330.34524  
11312.83063  
11301.25563  
11286.54781  
11413.02507  
11411.91452  
11466.61251  
11419.46343  
11394.34427  
11316.06866  
11366.05252  
11373.233  
11327.84038  
11345.76966  
11370.26097  
11384.21931  
11435.28202  
11464.99179  
11476.62292  
11462.68895  
11453.35594  
11500.32795  
11444.43183  
11349.45095  
11302.03131  
11234.65523  
11240.30012  
11274.65169  
11261.0287  
11312.78563  
11327.95235  
11400.51358  
11419.21615  
11415.24999  
11368.71895  
11316.09567  
11357.35828  
11374.14362  
11378.96404  
11386.37093  
11336.92744  
11312.27342  
11381.20195  
11358.40894  
11463.71399  
11387.14469  
11370.31459  
11357.02573  
11384.8789  
11381.05397  
11285.33412  
11299.76921  
11288.64257  
11290.89742  
11288.35712  
11350.3927  
11380.11274  
11352.86724  
11387.58748  
11388.96939  
11408.68899  
11380.69272  
11331.28383  
11390.34459  
11389.24831  
11333.84235  
11428.68023  
11389.36299  
11397.38796  
11323.85409  
11354.18225  
11337.46021  
11038.49352  
11493.02921  
11574.39406  
11415.87342  
11359.64717  
11376.96664  
11368.72698  
11427.52135  
11398.25238  
11380.44826  
11328.46283  
11349.65813  
11291.57729  
11270.98043  
11297.17877  
11287.47  
11311.80618  
11359.46712  
11298.11162  
11332.6117  
11367.7549  
11428.03962  
11429.21431  
11458.42679  
11512.03896  
11394.58159  
11330.93471  
11347.09755  
11390.25324  
11364.97342  
11337.90732  
11366.249  
11329.07682  
11375.63547  
11344.4287  
11357.6062  
11354.10132  
11356.43505  
11372.86241  
11358.82001  
11307.80839  
11292.61112  
11300.93507  
11303.27003  
11271.06142  
11160.39159  
11516.77781  
11625.46635  
11529.84573  
11443.74295  
11386.72811  
11315.26245  
11320.97678  
11359.30111  
11311.878  
11321.54153  
11421.53539  
11406.89627  
11422.816  
11416.33092  
11399.67018  
11390.1847  
11384.90607  
11364.53744  
11390.91523  
11448.12093  
11375.69915  
11333.87667  
11325.14524  
11274.14752  
11256.89935  
11332.07303  
11371.46948  
11369.09263  
11351.92565  
11371.35868  
11375.11822  
11431.13828  
11496.12056  
11394.57287  
11403.55998  
11273.84015  
11294.69703  
11264.83197  
11238.62446  
11231.24305  
11366.94022  
11312.12904  
11376.9005  
11372.22271  
11404.26427  
11326.1632  
11352.70679  
11405.58298  
11356.71159  
11381.30462  
11324.23832  
11249.00556  
11247.51078  
11300.84372  
11319.3883  
11300.70797  
11311.18752  
11352.22613  
11387.44053  
11346.86539  
11375.39775  
11413.06755  
11419.93282  
11416.82407  
11496.10744  
11512.0097  
11516.27963  
11504.91007  
11417.30584  
11449.04922  
11389.7618  
11359.50542  
11288.93888  
11332.18626  
11335.41866  
11409.19525  
11368.36735  
11331.08884  
11334.4305  
11311.43497  
11361.65733  
11325.01318  
11331.39036  
11304.1879  
11337.16991  
11369.05369  
11396.84005  
11378.59252  
11390.25061  
11373.23567  
11364.97326  
11397.95419  
11392.61953  
11341.32676  
11384.44777  
11366.06772  
11400.63944  
11351.53354  
11437.05638  
11394.82875  
11379.98158  
11372.55732  
11322.61074  
11304.82524  
11259.41382  
11280.18111  
11313.66751  
11332.19534  
11312.20948  
11169.42259  
10844.34477  
11475.14566  
11331.22877  
11501.70838  
11410.90778  
11385.28584  
11412.33283  
11388.79286  
11296.79942  
11286.16541  
11255.07804  
11239.73862  
11337.61835  
11407.34915  
11401.92843  
11363.99816  
11411.17953  
11372.98191  
11411.70668  
11401.04193  
11440.13058  
11477.48506  
11505.18726  
11491.66471  
11504.86155  
11373.52034  
11414.71083  
11401.30828  
11279.42915  
11339.01614  
11302.67808  
11314.15023  
11307.54596  
11371.97657  
11301.07183  
11287.15585  
11359.48963  
11387.36596  
11359.09274  
11336.09527  
11312.59775  
11284.27727  
11372.57456  
11398.15803  
11384.94719  
11408.97117  
11367.00148  
11345.67831  
11298.2277  
11315.29179  
11323.79309  
11382.4673  
11399.62369  
11386.1094  
11418.04797  
11411.77182  
11417.35115  
11383.14593  
11343.40881  
11307.38296  
11255.41176  
11309.60681  
11386.71278  
11383.2314  
11427.34341  
11382.45663  
11416.20681  
11399.31447  
11363.24288  
11421.22152  
11344.94394  
11377.15292  
11345.572  
11330.34414  
11370.04955  
11341.89042  
11309.33523  
11343.12138  
11365.0685  
11305.24328  
11325.72883  
11318.42487  
11342.55559  
11496.1589  
11402.94167  
11314.52561  
11440.62474  
11431.27449  
11378.85406  
11304.10519  
11267.18032  
11411.28057  
11338.26271  
11347.89858  
11308.95834  
11349.6122  
11318.67048  
11403.76548  
11372.30847  
11397.08959  
11366.07199  
11384.58502  
11348.41505  
11370.37227  
11433.72426  
11409.81435  
11398.92659  
11423.35979  
11358.56922  
11395.60392  
11372.40743  
11332.11357  
11447.86564  
11358.40725  
11339.70766  
11286.75251  
11303.32432  
11308.60941  
11408.86472  
11392.40307  
11455.53775  
11399.63713  
11315.11926  
11356.55182  
11280.12596  
11279.61598  
11358.71058  
11313.03859  
11308.55764  
11346.86773  
11390.51251  
11380.44896  
11444.81346  
11449.2255  
11429.69011  
11383.42076  
11330.37155  
11341.51405  
11315.99758  
11293.53231  
11383.89103  
11444.76972  
11427.82444  
11420.53841  
11357.75612  
11294.89658  
11305.22688  
11313.92205  
11352.6222  
11343.84408  
11349.18688  
11387.83302  
11399.15477  
11396.74481  
10977.84232  
11762.20898  
11479.16654  
11363.21753  
11365.16992  
11283.99379  
11319.67614  
11329.72143  
11288.98159  
11302.11814  
11292.29677  
11319.11908  
11291.04189  
11306.16997  
11325.21037  
11352.42372  
11365.77291  
11445.02726  
11439.72704  
11451.0401  
11437.3584  
11478.92181  
11497.39974  
11451.90121  
11308.94884  
11328.09717  
11267.15834  
11281.18132  
11318.67195  
11328.51537  
11353.87578  
11369.92917  
11395.06983  
11381.05654  
11430.70965  
11359.34836  
11391.35588  
11293.70291  
11347.41559  
11325.24872  
11330.10335  
11311.81227  
11350.2974  
11358.36045  
11351.73996  
11382.49367  
11346.07384  
11368.89819  
11360.49919  
11370.61969  
11430.70638  
11332.26257  
11378.79636  
11291.8347  
11311.16821  
11304.43623  
11303.45107  
11352.31398  
11400.53921  
11476.74008  
11451.30808  
11460.10208  
11386.82026  
11398.36226  
11354.96459  
11321.45705  
11297.73565  
11302.35555  
11311.26505  
11337.04624  
11388.78469  
11323.99924  
11384.03109  
11360.88606  
11376.67434  
11404.93681  
11417.18987  
11413.79158  
11357.38738  
11379.66849  
11408.90582  
11387.87432  
11450.03556  
11430.07249  
11422.86142  
11403.03479  
11325.62133  
11311.82917  
11320.00079  
11334.8344  
11414.49556  
11353.29014  
11436.82183  
11369.70732  
11368.17863  
11297.38692  
11372.54868  
11355.34965  
11415.21642  
11359.46445  
11253.07865  
11129.24345  
11439.28829  
11313.70103  
11407.33034  
11385.83355  
11405.42504  
11376.93436  
11364.65357  
11351.29886  
11299.53035  
11302.88426  
11322.18515  
11321.18455  
11308.69406  
11341.89781  
11372.94488  
11390.96849  
11400.73541  
11370.48687  
11370.93424  
11351.02047  
11405.92486  
11399.06243  
11420.23421  
11372.89015  
11389.45946  
11349.07193  
11288.48073  
11366.85734  
11331.41349  
11310.49506  
11316.29276  
11416.07592  
11400.1241  
11456.04268  
11331.01303  
11291.23756  
11270.50791  
11319.93415  
11281.40425  
11395.73771  
11368.39835  
11370.0433  
11376.4294  
11397.96295  
11360.532  
11344.16883  
11347.30544  
11321.02871  
11334.78903  
11328.35196  
11368.95552  
11311.94817  
11385.43643  
11380.3704  
11346.24036  
11378.20002  
11432.0091  
11472.98114  
11444.77012  
11315.08123  
11305.84959  
11289.27311  
11269.76177  
11356.18554  
11312.92345  
11338.71257  
11322.59503  
11359.4159  
11391.22434  
11416.10826  
11458.19107  
11384.64497  
11355.14429  
11311.95425  
11359.62341  
11355.42616  
11339.72453  
11317.68666  
11281.27779  
11364.13677  
11333.65222  
11324.74414  
11323.36545  
11356.6475  
11356.0996  
11351.34736  
11407.94937  
11385.48089  
11377.693  
11375.63388  
11374.59248  
11391.94042  
11441.40975  
11593.12097  
11480.05589  
11297.96006  
11361.23601  
11402.14532  
11414.79817  
11343.151  
11328.61451  
11291.79514  
11260.59777  
11297.67499  
11335.9153  
11378.11295  
11345.99928  
11291.67533  
11263.7437  
11344.73358  
11510.48423  
11594.80191  
11392.30656  
11227.01897  
11272.97877  
11372.26936  
11383.61277  
11366.15192  
11284.21999  
11319.36963  
11321.91968  
11357.7028  
11370.5175  
11398.58757  
11412.36315  
11391.50079  
11423.55696  
11421.47944  
11417.38562  
11361.50731  
11400.83896  
11373.17562  
11366.49101  
11388.16178  
11411.02613  
11364.35221  
11398.89112  
11419.59579  
11386.0875  
11355.40934  
11393.21282  
11373.86148  
11332.98186  
11320.31932  
11407.65424  
11373.42039  
11376.10591  
11363.84552  
11374.85506  
11398.07356  
11367.96244  
11331.32168  
11316.04016  
11342.32278  
11353.78145  
11396.06525  
11389.80753  
11379.84088  
11383.89738  
11370.60317  
11316.71287  
11400.50477  
11339.38258  
11381.55664  
11336.43383  
11358.83691  
11351.77549  
11382.72398  
11368.63441  
11383.6197  
11338.79742  
11386.96955  
11384.55379  
11447.80455  
11423.7863  
11431.10319  
11384.18368  
11322.12014  
11271.45693  
11225.14112  
11128.96722  
11159.48596  
11128.25498  
11252.29645  
11396.99379  
11431.1703  
11424.86364  
11445.38183  
11280.10581  
11503.3347  
11175.52041  
11462.81294  
11359.26422  
11304.11314  
11373.46587  
11291.02777  
11328.92663  
11362.84603  
11375.91153  
11379.11672  
11356.03089  
11342.45412  
11483.3325  
11405.69763  
11496.36305  
11391.6064  
11423.18045  
11363.65976  
11380.04686  
11344.78297  
11341.46578  
11396.54057  
11337.66115  
11350.56105  
11336.59647  
11378.35653  
11378.1781  
11438.06533  
11441.8997  
11430.60589  
11463.25733  
11432.61283  
11376.02696  
11385.23594  
11369.02443  
11364.26754  
11327.84456  
11303.94999  
11270.08501  
11259.94291  
11292.10259  
11317.39281  
11322.46175  
11393.14912  
11399.15284  
11434.26551  
11399.31512  
11336.3707  
11382.98545  
11344.43948  
11347.68794  
11372.84476  
11344.30424  
11340.92953  
11324.13674  
11313.87767  
11295.35624  
11321.10423  
11343.7608  
11419.20059  
11387.31341  
11456.52683  
11363.6378  
11389.65516  
11381.4994  
11399.73534  
11349.00716  
11321.40089  
11380.24203  
11373.06089  
11375.21721  
11392.67603  
11351.19488  
11388.21294  
11273.48971  
11389.65866  
11436.71656  
11449.18155  
11417.39977  
11376.88426  
11328.65507  
11257.79792  
11275.74499  
11304.56347  
11275.26983  
11305.77637  
11327.92614  
11424.81846  
11417.23198  
11451.45525  
11449.73644  
11470.7446  
11458.5585  
11446.39306  
11475.37678  
11436.61666  
11328.34744  
11375.67418  
11369.79525  
11356.97895  
11440.49339  
11414.98946  
11469.72665  
11427.16341  
11354.03341  
11327.80195  
11396.85416  
11330.29201  
11434.78518  
11357.66747  
11343.49129  
11363.3687  
11370.35881  
11324.64551  
10499.44671  
11577.92288  
11542.83487  
11496.32266  
11401.74302  
11283.64238  
11350.66675  
11434.81135  
11340.95844  
11267.19492  
11281.18685  
11264.36319  
11297.4833  
11411.75954  
11684.0674  
11281.19016  
11284.17492  
11269.13661  
11442.4888  
11472.39851  
11381.32699  
11410.74042  
11396.60033  
11399.35124  
11351.83505  
10868.9564  
11628.9624  
11418.52791  
11406.4995  
11344.11902  
11370.88227  
11321.49543  
11302.60753  
11401.25751  
11383.87832  
11331.11164  
11268.16576  
11248.66698  
11266.48524  
11317.51486  
11394.87799  
11448.56734  
11413.38626  
11389.21432  
11383.64269  
11382.36143  
11374.9547  
11262.4564  
11159.76064  
11382.85697  
11444.27566  
11458.36225  
11449.01466  
11448.79975  
11457.94845  
11437.48096  
11393.39438  
11389.71458  
11291.77943  
11357.92973  
11372.29813  
11361.93472  
11399.27427  
11407.78954  
11391.24882  
11388.05487  
11416.75127  
11380.99542  
11405.49471  
11435.41594  
11449.10242  
11408.96773  
11479.32068  
11568.4556  
11550.35701  
11426.95417  
11395.9293  
11290.11081  
11206.03872  
11193.57889  
11241.96471  
11287.38721  
11022.37477  
11455.56154  
11402.13559  
11348.58142  
11491.99737  
11381.43843  
11289.03009  
11562.24334  
11357.04977  
11319.52035  
11292.8883  
11272.5736  
11327.3726  
11285.39881  
11295.82151  
11221.78123  
11308.0909  
11324.0024  
11378.28884  
11357.05982  
11426.82919  
11388.44202  
11334.98619  
11345.01238  
11375.49724  
11355.29005  
11325.59092  
11473.47829  
11388.91933  
11398.5677  
11293.62946  
11336.19667  
11336.60028  
11369.44149  
11297.80818  
11292.50353  
11289.55182  
11313.81889  
11275.27238  
11299.95789  
11335.66368  
11349.1267  
11372.33424  
11330.38742  
11326.80123  
11302.93477  
11366.43386  
11321.05333  
11382.69441  
11447.26295  
11366.14875  
11387.49624  
11331.01423  
11327.78971  
11363.85575  
11321.33379  
11319.74232  
11360.74842  
11353.10871  
11357.86857  
11356.53702  
11311.53548  
11347.83995  
11345.91805  
11410.07876  
11415.64933  
11445.93072  
11402.01699  
11400.97254  
11321.93509  
11297.30062  
11249.21035  
11277.38581  
11268.35261  
11358.43163  
11366.16973  
11355.64277  
11309.62877  
11332.99644  
11347.00039  
11367.0115  
11343.18677  
11591.66908  
11484.77159  
11435.6423  
11481.74122  
11301.1664  
10950.85381  
11127.81828  
11311.68303  
11386.5044  
11443.66444  
11391.15217  
11397.6599  
11371.20453  
11430.87014  
11364.94543  
11352.41045  
11347.55691  
11335.44318  
11325.877  
11317.45497  
11331.14772  
11360.26199  
11374.58949  
11466.89834  
11349.04907  
11402.42931  
11456.57621  
11486.05687  
11480.46973  
11507.20785  
11349.25897  
11415.83575  
11394.6811  
11394.90451  
11330.42579  
11209.39767  
11325.61085  
11325.09241  
11344.6988  
11363.36773  
11239.73614  
11278.02038  
11304.73107  
11371.46839  
11412.29316  
11367.41562  
11479.00337  
11423.63711  
11451.64107  
11402.53012  
11329.92939  
11371.82904  
11379.30251  
11344.16523  
11331.77174  
11319.05414  
11369.57483  
11390.25802  
11376.887  
11360.84191  
11360.09555  
11320.6974  
11324.49973  
11419.42904  
11427.25278  
11439.54257  
11386.88322  
11409.29933  
11343.5635  
11318.1643  
11290.91212  
11104.75382  
11388.25174  
11383.02546  
11326.86029  
11309.47157  
11267.47601  
11301.5189  
11230.79478  
11449.52063  
11611.96934  
11412.65553  
11467.59174  
11469.68291  
11407.8507  
11333.82551  
11311.01219  
11309.58298  
11306.20114  
11311.38439  
11392.82882  
11388.10496  
11319.47358  
11322.98191  
11310.76643  
11325.82054  
11305.59428  
11357.44701  
11383.02148  
11382.30645  
11464.10027  
11534.46442  
11412.60537  
11422.82309  
11371.99849  
11373.35934  
11368.25697  
11350.63956  
11300.75826  
11347.98812  
11336.78296  
11354.59866  
11342.90435  
11349.58899  
11402.13486  
11391.83786  
11385.68492  
11385.2953  
11336.59701  
11379.76576  
11368.95149  
11351.37257  
11343.47068  
11363.1615  
11298.80897  
11325.99221  
11350.8521  
11338.70185  
11348.6511  
11396.68474  
11376.19876  
11393.08731  
11450.14748  
11387.04579  
11396.92234  
11320.25218  
11331.59861  
11310.74509  
11350.53203  
11307.63507  
11357.3964  
11358.91274  
11195.14809  
11417.35003  
11256.46506  
11446.86974  
11407.87379  
11333.36902  
11288.43582  
11264.87064  
11272.70171  
11302.64935  
11316.95913  
11365.07588  
11333.75884  
11368.93563  
11366.50022  
11417.24659  
11423.49822  
11426.22991  
11414.87734  
11440.42244  
11353.0387  
11368.38268  
11256.13075  
11374.14663  
11323.91612  
11246.20722  
11430.51623  
11432.6385  
11392.27414  
11376.60356  
11277.99307  
11295.61561  
11343.43052  
11344.69806  
11408.02074  
11442.50294  
11478.67376  
11428.60807  
11419.08351  
11345.70966  
11336.6696  
11322.57329  
11361.03872  
11387.21395  
11450.24082  
11395.0357  
11394.43338  
11371.5557  
11384.10502  
11344.56057  
11376.36317  
11444.74535  
11410.93526  
11479.35569  
11454.20569  
11430.7141  
11294.21354  
11399.65384  
11388.78951  
11444.90448  
11307.14805  
11331.57992  
11330.5482  
10860.67251  
11575.20889  
11308.72083  
11098.00167  
11406.89019  
11244.14342  
11271.57307  
11152.24913  
11146.0682  
11429.09523  
10595.71667  
11565.48046  
11367.69276  
11386.49425  
11302.57051  
11540.05272  
11485.44845  
11535.39822  
11486.4329  
11484.25822  
11472.41547  
11464.58207  
11501.25328  
11449.22195  
11492.8104  
11441.84465  
11415.02495  
11402.39087  
11398.1773  
11336.41566  
11307.40681  
11302.37437  
11321.2411  
11344.48051  
11342.25832  
11364.43974  
11343.54947  
11345.28898  
11421.89928  
11378.94498  
11417.39025  
11396.98942  
11389.29953  
11368.67042  
11375.18245  
11383.24606  
11340.13146  
11329.49313  
11279.64117  
11285.77789  
11302.71656  
11304.38599  
11328.14937  
11295.31546  
11365.36075  
11394.11897  
11444.5001  
11396.11639  
11377.18873  
11435.96693  
11403.41056  
11418.50694  
11419.54993  
11418.56525  
11422.45801  
11406.95869  
11391.5639  
11367.61056  
11322.14549  
11283.05574  
11295.03186  
11323.65275  
11320.71424  
11365.59093  
11398.65315  
11326.54985  
11352.5426  
11317.51298  
11356.82094  
11362.40443  
11405.20885  
11376.77022  
11344.28129  
11407.32349  
11372.7754  
11342.89392  
11363.15468  
11377.8486  
11348.83141  
11323.75995  
11304.36196  
11370.5249  
11359.63455  
11370.52607  
11407.66027  
11398.76795  
11381.5707  
11379.72665  
11374.48865  
11390.59736  
11361.0723  
11436.81925  
11441.75866  
11396.29726  
11338.78899  
11356.84935  
11445.54623  
11410.24947  
11443.37728  
11458.43794  
11394.20058  
11412.04909  
11346.08776  
11330.6066  
11358.70615  
11419.865  
11458.52415  
11514.24798  
11493.10357  
11468.24964  
11399.86742  
11366.46201  
11368.17277  
11315.65462  
11373.0527  
11370.77687  
11387.12073  
11332.22741  
11338.92725  
11329.48387  
11304.00819  
11263.90713  
11283.04175  
11378.92791  
11401.66486  
10198.81594  
11282.41251  
11372.3129  
11524.69657  
11460.63814  
11377.11171  
11372.45371  
11387.63221  
11281.81649  
11264.00536  
11341.67087  
11403.91711  
11437.14887  
11483.60482  
11430.74617  
11380.30906  
11342.35026  
11261.0152  
11308.67094  
11304.51895  
11372.87073  
11388.50723  
11466.94848  
11412.40296  
11446.6895  
11438.14998  
11471.19175  
11409.46215  
11347.51219  
11296.59155  
11339.60191  
11273.32006  
11254.36027  
11276.32586  
11361.53317  
11338.67515  
11399.75984  
11387.52963  
11346.90717  
11304.53495  
11279.46417  
11285.44574  
11260.5527  
11301.51919  
11323.8425  
11343.1688  
11309.24403  
11289.16918  
11366.55025  
11396.50061  
11424.35998  
11414.86479  
11374.21632  
11357.64039  
11367.82287  
11357.35641  
11411.28793  
11375.63493  
11469.60249  
11394.59491  
11384.3129  
11357.68347  
11412.86065  
11469.55064  
11436.63861  
11448.49937  
11325.63374  
11316.60718  
11335.82099  
11298.40177  
11252.57452  
11333.94075  
11366.79462  
11362.69293  
11403.0536  
11358.57007  
11367.95336  
11342.77294  
11237.11258  
11294.59719  
11430.36504  
11437.56789  
11398.34394  
11407.30815  
11365.91369  
11299.2321  
11296.17061  
11262.84355  
11281.88998  
11242.99698  
11286.5632  
11327.03066  
11310.23329  
11380.97198  
11393.14561  
11440.77163  
11424.16732  
11398.59626  
11516.76151  
11505.63422  
11510.0374  
11414.01093  
11391.36045  
11319.00291  
11345.40851  
11355.99668  
11367.41079  
11347.39934  
11376.804  
11397.90564  
11356.26056  
11381.09902  
11399.49052  
11423.46029  
11375.96734  
11349.68713  
11344.40154  
11408.98536  
11394.87645  
11355.8573  
11362.12579  
11053.58663  
11611.54685  
11398.08914  
11598.31224  
11442.86097  
11125.42257  
11332.75398  
11328.80015  
11220.09238  
11201.00831  
11183.20062  
11233.54969  
11255.28036  
11312.81195  
11389.62133  
11339.48874  
11287.62464  
11400.8222  
11364.3901  
11324.53821  
11414.14775  
11348.03515  
11430.74506  
11416.6802  
11382.64824  
11390.43209  
11385.35773  
11392.88021  
11334.2252  
11380.55909  
11332.92108  
11345.96931  
11276.57625  
11290.28813  
11239.79441  
11276.36009  
11278.77409  
11318.94442  
11350.05077  
11364.46194  
11324.78633  
11307.09958  
11280.64418  
11281.10569  
11265.72228  
11281.88316  
11321.86567  
11312.91008  
11373.72487  
11312.97136  
11313.26109  
11241.84305  
11238.02094  
11253.83234  
11260.2854  
11290.96595  
11330.59214  
11318.06041  
11428.43177  
11364.80798  
11155.83382  
11113.97436  
11320.63628  
11402.77949  
11257.27688  
11257.91163  
11275.85288  
11324.51391  
11302.15829  
11286.59956  
11277.24284  
11295.9566  
11269.07745  
11284.77966  
11289.8832  
11251.92313  
11333.90592  
11350.236  
11355.66151  
11384.58312  
11445.89341  
11394.79295  
11360.19182  
10772.07594  
11054.11541  
11380.51984  
11443.5147  
11413.72181  
11400.90378  
11471.15082  
11459.31777  
11526.40578  
11425.87841  
11423.23528  
11397.94232  
11388.17614  
11387.82779  
11387.66567  
11386.03062  
11421.50093  
11441.97272  
11417.12104  
11402.50834  
11330.73486  
11394.97848  
11385.76334  
11404.42965  
11376.05156  
11379.84545  
11382.12831  
11440.15692  
11322.94438  
11375.72404  
11343.9578  
11326.42925  
11319.75618  
11267.92368  
11299.75912  
11295.86482  
11283.6264  
11261.72667  
11296.79341  
11290.55973  
11329.62269  
11372.44804  
