11264.6663  
11113.39725  
11025.20596  
10952.85763  
10882.62382  
10907.19975  
10881.0497  
10918.18702  
10926.95279  
11005.23201  
10987.65837  
11013.58007  
11027.88759  
10978.09483  
10945.48228  
11024.59954  
11046.9487  
11064.50847  
11095.94289  
11079.35346  
11080.70498  
11103.43251  
11098.49956  
11042.23211  
11078.59993  
11053.9857  
11068.05928  
11077.44919  
11143.78498  
11099.50485  
11090.45252  
11099.07745  
11038.06756  
10985.6093  
11040.27142  
10958.23066  
10975.22455  
10918.58547  
10969.8679  
10955.73299  
10929.60286  
10887.83971  
10943.35476  
10929.53507  
10942.44192  
10992.73476  
10985.87611  
10968.51442  
10959.34592  
10938.66621  
10975.70216  
10973.41863  
11041.80369  
11107.52722  
11080.17299  
11088.66456  
11012.50217  
10960.51848  
10940.06938  
11036.23283  
10956.25027  
11027.46211  
10962.3377  
10987.09454  
10995.129  
11012.80071  
11014.0339  
10959.69119  
11002.24428  
11012.65909  
11050.78194  
11095.19371  
11104.58355  
11081.83397  
11046.79406  
11017.69151  
11030.11973  
11063.07471  
11089.20879  
11074.57932  
11005.48867  
10954.88096  
10962.13967  
10966.36351  
10955.0752  
11001.90582  
10986.70467  
11026.37628  
11019.78643  
11030.34284  
10993.74036  
10967.05914  
11000.0864  
10993.59505  
11030.52911  
10982.37406  
11017.9775  
11045.72397  
11015.55893  
11012.1753  
10998.79057  
11006.78563  
11005.43297  
11010.34115  
11049.72954  
11100.81053  
11075.34572  
11069.86552  
11030.96321  
10985.39484  
10966.90083  
10971.79854  
10976.18595  
10904.99408  
10973.91488  
10994.74202  
10990.78391  
11015.7653  
11011.49779  
10952.41774  
10986.1105  
11033.07901  
11062.93144  
10972.3766  
11023.14299  
10975.00664  
10948.03327  
10975.64457  
11025.86105  
10981.67968  
11089.53474  
11049.59068  
11137.44598  
11142.1491  
11121.42956  
11056.14871  
11009.9953  
10958.57527  
10994.40672  
10956.85803  
10915.95172  
10983.73944  
11047.61791  
10987.17221  
11026.68218  
11013.20276  
11016.95847  
10986.46266  
11010.06911  
10996.5121  
11008.77641  
11038.73292  
11043.67081  
11009.76529  
11032.02545  
11062.04984  
11055.01655  
11060.02052  
11037.75002  
11007.46279  
10995.26811  
10987.41667  
10949.54832  
10946.57122  
10949.27891  
10959.98643  
10970.86989  
10984.79492  
10968.28664  
11005.29577  
11035.09354  
10993.43851  
10996.42397  
11016.03676  
11011.05093  
11031.52022  
11039.86616  
11115.11984  
11115.88725  
11168.42056  
11143.4079  
11036.45448  
10967.82531  
10889.1462  
10917.90186  
10931.7264  
10938.76016  
11008.40852  
10911.29901  
10982.08769  
10995.3119  
11008.69631  
10952.15439  
10951.3591  
10911.20863  
10968.8321  
11015.27837  
11039.45104  
11094.47888  
11062.72444  
11098.36281  
11069.43614  
11070.67535  
11097.69804  
11035.36318  
10995.18278  
10969.48874  
10963.11568  
10953.21417  
10948.3908  
10926.16407  
10977.70258  
11009.05483  
11004.18787  
11043.50623  
11015.54117  
11023.53698  
11012.00248  
11104.2898  
11147.85708  
11116.33816  
11150.11938  
10982.5146  
11067.74279  
10966.95224  
10972.3589  
10935.95632  
10940.19208  
10907.27141  
10931.16139  
11006.49542  
11044.54796  
10976.85927  
11003.3451  
10986.40583  
10952.26579  
11004.8313  
11046.34849  
11024.34208  
11017.3045  
11090.09444  
11075.64829  
11107.20629  
11007.44482  
10996.66011  
10958.02617  
10946.96233  
10946.4386  
10984.68894  
10916.75533  
10971.08471  
10964.5879  
10984.91556  
10964.06068  
11033.27641  
10961.44453  
11008.12724  
11005.73527  
11026.68111  
11020.39989  
11061.07832  
11079.00911  
11114.17683  
11032.77797  
11050.25466  
11116.66634  
11091.49863  
11072.5016  
11046.73729  
11029.2837  
11002.92898  
11019.18358  
10976.34389  
10998.32623  
10992.75523  
10998.33946  
11028.52241  
11077.40378  
11007.8777  
11056.02543  
11056.72537  
11025.86842  
11003.62039  
10976.14957  
10997.37822  
10934.5722  
10924.93357  
10949.1793  
10966.06979  
11020.48821  
10969.51245  
10962.37395  
11026.33944  
10994.92482  
11018.34231  
11026.019  
10962.65713  
10982.63492  
11008.59419  
11015.53419  
11013.31938  
11075.9395  
11042.30046  
11087.35766  
11079.89624  
10952.92603  
11006.9125  
10897.77005  
10945.2408  
10943.73949  
10907.76765  
10984.17829  
10977.74179  
11007.08504  
11035.91761  
11075.70807  
11071.64982  
11120.24102  
11179.40483  
11099.21805  
11073.28429  
11046.20335  
10988.67579  
10977.36117  
11005.26778  
10939.86297  
10994.1647  
10972.4412  
10968.55837  
10998.88226  
11023.21677  
10991.50239  
10974.5895  
10961.78275  
10998.27853  
11025.82986  
11043.51188  
11004.00466  
10988.96055  
10959.44174  
10979.0516  
11026.36366  
11007.72523  
11118.5103  
11125.9982  
11059.19104  
11018.7212  
10957.45325  
10965.22461  
10955.36423  
10952.02394  
10969.87953  
11016.3274  
11030.48093  
10985.12174  
10984.79184  
10970.72428  
11027.81284  
10995.28407  
11019.71464  
11019.10849  
11013.74475  
11045.44907  
11046.74852  
11031.87289  
11062.37848  
10966.23054  
10978.31075  
10985.0197  
10983.42797  
11019.3771  
11010.63644  
11051.53906  
11049.60556  
11063.22067  
11027.98259  
11056.05004  
11055.55268  
10984.73664  
10954.75704  
10942.92107  
10894.19879  
10938.41131  
10939.67115  
10986.16284  
10996.49931  
10975.65933  
11006.52663  
11006.38789  
11027.88845  
11037.31879  
11072.65875  
10849.60337  
11017.03597  
11207.44884  
11111.09288  
10978.98399  
10922.41454  
10956.20696  
10978.41738  
10954.11834  
10988.4577  
11007.20035  
11047.63749  
11055.81975  
11056.3288  
11117.98807  
11026.46238  
10998.93874  
10950.36511  
10987.03031  
10985.33632  
10925.53709  
10934.2011  
10982.74499  
11016.93055  
11046.66685  
11117.52204  
11112.30859  
11072.98282  
11105.86094  
11066.50778  
11080.55408  
11040.38523  
11034.7659  
11011.36924  
11002.24666  
11045.62585  
11051.76422  
11075.87973  
11060.74797  
11057.01796  
10986.49034  
11020.36724  
11037.94759  
11015.6403  
10982.69015  
10976.92267  
10978.34809  
10938.43611  
10963.08212  
10998.48219  
10983.75999  
11023.88905  
10928.59575  
10959.63052  
10999.40914  
11001.61003  
11011.17655  
10997.17359  
10997.6297  
11034.57028  
11085.90335  
11019.93857  
10995.95085  
11000.47495  
10936.77982  
10930.5087  
10939.84303  
10950.17772  
11019.38476  
11024.45269  
11022.79403  
11012.22994  
11006.86249  
11028.84203  
11033.35537  
10973.54923  
10991.92812  
11038.01859  
11020.80419  
11108.64108  
11070.00724  
11011.58976  
10986.43637  
10968.36914  
10948.8698  
11027.23585  
11098.95521  
11060.43617  
11041.28097  
10997.22933  
11004.62618  
10988.50393  
11018.57682  
11016.1826  
11029.54907  
11038.39185  
11084.04305  
11100.12998  
11062.01259  
11084.1816  
11066.0198  
11020.81709  
11011.25419  
11003.57669  
10949.18381  
11039.34263  
11001.27017  
11033.23393  
10996.02843  
11026.29871  
10700.30466  
10540.27552  
10910.56026  
11090.3068  
11114.17641  
11118.26853  
11121.61128  
11076.38186  
11071.28597  
11058.59157  
11091.93089  
11067.45474  
11021.31072  
11097.26354  
10678.4386  
10984.77796  
11003.07888  
10961.88425  
10969.80958  
10947.34154  
10958.42778  
11037.20784  
11063.33404  
11086.61359  
11126.63963  
11067.65234  
11005.10369  
10995.50843  
11012.49024  
11019.11733  
10979.7315  
10972.33436  
10934.37693  
10993.3836  
10957.39102  
10976.00718  
11012.77386  
10989.29544  
11017.02092  
10966.90513  
10975.61004  
10993.53412  
10987.38371  
10977.83552  
11064.35878  
11037.73302  
10957.02985  
11071.68197  
11033.16396  
11002.87572  
11044.28946  
11005.74623  
11081.38788  
11044.10259  
11041.73878  
11004.24554  
10941.95134  
11001.67321  
10945.00141  
10959.41174  
10980.54342  
10995.00169  
11028.35668  
11046.24672  
11047.18496  
10992.34762  
11020.77829  
11037.28163  
11006.1074  
11065.70056  
11059.96019  
10599.52552  
11141.68683  
10740.78135  
10932.44716  
11044.496  
11130.12736  
11132.0491  
11112.06051  
11148.17101  
11154.26401  
11082.71625  
11052.88478  
10978.48124  
10976.39519  
10983.34903  
10984.85069  
11050.53117  
11039.65229  
11026.29704  
11026.33652  
11053.84062  
11087.89606  
11052.45863  
11051.7577  
11075.30116  
10988.23377  
11017.44728  
11080.91334  
10990.49543  
10999.07284  
11012.02475  
10985.71846  
10975.67317  
10978.03948  
10917.17763  
10924.40438  
10957.33444  
10962.57614  
10990.88659  
10993.19097  
11013.80369  
11006.17243  
11037.74868  
10982.4334  
11059.37514  
11069.79304  
11018.14515  
10987.50284  
10968.85622  
10997.37105  
10974.74545  
10976.71072  
11017.20313  
11041.22675  
11039.62573  
11015.81802  
11034.78571  
11027.46297  
11001.94511  
11003.32541  
10996.48361  
11003.75913  
11025.31457  
11040.45848  
11003.42697  
10984.58689  
10989.76888  
11034.5705  
11028.43728  
11093.95338  
11118.88951  
11064.86157  
11080.37026  
11089.76004  
11125.16279  
11077.9244  
11075.82065  
10989.00729  
10953.47124  
10936.33335  
10959.15366  
10989.81579  
11019.78504  
11007.82149  
10996.92767  
11009.0251  
11002.75595  
11032.16065  
11037.0166  
11040.19638  
11027.14553  
11114.58097  
11135.73594  
10960.26113  
10892.64763  
10930.37987  
10910.42047  
10950.57893  
10834.73335  
10905.97192  
10950.53215  
11011.56327  
11061.86247  
11089.39827  
11078.64644  
11125.68693  
11081.8792  
11056.40242  
11019.07429  
11102.03295  
11058.72643  
10990.33657  
11011.96436  
11036.10548  
11104.59249  
10994.03554  
10999.73614  
10989.76597  
11111.40471  
11081.07167  
11093.21159  
11097.40039  
11103.82684  
11103.73313  
11090.44273  
11113.19499  
11060.85889  
11077.90643  
11058.18081  
11073.70138  
10850.37848  
10985.30024  
10906.17903  
10893.71467  
10916.60526  
10875.80453  
10903.51393  
10884.22357  
10917.56954  
10965.20364  
11031.02696  
11039.59986  
11073.44144  
11030.60574  
11090.45596  
11069.76764  
11056.93379  
10983.84787  
10978.89073  
10945.59689  
10956.08818  
10996.06842  
10977.72148  
10946.06081  
11001.97639  
10953.97977  
10994.42568  
11023.84645  
10981.46582  
11033.66098  
11038.10935  
10979.35038  
11030.52164  
11058.40723  
10826.08039  
11115.94406  
11144.39147  
11010.53604  
10960.5577  
10906.44609  
10931.61004  
10930.97376  
10796.75624  
10993.78986  
10986.03495  
11033.36442  
11008.17839  
11037.19614  
11053.12494  
11017.30854  
11017.81708  
11022.68095  
11068.47493  
11039.53792  
11114.10589  
11064.74153  
11006.92557  
11030.40844  
10983.44394  
10955.79469  
10969.60454  
10968.34784  
11024.96074  
11079.95949  
11026.51819  
11036.50231  
11002.92771  
10966.37533  
10970.00629  
10978.94681  
11031.04171  
11006.81078  
11007.07158  
11032.98651  
10977.46598  
11033.10884  
11066.52568  
11039.8365  
10983.37268  
11015.06172  
10973.03476  
10946.54071  
10965.87921  
10922.54155  
10957.60646  
10977.67855  
10965.91565  
10965.05537  
11010.34609  
11102.26877  
11059.88587  
11079.78335  
11021.61328  
10899.3249  
10929.9559  
10959.57625  
10893.6901  
11051.47516  
11021.36013  
10995.30803  
11037.90235  
10961.67373  
11057.08471  
10955.99045  
11015.09627  
11090.08715  
11058.3097  
11049.72005  
11076.18065  
11048.98383  
11015.33659  
11039.24865  
11076.08795  
11084.3877  
11140.52093  
11117.40884  
11109.38564  
11087.03878  
10963.91575  
10945.39726  
10960.13235  
10940.93195  
10945.73625  
10987.6821  
10936.68675  
10990.87971  
11029.62411  
10986.44057  
11103.87927  
11105.1339  
11073.66259  
11019.6386  
11046.16345  
10949.54232  
10899.38921  
10926.60341  
10920.77949  
10952.47194  
10968.12644  
11083.18346  
11098.92862  
11114.58726  
11115.93017  
11024.31848  
10984.39284  
10948.96761  
10985.87643  
10947.99448  
10951.66893  
10964.54278  
10990.25287  
11016.58309  
11016.68901  
11014.07046  
10999.97641  
11008.34067  
11032.29393  
11042.59619  
11087.93559  
11070.59044  
11053.69525  
11063.09259  
11028.44548  
10954.01399  
10959.74621  
10971.00574  
10918.12026  
10995.59966  
10975.42076  
11005.20208  
11019.31135  
11003.65193  
11067.5109  
11035.86623  
10989.01944  
11008.79645  
11006.81858  
10969.32475  
10921.28289  
10948.34828  
10895.90055  
10931.30833  
10982.19358  
11043.57012  
11016.75445  
10991.04886  
11016.5103  
11033.5686  
11026.14344  
11019.90855  
11058.8101  
11066.17372  
11037.46471  
11058.37622  
11034.23291  
10996.53299  
10988.86673  
10996.60628  
11005.52791  
11027.57928  
11059.01082  
11029.74022  
11039.74819  
11023.44805  
10986.32984  
11023.79017  
11006.25273  
10991.33656  
11068.54309  
11048.69753  
11075.46756  
11033.90862  
11046.88702  
11036.89585  
11044.00424  
11031.85225  
10993.42529  
10968.44771  
10983.17634  
10980.19655  
11073.53723  
11106.2645  
11107.45984  
11092.38712  
11050.12233  
11021.18271  
10991.70543  
11014.1479  
11038.01956  
11049.30198  
11083.63631  
11019.03287  
10989.45314  
10986.60157  
10971.80947  
11105.04844  
11084.77571  
11078.07596  
11035.97716  
11015.20196  
10942.83131  
10896.60817  
10756.68043  
10933.18934  
10503.40137  
10994.77769  
10943.5162  
10985.23458  
10970.15732  
11019.79016  
10984.86152  
10981.67914  
10978.46638  
10959.47567  
10910.47147  
10938.11737  
10934.55231  
10993.66062  
11024.06165  
11010.95071  
11062.90979  
11079.08621  
11073.17771  
11125.00003  
11101.76608  
11111.91443  
11189.57741  
11177.86069  
11141.8367  
11094.5663  
11049.7019  
10954.78818  
10964.67582  
10983.83167  
10988.23813  
10976.47535  
10984.49087  
10910.80855  
10918.83184  
10935.59574  
10953.77012  
10971.01495  
10998.04409  
10942.07409  
10968.18848  
10987.44101  
11034.10953  
11097.63629  
11117.19419  
11109.58541  
11155.11653  
11071.45758  
11059.79798  
10988.8453  
11033.92955  
11010.94997  
10995.72673  
10962.53602  
11007.31122  
11006.99005  
11011.3773  
10932.37957  
10984.60815  
10958.35711  
10963.39745  
10996.99607  
11015.8516  
10993.22313  
11026.23757  
11025.94123  
10932.44821  
10978.50404  
10974.15841  
10997.14939  
11031.1917  
11094.17391  
11036.01111  
11094.31059  
11069.08207  
11104.48003  
11070.43972  
11040.23315  
11029.0787  
11017.02428  
11005.82197  
10960.55818  
10991.63617  
10894.00601  
10943.8629  
10962.57733  
10983.94042  
11056.84649  
11042.0039  
11091.64372  
11052.14117  
11021.68998  
11030.32422  
11048.94846  
11052.33962  
11054.71022  
11029.78116  
11070.7085  
11087.32458  
11095.8806  
11036.17684  
10983.6101  
10944.59067  
10950.29598  
10945.29207  
10932.8114  
10960.02444  
10940.65612  
10979.24309  
11012.15726  
10919.46575  
10957.33236  
10951.97062  
10996.88627  
10987.69278  
10980.28572  
11013.29899  
11015.96902  
11053.81926  
11118.7694  
11110.53749  
11154.27722  
11068.2516  
11047.53634  
11030.72  
10981.97415  
11010.85358  
11020.49786  
11020.79936  
11011.44894  
11047.58999  
10981.29294  
10981.79638  
10953.71018  
10987.83098  
10961.05208  
11044.53204  
11024.42113  
11009.2235  
11028.06453  
11012.81936  
11017.1496  
10989.67902  
10970.53095  
10982.93469  
11001.0165  
11016.42781  
11007.75683  
10961.32959  
10952.616  
11047.95428  
11068.88134  
11096.14939  
11076.30959  
11057.03156  
10969.89303  
10961.65417  
10969.71427  
10977.30303  
11023.00601  
11050.86097  
11002.79393  
11032.559  
11023.53492  
10963.19188  
10976.81739  
10938.69421  
10960.94367  
11000.80058  
10968.10339  
10975.88307  
10972.99182  
10950.45012  
11052.30173  
11080.49711  
11064.54739  
11057.34172  
11016.58464  
11007.47183  
11004.88788  
11011.77812  
11020.01309  
11038.3243  
11071.88968  
11010.05569  
10965.99262  
11032.37566  
11027.72642  
10991.27369  
11067.19547  
11049.81081  
11126.45352  
11049.36088  
10988.28098  
10955.95562  
10973.6593  
10963.43924  
10946.5459  
11001.28308  
11019.47124  
11030.19304  
11108.37765  
11054.63136  
11052.10754  
10977.2632  
10964.33153  
10972.92345  
10971.20172  
10934.65434  
10950.88568  
11007.16805  
11013.81107  
11033.47943  
11040.74626  
11033.04697  
11001.696  
10991.57558  
11053.98338  
11022.06126  
11016.5832  
10988.20183  
11045.36112  
11060.51799  
11066.2962  
10997.3477  
10951.75656  
10998.1925  
10988.41122  
10965.15856  
10975.98966  
11000.23388  
10979.95382  
11055.10804  
10991.75517  
11052.5833  
11024.88041  
10954.54867  
11004.47368  
10951.44311  
10938.41895  
10948.75826  
10984.65503  
10983.9369  
11065.59973  
11069.26061  
10985.21574  
10988.88056  
10946.53105  
10976.99159  
10996.42972  
11024.2283  
11014.45659  
10997.04011  
11009.10375  
11055.25511  
11068.58306  
11095.37305  
11093.93233  
11098.02955  
11021.98135  
11030.7014  
10982.37062  
11007.72347  
11048.83332  
10993.20223  
10957.53676  
10940.93952  
10927.35719  
10944.45353  
11005.2428  
11046.67132  
11004.08876  
10985.75929  
10967.04846  
10984.70136  
11018.95804  
11073.20871  
11082.82801  
11066.04812  
11013.89591  
11054.49602  
11061.49509  
11046.29417  
11063.90735  
10990.7945  
10973.75619  
11038.18908  
10985.65574  
11055.69134  
11057.99439  
11026.17495  
11020.1579  
11003.30626  
11004.1458  
10993.01448  
10994.4996  
11008.57018  
10955.7411  
10975.00908  
10940.91687  
10957.85115  
10974.17465  
10986.47445  
11000.26442  
11047.43944  
11009.22311  
10986.12584  
11024.12046  
11003.60646  
11021.03658  
11047.37058  
10886.02493  
10951.80182  
11046.63666  
10977.79686  
11003.63836  
10981.23254  
10975.6854  
11088.22317  
11035.31688  
10993.89684  
10994.18378  
10979.25493  
10955.6732  
11012.53411  
11045.37791  
11030.88839  
11023.42536  
11054.44098  
10982.40164  
11040.58899  
11069.81398  
11078.96372  
11075.44532  
11077.2273  
11029.19513  
10984.02715  
10941.44638  
10978.82648  
11007.39239  
10971.8543  
11061.70864  
11078.53457  
11003.10053  
11013.39963  
11009.37239  
11039.47308  
11031.18573  
11047.94322  
10999.81214  
11014.04396  
10991.44462  
11019.12196  
10984.33852  
10982.83663  
11010.37967  
10981.11518  
10974.92794  
11074.06171  
11083.57253  
11026.06602  
11029.77822  
11011.92302  
10953.76127  
10976.55016  
10984.94842  
10984.40691  
11020.16784  
10970.2469  
11026.45552  
11067.67829  
11102.5885  
11107.79802  
11092.53763  
11081.29594  
11033.01591  
11011.68235  
10969.97805  
10937.88815  
11007.31114  
11019.89541  
11014.76337  
11046.51138  
11019.78404  
10979.63904  
10929.39113  
11009.77589  
10935.62545  
10971.25911  
10989.26551  
10983.65457  
10923.33724  
10984.65289  
10971.98363  
11035.35699  
11026.14122  
11076.3396  
11040.81847  
11009.1434  
11010.72094  
10978.46044  
11001.03066  
10985.91252  
11004.72703  
11019.38941  
11078.51126  
11094.07823  
11009.69884  
10946.08391  
10946.7275  
10911.13965  
10881.8573  
10930.25665  
10906.75629  
10958.15808  
11073.4281  
11034.56471  
11044.7727  
11051.59632  
10985.3178  
11066.84017  
11113.8467  
11029.56174  
11055.50147  
11039.60652  
11015.37508  
10960.26376  
10985.37737  
11042.63741  
11056.07912  
11020.06142  
11034.52711  
11018.0442  
11034.57506  
10961.00183  
11033.80097  
11011.38606  
11041.5208  
11094.27703  
11062.3355  
11064.09106  
11054.17379  
11017.55466  
10965.85226  
10921.90604  
10971.12369  
11012.04732  
11068.37885  
11125.60801  
11139.35532  
11073.86091  
11091.84053  
11033.68511  
11047.59924  
10988.92012  
10979.49107  
10978.50528  
10891.30456  
10888.64498  
10892.33734  
10870.20409  
10922.74534  
10928.16764  
10971.85673  
10991.62316  
10894.47001  
11101.20276  
10743.99799  
11195.34631  
11068.68668  
11086.70672  
11035.99765  
11060.34977  
11073.28013  
11032.17597  
10954.70874  
10923.70642  
10896.40513  
10870.39215  
10889.3742  
10906.81666  
11014.011  
11014.57839  
11049.85412  
11069.2114  
11062.31149  
11092.53387  
11163.44748  
11148.17494  
11171.00105  
11089.71162  
11065.44863  
11050.81747  
10934.26474  
11092.1023  
10998.82677  
11018.36162  
10984.19049  
10999.56823  
10971.279  
10962.01788  
10954.78274  
10965.02619  
10976.05883  
10986.58298  
10988.77982  
11012.13839  
10999.76884  
11007.644  
11002.81413  
10988.36321  
11013.94233  
10980.95349  
11005.77014  
11060.25106  
11103.98401  
11113.99925  
11104.72161  
11181.80501  
11060.12374  
11030.76858  
11022.35036  
11017.53116  
11026.79866  
11004.19261  
10969.14311  
10941.16474  
10950.71986  
10978.42869  
10988.26354  
11010.0778  
11029.20962  
11024.40347  
10990.60179  
10999.79245  
10961.40312  
10966.88323  
10892.61833  
10964.09384  
10930.7698  
10967.26695  
10984.38468  
11020.39159  
11013.45545  
11015.24993  
11006.34818  
11008.2935  
11013.18129  
10975.54063  
11009.60728  
10965.90462  
11001.29055  
11033.8846  
10984.23498  
11013.70352  
11014.52428  
11026.15314  
11085.68001  
11068.70536  
11044.11149  
11046.09006  
11089.54544  
11115.30437  
11045.16862  
11065.25295  
11017.90816  
11023.5651  
11040.80481  
11015.25792  
10984.59136  
11021.5154  
10957.74699  
10975.94733  
10963.63515  
10962.80376  
10999.0852  
11028.3046  
11065.20735  
11090.00586  
11000.67005  
11026.21572  
10998.33176  
11009.17884  
11023.84541  
10951.13083  
11030.83646  
11008.03355  
10953.44821  
10992.00726  
10941.11042  
10967.70852  
10966.72592  
10958.91538  
10961.03827  
10986.92427  
10996.13695  
11003.42495  
11011.69568  
11010.15155  
11053.00544  
11030.0425  
11036.64547  
11009.93443  
11035.12286  
11048.67137  
11051.93446  
11004.0998  
11072.00786  
11042.61981  
11006.62658  
10990.94215  
10958.24903  
10918.22897  
10987.16514  
10938.49554  
11001.13904  
11011.98685  
11021.93348  
11015.68126  
11014.81071  
10858.76427  
10906.72198  
11183.4345  
11044.63363  
10991.32818  
11029.60745  
11024.35509  
10967.26397  
10852.81583  
10861.57575  
10907.65587  
10948.75717  
10990.71598  
11026.14272  
11030.50343  
11071.07396  
11063.79851  
11103.46805  
11145.33653  
11184.7707  
11142.10474  
11137.44764  
11039.91335  
11069.68792  
11006.95292  
10988.76326  
11014.05485  
10992.81547  
10976.99228  
11036.94041  
11021.36905  
11078.42232  
11113.87675  
11056.05617  
11040.82236  
10964.41033  
11018.22025  
11085.87032  
10969.14283  
10998.96438  
10968.91803  
11023.36154  
10950.84696  
10985.27263  
11037.96331  
11017.33776  
10962.12348  
10965.71779  
10910.05265  
11003.52291  
11027.66235  
11059.95605  
10992.63428  
10946.37518  
10937.53663  
10988.63042  
10996.91738  
11033.17078  
11061.21738  
11065.29668  
11098.08318  
11022.64756  
11006.84095  
10959.67201  
10977.79131  
10960.42678  
10966.9783  
10955.28275  
10979.49362  
10978.43566  
10988.35397  
11000.78312  
11049.74955  
11117.33063  
11052.40921  
11046.74992  
11053.07139  
11000.01889  
11011.69539  
11039.25153  
11033.38624  
11078.57859  
11079.31761  
11057.592  
10997.01832  
10972.08666  
11011.82694  
10971.9502  
11007.14705  
11031.22274  
11119.71257  
11134.21492  
11107.5839  
11017.8521  
11005.78232  
10975.89175  
10969.85711  
10971.91773  
11010.83585  
11005.21212  
11065.73441  
11047.79118  
10848.83978  
11052.99222  
10927.64481  
10947.67107  
10983.79769  
10899.28493  
10928.35564  
10954.81576  
10958.59219  
10989.80182  
10941.75597  
11008.35309  
11016.81341  
11046.41132  
11057.76425  
11025.37644  
11024.679  
11021.30375  
11011.49246  
11017.50205  
11022.99298  
11078.43859  
11079.47099  
11073.10479  
11024.47221  
11011.62489  
10967.56565  
10955.23873  
10983.02617  
11014.86025  
10994.30365  
11085.01327  
11037.88038  
10997.19394  
11046.42286  
10954.0278  
10928.04405  
10947.52469  
10891.79979  
10943.63883  
11003.56951  
11031.16278  
11030.65856  
11056.61731  
11018.75784  
11045.60274  
11019.19579  
10997.49968  
11013.90408  
11046.09704  
11059.3  
11048.34173  
11090.49168  
11053.32353  
11038.96268  
11021.13613  
11065.58163  
11043.31674  
10995.36272  
11000.70476  
11012.80681  
10957.47048  
10974.92593  
11048.76753  
11003.14611  
11045.79355  
11022.21009  
11024.3969  
11030.20298  
11001.87145  
11002.64888  
10952.45282  
10976.61373  
10972.34468  
10903.29488  
11053.6992  
11021.00247  
10947.98747  
10998.08226  
10938.16943  
10948.44715  
10962.42359  
10956.62305  
10956.16917  
10948.07748  
10964.39014  
10954.77487  
11014.73691  
10999.38909  
10976.12772  
11033.64341  
11030.02884  
11063.27173  
11140.93098  
11045.76328  
11102.93708  
10934.53841  
11063.3012  
11145.18931  
11093.39928  
11036.9796  
10976.68014  
10990.4886  
10928.77039  
10947.79927  
10965.47996  
10928.24103  
10953.76604  
10951.89658  
10961.85653  
10992.06208  
11092.54281  
11049.19975  
10958.08345  
10943.94319  
11072.90156  
11050.45316  
11073.90462  
11037.18928  
11023.52659  
11059.17685  
11031.48862  
11009.03813  
11008.05634  
11014.36088  
10986.37962  
10959.48058  
10935.15626  
10987.97103  
10997.97772  
11016.36928  
10971.53662  
11016.07957  
11038.48351  
11038.37449  
11013.82526  
11015.11923  
11016.55946  
11011.09152  
11031.40995  
11053.79497  
11052.3093  
11049.0502  
11037.24004  
11019.09122  
11006.71493  
10986.15569  
11050.87493  
11079.19604  
11027.03885  
10986.22815  
11030.95757  
11028.41161  
11038.9923  
11071.99745  
11047.33716  
11012.33484  
10957.09231  
10964.36597  
10984.48936  
10992.3157  
10990.47515  
10992.37542  
11017.75229  
11053.13561  
10999.78309  
11024.25589  
11055.54618  
11032.28156  
11056.47575  
11045.22432  
11098.21392  
11130.0353  
11084.88918  
11079.26874  
11007.34364  
11025.86816  
10933.05184  
11000.36937  
10952.1201  
10886.60874  
10835.48771  
10856.35028  
10965.09003  
10953.73957  
11057.25593  
11033.49469  
11084.41231  
11050.2426  
10868.36532  
10829.77112  
10700.80081  
11056.14056  
11023.0231  
11023.60619  
10955.34454  
10996.62108  
11000.22051  
10970.7271  
11048.22597  
11039.93596  
11062.74237  
11079.18966  
11148.89802  
11078.7913  
11168.40538  
11017.1601  
11075.98661  
11026.16522  
10966.0651  
10959.24112  
10961.42718  
11025.41574  
10985.86307  
10971.39498  
11006.98285  
10994.64312  
11054.07521  
11037.85607  
11047.25857  
11082.51225  
11148.77105  
11022.076  
11023.88418  
11061.01945  
11059.1019  
11058.69249  
11030.08297  
11047.17627  
11028.93532  
11023.66815  
10984.32997  
10989.828  
11061.5593  
11056.91016  
11005.16565  
10947.05019  
10925.80683  
10947.08629  
10914.43121  
10930.02338  
10991.34876  
10960.84037  
11015.88011  
11001.55415  
10949.76536  
10973.27632  
10943.52949  
10950.92932  
11015.78718  
11073.26995  
11076.21618  
11047.42441  
11068.75585  
11042.693  
11058.88319  
11093.82396  
11065.78855  
11047.29837  
11038.09137  
11019.8463  
11025.11097  
11017.46538  
11062.64265  
11030.39126  
11085.0795  
11054.91385  
11039.07434  
10974.32871  
10931.63999  
10946.14368  
10936.93196  
10897.94467  
10899.31597  
10953.58854  
10910.59435  
10950.40489  
10983.85797  
10991.55903  
10981.60415  
10997.17079  
10996.34138  
11032.78046  
11047.32407  
11034.01199  
11070.41415  
11110.30043  
11067.97036  
11093.02469  
11046.28524  
11118.97191  
11125.41986  
11109.94519  
11111.18581  
11048.46451  
10982.31818  
10964.37691  
10912.85008  
10935.07238  
10894.09579  
10985.05002  
11038.77041  
11034.05502  
11025.84027  
11101.48118  
10817.65929  
11104.91492  
11104.9115  
11091.74878  
11052.98554  
11082.82143  
11028.94936  
10946.64266  
11031.34572  
10941.01719  
10909.54834  
10860.99138  
10973.09634  
10957.04112  
11106.93653  
10932.09677  
10835.30469  
10963.462  
11111.42389  
11142.36827  
11115.06695  
11097.44673  
11083.07012  
11097.73413  
10875.34087  
10302.14587  
11053.70796  
11073.04498  
11084.00321  
11116.67111  
11057.12466  
10985.97708  
10978.91945  
11037.07138  
10993.65513  
10999.75765  
10922.68023  
10950.48595  
10986.31122  
10989.57988  
11035.03099  
11033.74552  
11101.48706  
11021.64787  
11033.76215  
11023.1314  
11065.08516  
11045.48328  
11106.94503  
10996.60095  
11045.74167  
11028.75028  
10966.51441  
11010.6561  
11103.60992  
11142.24992  
11100.58464  
11092.18091  
11169.48056  
11112.55117  
11072.65776  
11007.48031  
11009.32546  
10987.85845  
11007.13998  
10980.17952  
10993.866  
10936.95702  
10994.9952  
11058.50448  
11109.80928  
11042.50099  
11015.08871  
10957.40726  
11076.90337  
11021.32403  
10975.97534  
10972.37781  
10925.14014  
10954.33887  
10953.65536  
10982.53238  
10786.7309  
11016.98315  
11020.45922  
11065.92201  
11054.08054  
11117.53685  
11123.3138  
11148.01804  
11053.09539  
10942.97225  
10880.04328  
10813.33085  
10808.06701  
10848.89058  
10834.06914  
10862.28413  
10940.55715  
11014.9068  
11035.7393  
11061.80702  
11109.46453  
11097.36453  
11105.87377  
11089.86854  
11112.77901  
11082.55981  
11023.89021  
11088.07254  
11021.545  
11010.39091  
10959.62828  
10963.74337  
10931.37339  
10955.1361  
10942.87493  
11000.03514  
10939.57844  
11028.28699  
11027.1385  
11035.49573  
11018.88889  
11079.95659  
11071.90946  
11056.63033  
10984.69145  
10979.51331  
10956.9591  
10885.09463  
10933.67996  
10994.3173  
10967.48072  
11007.38751  
11022.34124  
11013.63513  
11032.20652  
11001.5144  
11028.66265  
11047.92421  
11060.4767  
11085.58269  
11048.29161  
11021.57645  
11022.68327  
11027.94084  
11073.72195  
11076.17284  
11046.85212  
10998.78176  
11022.19721  
11012.88794  
10985.44693  
11005.051  
11004.36343  
11029.43073  
11086.63534  
11055.21512  
11054.01296  
11025.7797  
10972.34475  
10930.57067  
11013.35969  
10896.02699  
11052.51322  
11067.50093  
11080.61236  
11139.69479  
10977.32476  
10539.50622  
10804.99141  
10968.26412  
10991.61123  
10990.18069  
10995.81958  
10977.42105  
10983.66911  
10996.9906  
10939.2425  
10993.39578  
10957.1478  
10955.93595  
10967.36967  
10994.43592  
11027.36333  
11092.67569  
11109.80687  
11135.84569  
11138.84995  
11105.29384  
11149.87857  
11161.03809  
11170.1439  
11127.92542  
10896.57948  
10926.53643  
10966.44191  
11084.74937  
10982.50469  
10998.06997  
10988.11289  
10963.96403  
10997.9491  
10976.46238  
10973.47355  
10971.26816  
10950.87682  
11004.72479  
11031.32401  
11092.59291  
11124.50941  
11111.51146  
11113.95085  
11039.73391  
10971.89009  
11004.96842  
11004.41023  
10938.42716  
10955.53511  
10967.79718  
11009.07497  
11003.62946  
11031.70834  
11010.53649  
11013.83122  
10957.677  
11050.56666  
11085.06493  
11047.99788  
11056.3105  
11026.07644  
10949.64722  
10977.57003  
10971.4728  
10985.15275  
10925.56037  
10920.86123  
10951.69996  
10938.4801  
10940.57901  
10911.69174  
10881.27656  
10779.88008  
11020.30521  
11133.87555  
11028.90354  
11087.06389  
11121.96395  
11092.1959  
11084.39903  
11099.77664  
11113.64513  
11097.33979  
11090.91496  
11058.55317  
11002.5711  
11013.15653  
10943.88164  
10997.38777  
11003.6455  
11044.30359  
10996.80723  
11059.47403  
11088.20305  
11123.93602  
11067.65918  
10978.02264  
11009.81122  
10959.20242  
10980.07488  
11030.59983  
11011.42451  
10976.14931  
11010.72451  
10970.09071  
10979.87336  
10998.6066  
11007.50527  
11029.88369  
11030.64377  
11060.49631  
11136.75369  
11030.16167  
10975.46572  
10995.72874  
10940.57677  
10968.96799  
10965.19092  
10968.20966  
11030.66865  
10970.94677  
10985.13739  
11036.05618  
11015.7449  
11020.46041  
11039.05542  
10986.45562  
10972.32624  
10971.1397  
10968.30467  
10997.64824  
10974.46702  
10978.01335  
10983.68574  
10971.96246  
11033.99937  
11008.59476  
10962.41413  
11064.3624  
11019.65661  
10969.36825  
10955.04411  
10991.24319  
10912.43925  
10952.5233  
10994.53085  
11033.91113  
11069.80869  
11144.31931  
11131.71545  
11102.86965  
11028.8813  
10954.93937  
10997.59973  
10963.18745  
11011.65389  
11019.14249  
11043.19094  
11039.79709  
11068.93606  
10968.57903  
10884.24242  
10995.58871  
11017.67201  
11038.3877  
10975.24162  
10936.94609  
10992.49051  
10992.09712  
10994.13914  
11064.92581  
11069.86775  
11014.97173  
11013.55538  
10978.06294  
10957.11329  
10987.24072  
11003.81337  
10996.52685  
10987.10234  
11060.16821  
11057.58623  
11118.12335  
11107.13027  
11079.21905  
11125.0936  
11126.69314  
11120.08544  
11120.02512  
11076.73977  
11053.59387  
11074.59066  
11038.05926  
11030.44344  
10972.36653  
10998.74671  
10926.77882  
10951.32073  
10949.39046  
10934.21183  
11044.63382  
11084.68149  
10610.19537  
10937.4945  
10933.46289  
10913.61796  
10892.05792  
10575.06197  
10696.32582  
10726.61349  
10989.12931  
11017.53874  
11036.11753  
11001.26995  
11099.56175  
11238.48864  
11275.01421  
11213.61455  
11287.43233  
11238.0447  
11224.59867  
11150.16442  
11099.3721  
11099.45102  
11029.89423  
11048.94539  
11004.09497  
10994.96692  
10971.80452  
10993.39388  
10920.0409  
10942.82717  
10968.03931  
10966.49594  
10977.29521  
10958.21133  
10940.59977  
10992.40859  
10966.663  
10968.10169  
11006.79965  
10998.31501  
11021.64191  
11095.38086  
11088.26978  
11060.44207  
11002.97557  
10964.60268  
10936.36819  
10978.25841  
10965.47894  
10970.87295  
11057.31924  
11073.64792  
11025.85909  
11075.81837  
11008.97302  
11010.3683  
10989.9144  
10920.21144  
10945.27253  
10935.76478  
10994.1174  
10991.44246  
11008.35194  
11026.56188  
10974.22942  
10973.82124  
11009.34722  
10996.78096  
10980.10918  
11010.36686  
10955.62126  
10958.20689  
11002.83051  
10990.98328  
11010.10628  
11009.12353  
10999.61724  
11013.43559  
11011.28962  
11023.93631  
11028.8069  
11008.81081  
11056.03077  
11040.83269  
11054.85379  
11053.34572  
11014.18584  
10983.53247  
11004.31275  
10996.14554  
11035.96839  
11037.15284  
11082.27953  
11038.28954  
11003.11644  
10964.47369  
11019.19759  
11029.00471  
11071.8704  
11050.73096  
11048.27972  
11029.90187  
11036.81091  
11080.17736  
11046.17982  
11008.69447  
11017.06413  
10991.9297  
11024.95461  
11003.02891  
11004.92591  
10989.87726  
11058.1319  
11015.47505  
11049.37466  
11075.30304  
10994.52577  
11031.02604  
11005.23578  
11028.08961  
11058.29256  
11106.27803  
11065.45072  
11022.24292  
11013.36532  
11036.8792  
10965.55995  
10960.85488  
10980.31895  
10982.42843  
11004.91766  
11077.27643  
10562.97638  
10789.05124  
11352.52074  
10841.32606  
11013.92278  
10971.33067  
10891.59174  
10844.33881  
10836.75049  
10875.24629  
10919.73877  
10997.3881  
11046.41736  
11084.87022  
11092.03097  
11077.97586  
10963.31645  
11033.96584  
11044.52012  
11061.8915  
11071.78776  
11053.9531  
11045.81453  
11046.19587  
11030.40716  
11082.69907  
11016.45008  
10998.10854  
11058.38887  
11019.9024  
11057.85625  
11043.98346  
11057.19642  
11078.65862  
11116.05532  
11063.38717  
11034.01673  
10969.21908  
10902.18533  
10913.63673  
10964.99983  
10972.36305  
10973.86491  
11038.00745  
11067.73317  
11009.77989  
10990.66381  
10943.54177  
10883.26662  
10948.17353  
10933.57612  
10961.86351  
10993.61995  
11071.33725  
11043.23023  
11067.3238  
11056.77572  
11053.47935  
11050.10169  
11024.28368  
10969.64336  
10995.25551  
11064.74174  
11083.46207  
11087.71692  
11090.85529  
11027.96698  
11000.49559  
10943.04935  
10951.05672  
10967.04161  
11012.45442  
10998.04435  
11020.74847  
11019.45298  
11003.28762  
11020.80014  
11121.39099  
11048.76697  
11060.50947  
11074.73065  
11056.15258  
10981.7213  
11009.64432  
10939.91103  
10931.16223  
10827.7245  
10858.5046  
10912.44762  
10936.09821  
10985.5166  
11037.68559  
11064.31879  
11108.94568  
11075.28632  
11084.00747  
11067.00237  
11105.29431  
11104.40028  
11129.85627  
11096.72694  
11108.57469  
11020.25854  
10979.46672  
11010.49756  
11071.93516  
11078.07093  
11084.84847  
11035.72832  
11050.23576  
10969.20643  
11011.1817  
11007.82658  
11027.2706  
11070.87453  
11043.65284  
11008.85398  
11006.88027  
11065.14405  
11043.21656  
11092.53674  
10846.79534  
10948.1664  
10938.23671  
11088.87799  
11052.00376  
10859.58594  
10948.51036  
10939.6421  
10879.64286  
10897.38585  
10846.87208  
10909.38745  
10981.39685  
10976.48179  
10948.80429  
10940.70003  
10952.20222  
10929.40728  
11090.00236  
11096.61455  
11051.57636  
10971.71661  
10996.27774  
10991.87077  
11016.25444  
10994.41177  
11037.74592  
11027.21935  
11043.60497  
11033.33892  
11075.84433  
11043.40368  
10993.57475  
10996.11366  
11044.17542  
11018.73752  
11027.33576  
11014.0694  
11016.14007  
11030.01485  
10994.1402  
11045.99964  
11001.14154  
10957.79054  
11027.68011  
10953.66938  
10985.68392  
10995.29173  
11004.27383  
10975.1774  
10984.58879  
10996.65179  
11018.39484  
11038.47106  
10962.49412  
11025.39624  
10998.87542  
11031.1346  
11075.6017  
11114.4413  
10932.72348  
10499.00601  
10958.01421  
10857.39836  
10971.62991  
10928.97215  
10897.66279  
10900.09499  
10912.95327  
10884.15085  
10920.61634  
10874.08183  
10937.97838  
10970.91294  
11015.21712  
11110.70043  
11057.46194  
11059.57521  
11021.25203  
11011.94137  
10982.5459  
11038.86162  
11078.84345  
10409.98271  
11375.35195  
11371.96864  
11231.31196  
11175.45795  
11149.3883  
11161.61142  
11083.9824  
11065.91481  
11014.75198  
11018.1994  
11037.32645  
10986.81389  
11005.45495  
10995.55942  
10955.91298  
10917.54631  
10962.44695  
10987.34977  
11036.43983  
10979.23427  
10967.23653  
11006.88586  
10969.23956  
11020.91381  
11016.53771  
11049.27032  
11026.17032  
11047.31978  
11051.51508  
11007.30767  
10993.2138  
10965.28815  
10971.97926  
11036.1967  
11016.66903  
11031.9944  
11022.41336  
10967.03391  
10985.02628  
11003.8637  
10971.96841  
