8547.557351  
8604.427163  
8615.814048  
8671.381198  
8683.50202  
8626.004483  
8617.428117  
8593.920277  
8605.711259  
8556.661138  
8633.96137  
8577.460299  
8730.702348  
8649.860046  
8748.94736  
8672.885226  
8777.716098  
8684.995628  
8665.820823  
8726.148865  
8682.213834  
8738.546204  
8725.159335  
8651.20297  
8624.257446  
8596.925859  
8614.518016  
8671.19771  
8597.83677  
8638.305548  
8584.239435  
8588.287287  
8615.943176  
8680.699313  
8629.9733  
8716.837746  
8593.460427  
8582.720775  
8627.809559  
8516.884128  
8669.493358  
8739.001132  
8725.959772  
8707.535528  
8594.061013  
8517.838473  
8559.164479  
8533.668546  
8550.084495  
8574.786438  
8581.968378  
8648.061634  
8629.426342  
8666.02053  
8844.56432  
8795.158064  
8747.384555  
8630.4423  
8557.231712  
8613.417935  
8591.472096  
8566.31882  
8502.242071  
8565.925426  
8558.847273  
8619.052995  
8606.094349  
8563.23731  
8579.063266  
8675.426591  
8768.970648  
8739.794406  
8654.354304  
8588.768233  
8599.126348  
8616.162487  
8677.289928  
8636.576827  
8651.988892  
8650.43841  
8605.925099  
8648.338384  
8726.146107  
8697.483176  
8645.043329  
8653.411532  
8735.762063  
8776.549383  
8765.485929  
8750.633806  
8775.894293  
8760.068653  
8655.980691  
8586.772139  
8609.725791  
8577.277299  
8576.565801  
8502.822227  
8565.781533  
8481.083857  
8472.596724  
8507.552812  
8597.063327  
8677.444441  
8684.132979  
8792.519859  
8622.072543  
8480.846924  
8576.35098  
8568.10922  
8615.264737  
8713.788635  
8766.175615  
8658.920377  
8698.870927  
8690.039407  
8610.863032  
8744.288325  
8760.17193  
8709.625644  
8672.287359  
8578.315208  
8699.667364  
8743.953896  
8663.374478  
8656.115146  
8505.706388  
8581.895552  
8580.621088  
8575.921592  
8666.278564  
8660.139571  
8632.754861  
8666.846757  
8669.690302  
8621.852839  
8725.354437  
8657.268538  
8631.449335  
8743.158736  
8654.714183  
8597.264576  
8615.717884  
8692.405301  
8685.267778  
8669.912176  
8625.684848  
8733.223339  
8729.875444  
8698.23164  
8611.930869  
8678.825955  
8588.568859  
8424.172402  
8476.275074  
8536.18745  
8587.606706  
8568.757724  
8651.480558  
8562.431419  
8483.68593  
8490.888566  
8549.398759  
8562.811063  
8696.081415  
8717.875644  
8730.664706  
8761.063882  
8626.097312  
8625.454035  
8649.038663  
8648.162481  
8631.985834  
8744.632907  
8702.015825  
8688.679066  
8758.15327  
8699.404574  
8636.657399  
8679.887268  
8675.615856  
8556.785129  
8606.193287  
8635.972346  
8627.31912  
8719.649248  
8698.479731  
8728.113542  
8720.754139  
8616.266097  
8745.45338  
8574.332192  
8626.065335  
8523.366871  
8565.565369  
8485.64224  
8597.372209  
8593.025058  
8594.803833  
8614.249578  
8585.098394  
8624.76259  
8614.114574  
8609.043723  
8634.650119  
8629.554765  
8610.695202  
8607.67147  
8634.067161  
8579.519681  
8639.367182  
8563.958712  
8574.020963  
8586.354342  
8501.059715  
8562.274153  
8528.653576  
8598.920277  
8650.93548  
8699.837391  
8698.758872  
8665.383095  
8753.027033  
8698.150934  
8670.263644  
8652.450251  
8623.223333  
8617.743525  
8720.588312  
8488.780373  
8801.462968  
8641.546126  
8628.857838  
8610.286016  
8639.226152  
8667.76664  
8714.994424  
8753.005033  
8768.606251  
8684.634732  
8686.968445  
8693.336087  
8658.10882  
8644.634155  
8573.711709  
8626.900973  
8585.905118  
8644.264726  
8586.962219  
8629.629367  
8636.413835  
8707.377858  
8706.061629  
8692.881631  
8710.104215  
8631.233199  
8709.962796  
8650.133539  
8720.229481  
8650.518233  
8727.807734  
8585.834739  
8580.907815  
8578.988598  
8595.604159  
8680.099804  
8690.357239  
8717.713551  
8649.234802  
8715.517229  
8758.365467  
8748.998302  
8729.345365  
8643.134017  
8556.97042  
8536.992859  
8570.992121  
8571.590388  
8576.578053  
8482.196777  
8524.321533  
8555.081121  
8625.722312  
8649.630105  
8716.564547  
8675.567244  
8631.006342  
8736.289728  
8757.089533  
8665.275934  
8638.736922  
8560.449607  
8622.962319  
8630.841852  
8596.324424  
8617.321461  
8621.991339  
8493.222373  
8525.207803  
8551.287331  
8627.69761  
8583.028404  
8661.647489  
8641.768455  
8671.487848  
8681.687461  
8688.035323  
8585.562628  
8617.53889  
8564.19357  
8577.223067  
8695.655989  
8676.147511  
8645.439725  
8642.609586  
8657.809631  
8640.859769  
8647.481362  
8566.021057  
8556.091481  
8480.97411  
8534.048656  
8608.123868  
8594.021129  
8608.913125  
8528.285284  
8567.587491  
8701.401939  
8724.729137  
8708.896235  
8598.082858  
8506.290694  
8487.285456  
8596.946112  
8550.950018  
8571.253307  
8583.429965  
8647.186768  
8737.521329  
8868.195396  
8722.855341  
8751.326061  
8610.081132  
8537.208091  
8555.205117  
8561.130271  
8611.424799  
8703.437206  
8701.801147  
8732.684776  
8650.353837  
8666.281034  
8648.461798  
8660.108509  
8667.693121  
8650.420455  
8674.243858  
8708.020408  
8706.048162  
8658.669678  
8622.640725  
8646.969  
8676.832475  
8647.332403  
8616.301908  
8552.468889  
8637.064586  
8681.979348  
8770.015786  
8800.061856  
8691.109852  
8782.347751  
8666.866577  
8685.855541  
8729.610951  
8640.032515  
8692.894126  
8711.988037  
8726.67344  
8687.387113  
8723.915955  
8705.181596  
8685.473444  
8671.543546  
8631.723788  
8677.422868  
8661.903564  
8778.408802  
8525.200795  
8606.978749  
8588.162098  
8590.194214  
8686.191872  
8589.177995  
8653.172302  
8584.61428  
8600.284846  
8592.606745  
8619.841508  
8605.738192  
8642.327332  
8698.110241  
8702.853749  
8661.080566  
8625.175348  
8538.844144  
8616.195834  
8600.372253  
8673.099848  
8682.796592  
8746.668002  
8812.093584  
8772.404341  
8729.196544  
8618.268627  
8637.242687  
8541.485729  
8599.71243  
8691.642667  
8685.279857  
8629.609181  
8674.669284  
8708.279058  
8730.894592  
8745.760154  
8616.954928  
8537.410572  
8539.891369  
8538.417164  
8640.454207  
8644.044905  
8656.654336  
8751.543019  
8721.562273  
8679.964311  
8592.496588  
8514.559321  
8479.554932  
8428.857133  
8480.270402  
8606.435913  
8716.404147  
8734.567028  
8734.449302  
8707.45702  
8701.173467  
8657.298323  
8634.126487  
8571.399697  
8520.615601  
8510.082009  
8589.84825  
8665.349842  
8671.587563  
8589.137274  
8654.447304  
8645.687572  
8676.641413  
8775.005482  
8764.399891  
8762.347368  
8719.618691  
8740.431463  
8681.723572  
8731.954579  
8684.639771  
8626.795926  
8555.544661  
8657.781594  
8711.189947  
8740.953402  
8676.062733  
8665.049333  
8635.726551  
8542.817522  
8550.423617  
8640.787986  
8597.990323  
8700.824252  
8792.465637  
8761.765092  
8732.874401  
8656.905623  
8609.626781  
8607.183277  
8559.269537  
8453.996599  
8415.601468  
8521.574579  
8542.304954  
8598.44165  
8558.941617  
8480.921614  
8560.376737  
8524.043124  
8566.028731  
8555.053766  
8602.024675  
8722.700506  
8625.470592  
8681.208973  
8694.929138  
8747.746221  
8723.913047  
8728.445584  
8740.768183  
8767.437944  
8762.990107  
8642.620678  
8643.730152  
8607.76982  
8613.354353  
8564.843117  
8541.307184  
8531.655423  
8657.154741  
8648.241938  
8650.586071  
8712.338401  
8669.015753  
8656.578414  
8651.345032  
8622.160445  
8648.689115  
8626.885748  
8615.28044  
8687.598222  
8670.370422  
8734.026051  
8673.124895  
8651.060036  
8570.5311  
8600.704889  
8651.860102  
8667.157104  
8684.360995  
8618.581166  
8680.675981  
8655.590016  
8696.534846  
8710.423573  
8667.480136  
8686.010626  
8687.237471  
8682.339272  
8584.760759  
8672.437417  
8606.724937  
8680.163447  
8595.887956  
8572.620733  
8442.064431  
8496.161538  
8557.905845  
8605.650618  
8753.593778  
8773.823447  
8810.340959  
8656.429527  
8627.792603  
8604.890914  
8712.056097  
8626.184925  
8686.762307  
8614.969011  
8610.264748  
8590.809676  
8516.190163  
8622.46668  
8613.862854  
8661.948065  
8556.158192  
8660.818776  
8678.249706  
8739.910045  
8728.941467  
8623.286965  
8627.989341  
8572.475148  
8573.480985  
8617.682595  
8642.184315  
8540.662997  
8588.538408  
8630.392317  
8621.868547  
8626.975419  
8608.54227  
8579.999012  
8504.303999  
8572.2184  
8669.147638  
8730.521018  
8724.505438  
8765.385487  
8729.915278  
8683.543574  
8725.147217  
8603.612771  
8634.194297  
8652.17258  
8604.099188  
8683.583751  
8662.379744  
8648.337291  
8724.916948  
8672.222751  
8665.447354  
8694.237338  
8794.535067  
8615.54414  
8572.232755  
8594.726801  
8543.693531  
8608.958618  
8641.375139  
8727.887551  
8686.864064  
8734.339955  
8620.520197  
8614.062389  
8640.030318  
8726.120101  
8637.823764  
8721.190707  
8556.619845  
8547.896573  
8563.837924  
8604.85108  
8728.925326  
8751.74555  
8753.157227  
8735.30593  
8745.198103  
8638.440674  
8657.191284  
8517.631348  
8529.47163  
8553.815457  
8617.799128  
8661.930387  
8604.101318  
8680.707864  
8630.485679  
8627.749828  
8598.460094  
8695.973328  
8649.423406  
8706.751409  
8731.173806  
8708.79859  
8611.298834  
8582.166365  
8659.641063  
8670.756897  
8664.687567  
8702.630027  
8686.374623  
8588.018444  
8517.134305  
8567.990001  
8494.116488  
8579.27978  
8641.640642  
8777.015065  
8696.275773  
8656.642417  
8606.71278  
8556.693243  
8573.545771  
8549.969582  
8721.607932  
8746.481462  
8746.854154  
8821.821128  
8558.024708  
8534.734064  
8602.311385  
8540.753984  
8568.813787  
8730.536543  
8741.694397  
8622.977223  
8676.127147  
8537.205061  
8568.826893  
8622.322476  
8678.928167  
8596.542736  
8645.700573  
8632.450051  
8501.175532  
8551.868186  
8672.710338  
8690.150119  
8712.985396  
8656.393261  
8599.730846  
8470.301458  
8369.437367  
8555.384577  
8644.595587  
8495.290661  
8724.220315  
7035.824563  
8961.862554  
8724.670266  
8628.812422  
8639.400074  
8653.805326  
8600.444846  
8580.122248  
8653.491721  
8739.345814  
8808.625488  
8748.238525  
8751.57625  
8663.724998  
8678.991649  
8735.343145  
8751.591703  
8741.243625  
8720.188049  
8674.060192  
8691.253984  
8692.540633  
8631.491622  
8669.101191  
8643.202243  
8603.014931  
8686.85973  
8708.026201  
8654.706643  
8594.378995  
8580.838712  
8657.128618  
8680.468223  
8729.611151  
8584.248047  
8546.684798  
8558.380255  
8626.295488  
8690.11039  
8710.368164  
8747.8211  
8727.564858  
8768.95813  
8637.642456  
8612.50652  
8605.171742  
8559.163075  
8549.479359  
8639.875605  
8704.256364  
8639.223993  
8703.213457  
8654.453635  
8701.680509  
8714.123469  
8725.856978  
8719.951516  
8719.289795  
8717.904291  
8633.995938  
8572.920538  
8616.111212  
8596.26406  
8674.192322  
8658.601252  
8698.954734  
8708.000999  
8647.813016  
8588.448098  
8607.281394  
8634.938527  
8605.439104  
8486.781328  
8484.25531  
8635.11448  
8639.55926  
8643.526711  
8697.51856  
8760.934154  
8702.327398  
8721.945091  
8742.342796  
8745.931524  
8790.1518  
8756.905934  
8652.007025  
8629.946777  
8586.240068  
8567.216142  
8535.431741  
8639.237033  
8649.185902  
8730.460305  
8620.176614  
8532.837774  
8580.553955  
8567.689542  
8566.042275  
8666.724049  
8732.001981  
8717.273548  
8755.987582  
8601.260415  
8570.495544  
8602.493358  
8645.961193  
8668.232561  
8704.801275  
8674.151606  
8625.133978  
8582.750466  
8618.013267  
8567.862615  
8623.781372  
8571.53853  
8542.321034  
8635.90615  
8711.904241  
8665.791781  
8751.841286  
8679.720182  
8730.231867  
8685.177413  
8757.987737  
8685.6611  
8654.848777  
8670.620528  
8523.149048  
8521.663885  
8556.338629  
8542.302834  
8635.62475  
8583.660395  
8680.143222  
8619.414828  
8672.979953  
8705.775973  
8662.133562  
8594.63784  
8572.912082  
8615.372503  
8581.684626  
8643.568043  
8654.538114  
8651.422951  
8694.994529  
8715.008018  
8588.146201  
8636.911111  
8713.558339  
8690.577947  
8681.794733  
8578.887473  
8612.097984  
8606.388883  
8544.175537  
8586.176147  
8644.040477  
8621.775613  
8598.373247  
8511.574984  
8746.346108  
8526.281955  
8652.352939  
8603.574197  
8723.533597  
8585.025457  
8683.508722  
8613.282243  
8710.267173  
8788.723844  
8729.281122  
8815.888517  
8718.027421  
8580.77033  
8611.409979  
8573.331088  
8695.061096  
8643.993486  
8527.316317  
8676.130909  
8624.332475  
8566.928594  
8629.903692  
8618.978377  
8715.438715  
8679.005282  
8685.915566  
8680.115612  
8694.38982  
8571.998513  
8560.805126  
8570.411227  
8580.442843  
8719.983271  
8675.962652  
8700.992476  
8611.26583  
8586.837452  
8615.66758  
8668.804804  
8770.46688  
8733.18583  
8619.284768  
8543.722429  
8715.301891  
8574.289185  
8483.473644  
8552.822027  
8666.804449  
8684.875361  
8782.69114  
8681.970021  
8643.289534  
8611.074873  
8620.864302  
8724.450301  
8681.828991  
8655.135653  
8496.757258  
8481.350763  
8549.285339  
8525.099593  
8544.865695  
8633.761441  
8741.286627  
8692.168973  
8680.747731  
8756.625477  
8673.292369  
8680.279458  
8705.70864  
8724.49353  
8724.818687  
8621.451971  
8764.559076  
8683.978887  
8664.120145  
8637.51375  
8654.495872  
8693.589367  
8713.288846  
8632.229259  
8529.553872  
8634.8708  
8702.863631  
8734.648399  
8747.530212  
8652.93715  
8587.272666  
8572.403259  
8556.415527  
8529.448819  
8461.185541  
8493.135032  
8651.160556  
8718.260753  
8742.215055  
8743.238209  
8532.875333  
8568.940302  
8513.219538  
8662.034058  
8543.697199  
8494.143028  
8504.988403  
8543.673173  
8684.922691  
8688.154713  
8872.104143  
8821.289223  
8781.697471  
8669.773138  
8489.957719  
8555.9465  
8637.526639  
8651.122009  
8681.101058  
8768.512973  
8713.67587  
8691.061279  
8542.347007  
8512.90094  
8616.638411  
8662.89725  
8742.722196  
8824.717862  
8732.193842  
8588.388788  
8489.505155  
8392.325201  
8529.548307  
8542.340848  
8563.319852  
8731.796409  
8723.75197  
8679.933422  
8705.384411  
8777.092374  
8768.698631  
8690.154752  
8555.443781  
8558.724604  
8627.531694  
8706.148188  
8724.521057  
8734.866061  
8614.375133  
8557.824951  
8746.288286  
8673.885293  
8649.239158  
8677.868419  
8755.619801  
8689.59481  
8665.433455  
8504.564769  
8533.306469  
8639.205034  
8689.389976  
8654.879339  
8575.430437  
8509.301897  
8398.154857  
8507.387423  
8615.183527  
8634.293263  
8749.416243  
8765.822055  
8804.068526  
8667.450423  
8523.278176  
8469.958907  
8469.5312  
8597.608865  
8496.247914  
8545.402949  
8562.748768  
8599.688615  
8650.194403  
8621.961714  
8749.630798  
8651.418157  
8599.972906  
8704.374872  
8703.474326  
8650.067427  
8602.009344  
8780.805664  
8817.360501  
8873.898837  
8623.446328  
8535.482594  
8480.784679  
8523.005116  
8727.274264  
8755.551597  
8760.726124  
8708.748191  
8702.433871  
8634.318726  
8684.938876  
8686.181136  
8696.970709  
8728.969715  
8580.147067  
8417.105197  
8475.715976  
8542.761031  
8563.518466  
8703.588962  
8707.480902  
8732.226807  
8673.272749  
8625.618253  
8618.312678  
8685.024908  
8666.184354  
8701.959312  
8678.735363  
8679.898393  
8674.963246  
8676.052046  
8715.91773  
8700.322693  
8734.003396  
8732.125061  
8698.439703  
8711.274897  
8710.944708  
8670.812594  
8683.742998  
8660.826488  
8612.058599  
8600.411244  
8477.20929  
8492.489458  
8516.548379  
8449.363714  
8510.698542  
8489.397833  
8576.080899  
8701.969194  
8598.572404  
8634.69342  
8600.601474  
8617.987172  
8627.082403  
8672.595964  
8619.303916  
8685.716192  
8680.851535  
8600.62247  
8725.487349  
8731.715582  
8745.012828  
8803.431108  
8658.268494  
8539.346963  
8552.303694  
8570.909174  
8572.588079  
8635.274364  
8584.734575  
8635.921453  
8694.50182  
8774.433799  
8650.026761  
8719.1964  
8821.759083  
8815.666238  
8664.8481  
8478.676197  
8472.776123  
8546.299494  
8749.057207  
8736.009877  
8787.651772  
8775.840815  
8679.391291  
8668.376853  
8605.625694  
8559.077892  
8431.487449  
8418.156483  
8472.769504  
8528.978127  
8584.94827  
8528.757874  
8533.684554  
8595.071317  
8519.577992  
8666.256886  
8692.650285  
8703.143111  
8794.45009  
8786.766629  
8649.870245  
8626.409624  
8540.949174  
8688.083807  
8815.325034  
8830.766957  
8670.808449  
8635.443359  
8543.049266  
8669.088623  
8742.446572  
8742.707353  
8853.438582  
8804.041704  
8830.911921  
8738.686784  
8685.887579  
8805.985812  
8838.696533  
8673.090909  
8383.86281  
8497.85973  
8451.883417  
8527.264493  
8543.916626  
8569.472101  
8785.887429  
8654.137146  
8534.706243  
8674.286072  
8602.503018  
8582.701111  
8544.320013  
8710.138261  
8937.844638  
8783.518449  
8876.38036  
8608.52513  
8597.02645  
8492.390164  
8425.373513  
8526.767229  
8551.034862  
8510.193859  
8529.138894  
8675.521723  
8569.250472  
8684.409402  
8546.673323  
8499.808222  
8560.39573  
8636.844294  
8574.362632  
8481.628557  
8611.742271  
8626.468922  
8602.73362  
8701.050204  
8734.189625  
8717.619213  
8679.471019  
8706.875294  
8561.95338  
8631.4555  
8647.568592  
8662.072127  
8737.311096  
8641.288691  
8769.613176  
8735.94898  
8714.176025  
8857.434659  
8738.662387  
8680.705528  
8466.640975  
8566.963301  
8578.343733  
8635.510265  
8686.503634  
8713.577276  
8732.638128  
8695.294284  
8732.354143  
8609.09855  
8560.885753  
8586.247603  
8630.003812  
8692.294961  
8661.483249  
8664.136652  
8681.266124  
8526.68356  
8646.329251  
8556.695224  
8563.964084  
8531.077148  
8576.098239  
8488.734492  
8604.223977  
8570.399292  
8690.012207  
8686.790605  
8815.168285  
8699.923995  
8745.47027  
8564.827748  
8562.399386  
8516.583696  
8597.545521  
8649.671775  
8715.557168  
8720.050792  
8701.923196  
8608.079224  
8609.578697  
8575.299094  
8650.270053  
8663.123796  
8653.366444  
8658.558904  
8661.944231  
8659.741039  
8761.507679  
8717.354104  
8681.578008  
8630.928539  
8556.596602  
8545.707741  
8526.014121  
8600.155118  
8608.629078  
8624.065163  
8685.191772  
8675.029413  
8613.074369  
8676.996793  
8593.666138  
8680.654663  
8555.769359  
8616.359009  
8622.567094  
8564.867482  
8720.902566  
8669.522544  
8692.738636  
8604.52806  
8511.153653  
8643.851446  
8631.673701  
8711.850186  
8671.668956  
8618.820801  
8546.812162  
8531.661699  
8628.895386  
8707.553478  
8742.732183  
8636.327354  
8673.941223  
8631.03428  
8659.238148  
8692.035761  
8780.61125  
8762.006264  
8636.660611  
8629.314786  
8616.381126  
8550.743774  
8564.419156  
8708.079496  
8727.602101  
8731.638023  
8849.800787  
8756.527638  
8741.215432  
8753.434504  
8352.33465  
8619.1075  
8683.95171  
8630.677074  
8569.466947  
8482.973611  
8522.037936  
8645.184265  
8603.83915  
8665.201938  
8662.530384  
8739.489169  
8755.822327  
8738.295166  
8739.743841  
8618.245234  
8583.609303  
8428.188016  
8475.584478  
8495.588734  
8491.097606  
8589.128879  
8734.676747  
8678.450412  
8729.723883  
8486.766313  
8643.420959  
8598.816301  
8479.219016  
8521.713895  
8686.371643  
8612.430342  
8658.949036  
8739.78995  
8716.725436  
8680.904802  
8636.925787  
8603.795643  
8706.218184  
8613.385559  
8615.822299  
8677.584778  
8600.46865  
8664.818437  
8593.349509  
8705.364641  
8742.95176  
8727.106373  
8809.455644  
8711.21567  
8735.225458  
8716.395341  
8727.80517  
8667.174816  
8693.589716  
8558.107938  
8607.565552  
8597.642445  
8734.15175  
8701.942993  
8718.068931  
8649.153958  
8647.422424  
8506.137884  
8442.610119  
8535.606556  
8596.698864  
8658.916415  
8718.115773  
8733.936879  
8733.72998  
8608.019159  
8607.683438  
8677.387939  
8682.312777  
8678.796409  
8594.90878  
8625.179266  
8594.648249  
8457.63122  
8526.423479  
8651.043662  
8591.52286  
8656.051575  
8557.542103  
8400.709445  
8513.368819  
8602.360906  
8644.689314  
8737.58247  
8519.174205  
8588.920061  
8521.684948  
8541.636641  
8608.597434  
8603.517273  
8597.237094  
8552.12945  
8592.474504  
8621.935186  
8612.92137  
8711.975447  
8766.690629  
8730.706238  
8752.646967  
8751.5889  
8651.71678  
8690.57509  
8697.294273  
8609.590282  
8560.986622  
8463.889127  
8457.872991  
8517.371704  
8576.200306  
8612.34213  
8636.106823  
8661.684021  
8604.691639  
8603.913458  
8603.360479  
8513.670399  
8597.288907  
8608.134122  
8671.43189  
8669.608365  
8686.890581  
8695.911233  
8688.248025  
8730.379861  
8737.215565  
8775.97249  
8747.523576  
8878.015314  
8744.904097  
8595.29131  
8653.008706  
8750.895031  
8661.475936  
8681.910656  
8588.103233  
8525.510409  
8532.43978  
8606.922019  
8668.139249  
8697.577404  
8711.860402  
8684.743586  
8722.861045  
8673.530656  
8791.47962  
8663.983548  
8636.894159  
8569.116782  
8649.78934  
8644.275257  
8653.637629  
8740.972834  
8680.867992  
8601.846868  
8586.470609  
8615.335455  
8661.987799  
8647.887912  
8609.365318  
8601.255649  
8551.583008  
8586.614186  
8688.107244  
8702.835055  
8736.549716  
8695.189287  
8728.132435  
8644.844416  
8608.731246  
8583.616677  
8630.19761  
8757.000189  
8821.163619  
8737.1966  
8665.691079  
8590.63314  
8575.901062  
8669.627591  
8644.925726  
8781.525712  
8728.93826  
8627.551142  
8608.845664  
8615.141252  
8648.932123  
8715.121748  
8641.931913  
8691.612554  
8590.481545  
8621.247381  
8597.415439  
8642.079862  
8560.09592  
8625.876909  
8577.406949  
8683.974964  
8610.461293  
8741.572116  
8650.039029  
8513.48766  
8436.987909  
8511.457364  
8561.328025  
8640.905584  
8681.019259  
8734.60927  
8720.390364  
8842.790694  
8714.717063  
8646.445706  
8588.821517  
8593.021423  
8614.98842  
8686.824718  
8718.03626  
8593.74398  
8632.807018  
8579.681624  
8617.220126  
8713.205955  
8720.124528  
8698.780506  
8650.198087  
8592.451777  
8636.541226  
8666.74717  
8645.821322  
8668.648327  
8649.065718  
8592.310841  
8631.318626  
8532.068875  
8578.342341  
8549.818814  
8635.347096  
8595.776434  
8670.087025  
8592.116233  
8595.664329  
8619.524481  
8666.50167  
8657.555964  
8671.301331  
8668.048323  
8655.272256  
8702.987083  
8664.076771  
8683.318293  
8846.7948  
8616.619823  
8409.359758  
8529.665156  
8527.154042  
8432.443437  
8538.398232  
8581.918141  
8607.411421  
8631.380443  
8725.898843  
8625.583063  
8763.984586  
8759.637335  
8692.982638  
8685.683649  
8698.975597  
8701.369768  
8635.211809  
8597.535866  
8637.967241  
8687.161638  
8679.588129  
8691.185225  
8627.361395  
8720.337813  
8725.011402  
8695.590748  
8752.819441  
8765.555248  
8700.123064  
8621.850741  
8503.639615  
8523.273177  
8660.199751  
8713.514094  
8723.470115  
8721.631298  
8713.023676  
8696.532704  
8740.99287  
8665.981273  
8674.529092  
8700.12025  
8625.999956  
8735.704318  
8705.474376  
8426.871776  
8278.463756  
8595.233432  
8622.155961  
8665.423012  
8633.994562  
8615.547041  
8623.431807  
8672.107882  
8572.282804  
8562.949446  
8485.795016  
8553.319586  
8604.943071  
8716.640359  
8659.540788  
8652.703502  
8545.096902  
8468.703192  
8514.613653  
8547.303434  
8540.554571  
8758.327798  
8721.718461  
8797.17329  
8737.506453  
8778.933716  
8597.893216  
8614.770968  
8697.857905  
8649.365734  
8629.8926  
8640.16687  
8688.253024  
8604.115107  
8510.774114  
8599.968678  
8472.692272  
8533.572887  
8585.298423  
8500.345248  
8570.06498  
8561.409307  
8532.470881  
8541.895819  
8510.355236  
8609.35932  
8741.979892  
8771.265153  
8710.916337  
8696.883129  
8699.758839  
8692.525474  
8762.785517  
8764.28115  
8657.687655  
8623.305897  
8612.979997  
8516.1873  
8577.748263  
8526.01825  
8567.93103  
8612.370733  
8612.668574  
8765.242254  
8657.790894  
8658.336981  
8776.69782  
8736.243824  
8613.063943  
8562.157027  
8608.71187  
8620.860368  
8669.234231  
8666.164984  
8679.052768  
8734.833363  
8782.868208  
8915.949208  
8661.686374  
8577.132463  
8549.481024  
8456.717651  
8475.374612  
8511.075201  
8605.769947  
8713.748269  
8665.110496  
8643.548512  
8643.420216  
8621.716847  
8727.781971  
8778.061823  
8699.163946  
8707.163996  
8631.625477  
8618.684387  
8617.30229  
8622.085105  
8712.40645  
8716.472506  
8686.34557  
8706.187034  
8685.058694  
8688.973932  
8661.153082  
8721.639099  
8581.037043  
8634.761353  
8471.704934  
8476.835843  
8502.647833  
8608.520735  
8680.8975  
8693.105996  
8721.479681  
8646.208385  
8671.18993  
8554.746743  
8589.46223  
8611.698015  
8663.835976  
8647.562888  
8629.867282  
8531.55815  
8623.603172  
8608.884011  
8489.562389  
8520.234386  
8538.454107  
8540.604487  
8569.756325  
8632.874057  
8588.289262  
8576.435647  
8675.004711  
8659.537631  
8919.285489  
8609.988503  
8567.78398  
8624.340166  
8627.201105  
8765.03327  
8748.463679  
8731.3926  
8788.236539  
8730.040838  
8781.059726  
8727.841009  
8750.26694  
8680.205522  
8802.755127  
8777.550831  
8707.974854  
8657.86747  
8586.018638  
8616.196322  
8720.114186  
8769.877747  
8772.968079  
8789.646368  
8785.718262  
8600.051031  
8503.212929  
8500.389426  
8594.365756  
8559.150241  
8657.592718  
8677.551181  
8729.476568  
8792.435092  
8750.977894  
8783.950734  
8649.081116  
8696.625294  
8616.657632  
8563.907865  
8618.522478  
8706.03605  
8615.938244  
8698.148105  
8641.10356  
8637.205228  
8687.865417  
8664.417048  
8732.390464  
8665.280573  
8701.415083  
8734.46885  
8582.973211  
8628.414229  
8536.340038  
8605.560136  
8500.212558  
8684.50142  
8671.15327  
8698.16995  
8792.966042  
8697.138012  
8624.995317  
8484.085344  
8548.496188  
8682.401256  
8614.545987  
8613.436784  
8581.551342  
8684.457625  
8577.02316  
8614.190452  
8601.043052  
8532.526278  
8527.301669  
8524.075462  
8512.761874  
8626.175021  
8561.076416  
8534.431713  
8397.106473  
8496.735246  
8650.717529  
8813.972002  
8821.025846  
8677.736367  
8585.8616  
8510.488337  
8441.516474  
8443.794034  
8411.976108  
8570.861289  
8616.932734  
8676.617803  
8696.541804  
8670.295721  
8654.988165  
8690.184981  
8684.946345  
8698.508961  
8695.597839  
8682.886519  
8685.044201  
8685.741583  
8627.730075  
8712.666493  
8744.104703  
8740.79819  
8821.172619  
8684.269742  
8747.652654  
8678.466664  
8680.76542  
8621.592685  
8616.294023  
8608.370445  
8527.722207  
8622.733448  
8569.147122  
8700.497276  
8735.993769  
8673.609591  
8713.919617  
8631.354259  
8560.932601  
8535.53337  
8481.260498  
8532.103965  
8599.457531  
8564.701072  
8695.021362  
8655.933577  
8676.210549  
8587.313305  
8625.231762  
8663.466214  
8621.773449  
8640.128729  
8661.642118  
8684.814264  
8793.992132  
8839.679482  
8661.966897  
8629.684371  
8718.263811  
8763.613353  
8811.982844  
8666.366755  
8726.356739  
8675.759882  
8513.157598  
8669.685447  
8539.374595  
8662.396995  
8648.841908  
8679.282282  
8630.974138  
8516.112432  
8445.250444  
8437.949324  
8481.370422  
8612.110252  
8508.54829  
8561.743064  
8672.659124  
8709.425504  
8787.968939  
8797.352062  
8753.072965  
8767.824369  
8604.279613  
8552.412071  
8654.852744  
8605.362932  
8545.018705  
8666.445146  
8676.534219  
8712.613536  
8863.902394  
8719.796143  
8725.842196  
8557.749157  
8572.218539  
8801.158042  
8714.995456  
8718.974066  
8649.926569  
8571.091264  
8535.223955  
8517.218378  
8565.241644  
8693.640736  
8600.334395  
8545.961409  
8760.851335  
8617.929704  
8724.910484  
8720.246355  
8746.632025  
8790.475392  
8706.054061  
8655.199502  
8473.236106  
8556.973167  
8569.460865  
8641.405967  
8602.025169  
8697.663275  
8620.065258  
8706.377036  
8530.991921  
8675.973078  
8672.867276  
8804.540894  
8749.6649  
8669.387518  
8632.530678  
8527.684848  
8626.601452  
8680.166432  
8613.614635  
8648.805137  
8540.961409  
8532.705855  
8589.294528  
8638.501925  
8600.757141  
8763.463551  
8655.716103  
8676.050559  
8642.357416  
8573.784341  
8592.925193  
8569.23301  
8712.001443  
8574.849931  
8582.767761  
8513.802429  
8521.304771  
8596.529513  
8617.498086  
8719.639593  
8632.841586  
8736.009888  
8640.745384  
8573.557001  
8608.905995  
8593.37748  
8543.560891  
8563.412448  
8611.188038  
8619.687522  
8638.119829  
8764.111783  
8699.086104  
8720.614657  
8663.83136  
8614.783331  
8626.674056  
8696.339161  
8624.847923  
8700.02599  
8691.578647  
8603.103832  
8701.577298  
8655.131292  
8735.75096  
8648.889426  
8601.636031  
8629.0177  
8551.455572  
8495.632052  
8500.596458  
8541.725209  
8647.255937  
8645.530473  
8679.309204  
8594.209478  
8523.888023  
8540.921226  
8534.211881  
8542.693637  
8609.913108  
8531.622553  
8612.672907  
8527.424916  
8549.527155  
8598.332037  
8592.98357  
8720.476735  
8712.276772  
8652.276567  
8654.049849  
8525.811634  
8590.327026  
8504.032288  
8728.196655  
8704.594932  
8727.125133  
8704.691417  
8638.228604  
8689.40514  
8637.178117  
8590.24646  
8567.385576  
8593.888012  
8602.979564  
8700.446744  
8625.692288  
8711.1604  
8617.894043  
8807.329002  
8719.859037  
8726.479653  
8731.505593  
8621.92668  
8636.462513  
8748.801719  
8838.396939  
8592.19605  
8571.779929  
8470.536865  
8565.821367  
8628.339483  
8669.261009  
8715.684049  
8731.545099  
8620.706271  
8630.961825  
8650.923184  
8588.14861  
8672.79222  
8669.5133  
8654.986201  
8782.121965  
8718.273693  
8723.008512  
8696.011436  
8733.349854  
8666.44129  
8714.372387  
8689.220542  
8613.203053  
8611.451727  
8689.799438  
8643.531267  
8740.026373  
8630.802335  
8591.123796  
8608.299039  
8634.585544  
8592.10766  
8712.934326  
8645.257757  
8714.978416  
8686.914201  
8625.977717  
8607.00839  
8692.143272  
8595.902322  
8702.203158  
8635.799333  
8622.308655  
8579.954684  
8741.33409  
8786.665566  
8688.538164  
8592.729059  
8516.487643  
8537.783314  
8508.413807  
8556.198681  
8595.282432  
8643.129062  
8700.987122  
8712.244718  
8710.533148  
8710.954584  
8617.29945  
8733.722118  
8616.913929  
8573.447221  
8658.603843  
8703.928728  
8541.154053  
8473.269831  
8509.763483  
8490.95378  
8662.111861  
8630.468117  
8701.00561  
8619.627247  
8561.184276  
8689.911849  
8681.410977  
8774.889682  
8669.475664  
8661.286111  
8827.649026  
8624.243086  
8574.039789  
8535.556552  
8617.128634  
8575.966642  
8646.179848  
8526.532693  
8594.981201  
8533.750788  
8597.99494  
8740.277749  
8787.12677  
8849.549749  
8679.187034  
8677.125572  
8481.972989  
8576.233759  
8630.04794  
8687.291681  
8695.691317  
8658.781206  
8695.883628  
8608.887551  
8666.995938  
8488.642428  
8557.0404  
8521.836309  
8598.321883  
8558.460022  
8548.733914  
8633.266413  
8664.438837  
8651.920638  
8668.336737  
8647.244374  
8665.203525  
8610.910761  
8689.033414  
8692.420216  
8766.863215  
8926.362061  
8664.548429  
8595.002181  
8822.210261  
8713.170876  
8630.311895  
8661.738991  
8668.313654  
8708.598455  
8642.283397  
8647.395447  
8513.234131  
8500.802118  
8584.793635  
8475.324568  
8551.253401  
8581.010997  
8608.093589  
8642.942183  
8583.456099  
8724.491566  
8717.698758  
8739.193631  
8524.124273  
8757.933649  
8627.887568  
8530.195945  
8546.736844  
8644.430087  
8581.92193  
8628.19898  
8757.906894  
8738.694769  
8767.775552  
8637.864613  
8634.142462  
8539.476429  
8569.69256  
8501.213501  
8513.390098  
8570.265975  
8429.244068  
8647.640026  
8717.31639  
8684.125505  
8595.1247  
8620.082753  
8558.95596  
8610.714611  
8591.867027  
8685.466159  
8605.264449  
8577.722257  
8598.636169  
8677.069919  
8703.390398  
8677.942605  
8674.113742  
9228.644897  
8655.936102  
8682.668468  
8531.191245  
8539.484991  
8510.623885  
8639.715437  
8392.411255  
8570.284956  
8741.705067  
8794.872658  
8771.79212  
8734.978843  
8660.401783  
8620.340615  
8670.093805  
8598.843278  
8756.097751  
8768.773671  
8816.792697  
8719.969044  
8766.40357  
8504.058405  
8505.145763  
8509.83116  
8552.288413  
8632.324102  
8627.45919  
8611.231151  
8625.679832  
8626.273892  
8585.805048  
8595.467219  
8728.820041  
8698.839705  
8588.506719  
8585.601551  
8618.244163  
8583.287409  
8648.580356  
8612.109003  
8603.18608  
8661.762335  
8728.47446  
8692.118736  
8728.298373  
8706.636597  
8790.380532  
8567.644054  
8587.459706  
8576.21966  
8544.79308  
8622.376371  
8560.518166  
