11942.90946  
11934.52614  
11930.14424  
11971.86825  
11949.85091  
12004.0247  
11905.44249  
11881.61588  
11852.56093  
11909.45883  
11890.68279  
11953.21919  
11985.05037  
12011.57129  
12052.89646  
12069.26357  
12015.39078  
12009.34581  
12010.80278  
11973.53464  
11900.16964  
11949.33774  
11887.26141  
11960.39714  
11943.19082  
11907.17847  
12008.17562  
11953.01677  
12008.17113  
11959.4105  
11977.60223  
11956.14079  
11934.54382  
11946.48674  
11944.96149  
11922.66553  
11854.64375  
11866.16755  
11832.02936  
11910.75477  
11916.40774  
11923.04899  
11928.22432  
11925.61806  
11898.73617  
11925.83233  
11920.19126  
11980.11624  
11925.61363  
11999.61713  
12006.56963  
11984.70135  
12018.0695  
12016.83726  
12021.18577  
12051.65948  
11954.18028  
11966.10071  
11954.50315  
12013.61473  
11923.81362  
11915.65085  
11872.22426  
11917.34467  
11946.93691  
11949.94957  
12012.69555  
12024.78722  
12011.89386  
11951.72131  
11991.13806  
11926.48988  
11872.31259  
11878.13676  
11871.32897  
11976.55581  
11903.38947  
11934.5823  
11975.98755  
11956.17611  
11983.40345  
12040.39454  
11987.87174  
12007.52284  
11975.86064  
11947.97182  
11988.86768  
11984.27392  
11967.00302  
11988.03383  
11974.88203  
11970.78867  
11945.50526  
11949.97045  
11866.45012  
11896.60752  
11895.3267  
11894.40159  
11870.97893  
11952.01041  
11899.31026  
11957.53776  
11927.96994  
11917.08997  
11989.20294  
11927.2269  
11899.48852  
11955.12109  
12019.86191  
11975.03001  
11977.37028  
12054.45228  
11952.22451  
11996.05383  
11952.73625  
11910.2903  
11919.76518  
11943.75335  
11946.84982  
11961.9421  
11934.49234  
11919.97855  
12021.35581  
11974.46701  
12016.82164  
11976.8267  
11924.42935  
11916.14206  
11921.85229  
11934.86706  
11933.86454  
11917.73433  
11981.17883  
11935.73974  
11945.2228  
11961.09783  
11990.41491  
12008.01781  
11981.85471  
11953.47602  
11960.69699  
11910.09053  
11948.77968  
11948.03174  
11942.5029  
11933.60551  
11932.62836  
11958.49583  
11922.00828  
11931.35479  
11988.51239  
12005.26232  
11946.82777  
11917.61612  
11890.9401  
11961.05531  
11984.46793  
11942.3392  
11879.56203  
11829.14585  
11898.55265  
11944.46945  
11931.70717  
12028.75129  
12049.82365  
11963.00025  
11951.59186  
11908.51161  
11884.96383  
11910.94144  
11957.30862  
11930.99357  
11983.32901  
12002.26345  
11986.60254  
11915.59656  
11917.29843  
11914.07002  
11928.38783  
11935.16294  
11893.02566  
11914.72482  
12002.88355  
11959.89261  
11990.79659  
11964.68502  
12013.69117  
11996.63688  
12019.14551  
11951.13731  
11979.05313  
11915.81488  
11969.51385  
11907.24923  
11946.64396  
11915.42247  
11954.27575  
11980.04639  
11969.41695  
11967.00693  
12003.86784  
12015.17891  
11950.95129  
11957.83275  
11922.80572  
11931.75588  
11902.29603  
11941.38282  
11949.28214  
11881.98814  
11905.50686  
11886.42231  
11907.08269  
11936.12089  
11965.01945  
11974.24947  
11965.25134  
11975.36313  
11996.8196  
12005.16926  
11918.87307  
11919.29189  
11937.19906  
11945.45294  
11914.58749  
11932.51295  
11970.85181  
11930.64877  
11963.18275  
12072.41841  
11895.93513  
11929.7451  
11940.94629  
11998.32572  
11971.1666  
12006.53256  
11986.40089  
11922.21291  
11931.13081  
11951.14155  
11976.99586  
11991.86553  
11990.33827  
11976.15752  
11899.42134  
11911.22563  
11896.34752  
11962.43015  
11906.14002  
11941.19391  
11933.34623  
11954.38806  
11951.43483  
11999.54053  
11904.85611  
11956.47175  
11913.80597  
11967.74599  
11951.03294  
12016.15351  
11955.06319  
11963.42253  
11908.63394  
11945.44202  
11957.8661  
11987.57241  
12005.46538  
11979.86208  
12005.15455  
11964.90542  
11993.69517  
11953.88577  
11974.41419  
11882.87221  
11910.21301  
11918.60383  
11954.35101  
11955.69012  
11981.12091  
11946.48351  
11911.65773  
11947.05273  
11866.82545  
11937.55644  
11914.67178  
11900.09862  
11973.52759  
12021.23747  
11987.51529  
11959.69105  
11948.22605  
12016.45696  
11995.07559  
12013.56878  
11920.48077  
11942.23138  
11872.89538  
11947.34657  
11958.81071  
11891.66976  
11863.53214  
11945.53691  
11958.72864  
11974.23598  
11964.91276  
11956.87222  
11906.14122  
11975.41966  
11896.07827  
11897.71155  
11920.49378  
11982.81798  
11938.20454  
11922.33717  
11927.83242  
11920.95375  
11981.65529  
11908.65609  
11885.13483  
11881.41865  
11917.47312  
11905.13827  
11951.26867  
11907.42591  
11932.42324  
11981.76006  
11996.00138  
12073.79862  
11987.98649  
12002.55528  
11954.22802  
11862.87  
11896.65329  
11850.16679  
11943.38485  
11944.90978  
11959.38729  
11987.01305  
11877.00208  
12031.83785  
11993.52264  
11956.41801  
11893.73469  
11931.59951  
11912.43422  
11955.15568  
12017.04843  
12002.36313  
11976.77576  
11952.54881  
11943.17945  
11964.40112  
11911.24747  
11946.24027  
11999.78521  
11976.73522  
11988.05366  
12013.23966  
12026.46064  
11989.91194  
11985.15899  
12002.83232  
12024.13145  
12026.13777  
12033.10113  
12074.54816  
11961.94145  
11984.29914  
11906.42953  
11899.16207  
11910.59643  
11862.56004  
11901.90109  
11911.4461  
11931.58347  
11954.23112  
11987.32076  
11948.68326  
11888.81376  
11985.46973  
11910.47809  
11968.39645  
11959.59905  
11948.34945  
11946.59791  
11982.98774  
11977.74851  
12003.07023  
11950.4223  
11951.77074  
11927.7059  
11959.89594  
11903.70306  
12024.95202  
11924.60346  
11989.44911  
11947.58631  
11947.99945  
11926.32342  
11899.26408  
11970.9467  
11927.68417  
12004.79968  
12051.69376  
11956.52903  
11971.3749  
11982.73538  
11990.08931  
11994.39154  
12141.76058  
11976.13296  
11978.77204  
11934.17704  
11903.03145  
11865.45305  
11849.10321  
11877.2766  
11847.04672  
11922.7404  
11957.05454  
11974.05799  
11936.28203  
11958.7889  
11983.80079  
11926.00258  
12034.80371  
11944.63839  
11990.3201  
11987.73049  
11918.48294  
11907.74775  
11936.93075  
11892.49925  
11873.25097  
11918.64607  
11944.91967  
11983.51206  
11963.24866  
11920.67153  
11946.88409  
11904.04659  
11908.72524  
11952.46401  
11942.74328  
11932.63282  
11989.6342  
11981.36202  
12008.02946  
11947.10477  
11941.13189  
11939.87658  
11957.78386  
11939.05371  
11954.7298  
11976.96713  
11931.97637  
11979.57877  
11985.77942  
12016.2977  
12000.57866  
12000.58094  
12022.79809  
11979.94508  
11930.21698  
11924.01992  
11916.21987  
11893.71196  
11934.65942  
11944.3032  
11985.0977  
12028.29155  
12008.21729  
11999.72506  
11969.79021  
11983.68014  
11958.24428  
11951.8018  
12020.10023  
11925.78618  
11979.61873  
11945.01937  
11993.30036  
11914.96226  
11967.95213  
11900.73618  
11973.83267  
11936.33487  
11923.20281  
11902.73695  
11897.10066  
11858.00428  
11830.31203  
11790.41034  
11892.5691  
11813.27709  
11924.03153  
11909.48476  
11970.95692  
11906.24093  
11994.70436  
11972.96506  
12030.92887  
11995.15057  
12067.59535  
11980.54948  
11989.2813  
11947.79012  
11905.58334  
11917.73534  
11938.3443  
11941.43696  
11901.46065  
11925.32277  
11902.90796  
11963.2529  
11935.5563  
11989.90962  
11956.56101  
12007.96287  
12001.51646  
11988.61662  
11962.04023  
11934.18605  
11963.44677  
11942.40063  
11956.47105  
11933.41183  
11977.37491  
11914.41041  
11922.50954  
11909.11639  
11920.0189  
11917.89264  
11939.44069  
11954.93636  
12025.17433  
12016.44938  
11986.07426  
11969.99829  
11932.33719  
11929.78316  
11959.49301  
11965.27039  
11980.18503  
11898.45154  
11966.0099  
11939.27891  
11977.7922  
11888.03407  
11957.55195  
11874.55027  
12002.87381  
11973.70842  
12044.99875  
12037.037  
12007.33449  
12027.44631  
11973.869  
11964.80148  
11968.93809  
11938.65985  
11923.98379  
11936.0459  
11929.87174  
11924.16655  
11871.18795  
11940.00352  
11877.56083  
11913.24651  
11939.14317  
11883.1478  
11894.38826  
11915.82634  
11973.16967  
11947.66633  
11965.45793  
11947.3623  
11964.58936  
11930.77922  
11980.94723  
12018.54646  
11957.34795  
11929.35744  
11918.86787  
11944.99795  
11963.03408  
11946.05188  
11921.12484  
11945.54382  
11926.68706  
11966.05824  
12039.74988  
12003.61126  
11995.65891  
11973.49041  
11962.26099  
11968.36292  
11962.12812  
11996.76972  
11972.04053  
11924.06213  
11963.15452  
11899.29809  
11961.00633  
11971.10414  
11917.89551  
11949.42112  
11906.44191  
11944.91852  
11925.56677  
11971.80643  
11947.17094  
11963.60989  
11925.15067  
11956.22396  
11957.23843  
11963.1098  
11983.83868  
11940.90145  
12000.67755  
11972.08116  
11982.49319  
11967.38795  
11982.73339  
11875.46363  
11899.78223  
11886.38959  
11938.51186  
11948.25446  
11996.85675  
11965.01457  
11988.90835  
11959.07649  
11933.15659  
11938.56786  
11947.51873  
11955.17418  
11945.73888  
12007.74553  
11952.80616  
11958.95096  
11962.21832  
11939.58664  
11927.10785  
11924.30976  
11940.96268  
11933.19981  
12043.91873  
12031.12754  
12027.02086  
11988.60685  
11949.18052  
11965.16969  
11903.95445  
11929.0586  
11910.71609  
11800.43151  
11950.32092  
11957.92545  
11910.82308  
11947.59843  
12040.95826  
11996.0437  
12011.30426  
11975.4669  
11927.82293  
11906.40472  
11946.32582  
11896.28396  
11963.26192  
11984.76378  
12023.77166  
12032.62484  
12046.90922  
12044.49736  
11949.7453  
11912.86934  
11942.65582  
11938.27032  
11987.35295  
11939.53527  
11980.09745  
11993.53615  
11960.64508  
11942.25166  
11906.1744  
11888.56277  
11877.78759  
11946.91212  
11913.51492  
11924.36758  
11940.60091  
11962.74064  
11981.16794  
11927.18651  
11892.09201  
11926.97544  
12015.89362  
11935.06072  
11957.59487  
11931.25699  
11923.64063  
11930.85123  
11985.36665  
11873.30142  
12104.39959  
11955.78605  
11936.13096  
11947.13655  
11937.43767  
11961.88391  
11958.31295  
11946.74531  
11981.11092  
11999.17074  
11927.69409  
11956.40578  
11951.53426  
11942.79896  
11978.07945  
11958.99707  
11937.90505  
11947.29649  
11952.00186  
11907.01507  
11884.87843  
11824.81723  
11864.75424  
11823.38301  
11915.47952  
11946.87578  
12001.59701  
11946.52849  
11945.85924  
11937.31078  
11961.00485  
11977.46409  
11966.16038  
11954.83678  
11966.07268  
11980.26357  
11937.54674  
11977.17471  
11949.90882  
11976.09401  
11981.91848  
12050.96649  
11991.19162  
11960.02268  
11891.94178  
12018.06999  
11951.01239  
11939.83682  
11849.32681  
11935.5636  
11874.89179  
11922.11237  
11933.15792  
11954.70694  
11977.50666  
11958.89831  
11905.61718  
11928.35087  
11925.54461  
11881.29259  
11945.18849  
11999.5045  
11989.54186  
12000.28714  
11971.87226  
11966.76323  
11912.97261  
11979.00898  
11903.47329  
11997.56592  
11955.76268  
11981.57376  
11947.56159  
11944.86962  
11930.75139  
11881.06782  
11897.1498  
11959.01973  
11954.86514  
11953.79064  
12000.25218  
11985.5715  
11922.10377  
11919.74812  
11910.44271  
11947.30802  
12021.28729  
11996.87974  
11977.06553  
11923.98347  
11941.08086  
11906.07775  
11909.21698  
11912.65371  
11936.03666  
11946.59737  
11939.75473  
11998.99755  
12012.33147  
12010.16036  
12024.49901  
11986.28239  
11928.78042  
11968.84986  
11956.82054  
11907.00552  
11865.68789  
11912.89577  
11942.29931  
11947.49352  
11988.99099  
11948.91934  
11980.55829  
12005.25957  
12013.41826  
12008.52959  
11923.31085  
11869.49539  
11858.63615  
11880.72449  
11925.68821  
11890.75087  
11961.70263  
11930.72578  
11962.95659  
11947.7239  
11917.15946  
11894.75417  
11916.56227  
11935.29778  
11974.08163  
12004.92614  
11952.96128  
11933.65966  
11983.84218  
11979.04536  
12028.63711  
12063.22972  
12062.47994  
12008.55409  
11969.76806  
11919.4675  
11927.78591  
11912.37507  
11869.41974  
11909.80486  
11967.98062  
11980.22989  
12032.04133  
12057.25162  
12006.4131  
12024.63639  
12024.54777  
11994.09515  
11893.04253  
11925.9293  
11881.83632  
11930.22164  
11955.63871  
11733.69949  
11919.43514  
11914.27966  
12023.73529  
11991.59987  
12001.89286  
11938.37868  
11884.57026  
11938.75371  
11945.40898  
11990.55196  
12016.63315  
11987.27759  
11965.39568  
11920.46028  
11918.25107  
11888.41583  
11855.43787  
11888.85374  
11901.46678  
11884.71906  
11903.10001  
11919.68762  
11933.69254  
11944.02259  
11982.05621  
12011.47158  
12089.10028  
12032.58216  
12000.18117  
11982.22745  
11920.37997  
11847.73855  
11906.03543  
11996.87933  
11981.51488  
11945.83022  
11931.68207  
11919.48837  
11926.05698  
11989.09789  
11845.37114  
11952.29305  
11912.93164  
11899.41625  
11901.67944  
11870.33596  
11880.83994  
11996.12294  
11957.28052  
12008.16058  
11980.53825  
11938.90793  
11955.44936  
11954.08197  
12021.05341  
12062.12392  
12020.67165  
11995.17912  
11946.48015  
11950.04369  
11911.63989  
11931.80674  
12003.19543  
11965.12941  
11978.63581  
11976.36672  
11978.71614  
11993.13091  
11935.89764  
11972.70481  
11942.08009  
11971.64025  
11898.54702  
11934.52441  
11918.28517  
11950.85752  
11964.24782  
11971.67097  
11991.15654  
12006.97313  
11976.52373  
11917.98268  
11931.27597  
11940.93525  
12021.05133  
12037.22512  
11967.59739  
11954.75876  
11917.80542  
11932.43116  
11861.52484  
11899.45475  
11868.08527  
11903.6295  
11956.09487  
12007.07047  
12007.50364  
11931.27279  
11966.64324  
11902.42121  
11980.01833  
11961.87098  
11901.93899  
11886.52241  
11857.82759  
11883.81767  
11925.0449  
12001.6533  
11972.24065  
12024.2957  
12026.51896  
11981.24343  
11908.18058  
11927.05641  
11943.01614  
11921.68434  
11961.23649  
11958.46411  
11999.54703  
11979.35044  
11891.27586  
11919.48612  
11930.58556  
11982.08206  
11947.77804  
11990.44656  
11914.56042  
11894.69292  
11860.4112  
11897.30856  
11903.73585  
11969.19286  
12003.75467  
12012.86796  
12050.45234  
12028.44462  
11979.51917  
12045.20135  
11968.5508  
11989.11107  
11930.61333  
11879.81768  
11898.67029  
11918.41867  
11899.86311  
11901.8102  
11937.21998  
12008.45859  
12018.5002  
12013.91462  
11942.1858  
11980.94476  
11989.84758  
11970.28591  
11947.2885  
11928.25261  
11908.38651  
11967.82224  
12027.5207  
12018.25933  
11997.09758  
11898.50202  
11877.17084  
11919.75145  
11955.59601  
11955.2421  
11990.03458  
11928.73655  
11866.16594  
11798.44449  
11801.74103  
11819.77751  
11899.7252  
11925.62498  
11978.79723  
11932.3365  
11952.90997  
11892.95221  
12066.26144  
11984.06425  
11900.35524  
11987.46473  
11943.82313  
11926.59839  
11959.66655  
11913.99115  
11884.62573  
11985.44243  
11980.71807  
12048.7276  
11978.55516  
11897.1946  
11858.0518  
11935.97253  
12018.28308  
12050.1451  
11949.82747  
11974.45024  
11953.31193  
11944.60051  
11977.44138  
11962.46593  
11994.93699  
11967.39678  
11976.82817  
11964.95609  
11949.42302  
11956.75654  
11924.46837  
11947.249  
11976.7965  
11975.32635  
11979.05443  
11942.46015  
11957.74621  
11965.8129  
11987.4897  
11988.98311  
11956.49254  
11962.91606  
11958.07314  
11993.27773  
11967.41963  
11982.91114  
11993.98913  
11949.92084  
11962.53945  
11914.11545  
11965.90351  
11966.50457  
11963.86179  
11975.55011  
12042.98691  
12017.38068  
11970.44771  
11970.08176  
11961.34586  
11830.6436  
11995.79731  
11932.19208  
11873.88063  
11858.35793  
11858.64696  
11921.35977  
11970.77875  
11958.38098  
12024.65043  
12056.8549  
11950.74828  
11967.993  
11918.08543  
12003.91169  
11997.05272  
12010.35875  
11945.51006  
11980.64583  
11910.53925  
11880.34978  
11885.99738  
11884.66322  
11928.90193  
11886.65521  
11924.30515  
11888.85781  
11910.55538  
11959.40922  
11920.46389  
11959.1999  
12004.96855  
12013.88581  
12009.23947  
11971.15648  
11956.08534  
12011.05055  
12022.53162  
11937.87188  
11941.05729  
11953.86177  
11886.63477  
11905.20461  
11861.0581  
11801.33327  
11851.88659  
11840.95756  
11897.04983  
11878.30807  
11837.26357  
11893.51951  
11925.23735  
11887.80861  
11928.34622  
11934.45402  
11962.54974  
12005.32903  
11995.87933  
11931.03483  
11958.44347  
11910.78317  
11982.75685  
11960.22093  
12013.83044  
11980.7933  
12047.58108  
11997.32526  
11997.70785  
11947.95606  
11967.06979  
11993.53794  
11985.34856  
11911.56991  
11903.67882  
11917.21061  
11818.30379  
12077.68858  
11944.41065  
12043.00216  
11937.27257  
11929.48642  
11944.76515  
12013.23886  
12082.12678  
11999.20722  
12036.54974  
12070.29191  
11977.58554  
11967.30137  
11968.70029  
11953.51974  
11969.66675  
12018.58561  
12125.80649  
12103.67338  
12030.96698  
11922.89289  
11908.94248  
11919.52337  
11861.97155  
11954.70857  
11937.45439  
11950.67315  
11946.32213  
11883.91506  
11927.73395  
11859.84448  
11933.63244  
11970.12368  
11923.89151  
12005.54542  
11912.57188  
11888.07126  
11882.55649  
11909.09182  
11902.58156  
11969.88138  
12025.26011  
11978.01348  
12083.62558  
12027.07427  
11998.78376  
11969.8691  
11893.31052  
11869.12615  
11880.84467  
11917.14328  
11907.13146  
11918.69673  
11944.9957  
11933.64835  
11934.32312  
11991.08312  
11951.39034  
11874.6301  
11971.30825  
11985.59426  
11992.76767  
11927.45262  
11933.41834  
11913.91127  
11966.19529  
11944.23765  
11933.87064  
11927.03719  
11952.08024  
11980.02988  
11993.30853  
12044.25199  
12050.71305  
12024.22068  
11988.86946  
11926.32371  
11927.26043  
11890.36158  
11935.42127  
11874.18513  
11943.39138  
11924.0993  
11926.38266  
11943.37375  
11969.23671  
11929.04226  
11892.61735  
11841.58195  
11903.99268  
11895.56807  
11950.83341  
11961.93783  
11959.95978  
12009.21943  
11969.15758  
11993.68216  
11982.31575  
11989.27931  
11982.88874  
11959.23359  
11973.87909  
11943.03102  
11995.11964  
11951.39243  
11941.51492  
11930.36337  
11979.55054  
11936.26333  
11969.1166  
11964.7429  
11940.70923  
11899.17892  
11894.08965  
11928.07351  
11946.23756  
11938.26147  
11952.61851  
11957.04269  
11957.46555  
11995.0078  
12032.61789  
11978.43851  
11924.80578  
11932.7323  
11900.14062  
11898.15652  
11913.56124  
11923.00225  
11898.04842  
11941.59412  
11934.90024  
11989.68403  
12004.09207  
11961.97274  
11990.06519  
11969.81592  
11967.7529  
11957.2515  
11917.14523  
11964.50174  
11924.75855  
11959.5528  
11977.33431  
12015.86585  
12059.31088  
12014.80674  
11988.29423  
12021.22125  
11964.96088  
11921.36679  
11940.66439  
11924.69655  
11934.26902  
11936.89047  
11950.30833  
11880.33869  
11882.428  
11872.61892  
11858.31069  
12039.54523  
11998.23554  
12005.58835  
11947.5099  
11916.03536  
12014.75096  
11983.83863  
12006.6166  
12033.78858  
12038.86692  
12064.50617  
11957.66707  
11960.20499  
11935.31075  
11932.35092  
11993.40794  
11895.5743  
11944.44103  
11950.54719  
12033.35399  
11969.48673  
12018.28396  
11973.79779  
11911.42013  
11804.04834  
11927.24736  
11902.18738  
11932.78501  
11989.2623  
11952.41782  
11935.09593  
12000.22476  
11907.4647  
11905.36424  
11835.4622  
11895.27224  
11878.79372  
11914.54074  
11908.13174  
11983.25644  
11973.87573  
11937.82041  
11907.01626  
11941.34463  
11922.67027  
11955.93564  
11922.03025  
11945.29946  
11900.96932  
11910.61403  
11967.54016  
11893.32223  
11946.33617  
11952.21467  
11952.6746  
11936.96706  
11959.94156  
12061.59869  
11962.13833  
11922.60114  
11887.21112  
11909.16773  
11924.602  
11927.881  
11992.49776  
11984.6337  
11953.7144  
11974.41853  
11872.91307  
11954.54578  
11953.15197  
11920.55079  
11954.12565  
11939.96518  
11978.88475  
11966.10583  
11970.71368  
11931.65629  
11820.84385  
11974.04435  
12090.40227  
12000.9336  
11958.05382  
11890.3301  
11932.93945  
11940.95479  
11979.55058  
12074.36209  
11998.59169  
11999.09223  
11929.2397  
11891.6365  
11840.63081  
11874.13439  
11936.89058  
11970.66745  
11964.40023  
11980.4849  
11936.44464  
11913.64936  
11992.47849  
11919.79037  
11975.37608  
11947.66106  
11946.47175  
11900.29905  
11898.78563  
11928.95111  
11906.94885  
11963.08474  
11997.61295  
12025.27454  
11977.3465  
11917.92007  
11896.52514  
11917.39511  
11947.87499  
11920.32497  
11936.35979  
11986.25793  
11954.67508  
11957.45176  
11969.08586  
11901.13845  
11936.86041  
11960.34145  
11867.50233  
11875.33416  
11967.70952  
11898.8266  
11934.28307  
12028.73216  
11948.94632  
11940.12058  
11958.80353  
12045.93878  
11993.04061  
11989.06292  
12002.59101  
11976.31536  
11881.79233  
11929.37603  
11932.89241  
11902.17217  
11941.14561  
11936.07851  
11924.14651  
11906.29647  
11974.98101  
12069.56787  
11981.8391  
11989.80693  
11959.67617  
12022.55265  
11999.70901  
11909.58172  
11925.01813  
11925.75747  
11961.62986  
11906.75045  
11934.81151  
11985.55381  
12011.08542  
11992.74392  
12031.04451  
12025.70362  
11977.78689  
11961.62358  
11982.55497  
11860.81736  
11951.52898  
11903.19296  
11941.56052  
11948.12633  
11998.41123  
11975.21996  
12036.24424  
11960.20892  
11943.33993  
11932.28155  
11929.10106  
11876.89835  
11974.70833  
11954.69551  
11987.05252  
12002.58482  
11991.00837  
11932.79397  
11950.99695  
11924.7305  
11959.75626  
11944.33314  
11967.29924  
11941.38866  
11922.77932  
11906.05455  
11889.18458  
11887.77141  
11892.14694  
11938.74892  
12026.00029  
12040.10656  
12034.49948  
11999.22325  
11945.09713  
11925.57872  
11991.03302  
11936.24721  
11967.47503  
11929.61886  
11938.55221  
11916.74044  
12016.3101  
11933.63606  
11949.17323  
11976.90528  
11951.66064  
11955.01466  
11937.85637  
11945.01905  
11930.57704  
11963.72855  
11981.74138  
11996.88468  
11967.90342  
11976.60928  
11964.37339  
11968.1501  
11921.39903  
11979.95052  
11972.68969  
11968.43447  
11980.80767  
11938.14812  
11942.08966  
11939.00484  
11928.09159  
11941.5483  
11934.32991  
11915.82071  
11936.87991  
11926.72981  
11883.79398  
11933.79248  
12025.05011  
12027.79545  
11984.62698  
12036.46724  
11930.79286  
11974.30284  
11919.28073  
11883.64474  
11923.37783  
11858.31199  
11817.46131  
11849.11054  
11915.82757  
12001.70976  
11894.10628  
11921.76793  
11970.42029  
11945.92495  
11940.39705  
11946.04223  
11911.75225  
11960.44654  
11896.84852  
11999.71097  
12015.37172  
11996.71198  
12014.76735  
11989.53915  
11893.01098  
11883.04749  
11905.03021  
11912.91316  
11950.56361  
11915.98686  
11938.74386  
11971.46309  
11981.49469  
11971.46487  
12032.04415  
12050.32925  
12002.66544  
11894.35987  
11882.47057  
11939.75054  
11937.60722  
11963.55815  
11944.01049  
12019.45935  
11950.73013  
11973.41416  
11978.58834  
11963.84926  
12046.00632  
11992.67312  
12023.62103  
11987.56135  
11746.5493  
11837.43492  
11977.19095  
11929.09108  
11920.58547  
11929.95049  
11906.21687  
12006.84039  
11960.67657  
11995.96927  
11958.1869  
11903.49183  
11941.95728  
11917.56409  
11995.99546  
11956.76295  
11990.88298  
11952.24537  
11978.78283  
11975.59378  
12002.44108  
12005.04206  
12024.36341  
11977.63885  
11989.73671  
12024.82665  
12048.93638  
12027.80016  
12054.57012  
12060.58516  
11930.08198  
11961.9915  
11956.34719  
11977.49467  
11998.3922  
11964.51915  
11981.44944  
11894.48695  
11882.64768  
11857.89399  
11776.84445  
11775.95263  
11797.21069  
11789.42229  
11846.8744  
11831.68054  
11973.14556  
11950.98545  
12000.8529  
11957.78005  
11926.13171  
11985.62414  
12107.40016  
11978.16757  
11898.30791  
11948.68692  
11952.56872  
11967.4854  
11978.74069  
11995.94343  
11990.10987  
11999.26924  
11937.10077  
11880.38859  
11907.28991  
11933.73596  
11987.05744  
12007.18238  
12007.10916  
12005.39877  
11952.06588  
11950.87386  
11943.33207  
11909.00878  
11982.59382  
11926.53673  
11997.88276  
11980.10085  
11963.32768  
11938.53555  
11906.22734  
11906.57974  
11899.68929  
11902.41006  
11867.26808  
11859.8222  
11971.83183  
11822.48815  
11875.32811  
11894.36087  
11929.37167  
11947.62902  
11985.3698  
11957.70662  
11903.82572  
11936.98282  
11930.43963  
11925.95722  
11982.40636  
11976.19554  
12018.15567  
12000.45032  
11932.08449  
11875.4495  
11915.00028  
11923.70321  
11925.52998  
11972.88383  
12019.1972  
11986.01459  
12016.58937  
12016.55934  
12022.79424  
11961.07518  
12002.09863  
11956.99637  
11929.58699  
11867.3358  
11893.12335  
11914.01759  
11920.64367  
11964.00922  
11957.24198  
11960.31379  
11951.65178  
11961.42309  
11927.40242  
11935.18375  
11955.56722  
11956.92758  
11909.38378  
11944.47466  
11976.49928  
11919.58102  
11959.34637  
11980.11837  
12007.90355  
12012.3442  
11920.8175  
11944.44693  
11902.0059  
11924.50945  
11871.09051  
11905.39219  
11948.4835  
11953.74804  
11924.61273  
11966.12279  
11966.40719  
11999.54543  
12006.3693  
12030.34558  
12082.11985  
11909.26654  
11903.224  
11928.2189  
11980.44242  
11992.69315  
12001.38279  
11950.98273  
11929.29442  
11982.60486  
11932.94041  
11928.10073  
11941.37717  
12005.17476  
11933.79705  
11999.02026  
11964.06835  
11966.30951  
11960.33268  
11962.86123  
11944.71646  
12004.17953  
11966.56805  
11924.03318  
11993.99213  
11998.88741  
12009.96866  
11903.94043  
11898.84127  
11918.1724  
11859.92511  
11954.12741  
11958.20073  
11994.96589  
12062.59482  
12049.90803  
11951.53226  
11924.48095  
11923.37008  
11902.68639  
11924.2696  
11949.95865  
12020.93722  
12034.8158  
12020.04803  
12102.93559  
12061.11803  
12035.00338  
12025.17619  
11920.32653  
11844.50074  
11873.36847  
11898.08062  
11898.76805  
11957.61551  
11945.24778  
12013.02998  
11985.61231  
11976.36287  
11947.69807  
11931.76016  
11950.40152  
11899.76578  
11845.38783  
11883.55895  
11793.80495  
11906.52077  
11915.37478  
11966.4703  
11893.8023  
11885.40392  
11846.47273  
11859.87531  
11881.09552  
11940.31094  
11941.03866  
11909.96107  
11924.14886  
11904.68534  
11890.21417  
11942.5052  
11904.33768  
11929.93202  
11967.65828  
12006.10845  
12000.27435  
11988.90787  
11997.41715  
11917.66175  
11955.51021  
11938.06243  
11921.29997  
11878.67323  
11914.37215  
11892.45981  
11976.53657  
11924.04436  
11934.73923  
11944.12118  
11998.28849  
12014.65596  
11996.35656  
12009.16032  
11959.09756  
11971.83128  
11994.18989  
11999.7759  
11977.58393  
11885.08977  
11899.73794  
11940.79517  
11938.384  
11896.05858  
11879.18333  
11927.91806  
11960.23691  
11970.93155  
11954.84147  
12020.47088  
11938.32713  
11989.83485  
11965.71228  
12053.10195  
12017.29459  
12021.82168  
11980.15779  
11890.37044  
11954.58718  
11919.79598  
12026.72931  
12040.17745  
12027.41664  
12064.30186  
12044.0123  
11949.84193  
11949.67829  
11894.50828  
11932.20035  
11993.63841  
11928.60948  
11938.18334  
11914.74418  
11870.89162  
11924.03828  
11982.04121  
11900.96689  
11868.40173  
11902.50847  
11877.46744  
11901.46696  
11860.11222  
11906.90408  
11934.79304  
11942.18842  
11938.05239  
12074.41145  
12091.01168  
12072.26796  
12085.95004  
12007.77254  
12024.61665  
12003.81547  
11986.83808  
12034.05136  
11941.37171  
11925.51274  
11809.86281  
11946.04033  
11937.81683  
11949.35718  
11892.31056  
11931.36987  
11940.4383  
11976.90291  
12008.24416  
11947.17499  
11936.18186  
11928.2811  
11958.7844  
12003.88853  
11905.72623  
11990.87698  
11998.35519  
11993.80993  
11980.225  
11914.68921  
11939.47373  
11947.12023  
11887.55457  
11860.11918  
11893.52119  
11903.40846  
11909.38389  
11925.78677  
11913.97911  
11949.75956  
12025.91525  
12088.61319  
12032.7858  
11966.35757  
11920.05801  
11880.71144  
11906.60839  
11934.45635  
11964.55698  
11997.08998  
11977.00844  
11973.39425  
11937.92883  
11919.16702  
11969.36075  
11940.4972  
12038.4755  
11898.63845  
11890.49436  
11899.99207  
11947.95683  
12001.21792  
11962.31178  
11999.50063  
11979.08531  
11966.02216  
11936.13612  
11947.8886  
11884.56877  
11922.27931  
11908.45734  
11992.27922  
11989.80164  
12018.10669  
11980.24729  
11968.53925  
11903.27769  
11917.41617  
11853.76682  
11886.97079  
11869.55701  
11919.63446  
11959.65545  
11904.7636  
11890.35974  
11921.68921  
11908.07423  
12011.8309  
12036.02026  
12034.61237  
11995.38544  
11976.45751  
11912.39157  
11897.93134  
11914.11214  
11976.44882  
11961.76981  
11970.06361  
12022.80775  
11934.02636  
11978.78314  
11961.57809  
11908.4855  
11918.03431  
11913.8195  
11897.4589  
11971.82086  
11914.54438  
11966.97773  
11933.47127  
11928.79417  
11887.95281  
11900.2672  
11953.5356  
11983.59852  
11952.75171  
11996.13416  
11960.3631  
11968.55447  
11951.92337  
11940.22923  
11940.66603  
11944.98948  
11880.69748  
11930.1174  
12019.49059  
12024.26757  
11998.55199  
12027.21151  
11935.3653  
11953.14718  
11950.43408  
11880.85445  
11971.06883  
11990.86631  
11979.50817  
11997.02523  
11993.69492  
11988.21204  
11978.29837  
11933.72828  
11999.17407  
11959.50922  
11957.43254  
11937.29916  
11978.56473  
11958.75391  
11993.31915  
11849.29762  
11876.12956  
11913.04194  
11970.71426  
12004.5624  
11966.54897  
11966.69192  
11932.42391  
11937.61638  
11962.47344  
11855.92121  
11963.51831  
12050.28914  
12007.79568  
12027.95882  
12016.14435  
11941.34863  
11965.72268  
11903.66893  
11935.52207  
11956.82514  
11940.97283  
11887.23184  
11982.71185  
11924.89076  
11970.84038  
11999.18242  
12007.96052  
11920.37704  
11967.48924  
12059.03032  
11967.98338  
12021.96172  
12030.38452  
11994.04993  
11927.43048  
11963.63302  
11937.50648  
12055.46732  
11971.07196  
12019.94733  
11954.57059  
11904.58615  
11859.55049  
11875.363  
11893.22629  
11941.18363  
11833.41437  
11830.44151  
11829.64841  
11896.94184  
11946.99845  
11910.29386  
11923.43914  
11868.18323  
11988.73663  
11956.76052  
11985.52426  
11974.65902  
11991.4709  
12034.65136  
11979.90725  
11929.23287  
11915.01323  
11906.20456  
11860.03929  
11887.90941  
11893.85296  
11948.93307  
11988.93619  
11980.86333  
12035.72616  
11992.4293  
12067.26197  
11996.35442  
11944.44391  
11917.60367  
11835.71807  
11838.91096  
11827.48607  
11877.36683  
11852.74999  
11880.31036  
11923.67799  
11973.22548  
11935.88919  
11898.10701  
11942.88469  
11971.44827  
11995.53903  
12001.60364  
12010.55664  
11950.27656  
11948.31375  
11961.79015  
11986.05527  
11956.83439  
11938.52165  
11953.00379  
11991.3863  
11971.58336  
11940.0572  
11937.35667  
11986.89553  
11970.68466  
12029.92024  
12000.24021  
12052.59755  
11955.4816  
11938.98223  
11914.53619  
11973.11636  
11880.80769  
11921.76098  
11925.63736  
11917.73624  
11928.04881  
12000.46577  
11971.51638  
12007.49397  
11958.40567  
11971.79215  
11926.59315  
11956.13334  
11904.59575  
12041.1025  
11858.24675  
11889.20301  
11986.30021  
11941.14383  
11934.09026  
11912.40474  
11903.78235  
11958.49749  
11945.88398  
11961.83174  
11937.124  
11999.43251  
11936.05853  
11889.94213  
11953.51239  
12039.2669  
11949.18176  
11932.70549  
11893.50669  
11930.53293  
11903.64425  
11961.20442  
11981.81477  
12019.19338  
12079.74499  
12016.33832  
11952.10748  
11945.61344  
11913.72921  
11979.31957  
11959.68346  
11954.75175  
11935.8995  
11982.36068  
11970.20078  
11814.08188  
12002.2646  
11973.13539  
11959.06297  
11904.93584  
11924.91782  
11916.61339  
11971.21962  
12010.98161  
12044.93186  
11979.1364  
11975.71679  
11955.51227  
11929.46136  
11902.62496  
11955.79075  
11949.75813  
11975.28309  
11760.9535  
11554.03453  
11793.31316  
11861.286  
11934.54021  
11939.48217  
12027.23468  
12091.02798  
12050.45519  
12092.81549  
12010.56736  
11976.25502  
11937.74166  
11977.70821  
11991.88643  
11962.82666  
12020.5299  
11980.39849  
12002.57161  
11904.86747  
11903.00039  
11879.59983  
11968.7041  
11959.63862  
11916.49058  
11996.2209  
11967.09069  
11948.99222  
11890.05149  
11947.13278  
11995.99749  
11968.86512  
12027.37236  
11949.06989  
11960.98059  
11993.16218  
12008.67717  
12047.26621  
12005.26167  
11999.86194  
11982.48391  
11982.11153  
11946.33241  
11930.0349  
11897.71391  
11877.75512  
11876.00569  
11846.1536  
11844.05902  
11934.94699  
11941.37384  
12043.01331  
12000.76817  
