11493.66587  
11478.07428  
11413.01089  
11411.74937  
11333.36094  
11384.72233  
11338.78019  
11376.25798  
11368.38747  
11396.05352  
11410.47962  
11481.97738  
11474.07199  
11455.3886  
11495.99963  
11478.09875  
11417.72988  
11441.92765  
11451.08704  
11440.00728  
11424.52115  
11412.99179  
11378.14294  
11442.74492  
11446.56279  
11429.68404  
11463.35784  
11385.87025  
11421.73542  
11433.97526  
11400.01377  
11405.84145  
11418.06602  
11436.12954  
11422.57476  
11432.96532  
11363.2603  
11373.125  
11349.18654  
11397.77095  
11382.27825  
11392.01314  
11467.86027  
11409.31994  
11403.5188  
11368.16266  
11344.62575  
11466.64269  
11393.26244  
11426.51045  
11479.26416  
11499.83516  
11516.18838  
11518.49174  
11502.4233  
11503.4655  
11467.57692  
11462.57823  
11398.10283  
11390.85616  
11380.82541  
11368.26629  
11378.11814  
11382.26282  
11349.24338  
11384.51221  
11384.64143  
11357.32538  
11429.27338  
11426.0954  
11472.8374  
11439.80041  
11424.51858  
11438.37586  
11420.04061  
11420.63186  
11430.39834  
11491.36828  
11470.05107  
11450.99581  
11437.26179  
11465.52371  
11423.41304  
11449.09292  
11437.26745  
11483.99805  
11483.25563  
11475.20769  
11487.10168  
11475.72651  
11445.82295  
11421.63939  
11406.7204  
11445.79027  
11377.95409  
11327.90816  
11355.79097  
11354.7334  
11342.01453  
11320.80716  
11321.05841  
11384.85646  
11432.73952  
11456.10387  
11437.61561  
11413.2344  
11391.10874  
11396.67159  
11434.41171  
11520.98377  
11428.7825  
11455.38945  
11398.06092  
11427.40672  
11421.78473  
11486.94353  
11483.63622  
11505.02026  
11463.329  
11424.85528  
11411.43165  
11445.64284  
11478.93635  
11433.89367  
11451.17274  
11387.59711  
11378.48387  
11400.66616  
11437.20933  
11384.10637  
11441.13298  
11386.19122  
11418.96698  
11411.52765  
11399.96707  
11386.20802  
11371.57798  
11393.77608  
11410.04575  
11424.85231  
11412.66062  
11417.56596  
11417.26257  
11436.70357  
11488.68404  
11454.90684  
11439.09332  
11483.91817  
11471.55854  
11453.07517  
11456.09336  
11409.19594  
11317.43714  
11325.79267  
11319.23498  
11377.47353  
11387.40016  
11385.81846  
11395.34339  
11371.1014  
11306.22297  
11350.93266  
11342.24852  
11414.45199  
11445.41821  
11491.61793  
11474.8364  
11460.77872  
11454.60599  
11434.30697  
11480.49568  
11484.21051  
11444.55248  
11432.0904  
11493.71157  
11479.283  
11479.87572  
11418.53676  
11414.56661  
11398.54076  
11401.0969  
11407.87579  
11455.48864  
11435.38386  
11461.99486  
11460.14916  
11465.21359  
11425.87727  
11429.65629  
11400.55813  
11394.95557  
11398.64055  
11434.78869  
11389.91461  
11398.68927  
11419.71058  
11409.4817  
11490.83233  
11444.36353  
11441.7903  
11468.3666  
11372.44784  
11417.96222  
11454.1523  
11450.54564  
11414.33473  
11415.25243  
11397.30823  
11389.12694  
11423.6758  
11434.17542  
11425.44017  
11461.60713  
11433.41027  
11404.65503  
11388.59263  
11437.46704  
11429.96144  
11462.9151  
11413.43479  
11425.04379  
11348.1492  
11355.47956  
11372.12896  
11353.9137  
11380.01054  
11401.05818  
11416.28889  
11363.1134  
11496.38365  
11389.22564  
11355.43606  
11455.42041  
11455.89456  
11430.0378  
11447.28086  
11466.95133  
11483.32877  
11480.58829  
11476.45819  
11461.20562  
11505.7655  
11452.14923  
11451.27575  
11420.9647  
11483.97125  
11435.57583  
11466.50765  
11422.24077  
11386.84613  
11361.51265  
11385.1597  
11394.18558  
11400.61601  
11398.48357  
11419.60158  
11383.74029  
11383.27911  
11370.97418  
11470.83595  
11379.20794  
11445.78517  
11414.61047  
11461.11561  
11438.11999  
11462.31284  
11459.76896  
11469.35757  
11481.03633  
11474.51478  
11514.45749  
11471.92419  
11389.66007  
11362.87388  
11349.21648  
11367.37141  
11410.42019  
11370.33038  
11378.12807  
11331.80252  
11401.98146  
11405.08324  
11434.1362  
11464.41698  
11454.52207  
11412.99285  
11439.5327  
11407.81484  
11430.57033  
11365.44069  
11389.38412  
11451.47441  
11456.99381  
11430.9041  
11375.76113  
11386.99683  
11363.77923  
11436.60573  
11424.11588  
11400.2169  
11399.54666  
11431.07323  
11437.94913  
11479.61983  
11469.07695  
11470.19935  
11461.47111  
11476.94289  
11408.46694  
11427.31985  
11417.77105  
11479.24523  
11430.44386  
11422.3743  
11436.99904  
11447.18592  
11458.06233  
11373.55288  
11378.55536  
11337.53618  
11385.97023  
11403.85273  
11408.35949  
11426.04044  
11402.02111  
11445.70558  
11409.41054  
11426.4927  
11430.48942  
11389.58531  
11393.71285  
11352.68553  
11400.62636  
11370.52775  
11436.3931  
11385.9048  
11420.02041  
11431.62144  
11385.37207  
11288.48851  
11439.48646  
11410.92356  
11367.4487  
11447.41923  
11496.16149  
11503.21517  
11457.2256  
11416.14094  
11444.55206  
11390.61703  
11451.07251  
11435.07574  
11464.43815  
11410.76993  
11480.11338  
11465.4402  
11454.29673  
11420.77061  
11444.28103  
11358.46012  
11395.06073  
11428.10512  
11421.90984  
11433.30612  
11447.81527  
11439.76409  
11437.20667  
11444.34549  
11461.20726  
11431.03227  
11465.61355  
11449.66777  
11463.22103  
11425.12282  
11429.69662  
11416.49549  
11442.04363  
11453.85265  
11455.0226  
11482.74457  
11447.31949  
11450.5786  
11389.08281  
11381.85271  
11400.85846  
11408.68015  
11417.85848  
11362.7748  
11431.9506  
11489.42532  
11417.89051  
11422.75674  
11417.56608  
11436.7764  
11338.02664  
11401.97847  
11421.3535  
11382.09378  
11406.04613  
11404.3859  
11486.16052  
11469.59477  
11500.11572  
11468.63464  
11440.642  
11443.03345  
11485.09004  
11443.90366  
11460.27265  
11547.00208  
11457.7464  
11456.54639  
11401.58598  
11347.21803  
11369.24372  
11388.07992  
11467.16528  
11394.15514  
11430.21362  
11412.46035  
11418.21586  
11467.61875  
11406.07512  
11461.68042  
11415.52889  
11419.28458  
11419.27365  
11398.69617  
11416.06048  
11376.75019  
11372.49878  
11399.62219  
11386.302  
11382.62817  
11386.2356  
11422.50271  
11351.69449  
11374.68851  
11361.57597  
11409.89177  
11442.01173  
11424.73878  
11382.76626  
11419.9946  
11410.14756  
11443.89182  
11415.49697  
11415.30394  
11380.0221  
11364.01308  
11377.00207  
11416.40606  
11424.69355  
11374.19217  
11417.73636  
11406.93424  
11459.08061  
11466.01847  
11488.53447  
11465.06197  
11461.04532  
11500.81422  
11474.61868  
11459.56806  
11416.07106  
11457.19398  
11449.83743  
11469.88324  
11503.45109  
11465.14927  
11459.48703  
11430.03427  
11471.62672  
11429.58768  
11429.78878  
11431.42246  
11429.68038  
11426.26781  
11438.20261  
11405.15385  
11377.70295  
11411.86809  
11341.83268  
11348.17469  
11382.7555  
11383.72925  
11385.23781  
11375.58855  
11387.568  
11348.07532  
11354.19023  
11357.69915  
11407.42437  
11388.35448  
11385.49546  
11418.82758  
11445.29818  
11420.76832  
11422.58651  
11454.64627  
11458.12243  
11467.5458  
11472.1353  
11492.29145  
11465.70824  
11512.47248  
11491.59527  
11440.40043  
11434.09016  
11411.4043  
11417.45949  
11373.53221  
11390.65444  
11346.83469  
11430.35952  
11404.68931  
11433.44669  
11397.26973  
11449.80526  
11429.59376  
11435.65655  
11408.68728  
11399.71344  
11362.78747  
11387.66515  
11460.5002  
11429.41375  
11424.51697  
11426.52358  
11433.33821  
11461.8907  
11496.48047  
11492.15639  
11535.70416  
11491.42538  
11434.1801  
11337.12733  
11377.67534  
11370.96983  
11415.55055  
11401.77641  
11443.63072  
11427.23169  
11440.18532  
11380.17292  
11390.63971  
11388.41586  
11445.02403  
11414.82341  
11393.49644  
11389.82285  
11394.84391  
11436.50661  
11503.44317  
11480.86579  
11455.07026  
11429.30476  
11406.31633  
11423.75744  
11412.05752  
11422.41748  
11414.07906  
11450.0606  
11447.20867  
11424.99216  
11385.44268  
11369.82545  
11326.66327  
11369.13204  
11422.08365  
11399.42009  
11403.37997  
11422.63066  
11447.49825  
11471.77034  
11469.46625  
11396.90873  
11423.22606  
11404.82468  
11421.73742  
11465.76258  
11399.35117  
11404.04271  
11375.04056  
11487.86314  
11433.33834  
11378.92068  
11386.83948  
11374.3864  
11396.66191  
11484.22977  
11489.65082  
11505.74793  
11420.43026  
11441.71494  
11443.05819  
11478.20825  
11438.61546  
11449.63917  
11413.16715  
11417.5157  
11437.03165  
11414.17878  
11428.77523  
11429.91772  
11412.919  
11458.37694  
11451.87813  
11471.35963  
11473.01564  
11439.90848  
11368.29578  
11396.3339  
11371.07148  
11357.12713  
11413.82422  
11391.59948  
11409.36733  
11417.92531  
11397.4348  
11359.57125  
11393.67746  
11444.87124  
11447.19774  
11399.99167  
11359.99496  
11390.79251  
11436.15721  
11421.25742  
11457.31619  
11478.40668  
11466.40076  
11429.73743  
11468.68339  
11454.69992  
11408.21856  
11403.88525  
11357.97804  
11413.37849  
11434.93657  
11462.28379  
11424.2209  
11435.10446  
11395.81122  
11381.61174  
11433.81168  
11401.87081  
11427.766  
11398.83298  
11453.68089  
11430.19773  
11413.31707  
11433.12822  
11436.86251  
11439.04629  
11450.79879  
11416.17301  
11424.69821  
11369.65733  
11348.37434  
11331.3044  
11366.49328  
11386.26779  
11423.84395  
11444.04494  
11410.02271  
11406.81859  
11438.97712  
11404.36391  
11452.37777  
11519.43937  
11520.33848  
11530.04685  
11478.23697  
11432.08476  
11365.03441  
11335.2111  
11385.33696  
11441.24449  
11464.77571  
11442.81922  
11436.09667  
11459.08388  
11427.41409  
11395.4381  
11372.3852  
11384.83223  
11377.79239  
11346.75299  
11369.56582  
11358.93931  
11328.52467  
11361.75563  
11388.65079  
11310.73765  
11324.35416  
11345.65395  
11424.60435  
11385.46724  
11363.35301  
11400.25859  
11369.83414  
11131.83825  
11343.72063  
11283.41886  
11419.87285  
11393.38482  
11474.15707  
11526.61424  
11465.421  
11463.80587  
11497.85492  
11505.45167  
11564.99736  
11522.22037  
11496.70516  
11511.74483  
11510.27925  
11541.95285  
11527.9381  
11526.17256  
11515.4096  
11537.5539  
11480.67792  
11424.5181  
11442.65585  
11384.56063  
11367.67327  
11384.31151  
11425.7776  
11492.28395  
11504.82494  
11428.68173  
11416.86045  
11437.44729  
11448.42406  
11448.45582  
11433.00254  
11428.52433  
11424.39623  
11397.45465  
11433.13568  
11486.83407  
11471.11433  
11469.43174  
11409.75662  
11427.08396  
11404.86591  
11407.90104  
11390.24571  
11423.01781  
11397.25439  
11414.14883  
11427.66569  
11437.09511  
11378.3042  
11391.10956  
11318.98432  
11396.8312  
11397.09727  
11384.7581  
11407.96612  
11381.61839  
11404.32082  
11429.74288  
11421.70198  
11436.97852  
11428.86779  
11512.03582  
11436.20014  
11451.00483  
11458.61634  
11444.03411  
11406.62112  
11429.93043  
11357.88103  
11364.19294  
11380.35188  
11413.26126  
11405.5737  
11429.62253  
11406.33674  
11487.63135  
11459.54617  
11455.69139  
11443.47072  
11438.13722  
11469.27522  
11449.01702  
11445.68278  
11436.04554  
11404.15542  
11433.96124  
11398.69126  
11400.04051  
11411.99828  
11407.07204  
11406.58835  
11410.64288  
11442.91119  
11489.01315  
11494.55055  
11448.20333  
11473.59039  
11472.06141  
11416.11783  
11446.15366  
11426.67562  
11472.48146  
11425.60817  
11385.76798  
11414.92699  
11378.06339  
11408.55062  
11419.96046  
11381.20334  
11402.6987  
11384.10001  
11360.81573  
11314.92208  
11402.56756  
11392.33051  
11444.56204  
11458.54344  
11470.28398  
11453.70492  
11474.55885  
11481.28553  
11503.184  
11473.21213  
11424.8556  
11359.74841  
11405.63265  
11388.87955  
11427.11877  
11421.32532  
11411.29155  
11356.80091  
11403.44839  
11393.52029  
11419.05174  
11415.27977  
11379.91975  
11408.52098  
11364.89407  
11423.90387  
11446.35294  
11429.20952  
11451.31425  
11472.0408  
11504.50131  
11496.84883  
11535.57135  
11537.64433  
11490.76955  
11441.3239  
11418.48621  
11377.22383  
11405.48491  
11356.0848  
11419.74049  
11366.27288  
11440.01758  
11446.38353  
11374.70146  
11407.6635  
11337.36413  
11353.95463  
11410.26433  
11361.58477  
11399.53967  
11385.88329  
11419.04064  
11427.65806  
11490.32563  
11441.017  
11393.26195  
11383.55292  
11391.34513  
11391.67964  
11412.62504  
11413.25128  
11392.15428  
11417.9678  
11398.79304  
11421.1936  
11436.92538  
11439.02987  
11433.53468  
11458.39669  
11457.704  
11429.70163  
11421.36149  
11408.71886  
11424.54573  
11357.92519  
11365.4665  
11460.81345  
11458.55486  
11508.47537  
11465.70956  
11468.32103  
11391.24227  
11426.36185  
11461.88153  
11341.19434  
11466.67618  
11432.19034  
11465.31737  
11412.3393  
11362.92394  
11395.33065  
11423.84134  
11425.62797  
11460.69241  
11428.14969  
11414.24212  
11372.40414  
11416.67387  
11426.48824  
11462.86826  
11399.09704  
11325.97554  
11381.5197  
11430.1624  
11486.92883  
11477.96153  
11468.13576  
11412.83492  
11395.37681  
11428.86615  
11416.19955  
11440.19056  
11434.68375  
11452.18503  
11384.90898  
11420.77003  
11417.60586  
11465.32818  
11440.05948  
11430.02911  
11484.21525  
11488.27855  
11516.82983  
11455.69564  
11384.34122  
11386.07069  
11416.38063  
11447.2506  
11473.33584  
11465.82599  
11452.82362  
11456.3578  
11418.6364  
11399.25507  
11352.55454  
11314.18415  
11357.9789  
11419.16439  
11404.57218  
11470.48379  
11384.96227  
11326.86322  
11375.32678  
11349.20134  
11409.28806  
11439.85094  
11400.04183  
11414.67186  
11332.59254  
11361.47908  
11393.29719  
11513.19207  
11515.65167  
11446.54867  
11363.40306  
11375.47119  
11380.37096  
11397.32336  
11409.26871  
11424.71041  
11412.91669  
11407.81129  
11501.112  
11450.14979  
11431.4947  
11449.42756  
11479.99466  
11517.94436  
11482.95656  
11488.99134  
11407.32683  
11371.14162  
11388.47582  
11436.12751  
11441.15279  
11425.51038  
11395.64042  
11398.30509  
11416.07275  
11486.58868  
11470.05462  
11467.32642  
11428.99091  
11403.88988  
11383.51643  
11363.9536  
11420.48459  
11441.077  
11463.88998  
11421.19149  
11385.6458  
11365.90437  
11467.18927  
11456.53698  
11406.27157  
11446.64042  
11460.11081  
11443.01491  
11430.09432  
11429.84191  
11389.4564  
11403.57603  
11396.27884  
11380.60728  
11400.08582  
11394.43479  
11365.12135  
11420.75583  
11420.35151  
11413.33302  
11403.24558  
11394.47258  
11410.0592  
11429.03781  
11441.77071  
11404.1524  
11409.50315  
11395.42182  
11405.58411  
11422.65838  
11404.69148  
11422.29086  
11460.11117  
11479.76643  
11399.98555  
11384.39113  
11386.39229  
11319.70022  
11382.7115  
11360.36019  
11419.48104  
11438.79235  
11489.07007  
11457.86673  
11415.85278  
11429.80268  
11383.16709  
11402.2955  
11423.64587  
11501.69131  
11494.63268  
11490.12203  
11510.2966  
11461.41485  
11516.92692  
11494.96988  
11438.80146  
11398.85555  
11370.99696  
11352.92495  
11411.95078  
11412.27571  
11433.8339  
11458.7338  
11438.62132  
11408.43628  
11367.13278  
11393.67429  
11474.48669  
11462.95873  
11474.14242  
11432.91491  
11396.37711  
11453.70107  
11445.07935  
11491.62061  
11467.28165  
11444.4619  
11484.26429  
11470.2611  
11453.20261  
11449.78195  
11482.58439  
11488.61499  
11426.53892  
11479.91465  
11387.16995  
11413.58891  
11409.30292  
11426.33381  
11424.70047  
11388.35076  
11381.77816  
11354.94974  
11293.45574  
11287.92538  
11370.87055  
11371.97393  
11397.71262  
11414.73672  
11419.01693  
11420.58753  
11476.05678  
11439.05492  
11427.12701  
11470.77763  
11485.32031  
11498.68852  
11469.93961  
11386.67285  
11376.28406  
11373.65899  
11356.4351  
11389.021  
11413.81868  
11426.44626  
11449.17149  
11433.88132  
11433.30044  
11449.19706  
11475.541  
11504.88589  
11477.97317  
11442.70871  
11359.90671  
11398.3391  
11391.11689  
11476.89657  
11434.88421  
11493.90197  
11416.16951  
11384.05947  
11425.8782  
11371.20977  
11331.14604  
11246.39903  
11371.85306  
11428.36107  
11416.44452  
11402.63818  
11359.09272  
11368.87665  
11429.74148  
11378.92104  
11406.0875  
11436.75918  
11450.37734  
11463.79824  
11456.9727  
11402.67985  
11338.56355  
11337.93766  
11421.90645  
11454.67947  
11459.19096  
11363.68167  
11368.96417  
11361.43697  
11417.56172  
11434.44347  
11464.64453  
11455.77628  
11345.17094  
11291.53997  
11342.89327  
11396.73795  
11375.23186  
11423.38972  
11365.13004  
11476.55459  
11453.01761  
11372.69261  
11410.60298  
11461.12276  
11542.05374  
11453.28477  
11398.66757  
11402.70179  
11399.17496  
11399.19109  
11459.44132  
11516.70209  
11559.81412  
11551.02449  
11483.17068  
11507.18621  
11447.65997  
11383.63846  
11394.02908  
11420.78735  
11425.29393  
11426.25369  
11411.78168  
11443.99413  
11445.17233  
11426.51726  
11491.67261  
11447.3072  
11435.25806  
11462.64143  
11416.80941  
11423.59476  
11418.69343  
11427.89284  
11416.58104  
11441.8266  
11475.27634  
11481.27872  
11480.86282  
11421.34787  
11395.10576  
11380.35808  
11396.25011  
11384.08088  
11417.53504  
11448.19086  
11415.33885  
11453.20044  
11458.66064  
11481.3147  
11530.03085  
11454.22021  
11392.23855  
11365.4208  
11383.65285  
11397.97643  
11478.6339  
11462.95288  
11449.25896  
11409.0253  
11421.78266  
11434.47132  
11427.18937  
11387.40035  
11387.50879  
11393.01074  
11441.53007  
11466.8921  
11452.44975  
11440.46157  
11370.77272  
11421.75758  
11387.93417  
11333.93655  
11362.15749  
11376.92443  
11409.33538  
11428.73558  
11457.85347  
11466.2983  
11513.7695  
11531.39088  
11451.74598  
11340.81681  
11355.64218  
11389.29109  
11345.57267  
11344.80709  
11412.46069  
11448.45975  
11463.4055  
11439.291  
11427.00294  
11443.25587  
11449.32643  
11413.25119  
11381.7776  
11388.23264  
11413.40569  
11472.21494  
11444.17618  
11437.14133  
11452.88159  
11412.86796  
11414.58439  
11419.7603  
11492.1249  
11450.1277  
11474.48328  
11494.09455  
11443.25039  
11415.24237  
11412.57494  
11396.75599  
11430.28218  
11431.07889  
11469.52822  
11417.69122  
11377.72935  
11379.64345  
11403.91903  
11485.73766  
11464.4314  
11430.22158  
11391.26878  
11408.07073  
11437.4791  
11437.87846  
11449.86242  
11390.13435  
11373.35185  
11394.21673  
11412.27744  
11419.09504  
11421.16662  
11453.79244  
11445.21532  
11406.91658  
11451.68053  
11451.66635  
11472.05684  
11439.72428  
11465.57479  
11449.37746  
11414.13248  
11363.08561  
11343.96184  
11362.7725  
11436.80147  
11453.23929  
11428.54044  
11427.70274  
11435.02757  
11423.3499  
11380.01568  
11404.68542  
11201.33864  
11353.86496  
11422.95584  
11443.70977  
11456.22738  
11443.68664  
11473.019  
11507.17457  
11527.75926  
11538.34868  
11560.4295  
11525.18569  
11417.00086  
11462.59656  
11475.00161  
11421.85003  
11404.87802  
11397.11479  
11401.28435  
11408.61351  
11432.45327  
11449.60894  
11435.63719  
11431.7694  
11403.36421  
11441.97233  
11388.75385  
11338.92529  
11392.85698  
11396.98509  
11435.77525  
11419.95167  
11352.63686  
11375.09753  
11363.42157  
11376.41699  
11413.11114  
11374.49038  
11436.30151  
11422.46579  
11392.80457  
11328.37381  
11391.10683  
11370.05229  
11421.76361  
11425.05377  
11413.78678  
11468.73814  
11469.98811  
11465.92009  
11442.80529  
11455.25395  
11453.6815  
11481.1146  
11467.50989  
11457.51729  
11439.19241  
11453.2306  
11442.2444  
11422.782  
11423.70099  
11420.45093  
11405.37567  
11372.38764  
11449.79186  
11452.718  
11426.04584  
11358.76044  
11456.13647  
11383.00455  
11382.00877  
11378.53579  
11423.36193  
11443.90112  
11470.01456  
11447.3314  
11410.57725  
11415.13688  
11400.79847  
11374.70651  
11355.69936  
11373.35173  
11337.5345  
11320.88471  
11359.78204  
11321.47823  
11338.58572  
11452.63614  
11482.54459  
11405.18958  
11394.00037  
11404.95877  
11401.32823  
11391.08095  
11427.67839  
11400.22503  
11385.26855  
11411.00559  
11439.43754  
11459.43687  
11460.92245  
11466.34516  
11468.73753  
11506.65516  
11456.88118  
11461.53  
11455.63304  
11407.88678  
11443.71414  
11384.27069  
11325.73435  
11365.6594  
11339.41188  
11366.96459  
11353.50587  
11352.39516  
11423.56985  
11369.94363  
11420.88759  
11402.00323  
11375.0073  
11384.18331  
11404.93117  
11446.01334  
11428.08701  
11431.46074  
11416.58664  
11466.48637  
11454.86894  
11467.57244  
11439.81142  
11388.44355  
11523.10367  
11542.57981  
11521.5301  
11462.8949  
11404.8447  
11399.1333  
11418.21678  
11415.3509  
11453.44333  
11406.85367  
11433.40308  
11441.12964  
11403.88283  
11448.3153  
11437.06353  
11454.26116  
11462.2313  
11444.96295  
11430.83568  
11489.11233  
11476.55331  
11499.50704  
11391.04989  
11368.67027  
11462.29777  
11455.77785  
11420.00304  
11458.41467  
11396.70195  
11390.75213  
11394.92827  
11425.10069  
11432.08138  
11467.90593  
11464.28411  
11418.76798  
11410.0918  
11490.79426  
11437.42032  
11457.80788  
11394.80329  
11417.35946  
11425.60329  
11450.4326  
11424.9939  
11373.90738  
11445.43598  
11428.2723  
11422.83541  
11407.94908  
11430.57303  
11497.56763  
11511.89276  
11451.28725  
11411.00946  
11359.19115  
11374.6146  
11373.82402  
11433.49492  
11408.0247  
11419.52892  
11390.51303  
11391.94112  
11403.57383  
11386.9058  
11400.42348  
11382.36041  
11429.60514  
11469.34042  
11443.96974  
11479.74177  
11417.04218  
11371.45848  
11328.46309  
11379.44329  
11403.60767  
11475.40835  
11467.53514  
11460.695  
11475.53128  
11443.3212  
11435.85494  
11400.79604  
11376.29712  
11380.43548  
11397.81606  
11425.31865  
11433.92404  
11406.37744  
11410.32637  
11390.54136  
11429.81289  
11469.21233  
11504.55635  
11433.42544  
11415.29328  
11414.28516  
11408.05772  
11430.73993  
11416.13678  
11443.34681  
11437.68285  
11398.11143  
11403.40364  
11374.63936  
11410.1829  
11448.77236  
11433.60079  
11458.5953  
11431.87154  
11376.05355  
11354.29693  
11419.08502  
11440.46039  
11456.59191  
11449.83703  
11427.00865  
11506.41261  
11508.79178  
11470.40678  
11430.8999  
11386.35716  
11531.98109  
11304.55732  
11340.21616  
11378.28427  
11412.71766  
11486.43714  
11467.20986  
11430.13952  
11412.55599  
11397.58627  
11456.96856  
11443.00257  
11446.94129  
11413.04488  
11375.34737  
11364.56688  
11416.41044  
11380.03356  
11391.39492  
11388.44059  
11386.10578  
11394.66948  
11386.74454  
11409.72237  
11433.96438  
11458.76027  
11436.41201  
11501.24933  
11501.30957  
11476.44636  
11414.8938  
11375.48226  
11417.91237  
11430.76728  
11415.80276  
11383.82521  
11381.93038  
11414.11947  
11458.28563  
11452.15433  
11447.97985  
11474.94241  
11482.44978  
11551.8693  
11501.19004  
11483.81188  
11390.28797  
11341.89203  
11349.41708  
11387.95301  
11392.0222  
11342.11785  
11358.26334  
11394.88758  
11424.84964  
11424.11376  
11415.16366  
11381.46538  
11399.69095  
11384.1956  
11370.15135  
11422.15293  
11424.46105  
11428.93357  
11399.72474  
11398.1117  
11392.56388  
11401.12104  
11364.02628  
11433.34684  
11438.08895  
11436.69965  
11405.08213  
11374.92413  
11382.82241  
11445.35507  
11431.62896  
11423.6415  
11515.91853  
11512.04013  
11512.10672  
11456.67492  
11374.019  
11348.11571  
11431.17814  
11408.74322  
11344.29472  
11318.48686  
11371.90582  
11375.50931  
11371.95656  
11382.6768  
11451.48548  
11536.47029  
11493.73891  
11471.70241  
11436.31491  
11411.79445  
11470.7287  
11513.95995  
11432.56833  
11395.49229  
11419.04736  
11443.78707  
11405.81141  
11414.44332  
11410.22661  
11489.65996  
11507.18039  
11478.06832  
11489.17019  
11495.67426  
11477.36192  
11424.68525  
11410.51193  
11397.10688  
11356.64331  
11316.61766  
11358.28705  
11366.80235  
11399.07787  
11404.39654  
11398.38362  
11452.28261  
11416.97082  
11265.67356  
11579.22648  
11445.76015  
11397.55839  
11375.19273  
11362.91905  
11366.70285  
11387.5347  
11522.88234  
11452.55845  
11341.68858  
11394.30875  
11372.96746  
11390.52611  
11386.56862  
11347.0733  
11361.38181  
11376.67096  
11386.99809  
11393.74272  
11402.8565  
11376.26515  
11408.62368  
11385.42696  
11440.40562  
11440.14827  
11481.62613  
11524.79519  
11481.29456  
11501.88156  
11446.61814  
11445.92808  
11507.40045  
11443.33631  
11498.72118  
11507.56698  
11506.34185  
11454.71868  
11500.41073  
11491.30614  
11485.90856  
11475.21841  
11460.41681  
11455.69896  
11475.63255  
11471.53467  
11432.63298  
11349.29446  
11311.01676  
11361.22297  
11388.54505  
11415.3885  
11443.18644  
11483.89439  
11456.94961  
11432.50372  
11450.48172  
11445.78704  
11445.83536  
11352.80667  
11432.9813  
11431.17297  
11423.69538  
11375.13706  
11338.0399  
11403.58367  
11427.48633  
11402.5186  
11315.24433  
11366.59636  
11397.85943  
11407.16291  
11427.2414  
11384.56879  
11451.35185  
11450.1224  
11479.47109  
11419.58585  
11416.53132  
11425.97676  
11424.43975  
11394.75857  
11407.95433  
11334.48585  
11419.72671  
11414.21578  
11436.7546  
11467.83236  
11425.42884  
11402.56112  
11435.51109  
11470.90003  
11476.08518  
11514.229  
11430.9867  
11398.17703  
11369.93612  
11395.14584  
11429.18937  
11406.29028  
11388.16405  
11402.10359  
11447.42926  
11446.74573  
11491.99996  
11491.89037  
11508.24223  
11429.58712  
11420.29821  
11438.38637  
11403.56465  
11395.38145  
11424.79445  
11412.01729  
11421.5382  
11460.92817  
11422.69299  
11427.24981  
11455.66314  
11411.81687  
11402.87208  
11429.03342  
11425.72047  
11396.69036  
11403.10094  
11505.49683  
11496.29195  
11446.20504  
11481.49223  
11417.78063  
11399.10683  
11391.94258  
11407.76416  
11414.81509  
11405.72612  
11417.16752  
11372.80268  
11409.99348  
11416.07692  
11417.64289  
11504.5714  
11483.02526  
11430.4574  
11333.8579  
11293.52773  
11311.5515  
11331.00997  
11383.92684  
11383.83647  
11409.18232  
11425.56503  
11415.29762  
11372.98755  
11406.85695  
11416.0431  
11467.68079  
11458.77984  
11430.39113  
11455.2476  
11471.44159  
11487.60759  
11421.08885  
11414.1422  
11446.75011  
11443.29587  
11450.9018  
11424.44337  
11438.4371  
11421.63442  
11392.82782  
11425.19679  
11425.31931  
11448.93074  
11418.75276  
11398.90934  
11449.1608  
11425.33179  
11431.82667  
11469.75666  
11431.24077  
11411.42878  
11365.27866  
11399.27619  
11375.31654  
11358.24255  
11376.79261  
11373.60139  
11407.82314  
11411.05617  
11450.78954  
11464.21308  
11472.6383  
11420.12424  
11395.65085  
11419.56638  
11426.65043  
11459.06392  
11419.29096  
11409.14374  
11391.40911  
11416.26344  
11463.20491  
11454.63591  
11451.53187  
11411.13949  
11402.53895  
11355.00168  
11402.72477  
11397.79535  
11419.05542  
11466.23685  
11460.06587  
11498.43052  
11478.122  
11421.29469  
11389.65323  
11332.97864  
11341.968  
11353.31681  
11399.26103  
11455.03724  
11387.24016  
11429.92414  
11466.25688  
11408.59283  
11447.97421  
11461.84283  
11448.91207  
11414.70943  
11475.37191  
11452.57814  
11523.01462  
11499.62879  
11501.14729  
11487.89953  
11508.10511  
11505.26326  
11486.68082  
11469.41133  
11346.92149  
11418.66907  
11471.76637  
11412.77288  
11401.33822  
11373.91092  
11336.45381  
11305.70656  
11430.20976  
11442.16992  
11465.26376  
11459.52449  
11405.03316  
11505.75755  
11459.44227  
11430.05714  
11407.30576  
11466.20172  
11441.38726  
11436.80914  
11393.89338  
11357.62022  
11358.20427  
11379.82077  
11417.47906  
11412.84309  
11461.47046  
11467.35478  
11456.35201  
11493.29679  
11440.47283  
11465.14242  
11375.47729  
11388.44833  
11466.75761  
11404.58806  
11329.29742  
11264.05575  
11289.64328  
11374.65873  
11397.17572  
11398.76135  
11406.62927  
11434.78451  
11333.49594  
11427.08887  
11461.38698  
11540.18369  
11446.86585  
11448.20256  
11426.34655  
11398.68683  
11405.3503  
11410.56154  
11381.58612  
11338.37708  
11401.53468  
11411.51973  
11353.44021  
11330.58778  
11374.13801  
11391.6977  
11389.1649  
11398.55678  
11440.34878  
11400.1525  
11451.03317  
11480.255  
11458.55647  
11462.55457  
11429.38435  
11404.72274  
11424.14894  
11438.97369  
11461.94586  
11472.5901  
11437.69514  
11465.02674  
11482.42195  
11516.7665  
11443.63818  
11476.58304  
11476.97817  
11484.28734  
11466.05844  
11537.02068  
11485.56052  
11406.0815  
11386.20547  
11423.01807  
11445.31142  
11423.18957  
11414.83645  
11403.32953  
11379.00936  
11353.46731  
11379.80634  
11358.76113  
11323.3688  
11321.44491  
11377.7036  
11385.98736  
11397.88609  
11424.04165  
11391.48998  
11426.29511  
11416.52146  
11445.89377  
11446.09089  
11452.17502  
11464.92896  
11461.17716  
11446.05716  
11422.15019  
11358.60092  
11394.40871  
11447.99466  
11474.86897  
11484.27533  
11500.06154  
11480.19455  
11500.28296  
11444.83091  
11442.1649  
11393.49206  
11455.40253  
11501.36442  
11460.3338  
11456.68392  
11455.45409  
11473.92558  
11494.45805  
11469.91959  
11509.72461  
11429.14857  
11397.34784  
11362.61658  
11427.7749  
11379.04423  
11215.84839  
11241.66632  
11268.64997  
11349.61533  
11324.91564  
11309.79442  
11334.35518  
11349.00783  
11333.23867  
11364.87919  
11450.73595  
11442.88188  
11497.87394  
11477.82778  
11454.80474  
11467.88919  
11468.57689  
11479.72013  
11422.32695  
11386.68909  
11384.36648  
11418.1139  
11431.90678  
11441.02694  
11495.8535  
11466.72201  
11452.10385  
11457.67898  
11449.98242  
11435.65252  
11484.97082  
11485.62891  
11494.5607  
11480.00447  
11530.2232  
11489.96433  
11476.51838  
11435.39017  
11477.48288  
11556.78075  
11506.58508  
11417.8016  
11339.95709  
11331.16202  
11328.21436  
11342.03537  
11346.79387  
11356.00734  
11323.42025  
11301.59733  
11330.50898  
11392.74861  
11442.12582  
11479.62667  
11471.91593  
11511.57515  
11537.88916  
11494.18388  
11452.91969  
11495.05075  
11543.3471  
11432.19752  
11361.1201  
11348.68342  
11361.51804  
11319.27239  
11311.25682  
11372.67212  
11392.54349  
11411.30456  
11379.26983  
11397.35148  
11434.47465  
11459.08752  
11455.01887  
11457.87655  
11417.27462  
11429.06455  
11435.07419  
11425.20302  
11433.26011  
11401.9992  
11357.97717  
11395.10982  
11415.76604  
11431.61176  
11404.02578  
11387.95302  
11433.32731  
11470.87015  
11468.37322  
11495.60313  
11405.26416  
11389.08393  
11394.11146  
11423.12988  
11386.85659  
11464.21079  
11428.51249  
11417.01278  
11432.97373  
11431.27034  
11449.70519  
11401.1849  
11437.45208  
11437.19541  
11466.14215  
11404.18229  
11364.18336  
11352.31754  
11385.01077  
11433.48728  
11431.17051  
11398.91481  
11366.2862  
11379.538  
11418.27894  
11427.83319  
11409.14818  
11409.65479  
11346.46058  
11378.32784  
11392.68332  
11366.33436  
11411.90835  
11432.00049  
11440.47449  
11431.04847  
11404.25213  
11351.0573  
11396.79288  
11429.00429  
11444.19678  
11445.99856  
11410.40086  
11461.98644  
11487.31589  
11489.65958  
11490.34809  
11462.13421  
11434.96154  
11503.97609  
11455.39391  
11405.73673  
11376.11074  
11446.08397  
11453.4858  
11477.67626  
11472.13097  
11474.14433  
11455.15996  
11499.00557  
11477.40266  
11476.51581  
11393.20933  
11401.08209  
11426.64746  
11409.94818  
11449.99915  
11378.22395  
11389.12455  
11399.47429  
11493.37016  
11460.3396  
11429.72208  
11424.00316  
11382.10308  
11407.96108  
11425.39449  
11409.44981  
11396.49019  
11389.95745  
11344.17562  
11402.8931  
11429.35316  
11437.4732  
11444.96266  
11444.20022  
11060.25246  
10990.53523  
11378.99436  
11259.17617  
11218.8063  
11282.03801  
11297.59116  
11407.57889  
11494.21848  
11580.16245  
11631.66161  
11560.36081  
11512.82616  
11451.25964  
11433.30759  
11469.71461  
11497.76242  
11504.05976  
11494.66681  
11520.49556  
11489.95595  
11446.18148  
11371.57212  
11421.5634  
11413.27884  
11417.58726  
11438.04402  
11426.9726  
11429.7907  
11400.03824  
11406.24078  
11468.53928  
11430.39432  
11429.4719  
11390.37473  
11434.3507  
11436.99179  
11440.36897  
11441.79726  
11481.16415  
11440.25503  
11430.60327  
11416.84124  
11390.69997  
11383.63502  
11388.52846  
11428.70015  
11453.81948  
11458.82435  
11456.18671  
11403.44076  
11368.50236  
11428.52696  
11372.51405  
