10800.73934  
10696.51377  
10544.93447  
10546.73796  
10470.43902  
10508.36242  
10580.02775  
10621.10402  
10639.01495  
10632.16794  
10679.91625  
10603.791  
10639.55277  
10691.05583  
10722.80415  
10722.04669  
10689.11675  
10717.52889  
10708.09553  
10751.40965  
10696.58563  
10727.46287  
10690.91368  
10689.6514  
10650.18807  
10659.53729  
10620.01817  
10662.89817  
10654.81868  
10654.952  
10607.6287  
10653.69013  
10614.78753  
10615.34835  
10604.98579  
10632.82429  
10614.45164  
10675.06439  
10621.15184  
10567.1202  
10584.4969  
10572.0328  
10546.82806  
10522.55676  
10793.324  
10668.25503  
10590.86293  
10662.50158  
10670.6988  
10683.21892  
10630.89246  
10580.4048  
10604.26786  
10659.1908  
10675.69381  
10675.90285  
10647.27374  
10640.03573  
10710.08036  
10686.17912  
10685.50074  
10566.08683  
10615.98114  
10649.85062  
10641.44388  
10673.42017  
10657.70006  
10634.99547  
10585.14677  
10627.82875  
10586.96106  
10665.93728  
10639.94144  
10724.61579  
10717.06563  
10721.57013  
10684.44348  
10627.43467  
10604.90719  
10565.71043  
10580.23198  
10634.6003  
10661.76648  
10641.63217  
10717.69619  
10666.04302  
10665.05156  
10574.81912  
10571.20834  
10592.122  
10667.74859  
10692.48702  
10683.37055  
10643.84565  
10644.0892  
10591.33515  
10603.0643  
10572.70397  
10585.75803  
10550.80524  
10614.68597  
10628.9411  
10621.98954  
10578.99672  
10612.60054  
10593.43634  
10622.70786  
10623.26898  
10617.5462  
10637.54122  
10613.42762  
10637.78972  
10667.5673  
10674.65679  
10675.7057  
10735.81982  
10745.54664  
10738.31021  
10723.86508  
10685.2452  
10700.21252  
10701.06787  
10708.40428  
10659.06868  
10666.57996  
10691.74527  
10611.64758  
10581.42161  
10631.12618  
10601.26347  
10629.32801  
10629.72791  
10612.51224  
10656.55949  
10664.90265  
10686.69455  
10672.68587  
10690.88827  
10642.24116  
10623.27798  
10576.53593  
10566.92859  
10651.0315  
10662.45856  
10635.14707  
10675.39453  
10666.57605  
10622.97794  
10652.31587  
10621.86821  
10621.60409  
10582.07198  
10598.84821  
10613.11047  
10659.24257  
10628.96393  
10571.05066  
10595.27761  
10572.32265  
10575.60821  
10609.4192  
10634.14164  
10620.26887  
10625.90468  
10634.07323  
10665.95547  
10683.00192  
10742.7644  
10707.24182  
10729.38973  
10745.51108  
10787.32461  
10765.84754  
10728.93418  
10656.81061  
10633.18021  
10594.71745  
10605.71779  
10594.79029  
10615.7799  
10611.53699  
10627.76276  
10660.33771  
10682.63369  
10658.95164  
10707.05829  
10704.59109  
10677.68398  
10689.31659  
10695.39199  
10708.89775  
10731.91275  
10720.34055  
10620.79644  
10627.37059  
10601.85917  
10625.46739  
10535.64591  
10501.19828  
10541.79992  
10571.0341  
10598.08558  
10663.77354  
10651.52177  
10687.05093  
10633.42474  
10667.97857  
10690.2055  
10713.92733  
10703.82254  
10675.69558  
10570.97942  
10627.02344  
10663.21949  
10665.43279  
10676.95078  
10671.16383  
10637.23695  
10645.32683  
10647.80928  
10665.62244  
10601.59316  
10579.10892  
10616.8385  
10631.58262  
10679.16123  
10618.9108  
10630.4609  
10559.87576  
10637.24747  
10623.79538  
10646.62439  
10664.22501  
10669.70668  
10654.35532  
10624.28802  
10542.88115  
10544.65867  
10516.7368  
10515.92625  
10613.7026  
10634.17593  
10695.84479  
10650.84582  
10727.7223  
10705.19008  
10714.85254  
10679.99752  
10652.48439  
10636.70885  
10666.42129  
10679.24862  
10668.4127  
10639.05986  
10579.42228  
10588.81637  
10521.29491  
10575.01258  
10660.30802  
10707.91576  
10725.62517  
10691.29743  
10630.9015  
10660.58055  
10672.7186  
10701.40221  
10725.75231  
10682.29403  
10704.36598  
10659.95774  
10682.68245  
10660.48077  
10687.79469  
10649.05775  
10668.12264  
10666.40036  
10724.83183  
10702.69398  
10670.44898  
10636.2942  
10643.6364  
10620.79524  
10600.98756  
10601.76645  
10523.6303  
10640.48227  
10598.99752  
10618.93598  
10615.72602  
10618.84269  
10605.37914  
10619.24909  
10678.99579  
10579.93514  
10661.04349  
10633.14699  
10674.40275  
10643.98209  
10684.51729  
10704.06368  
10662.76573  
10722.56093  
10710.73582  
10735.43058  
10718.97074  
10723.01451  
10636.10825  
10626.27632  
10549.48704  
10633.86724  
10595.95654  
10616.13714  
10610.90142  
10586.91809  
10649.73611  
10682.17107  
10648.79214  
10585.81942  
10547.13165  
10572.05905  
10604.32706  
10606.25823  
10648.49224  
10646.68883  
10617.82031  
10633.33466  
10605.94274  
10674.86586  
10690.38529  
10727.13414  
10686.79425  
10688.00812  
10674.9954  
10711.86608  
10672.26046  
10680.21636  
10686.9785  
10692.03088  
10734.24561  
10697.58238  
10668.36276  
10632.70897  
10686.89359  
10631.77997  
10666.6313  
10671.71621  
10657.00583  
10612.81395  
10568.41908  
10639.81061  
10675.50746  
10668.20129  
10588.12847  
10625.86101  
10662.71164  
10615.57353  
10563.48382  
10548.48542  
10567.88719  
10640.2711  
10595.05019  
10583.56548  
10543.44664  
10584.85889  
10630.98976  
10679.75631  
10753.82019  
10702.30061  
10698.13338  
10639.95584  
10663.17477  
10657.88288  
10673.45616  
10601.41506  
10588.60247  
10610.14061  
10647.83028  
10665.14665  
10669.60929  
10700.97047  
10681.75864  
10692.673  
10683.09828  
10688.45131  
10608.54011  
10630.13448  
10648.90381  
10648.81681  
10581.06777  
10606.06457  
10663.50466  
10693.42422  
10687.34089  
10677.8269  
10692.9593  
10670.1205  
10705.83523  
10718.80408  
10667.7546  
10599.22769  
10576.3121  
10536.05534  
10554.00244  
10624.05039  
10599.01044  
10644.26515  
10650.23887  
10691.33932  
10689.5505  
10692.62244  
10641.88549  
10668.44183  
10640.62316  
10656.10357  
10654.08233  
10618.01581  
10633.31829  
10617.08777  
10626.933  
10575.68142  
10631.45309  
10586.98225  
10588.47845  
10637.11392  
10735.18395  
10738.87897  
10696.20196  
10656.1313  
10638.16295  
10611.00355  
10615.18154  
10586.5761  
10630.66416  
10599.64261  
10542.42061  
10548.69178  
10598.59067  
10658.13483  
10661.32639  
10734.97683  
10688.16428  
10684.94989  
10655.11315  
10755.59686  
10673.01384  
10718.19435  
10735.05789  
10721.70286  
10738.24374  
10715.52329  
10705.23677  
10616.19105  
10653.61505  
10633.32636  
10643.80356  
10608.95786  
10623.05023  
10601.85173  
10649.47202  
10634.76222  
10592.33574  
10655.13519  
10649.76041  
10693.77884  
10716.34245  
10702.94548  
10747.93489  
10718.85735  
10715.25961  
10689.38046  
10568.0491  
10565.41155  
10588.2726  
10579.16903  
10539.6016  
10533.5458  
10528.30198  
10555.54122  
10515.9206  
10565.4213  
10587.3275  
10665.84434  
10692.8088  
10707.58116  
10640.59895  
10688.04283  
10668.38163  
10668.61215  
10649.40396  
10615.15947  
10596.80807  
10567.46703  
10576.66189  
10597.30034  
10581.25502  
10567.44429  
10619.75968  
10653.63967  
10666.04927  
10672.44237  
10666.52224  
10687.48075  
10689.38669  
10666.51288  
10688.46851  
10622.98692  
10649.48139  
10682.95973  
10694.45407  
10666.96698  
10697.28396  
10682.36209  
10678.67997  
10646.34138  
10658.68371  
10684.41857  
10657.9621  
10615.6419  
10586.81077  
10561.65765  
10536.50052  
10587.19306  
10653.1052  
10649.48579  
10684.38312  
10629.69595  
10682.3836  
10705.11358  
10671.52768  
10662.22554  
10673.53541  
10717.89212  
10754.43455  
10718.15288  
10726.40421  
10695.88706  
10694.31437  
10662.32563  
10688.1741  
10632.71806  
10671.33015  
10653.96158  
10655.65032  
10639.58789  
10632.67329  
10673.05058  
10647.6196  
10581.46355  
10524.31477  
10572.97207  
10577.13214  
10597.52179  
10532.97601  
10512.66098  
10549.77635  
10561.02142  
10555.0744  
10603.28886  
10660.3318  
10662.00766  
10709.60269  
10645.45861  
10684.36057  
10685.45627  
10692.8604  
10709.39002  
10725.87318  
10714.60634  
10728.91932  
10681.68149  
10692.82403  
10664.11842  
10688.48244  
10605.32242  
10579.18907  
10543.79196  
10589.91297  
10638.36993  
10652.34793  
10683.68743  
10687.11656  
10649.43231  
10614.01015  
10695.01094  
10684.08316  
10651.53118  
10613.39712  
10624.95799  
10606.02145  
10629.28123  
10632.17147  
10658.49313  
10692.24594  
10735.16864  
10689.28756  
10606.06036  
10646.322  
10627.53701  
10583.19545  
10573.88057  
10585.24623  
10572.9609  
10636.65541  
10573.72586  
10644.74293  
10672.21978  
10700.48183  
10684.54514  
10714.2546  
10652.05762  
10642.84338  
10648.25214  
10622.67812  
10627.55443  
10695.34434  
10709.07646  
10721.96479  
10724.31016  
10750.02893  
10768.60079  
10731.53007  
10761.21449  
10703.39504  
10596.60938  
10628.33752  
10564.2599  
10633.30568  
10608.9603  
10640.45678  
10638.32255  
10701.39473  
10676.11485  
10675.8634  
10690.19353  
10665.30467  
10645.74818  
10631.48358  
10649.32679  
10626.03255  
10583.91719  
10538.64414  
10635.21749  
10576.43088  
10597.10054  
10692.81435  
10667.54009  
10646.73141  
10637.45014  
10611.01967  
10647.25396  
10639.9717  
10623.28191  
10596.88899  
10599.8368  
10647.90473  
10627.83139  
10644.14972  
10657.3436  
10672.86965  
10633.36631  
10614.74887  
10541.53558  
10562.92814  
10592.81472  
10641.85437  
10640.07706  
10664.01019  
10689.01738  
10705.26153  
10707.46303  
10639.57381  
10607.75017  
10619.0441  
10616.45713  
10631.34232  
10667.17339  
10662.22793  
10652.65169  
10636.08292  
10599.63108  
10636.95855  
10676.25556  
10655.68322  
10649.03989  
10705.79418  
10648.24845  
10681.77108  
10648.93378  
10716.02812  
10700.01669  
10706.00525  
10682.91172  
10692.49153  
10647.28612  
10630.43748  
10646.29448  
10545.94903  
10584.44796  
10535.9345  
10562.5201  
10555.56235  
10606.35719  
10635.77059  
10703.11293  
10618.74604  
10637.234  
10653.46995  
10660.59222  
10629.02162  
10676.48557  
10658.41994  
10726.3652  
10681.44733  
10680.06726  
10659.64302  
10620.50094  
10587.20114  
10522.05326  
10617.70636  
10626.05639  
10609.68812  
10587.44757  
10634.43452  
10641.79957  
10688.66937  
10687.36857  
10801.60614  
10714.49372  
10705.51231  
10670.15879  
10637.14467  
10596.46907  
10535.58542  
10514.763  
10530.48052  
10526.08592  
10529.84473  
10565.47015  
10557.49909  
10564.6558  
10600.21479  
10623.24564  
10673.96597  
10689.78687  
10655.90371  
10632.35732  
10613.48687  
10645.03987  
10710.30038  
10717.52088  
10724.75354  
10702.04278  
10704.30986  
10702.12162  
10695.72375  
10728.67122  
10734.21656  
10695.40169  
10704.09304  
10686.90566  
10649.34804  
10640.54886  
10643.75296  
10585.38237  
10632.11707  
10614.63487  
10648.65482  
10620.39818  
10578.62882  
10626.20041  
10631.14547  
10665.72606  
10696.35555  
10680.75517  
10684.30329  
10636.31917  
10620.5407  
10571.0593  
10575.12673  
10598.22985  
10578.73663  
10583.78224  
10597.686  
10593.28386  
10668.99428  
10684.36621  
10681.06875  
10661.68742  
10682.27478  
10655.55954  
10666.99855  
10654.6904  
10677.03605  
10712.08808  
10701.85491  
10742.12951  
10734.91694  
10686.35074  
10675.84813  
10587.06671  
10565.62545  
10575.29464  
10607.17519  
10601.86087  
10619.90968  
10642.19324  
10659.0737  
10665.03697  
10614.91403  
10667.2467  
10664.67735  
10708.18669  
10655.55275  
10711.27649  
10680.10229  
10686.33365  
10703.17326  
10725.66319  
10698.7403  
10656.192  
10611.72453  
10544.65162  
10602.1534  
10547.83097  
10546.95058  
10557.36641  
10617.61001  
10614.6843  
10654.02716  
10701.8935  
10698.49811  
10697.37404  
10673.44595  
10643.80873  
10634.85315  
10666.35335  
10643.98081  
10703.84195  
10688.17674  
10694.57557  
10633.14174  
10591.68285  
10597.8812  
10638.31962  
10657.30578  
10711.44664  
10682.60973  
10678.66169  
10657.2432  
10617.45925  
10576.16559  
10559.31812  
10498.14653  
10502.74655  
10550.04356  
10563.27138  
10569.36549  
10603.12426  
10634.90445  
10654.0328  
10645.45255  
10668.4427  
10682.20373  
10685.05154  
10694.62636  
10685.99594  
10620.45447  
10592.88748  
10599.94892  
10596.86343  
10587.41504  
10576.73271  
10586.72163  
10560.19179  
10557.45779  
10611.87209  
10595.65351  
10675.58991  
10682.74811  
10685.65659  
10663.3648  
10679.21769  
10706.49919  
10726.49466  
10721.61441  
10731.52702  
10814.73503  
10782.0511  
10655.47963  
10674.0358  
10670.07939  
10682.23232  
10669.95321  
10689.39808  
10682.32727  
10698.95163  
10687.01004  
10709.42113  
10675.65435  
10708.98571  
10622.46607  
10625.96191  
10671.24559  
10709.61899  
10647.34843  
10659.06949  
10577.47323  
10619.86675  
10609.06853  
10601.13229  
10636.7759  
10665.12667  
10626.07358  
10590.69097  
10596.4256  
10633.32898  
10633.07494  
10650.7102  
10626.73852  
10561.2907  
10634.87241  
10643.92024  
10663.5985  
10657.69619  
10608.80654  
10571.74522  
10633.45567  
10619.43504  
10663.8731  
10718.01817  
10738.46683  
10756.99744  
10737.65261  
10758.79799  
10709.013  
10645.444  
10661.61564  
10621.69676  
10604.87776  
10547.94708  
10498.75717  
10503.61835  
10507.48429  
10590.99242  
10635.78069  
10663.48944  
10615.99981  
10651.28482  
10665.03184  
10690.45419  
10726.02266  
10764.5773  
10713.33702  
10696.75995  
10631.29216  
10636.07365  
10640.5474  
10668.40221  
10611.36249  
10557.54438  
10562.96905  
10582.58132  
10631.54629  
10623.81839  
10667.26357  
10636.94344  
10656.13985  
10655.29349  
10673.26096  
10702.86616  
10664.56955  
10607.27963  
10634.75918  
10603.8878  
10673.70499  
10655.41839  
10639.84096  
10626.34907  
10646.44627  
10606.46097  
10618.35301  
10623.81533  
10657.79083  
10683.47405  
10661.93721  
10674.51367  
10571.19151  
10624.59304  
10617.82314  
10688.90713  
10662.97981  
10676.57653  
10681.00332  
10649.12616  
10646.44331  
10621.23565  
10613.42467  
10572.43206  
10611.62305  
10621.12567  
10621.91554  
10631.26241  
10616.21887  
10668.14042  
10613.62793  
10604.66007  
10614.00069  
10722.48698  
10660.09232  
10696.19129  
10746.27521  
10710.7086  
10732.65608  
10780.32141  
10832.46114  
10776.99613  
10775.84612  
10628.32424  
10610.09552  
10621.64906  
10653.11528  
10643.63815  
10673.76867  
10702.36973  
10672.84968  
10645.96781  
10584.37301  
10558.15888  
10565.30829  
10609.2171  
10619.33994  
10651.372  
10659.74017  
10684.17346  
10641.13492  
10376.62392  
10676.26419  
10660.38569  
10650.43875  
10545.70233  
10524.3062  
10495.69902  
10555.24173  
10613.01057  
10605.76086  
10549.4802  
10564.95602  
10591.7003  
10649.90588  
10680.44333  
10705.55455  
10706.40713  
10651.83252  
10653.92688  
10653.09249  
10693.82284  
10716.48443  
10713.55849  
10733.82834  
10712.23953  
10688.28507  
10694.76047  
10721.21173  
10732.47143  
10750.021  
10654.55267  
10676.21596  
10758.72808  
10683.79287  
10651.10358  
10688.87342  
10664.16514  
10655.19651  
10622.64347  
10597.13694  
10619.48986  
10628.60784  
10621.2026  
10659.95023  
10627.18886  
10612.3128  
10598.98367  
10517.23443  
10490.40159  
10462.23788  
10542.00842  
10581.48904  
10644.75897  
10708.52835  
10739.10052  
10687.68742  
10679.70471  
10670.4469  
10637.50024  
10558.31018  
10541.12192  
10611.78682  
10607.82139  
10630.90098  
10646.48815  
10694.11815  
10707.20749  
10690.36761  
10648.05896  
10679.08422  
10691.19493  
10750.34222  
10673.96856  
10702.19097  
10646.47358  
10603.45479  
10619.46723  
10664.19674  
10602.04856  
10619.03438  
10573.67322  
10576.51783  
10665.30593  
10688.46569  
10674.05683  
10685.07809  
10667.08979  
10679.89879  
10649.95179  
10657.44738  
10666.94509  
10655.27566  
10668.26435  
10682.14699  
10652.04256  
10716.16132  
10668.0625  
10620.44543  
10597.20289  
10574.21841  
10638.13704  
10684.27361  
10719.25037  
10706.27723  
10645.69506  
10549.83308  
10567.51783  
10542.57216  
10601.79189  
10610.36424  
10625.81152  
10642.42748  
10658.78386  
10688.27492  
10713.49207  
10696.5889  
10650.08136  
10637.97969  
10617.6937  
10644.18974  
10630.76562  
10628.5692  
10643.49803  
10602.4931  
10599.24806  
10632.27985  
10635.10523  
10612.81535  
10639.0905  
10680.50083  
10651.48118  
10651.01583  
10672.78559  
10673.22858  
10695.61774  
10708.37273  
10722.12194  
10688.23023  
10642.96856  
10620.89118  
10587.10668  
10634.81688  
10600.57565  
10580.03034  
10601.86032  
10595.14246  
10620.55563  
10627.58368  
10630.42487  
10594.69922  
10607.48064  
10585.24919  
10549.67321  
10532.61687  
10515.20225  
10592.94196  
10596.92427  
10607.96592  
10621.50168  
10627.73202  
10664.65004  
10701.49576  
10690.66147  
10664.76951  
10638.66006  
10631.39421  
10631.78127  
10635.69188  
10649.74512  
10672.84688  
10668.67844  
10694.87806  
10697.5737  
10677.93002  
10646.60882  
10655.38697  
10674.53037  
10613.43762  
10589.60087  
10575.85394  
10630.67428  
10639.39749  
10676.04927  
10659.75584  
10507.01276  
10488.46843  
10526.84782  
10563.18272  
10634.12741  
10657.16211  
10649.45353  
10631.60646  
10647.72937  
10635.77822  
10645.66014  
10673.59284  
10486.22266  
10710.46269  
10650.69255  
10636.46723  
10411.87583  
10654.80188  
10680.31117  
10693.16206  
10674.99857  
10699.30467  
10700.19535  
10696.79415  
10643.13335  
10654.09267  
10696.19336  
10717.87618  
10640.52177  
10618.2135  
10684.97907  
10696.11375  
10786.33641  
10765.40287  
10743.3294  
10491.12508  
10617.37882  
10572.49968  
10600.42048  
10648.49215  
10613.64749  
10569.76891  
10534.60237  
10527.79031  
10479.95622  
10507.36091  
10545.88672  
10592.23793  
10666.60148  
10534.40627  
10775.19733  
10686.22065  
10693.96037  
10659.80492  
10681.42353  
10692.27441  
10684.86675  
10717.46447  
10747.043  
10771.05455  
10826.18398  
10762.96799  
10776.17746  
10699.7454  
10636.82942  
10629.84055  
10664.10185  
10698.60532  
10704.98414  
10716.75039  
10690.75029  
10663.33786  
10644.56115  
10649.55533  
10686.32413  
10692.46691  
10715.47402  
10747.32235  
10750.76199  
10716.26025  
10719.17593  
10702.38434  
10660.93045  
10638.78578  
10692.70885  
10729.89788  
10718.03881  
10713.72446  
10723.64017  
10175.54135  
10764.63349  
10643.64244  
10570.42558  
10542.89494  
10752.69809  
10633.02547  
10618.33212  
10690.53746  
10640.58442  
10618.01637  
10660.46954  
10643.9643  
10609.88098  
10604.2601  
10646.15704  
10677.33227  
10634.28655  
10700.59816  
10681.45314  
10673.11033  
10673.47676  
10644.99151  
10603.06826  
10598.05305  
10561.84545  
10631.14258  
10594.49374  
10660.35306  
10659.46244  
10713.0394  
10706.11697  
10649.4158  
10669.35868  
10642.38822  
10634.79632  
10638.33365  
10650.3023  
10604.56275  
10616.89236  
10656.42775  
10678.01421  
10668.10109  
10628.27712  
10591.32184  
10754.55482  
10747.08067  
10684.37882  
10796.65425  
10656.93706  
10577.69033  
10626.95961  
10610.87564  
10791.81981  
10754.41522  
10672.90214  
10695.06947  
10686.89327  
10679.6924  
10697.76268  
10296.76756  
10853.64867  
10654.6531  
10593.75305  
10455.19415  
10508.56213  
10696.72639  
10596.18826  
10602.81826  
10513.82274  
10566.00074  
10533.87199  
10546.57498  
10500.13037  
10441.2216  
10498.63515  
10598.71016  
10671.91418  
10644.34205  
10622.06561  
10675.43556  
10663.17689  
10624.27393  
10651.46447  
10682.08993  
10706.51182  
10689.4568  
10712.99172  
10686.66152  
10712.48336  
10596.4338  
10615.07536  
10604.56794  
10586.1263  
10610.47845  
10612.21163  
10668.91746  
10702.93371  
10707.37719  
10677.10207  
10651.23867  
10597.7998  
10598.71153  
10567.55629  
10547.65517  
10517.78674  
10522.27709  
10645.36131  
10662.06535  
10679.85225  
10719.52515  
10723.43745  
10716.84592  
10642.36806  
10676.10938  
10678.28398  
10669.17268  
10698.07764  
10685.01179  
10647.64143  
10603.93474  
10595.5063  
10652.82742  
10582.58538  
10622.86719  
10618.75059  
10663.43553  
10645.10714  
10689.29391  
10667.59665  
10036.71483  
11108.41214  
10793.86384  
10680.74529  
10676.30213  
10705.13758  
10730.74293  
10683.96606  
10624.42041  
10561.5448  
10572.38935  
10609.54199  
10621.81657  
10666.50343  
10696.77758  
10698.76461  
10719.26813  
10782.21345  
10794.79652  
10783.70408  
10774.27238  
10776.95683  
10762.37463  
10729.14068  
10797.91258  
10610.17396  
10612.59205  
10604.41006  
10617.85372  
10630.19388  
10691.57989  
10669.44354  
10605.7596  
10537.22353  
10525.19728  
10487.44454  
10501.40058  
10504.11247  
10512.89566  
10529.66751  
10579.03856  
10572.32587  
10642.75892  
10636.12976  
10666.03179  
10693.34452  
10700.90024  
10682.10286  
10706.64697  
10714.9883  
10689.64778  
10711.62771  
10716.47548  
10714.34117  
10719.33461  
10738.02477  
10701.70368  
10661.7825  
10642.77753  
10645.96707  
10624.53849  
10661.03105  
10647.54874  
10632.60668  
10595.57597  
10590.08836  
10663.62899  
10650.46198  
10591.37449  
10610.17056  
10639.93339  
10647.9013  
10650.71843  
10610.334  
10647.40676  
10664.39379  
10698.68378  
10637.24424  
10605.73286  
10641.32755  
10666.3038  
10665.63923  
10619.82779  
10596.27428  
10594.76478  
10600.62596  
10586.49714  
10633.04352  
10641.02719  
10653.97868  
10702.05236  
10724.11313  
10702.94457  
10629.68667  
10583.21907  
10582.15883  
10627.30511  
10655.57127  
10693.04309  
10612.49444  
10677.09235  
10619.14185  
10651.25224  
10636.4866  
10711.02014  
10684.55475  
10673.10624  
10670.68444  
10679.34587  
10653.06999  
10655.54777  
10663.71717  
10672.23826  
10668.26845  
10633.00825  
10646.81674  
10669.19397  
10669.11446  
10663.49197  
10672.98722  
10628.89101  
10615.01977  
10614.40014  
10639.58893  
10620.64972  
10666.39448  
10681.39546  
10642.42241  
10648.8885  
10666.54093  
10661.36725  
10676.25364  
10675.39334  
10645.29137  
10694.15143  
10620.78578  
10572.87978  
10601.62838  
10612.372  
10655.53218  
10657.16009  
10650.6023  
10629.26291  
10639.2235  
10658.89317  
10638.75301  
10611.25756  
10638.20654  
10619.88776  
10629.90531  
10608.5244  
10569.78738  
10496.53216  
10499.18366  
10566.26446  
10636.84496  
10700.0922  
10676.35141  
10682.96798  
10621.56275  
10636.68467  
10643.39322  
10645.73909  
10643.33095  
10676.65428  
10648.69356  
10684.79873  
10613.47985  
10666.81455  
10641.76105  
10655.97858  
10660.96314  
10708.57117  
10728.41632  
10681.95179  
10680.35451  
10665.5068  
10629.38924  
10631.15854  
10651.33587  
10644.76697  
10663.73145  
10630.19093  
10606.0164  
10559.29627  
10560.52953  
10593.86976  
10690.05587  
10682.86209  
10682.35666  
10658.81954  
10682.35367  
10704.46395  
10677.98424  
10727.95658  
10716.11857  
10714.30851  
10689.24561  
10648.97314  
10684.75498  
10667.67819  
10721.63222  
10698.82686  
10632.89105  
10573.77266  
10563.50485  
10627.507  
10630.39982  
10650.78586  
10598.22185  
10594.93861  
10612.10597  
10572.54932  
10603.62507  
10610.1645  
10563.60589  
10539.09316  
10569.22875  
10721.32791  
10732.08434  
10680.51137  
10631.88714  
10705.75448  
10727.5727  
10706.34745  
10709.89731  
10661.17245  
10655.52534  
10623.82585  
10683.07636  
10669.79789  
10662.95553  
10649.62604  
10590.29048  
10619.1708  
10630.19294  
10597.81045  
10533.58087  
10549.08577  
10561.44912  
10593.60843  
10594.38815  
10626.20067  
10669.73971  
10662.49414  
10674.02952  
10682.82935  
10717.71483  
10660.07341  
10661.3762  
10591.46584  
10602.78989  
10684.70924  
10701.89088  
10685.73015  
10662.15308  
10696.84151  
10661.95238  
10683.63866  
10652.35352  
10647.17416  
10673.37899  
10613.24005  
10603.79775  
10665.71422  
10641.97872  
10654.17132  
10650.36749  
10661.10032  
10693.36416  
10669.52883  
10673.93364  
10691.14083  
10686.4091  
10660.20141  
10616.39302  
10639.69861  
10712.8112  
10700.05499  
10707.42454  
10694.24098  
10661.21547  
10705.49417  
10715.94124  
10671.98732  
10666.92612  
10651.96159  
10624.80869  
10583.13066  
10569.96176  
10532.12421  
10548.19257  
10598.99372  
10637.45774  
10580.76271  
10560.12928  
10595.99587  
10633.70685  
10645.82445  
10619.27995  
10628.1909  
10612.7652  
10645.28401  
10648.65576  
10547.89829  
10516.52707  
10528.301  
10546.33348  
10571.54122  
10576.91255  
10598.35069  
10610.05689  
10658.81767  
10684.20989  
10752.75727  
10725.52239  
10741.0317  
10676.04915  
10673.33909  
10642.10998  
10643.42356  
10678.71521  
10693.7667  
10697.43004  
10749.35389  
10727.16083  
10695.76827  
10625.15366  
10659.9755  
10662.93758  
10665.71616  
10667.55521  
10620.13138  
10647.58526  
10685.72481  
10708.51423  
10702.97493  
10707.30807  
10697.66605  
10676.42327  
10632.47377  
10642.90573  
10616.07644  
10698.47983  
10658.28972  
10635.57213  
10625.68934  
10624.70728  
10628.92046  
10685.78613  
10731.7627  
10628.285  
10613.1069  
10543.72133  
10571.48666  
10561.85289  
10674.66563  
10604.71343  
10566.71895  
10609.1991  
10644.85594  
10619.50544  
10561.93105  
10516.82627  
10511.84516  
10526.42376  
10544.10373  
10550.64507  
10515.59138  
10541.24976  
10616.53937  
10618.04026  
10630.47224  
10660.67519  
10689.68642  
10735.71988  
10753.25349  
10713.79351  
10693.59559  
10669.90256  
10660.00285  
10613.92901  
10643.72107  
10665.45211  
10609.86103  
10578.39579  
10611.37  
10658.06649  
10711.94348  
10714.6066  
10722.44373  
10718.35395  
10720.45092  
10697.19196  
10705.19816  
10632.35938  
10605.95235  
10534.12471  
10560.66113  
10647.0182  
10663.27147  
10669.03253  
10693.0742  
10675.65475  
10665.25677  
10715.07769  
10716.68728  
10669.92762  
10679.58276  
10579.70186  
10586.89558  
10566.76825  
10615.23023  
10644.90644  
10679.34106  
10637.1051  
10653.6707  
10590.16933  
10589.38635  
10550.17725  
10659.59739  
10710.25793  
10710.6152  
10721.08296  
10659.42708  
10680.84759  
10736.0904  
10726.27505  
10728.77758  
10690.45107  
10665.33009  
10669.80989  
10640.18218  
10636.60813  
10612.54075  
10598.08361  
10593.91714  
10634.24377  
10688.0922  
10678.38956  
10688.19412  
10658.66489  
10611.0457  
10650.74682  
10624.887  
10693.68987  
10631.96614  
10619.05474  
10624.64211  
10635.29065  
10609.80324  
10588.2995  
10625.65219  
10606.03699  
10677.22288  
10685.69499  
10709.75295  
10681.93824  
10756.10678  
10809.33264  
10698.93432  
10669.24737  
10647.69966  
10588.04644  
10601.64286  
10568.02266  
10546.88933  
10571.87781  
10596.36907  
10628.91342  
10614.66659  
10661.89009  
10672.01532  
10694.33858  
10691.68614  
10708.28014  
10698.70109  
10632.65965  
10699.22257  
10717.45205  
10683.02622  
10672.38515  
10718.78659  
10677.43922  
10605.32046  
10578.25598  
10589.86126  
10556.42546  
10606.43873  
10659.7564  
10605.24416  
10670.46028  
10645.43098  
10670.75083  
10621.18125  
10633.77226  
10564.63328  
10502.17044  
10493.54196  
10528.62417  
10582.43465  
10610.4765  
10657.88185  
10636.05263  
10701.51477  
10747.4839  
10753.08787  
10658.334  
10630.90024  
10547.46707  
10558.12566  
10555.3635  
10601.26396  
10607.82087  
10612.07905  
10664.02852  
10633.01416  
10677.28699  
10704.1156  
10703.79214  
10685.8648  
10660.08976  
10646.21488  
10635.64704  
10645.45449  
10613.21777  
10667.03361  
10665.18986  
10675.04474  
10700.45737  
10666.56716  
10683.78905  
10663.74416  
10675.46067  
10720.88012  
10731.16076  
10633.02547  
10615.28379  
10585.07159  
10609.93198  
10640.31969  
10599.34841  
10616.96904  
10603.03164  
10596.29504  
10632.19253  
10622.00367  
10663.99949  
10676.44099  
10703.52662  
10643.86948  
10611.35688  
10624.49508  
10609.3813  
10653.7784  
10672.17728  
10689.51724  
10675.29371  
10603.69592  
10637.69223  
10591.35247  
10573.38327  
10603.87631  
10599.32745  
10649.4489  
10670.85158  
10713.65019  
10700.94164  
10732.41883  
10674.00354  
10631.22326  
10616.68477  
10664.78637  
10644.03135  
10692.01217  
10677.84244  
10673.28339  
10663.94745  
10692.33624  
10672.83829  
10610.65447  
10597.41194  
10606.81353  
10556.166  
10571.51906  
10587.78093  
10626.15288  
10651.82511  
10673.91519  
10706.96899  
10675.20718  
10666.32339  
10656.92551  
10599.27504  
10587.46599  
10624.34281  
10658.82642  
10683.45417  
10699.9421  
10739.19664  
10716.485  
10653.50881  
10596.10535  
10522.02862  
10517.58013  
10566.67661  
10585.75187  
10602.86845  
10624.33235  
10616.45939  
10646.21553  
10640.51089  
10684.64249  
10695.44053  
10689.38338  
10685.03307  
10650.13509  
10670.5229  
10686.53869  
10704.63313  
10679.11491  
10639.14172  
10615.18637  
10574.43824  
10606.19535  
10650.18245  
10678.05241  
10653.80487  
10679.42977  
10669.62936  
10663.28004  
10669.53085  
10647.13586  
10611.50515  
10590.77004  
10588.54578  
10601.13786  
10634.3309  
10666.14371  
10702.79179  
10694.01837  
10706.10092  
10710.78736  
10698.16783  
10690.73727  
10646.1859  
10654.36808  
10654.84321  
10680.01759  
10701.25667  
10662.13832  
10675.64394  
10690.57383  
10632.73419  
10627.88749  
10594.33311  
10604.6692  
10604.56668  
10627.90005  
10641.61939  
10670.8467  
10647.06205  
10661.7216  
10666.01738  
10654.33218  
10724.47597  
10689.22198  
10693.99906  
10645.37616  
10634.47951  
10641.60315  
10631.75889  
10593.97392  
10578.98712  
10616.96824  
10662.45511  
10639.24618  
10681.15179  
10679.75359  
10661.77744  
10676.93479  
10639.82967  
10647.25687  
10630.14387  
10633.45946  
10638.14487  
10629.69555  
10647.36409  
10626.13485  
10637.55967  
10655.40511  
10731.26157  
10705.76909  
10748.44304  
10741.26244  
10736.41531  
10734.74185  
10744.36185  
10753.3209  
10709.93376  
10662.25088  
10570.08292  
10569.4077  
10575.32301  
10632.03625  
10633.29969  
10638.51433  
10622.77652  
10582.81184  
10604.35247  
10617.28108  
10585.68105  
10553.92189  
10607.42174  
10628.65669  
10594.1048  
10591.47547  
10576.76138  
10620.81673  
10640.18518  
10619.19097  
10660.86161  
10671.21018  
10636.30933  
10630.99867  
10617.91433  
10571.57479  
10556.11099  
10557.73434  
10547.52105  
10521.9539  
10575.68964  
10641.49426  
10679.18801  
10696.46515  
10687.45457  
10694.32063  
10705.69125  
10713.07403  
10697.55496  
10725.85404  
10707.14813  
10689.78814  
10698.10427  
10594.48532  
10596.00497  
10553.49843  
10608.82168  
10582.28758  
10594.41029  
10622.85751  
10639.85806  
10664.64894  
10683.30393  
10700.48927  
10677.34309  
10652.04073  
10614.57501  
10607.95829  
10636.30145  
10615.19563  
10613.08513  
10584.08444  
10582.4132  
10637.31442  
10668.19157  
10696.23762  
10671.22059  
10643.40244  
10646.00229  
10656.96989  
10672.91544  
10705.37556  
10697.55703  
10681.12924  
10651.58673  
10645.28615  
10664.99436  
10698.91591  
10715.5654  
10692.51206  
10734.61033  
10674.12702  
10692.41851  
10684.25581  
10708.11055  
10667.14049  
10643.77379  
10651.77734  
10637.22252  
10582.69929  
10557.11746  
10582.42108  
10520.67435  
10558.46255  
10560.84528  
10521.77995  
10585.19809  
10583.37788  
10599.02177  
10626.71367  
10682.99976  
10674.8127  
10681.71164  
10731.99389  
10708.42319  
10704.03076  
10655.47351  
10632.55713  
10598.28495  
10606.47555  
10638.57676  
10659.11917  
10714.43026  
10678.95166  
10641.01951  
10612.42374  
10610.98222  
10592.86308  
10569.40366  
10608.47873  
10644.43592  
10681.13535  
10709.72249  
10693.5045  
10673.77633  
10704.59323  
10649.23096  
10576.92007  
10581.14763  
10615.4658  
10618.94285  
10650.52782  
10662.8703  
10669.18849  
10665.50815  
10646.05262  
10665.59589  
10682.91856  
10701.1723  
10708.82651  
10730.12525  
10677.877  
10650.13706  
10626.96894  
10654.91809  
10557.78319  
10536.38569  
10561.45776  
10587.03548  
10720.51855  
10615.10709  
10674.50606  
10693.97091  
10624.39773  
10592.80019  
10560.62884  
10598.64017  
10619.67445  
10699.35831  
10680.9998  
10748.77724  
10724.69991  
10690.99473  
10681.7399  
10675.38894  
10697.785  
10723.10766  
10698.4477  
10678.35865  
10639.86436  
10622.71848  
10570.71306  
10553.88655  
10529.19728  
10596.89386  
10586.61853  
10536.86603  
10520.76891  
10565.96776  
10602.76743  
10638.07858  
10683.8174  
10658.60865  
10642.87086  
10665.04262  
10643.34294  
10627.04134  
10625.96755  
10628.63906  
10682.32408  
10687.47643  
10757.05304  
10714.54305  
10742.1516  
10672.37333  
10636.66492  
10606.62327  
10590.67065  
10603.00168  
10589.64515  
10644.52623  
10681.39914  
10684.54873  
10666.426  
10661.13908  
10676.76963  
10660.86512  
10666.91964  
10699.98725  
10724.22188  
10740.72173  
10697.33483  
10669.91167  
10623.41716  
10566.23552  
10578.64699  
10570.20784  
10599.07605  
10634.66664  
10682.04258  
10671.27558  
10661.69041  
10661.52426  
10609.51155  
10602.66952  
10661.59394  
10684.9409  
10659.42896  
10683.57504  
10647.23887  
10644.54364  
10609.57131  
10647.38079  
10625.06895  
10611.41809  
10620.95483  
10620.30681  
10644.543  
10654.29066  
10677.46897  
10671.00067  
10648.39382  
10630.98266  
10651.16884  
10650.6544  
10708.66974  
10664.87027  
10688.47954  
10655.91805  
10642.28888  
10562.12825  
10588.80654  
10710.75588  
10630.88221  
10633.16263  
10616.50822  
10578.49705  
10645.61911  
10634.24355  
10692.72138  
10737.93984  
10736.9262  
10694.11663  
10642.97887  
10624.51246  
10640.33872  
10642.75931  
10654.24419  
10615.3212  
10607.92216  
10590.27834  
10667.4342  
10663.66428  
10700.0982  
10673.30784  
10644.93694  
10543.96678  
10527.17992  
10542.51394  
10568.54443  
10568.66458  
10627.76305  
10621.44365  
10643.38956  
10656.55314  
10724.08762  
10717.39066  
10706.092  
10671.0036  
10697.02478  
10719.29152  
10740.75413  
10688.82346  
10654.02046  
10669.36055  
10664.90504  
10643.54792  
10634.82818  
10621.24114  
10575.94245  
10613.75679  
10610.71867  
10670.23417  
10622.78701  
10667.50961  
10676.54262  
10655.18383  
10622.14436  
10651.25254  
10631.44004  
10636.76618  
10653.95419  
10619.73948  
10649.17297  
10649.06743  
10685.08853  
10663.76408  
10676.43147  
10681.89787  
10711.94644  
10692.77046  
10617.98941  
10570.42486  
10619.67273  
10691.50074  
10684.39079  
10670.58047  
10612.68966  
10600.49032  
10589.71986  
10584.86518  
10568.75761  
10573.75988  
10522.9026  
10632.96894  
10691.93502  
10627.53888  
10616.90448  
10641.13621  
10627.00988  
10682.01647  
10737.01759  
10713.87737  
10703.18125  
10707.89162  
10702.55777  
10640.39606  
10634.90335  
10638.23601  
10649.14997  
10687.56053  
10618.44865  
10591.3261  
10585.74527  
10623.19733  
10618.1478  
10655.49473  
10627.82996  
10666.51115  
10678.17947  
10624.28817  
10613.6962  
10602.08282  
10585.46087  
10646.60254  
10672.72708  
10629.82139  
10643.0358  
10636.30029  
10601.97326  
10653.68156  
10680.11528  
10712.93006  
10662.54846  
10649.84922  
10635.7451  
10613.50217  
10600.48407  
10637.85931  
10656.80174  
10683.30184  
10652.93199  
10680.74025  
10708.2351  
10704.18711  
10641.92546  
10617.12079  
10595.60331  
10647.79844  
10642.13453  
10688.69683  
10682.92275  
10634.23879  
10630.65361  
10666.79228  
10637.13886  
10691.18428  
10665.4215  
10640.668  
10648.2159  
10633.13995  
10609.81215  
10623.75399  
10600.83782  
10586.22271  
10640.04376  
10633.74887  
10693.78371  
10684.92511  
10684.82705  
10650.59387  
10584.93413  
10566.11539  
10607.9815  
10664.83355  
10649.81151  
10650.69609  
10671.77428  
10638.08932  
10611.88571  
10594.4821  
10631.44775  
10610.85427  
10651.60705  
10619.80598  
10712.6152  
10745.26657  
10739.92462  
10733.31723  
10708.86922  
10700.70622  
10714.60828  
10647.84414  
10612.26589  
10567.90415  
10504.1199  
10556.20683  
10576.19257  
10586.12665  
10573.77884  
10604.63214  
10634.20917  
10659.53854  
10690.4521  
10691.7124  
10715.57216  
10712.23858  
10679.28977  
10679.73399  
10694.85365  
10682.49625  
10656.91223  
10636.48251  
10607.48791  
10592.53738  
10548.97156  
10557.72936  
10577.55081  
10592.01786  
10622.84926  
10623.41839  
10654.74564  
10630.46624  
10669.31583  
10653.03233  
10681.266  
10702.49126  
10780.96003  
10777.4932  
10783.73651  
10745.0232  
10723.45484  
10661.88534  
10658.69432  
10609.71585  
10567.61321  
10555.12237  
10595.31526  
10619.40992  
10595.65681  
10624.89717  
10602.89286  
10611.14766  
10575.90714  
10639.14041  
10639.50707  
10676.91002  
10627.85722  
10662.71558  
10669.56587  
10647.3258  
10657.05188  
10670.21402  
10679.74246  
10703.14995  
10633.37837  
10598.95129  
10628.87879  
10616.06368  
10607.06078  
10633.04853  
10573.78676  
10560.52859  
10542.31673  
10606.58249  
10713.0325  
10704.19807  
10652.24579  
10636.25726  
10646.15918  
10660.52802  
10664.82905  
10673.55348  
10717.12101  
10697.50626  
10690.28024  
10682.04662  
10723.4421  
10696.69055  
10586.59596  
10586.456  
10561.11596  
