8214.897039  
8201.837919  
8218.350421  
8169.057919  
8200.648587  
8200.575267  
8200.505378  
8187.566578  
8210.664658  
8201.567265  
8206.819501  
8215.666748  
8251.870147  
8240.731883  
8227.48033  
8205.982692  
8191.927304  
8180.073915  
8167.668606  
8164.939358  
8168.858867  
8179.518274  
8192.008794  
8185.104708  
8200.846627  
8167.080602  
8145.400204  
8150.810278  
8153.372362  
8165.526882  
8174.166922  
8186.460495  
8185.601085  
8167.861938  
8159.949851  
8180.038325  
8136.019394  
8184.655481  
8180.651725  
8183.29577  
8199.787844  
8195.51338  
8171.532227  
8200.677705  
8228.043935  
8344.819786  
8256.434823  
8196.638131  
8197.726761  
8208.312846  
8235.212905  
8194.63655  
8174.577379  
8233.310826  
8236.97201  
8211.815744  
8202.459455  
8250.391784  
8213.944912  
8184.252431  
8168.315189  
8178.539205  
8177.131095  
8203.972365  
8259.584348  
8216.470924  
8216.012518  
8201.467125  
8099.729241  
8174.806901  
8191.460925  
8184.541411  
8217.765555  
8232.667122  
8202.042849  
8187.145402  
8241.058998  
8198.721613  
8183.623932  
8216.333703  
8203.302332  
8201.888718  
8189.004356  
8215.406786  
8216.868637  
8185.73242  
8202.029501  
8220.550107  
8249.177306  
8225.050026  
8228.583895  
8243.118009  
8223.001003  
8185.334661  
8207.471685  
8169.440131  
8192.018483  
8183.370901  
8200.774966  
8164.803386  
8163.583482  
8197.455551  
8179.000423  
8222.26611  
8203.583923  
8214.133169  
8177.586011  
8212.556191  
8156.849126  
8186.019969  
8183.129156  
8173.323581  
8152.768469  
8181.413457  
8167.543417  
8178.851232  
8200.256232  
8223.452869  
8201.302689  
8203.763581  
8205.910704  
8203.217933  
8202.133745  
8203.108117  
8200.5941  
8220.370346  
8180.933397  
8202.542547  
8210.488011  
8195.029123  
8216.845794  
8229.491258  
8220.693407  
8207.071138  
8177.255238  
8219.576098  
8197.903967  
8195.163778  
8151.632742  
8144.695467  
8193.066949  
8235.489079  
8243.047771  
8218.350623  
8169.765383  
8187.02271  
8199.919323  
8197.365974  
8169.46705  
8203.437547  
8197.754723  
8188.567105  
8188.727574  
8183.709606  
8206.617175  
8205.911488  
8168.640709  
8175.19344  
8206.266919  
8216.858722  
8162.754932  
8222.36286  
8213.282673  
8179.537426  
8209.743795  
8228.608186  
8216.042435  
8184.553609  
8224.908145  
8189.997276  
8210.373616  
8180.256773  
8185.877008  
8181.238698  
8222.930942  
8200.107225  
8240.405646  
8213.775575  
8209.201985  
8193.953828  
8190.868106  
8180.412016  
8213.981075  
8207.960649  
8204.325861  
8205.301823  
8245.40791  
8155.557243  
8152.887809  
8188.021542  
8183.619018  
8204.193976  
8179.765864  
8159.277247  
8180.123217  
8197.459139  
8202.806038  
8201.407861  
8181.750818  
8174.943161  
8142.797941  
8186.233047  
8188.278788  
8210.691895  
8196.323915  
8172.624189  
8207.184939  
8171.19193  
8211.126208  
8225.717183  
8205.353528  
8227.094481  
8226.564776  
8228.32989  
8216.743092  
8177.447406  
8212.981275  
8173.638148  
8195.099318  
8202.413824  
8214.092874  
8233.432485  
8217.399433  
8221.10617  
8233.793698  
8232.190964  
8230.772568  
8206.378636  
8194.922286  
8199.69053  
8174.463983  
8184.006191  
8187.842057  
8164.156069  
8164.548946  
8152.923229  
8145.323395  
8172.852165  
8169.276831  
8193.79274  
8221.734972  
8227.532102  
8148.520274  
8186.292127  
8195.445738  
8191.057944  
8197.17436  
8219.698834  
8216.420231  
8180.211002  
8179.555497  
8249.97414  
8195.903088  
8215.194519  
8210.021765  
8214.490329  
8226.160232  
8245.261208  
8253.106368  
8202.312196  
8216.178593  
8172.47876  
8183.701458  
8186.57081  
8181.101842  
8199.341221  
8196.984914  
8196.284347  
8182.477701  
8213.315858  
8170.150816  
8178.641765  
8196.247578  
8229.878901  
8193.585361  
8214.43058  
8237.947487  
8213.556678  
8159.727947  
8162.714067  
8198.677993  
8192.220487  
8198.216681  
8172.543647  
8174.234751  
8189.388651  
8184.580735  
8191.912429  
8204.115391  
8178.57523  
8187.417761  
8198.854093  
8205.290771  
8214.27356  
8195.545877  
8193.838119  
8212.039228  
8190.52522  
8185.620688  
8192.076414  
8195.846179  
8201.522477  
8184.605478  
8191.364923  
8211.905626  
8190.19327  
8188.890412  
8232.262332  
8186.954446  
8231.27359  
8208.580798  
8236.990164  
8195.41412  
8185.120468  
8206.597266  
8242.866341  
8232.042974  
8190.525875  
8224.479631  
8206.869056  
8190.95319  
8185.685027  
8185.24716  
8180.299241  
8171.716776  
8210.489198  
8188.600185  
8184.822694  
8216.352455  
8208.477061  
8210.083733  
8221.922216  
8205.28917  
8216.835205  
8194.512406  
8193.207274  
8211.693524  
8204.972301  
8224.253638  
8256.665965  
8215.269354  
8227.739548  
8219.415336  
8239.347691  
8246.161681  
8192.278954  
8208.588428  
8150.14376  
8175.864261  
8140.167575  
8164.665696  
8176.698838  
8138.206905  
8181.888222  
8176.16512  
8184.365575  
8141.325759  
8124.122077  
8175.073003  
8148.767072  
8203.298006  
8239.214101  
8203.692367  
8174.77081  
8186.114189  
8182.039005  
8188.012114  
8202.142425  
8164.682002  
8197.987089  
8198.031535  
8203.560368  
8179.394594  
8184.271419  
8202.741518  
8213.654056  
8204.205382  
8177.304652  
8167.565874  
8205.158275  
8212.738757  
8183.249136  
8203.901854  
8200.073506  
8212.151193  
8178.366062  
8227.440196  
8208.787845  
8248.421227  
8187.521049  
8260.610322  
8230.780997  
8254.172116  
8214.413177  
8213.922713  
8172.44823  
8205.255473  
8185.621875  
8204.054795  
8165.547722  
8189.12328  
8195.130605  
8182.694543  
8166.199403  
8171.920552  
8161.872411  
8196.209734  
8189.773485  
8177.807073  
8241.362203  
8235.970264  
8193.832969  
8210.765058  
8176.307877  
8190.233499  
8211.984271  
8217.998026  
8183.121041  
8184.041841  
8150.202071  
8194.176424  
8212.320623  
8200.13685  
8209.135256  
8184.606157  
8228.588692  
8229.843469  
8180.220501  
8197.181732  
8195.194341  
8244.476527  
8185.671787  
8180.737429  
8181.40461  
8182.836317  
8208.140873  
8190.720877  
8209.78754  
8234.416444  
8225.845831  
8258.8781  
8203.12157  
8222.911005  
8200.283929  
8256.637035  
8204.878832  
8161.251161  
8164.473332  
8153.34052  
8190.099704  
8182.296074  
8213.796352  
8213.918928  
8205.347071  
8186.779014  
8196.917746  
8174.338063  
8179.402382  
8160.798461  
8166.648511  
8169.303718  
8180.289939  
8214.750425  
8212.260096  
8197.909905  
8212.402351  
8216.209401  
8226.673902  
8210.511074  
8202.924204  
8184.550267  
8191.596773  
8203.000609  
8195.871589  
8217.641691  
8202.822854  
8226.292256  
8205.276871  
8235.896105  
8211.396116  
8165.936994  
8209.117753  
8159.126823  
8179.684338  
8203.870558  
8175.568328  
8203.673809  
8209.352441  
8198.070455  
8195.397284  
8167.927996  
8187.284218  
8194.113664  
8205.387458  
8166.051482  
8137.880022  
8162.441074  
8196.078677  
8201.828241  
8238.853043  
8175.332992  
8219.745504  
8191.668952  
8213.497685  
8199.87204  
8189.144282  
8197.359721  
8186.904234  
8254.325938  
8176.118568  
8209.287959  
8187.650482  
8149.900008  
8226.28552  
8240.20628  
8189.301521  
8175.042431  
8187.936641  
8203.005765  
8201.275085  
8206.008029  
8216.291537  
8227.021758  
8257.908049  
8223.488352  
8223.541637  
8209.802515  
8224.757832  
8221.604415  
8227.810023  
8225.732057  
8175.07815  
8208.031738  
8209.294246  
8218.806758  
8231.783142  
8229.875696  
8147.679986  
8185.597878  
8139.227507  
8170.972748  
8202.622156  
8201.188118  
8235.318635  
8164.52542  
8190.650484  
8188.774521  
8203.563571  
8213.0256  
8213.181809  
8215.938903  
8196.763763  
8193.332535  
8181.98865  
8172.960035  
8175.257403  
8145.711045  
8145.292254  
8153.665115  
8201.828255  
8168.393723  
8174.536591  
8141.002333  
8141.552055  
8178.220954  
8212.153533  
8207.310491  
8191.683151  
8236.249612  
8235.204079  
8189.589282  
8224.884546  
8199.66474  
8200.67048  
8170.56567  
8169.471485  
8147.013712  
8177.298531  
8172.933696  
8180.973638  
8127.02695  
8175.947464  
8124.291644  
8158.339078  
8178.019991  
8190.406773  
8149.382598  
8198.087483  
8164.680692  
8169.254744  
8130.478783  
8192.3414  
8162.289755  
8225.892921  
8209.233648  
8204.169938  
8197.909462  
8197.097871  
8148.66512  
8182.566143  
8213.444515  
8199.760324  
8198.041831  
8190.625789  
8212.849688  
8214.590118  
8224.490361  
8232.159988  
8184.092148  
8193.73926  
8167.596077  
8217.628778  
8222.922142  
8227.358274  
8222.7283  
8241.409575  
8224.601308  
8211.230507  
8239.059516  
8255.369631  
8246.239168  
8215.246981  
8241.00577  
8168.988086  
8220.89373  
8189.8643  
8203.495665  
8196.160836  
8215.515853  
8215.952034  
8198.141835  
8227.745836  
8186.686177  
8161.788363  
8165.054536  
8175.067673  
8174.027374  
8188.20204  
8148.939109  
8139.606502  
8159.383889  
8118.821884  
8184.573899  
8199.399346  
8193.398434  
8227.770051  
8226.448592  
8215.877443  
8220.304341  
8164.75753  
8222.053922  
8199.779866  
8191.925637  
8227.102288  
8205.191109  
8213.300799  
8217.838895  
8189.635328  
8159.38021  
8213.136109  
8194.58364  
8215.369315  
8246.622381  
8224.498179  
8226.416976  
8197.332716  
8230.859477  
8196.876853  
8200.551559  
8192.474397  
8176.417765  
8185.721098  
8160.543694  
8192.009911  
8202.446719  
8187.19729  
8199.466047  
8244.073767  
8235.171478  
8225.057898  
8222.919049  
8231.391493  
8238.646109  
8223.240185  
8205.124487  
8211.878746  
8227.004521  
8214.555018  
8197.550426  
8208.164414  
8186.30337  
8194.848478  
8179.830877  
8176.39321  
8198.578815  
8225.467914  
8184.464406  
8181.37866  
8173.605137  
8144.482475  
8193.519712  
8169.375977  
8148.695472  
8184.689046  
8164.244269  
8226.654808  
8181.49892  
8212.804591  
8226.445853  
8236.325636  
8210.127016  
8252.350633  
8231.63765  
8238.9727  
8202.930783  
8243.931663  
8212.65148  
8202.360794  
8217.728891  
8214.726585  
8186.141877  
8236.51366  
8201.627789  
8217.680367  
8178.506197  
8224.251979  
8190.250601  
8196.881058  
8184.939369  
8163.055801  
8207.516786  
8201.667412  
8147.768282  
8196.830066  
8186.920145  
8160.957697  
8171.804584  
8157.120184  
8164.290487  
8153.20452  
8171.53297  
8191.624345  
8205.072763  
8207.313912  
8238.667574  
8186.878149  
8212.342041  
8213.069041  
8174.168814  
8201.919502  
8194.48568  
8193.815741  
8207.875922  
8153.534951  
8188.633851  
8219.309746  
8226.72609  
8207.154706  
8191.598404  
8186.08622  
8171.878794  
8199.914171  
8167.973252  
8202.583988  
8202.68225  
8179.114794  
8240.260087  
8210.071921  
8199.786612  
8201.943809  
8192.70413  
8188.419532  
8203.551212  
8199.690842  
8177.147399  
8148.172852  
8142.986725  
8181.507393  
8199.870611  
8183.494643  
8177.907961  
8202.002986  
8205.631304  
8219.830958  
8217.623697  
8209.96278  
8221.898264  
8196.624654  
8189.336633  
8210.055371  
8188.69716  
8207.430929  
8205.232327  
8192.819793  
8238.760212  
8183.958159  
8199.621103  
8218.906196  
8202.106257  
8221.32229  
8213.376621  
8210.208652  
8170.7961  
8175.850539  
8212.908038  
8201.163151  
8186.808399  
8179.199164  
8186.757112  
8184.908096  
8193.520116  
8202.585435  
8180.33867  
8213.253752  
8192.554308  
8193.28395  
8185.423401  
8224.123151  
8233.113564  
8218.796908  
8193.671696  
8175.916117  
8222.59639  
8190.800398  
8177.562735  
8186.893319  
8197.041298  
8154.184252  
8217.336213  
8209.484062  
8185.514694  
8193.772593  
8161.173949  
8160.732984  
8210.099306  
8238.574869  
8224.687579  
8228.968035  
8210.299179  
8240.596478  
8217.854643  
8216.114346  
8232.772039  
8217.315839  
8209.331864  
8163.742606  
8221.754461  
8209.436546  
8186.462743  
8145.477641  
8141.590042  
8175.879138  
8140.622871  
8162.000195  
8163.095803  
8165.972096  
8173.72058  
8176.435986  
8171.351924  
8195.797873  
8226.775812  
8210.803572  
8195.51983  
8199.814209  
8198.014977  
8197.284803  
8226.217895  
8206.321535  
8166.542477  
8185.795329  
8235.761185  
8182.723729  
8197.071728  
8162.67309  
8194.457521  
8180.474887  
8198.313633  
8195.378643  
8215.12941  
8187.158623  
8182.16705  
8224.796309  
8187.652379  
8193.90859  
8234.831053  
8197.104961  
8254.06984  
8239.099392  
8185.885343  
8190.79522  
8163.876799  
8181.800426  
8178.240726  
8192.918311  
8221.26542  
8230.322845  
8226.729241  
8218.720868  
8249.76696  
8244.471741  
8211.794987  
8187.179062  
8202.535985  
8210.295609  
8165.800346  
8206.16666  
8197.841068  
8196.556966  
8192.689829  
8187.329913  
8167.575194  
8192.972835  
8171.749018  
8186.302276  
8177.313264  
8185.741952  
8187.863467  
8165.027948  
8198.005454  
8173.713685  
8218.381623  
8201.041715  
8180.905693  
8217.182997  
8216.058457  
8200.627859  
8182.213488  
8165.672311  
8238.479915  
8225.122102  
8215.430885  
8173.928843  
8187.029557  
8242.51459  
8235.2452  
8224.700246  
8249.097846  
8225.09539  
8218.802706  
8200.093982  
8197.9194  
8174.696526  
8149.901569  
8186.275694  
8175.96591  
8182.907508  
8212.170013  
8176.813737  
8152.726845  
8192.507221  
8152.672109  
8201.058534  
8202.270229  
8183.696235  
8227.133457  
8228.513496  
8231.193296  
8183.102845  
8204.488529  
8207.375272  
8150.69816  
8180.158121  
8199.747255  
8197.475461  
8189.940412  
8196.749831  
8214.36394  
8209.447375  
8211.36104  
8224.757619  
8215.261728  
8229.152839  
8229.97869  
8237.930991  
8247.773775  
8212.043719  
8227.515339  
8200.163845  
8175.457166  
8192.193307  
8182.775039  
8193.993594  
8214.198186  
8207.040313  
8190.77152  
8153.441671  
8151.080371  
8174.469967  
8169.32686  
8210.030553  
8201.823247  
8207.211442  
8200.833863  
8178.041212  
8180.179796  
8169.050693  
8158.95886  
8172.630612  
8160.445664  
8196.347988  
8195.972286  
8213.845322  
8168.203415  
8166.248029  
8145.51273  
8146.156303  
8159.429162  
8228.80543  
8199.346223  
8162.931658  
8189.070053  
8231.121466  
8197.055682  
8245.305524  
8203.213437  
8251.613973  
8220.632554  
8190.85898  
8208.337492  
8232.936534  
8202.017961  
8267.114216  
8217.106305  
8218.532402  
8218.60556  
8247.72792  
8238.711587  
8247.469403  
8263.727318  
8210.074728  
8224.978916  
8203.781327  
8201.562987  
8202.939114  
8168.148011  
8135.486769  
8221.922181  
8214.46845  
8182.506964  
8154.214001  
8175.944104  
8168.660005  
8176.752933  
8191.722674  
8167.492052  
8213.588665  
8177.726074  
8220.05225  
8220.196809  
8244.241169  
8218.423566  
8243.532666  
8181.394877  
8171.455587  
8158.761629  
8191.089004  
8166.03625  
8241.411837  
8209.3722  
8245.292818  
8234.193702  
8209.384527  
8211.777865  
8225.850156  
8206.032137  
8193.277484  
8234.340216  
8233.527958  
8162.141433  
8175.042317  
8184.996496  
8207.552675  
8168.982524  
8127.629546  
8187.48486  
8157.585581  
8169.508694  
8150.710693  
8165.076481  
8214.214872  
8178.575633  
8182.476476  
8163.274665  
8150.508791  
8177.903034  
8201.308257  
8223.641832  
8216.406517  
8245.561091  
8257.72472  
8244.282869  
8195.940351  
8239.581789  
8184.668569  
8194.801763  
8201.113529  
8172.807896  
8183.820084  
8211.768339  
8234.234004  
8225.118373  
8192.146498  
8182.616383  
8188.080514  
8195.54827  
8211.408586  
8201.765971  
8190.801243  
8164.817065  
8191.028744  
8192.230915  
8203.541903  
8212.00952  
8229.686961  
8236.591742  
8187.833356  
8169.815509  
8191.498653  
8193.143337  
8217.632361  
8237.50251  
8222.234203  
8179.334875  
8198.695745  
8226.653036  
8214.972523  
8224.550265  
8190.376964  
8202.954945  
8207.295963  
8197.319728  
8212.700438  
8181.431627  
8203.274054  
8170.668822  
8195.595106  
8216.897364  
8187.47657  
8174.728365  
8196.342169  
8180.107088  
8155.212587  
8155.146126  
8182.932658  
8214.740565  
8212.688721  
8192.136482  
8200.506674  
8247.256149  
8166.224583  
8191.378033  
8192.093536  
8187.667099  
8187.89326  
8173.361149  
8173.641789  
8186.260459  
8164.480829  
8189.693728  
8172.306115  
8160.281898  
8225.984168  
8211.084566  
8226.981152  
8258.324401  
8216.301568  
8228.285135  
8181.809983  
8207.333926  
8212.260189  
8209.604273  
8208.908579  
8189.877671  
8188.530537  
8219.066708  
8203.422558  
8185.929737  
8182.727223  
8199.644758  
8240.646683  
8176.348385  
8188.903076  
8216.926322  
8193.898599  
8208.247251  
8202.478623  
8172.776216  
8232.749169  
8189.516921  
8171.629584  
8180.884811  
8181.506132  
8218.808852  
8211.991053  
8188.376273  
8173.712991  
8216.515021  
8170.772649  
8204.089487  
8192.711359  
8226.295308  
8187.556094  
8205.523165  
8187.299752  
8205.452124  
8203.79101  
8167.13938  
8234.437769  
8210.676589  
8183.802272  
8173.693981  
8191.821505  
8188.250346  
8214.839008  
8169.903297  
8146.516301  
8156.875804  
8188.760149  
8166.474428  
8187.174448  
8253.445202  
8180.612774  
8159.200088  
8180.265346  
8164.069615  
8167.717364  
8184.115891  
8147.105764  
8165.462541  
8102.117748  
8132.435021  
8156.652106  
8263.428632  
8139.343292  
8154.176642  
8169.890859  
8379.80699  
8280.888415  
8255.079859  
8244.121789  
8216.14999  
8271.523051  
8216.045912  
8258.078258  
8232.833185  
8228.933372  
8209.090425  
8288.493972  
8197.963261  
8216.536951  
8214.714231  
8233.677759  
8217.234781  
8192.923983  
8203.685536  
8202.619899  
8216.934697  
8216.428743  
8183.509529  
8137.366306  
8134.436689  
8149.613768  
8137.981393  
8174.767285  
8161.934245  
8159.775793  
8154.646967  
8186.554942  
8187.621422  
8214.609895  
8219.522608  
8207.372518  
8200.617915  
8179.380283  
8188.031673  
8205.654462  
8180.296754  
8204.038133  
8197.544506  
8197.230068  
8131.415714  
8302.635347  
8210.838266  
8188.682563  
8207.01213  
8194.3398  
8240.556742  
8168.544792  
8234.667459  
8200.778117  
8210.09515  
8187.864274  
8184.441115  
8189.769684  
8181.16718  
8191.160244  
8179.637221  
8203.403074  
8174.609162  
8201.674209  
8151.330805  
8155.135876  
8179.915838  
8180.14757  
8199.088261  
8171.676052  
8223.308868  
8183.07448  
8281.699567  
8102.591767  
8317.2824  
8175.30206  
8229.523244  
8234.329744  
8214.097628  
8234.958052  
8180.912777  
8164.628493  
8164.370129  
8184.886917  
8159.581062  
8180.421218  
8140.730878  
8135.367093  
8156.240914  
8198.9558  
8172.189427  
8146.023973  
8178.314896  
8140.58319  
8225.928518  
8166.210721  
8181.929673  
8140.402779  
8159.873184  
8149.619411  
8144.894649  
8168.224722  
8195.579469  
8235.414753  
8158.527857  
8188.606127  
8179.468741  
8207.716786  
8200.305058  
8199.008517  
8216.694893  
8200.427137  
8180.541831  
8175.562417  
8214.344567  
8183.353538  
8215.649851  
8302.14039  
8206.814279  
8208.157205  
8296.736925  
8279.926698  
8282.936271  
8258.282044  
8242.361525  
8228.215039  
8192.715813  
8232.427801  
8263.409378  
8220.161277  
8211.706604  
8196.744938  
8281.376753  
8266.403903  
8211.906745  
8186.770007  
8093.853055  
8091.844929  
8033.737844  
8109.970758  
8132.079203  
8131.956942  
8123.914553  
8130.614412  
8192.224657  
8130.134637  
8173.943888  
8154.675642  
8175.206965  
8192.183866  
8171.608641  
8177.246097  
8189.242865  
8211.023012  
8198.602063  
8189.310124  
8209.947362  
8189.765778  
8211.901522  
8180.977569  
8225.184479  
8180.727853  
8279.934509  
8241.372801  
8217.238914  
8219.403463  
8198.792196  
8244.363673  
8235.080043  
8270.864265  
8234.25202  
8259.291058  
8249.356927  
8243.742221  
8206.600762  
8200.258863  
8217.949089  
8207.292414  
8218.36656  
8202.713739  
8237.726396  
8235.144345  
8217.208487  
8256.071999  
8223.671678  
8225.334286  
8209.019814  
8208.490422  
8234.815611  
8208.318556  
8198.949119  
8175.433562  
8156.485257  
8177.667598  
8168.592926  
8167.289654  
8215.119782  
8184.960395  
8198.860559  
8202.907083  
8181.325598  
8179.14424  
8120.679052  
8203.016099  
8231.958096  
8221.336854  
8200.781675  
8199.634084  
8182.609285  
8184.755366  
8181.137456  
8204.1982  
8201.226044  
8193.218047  
8177.793615  
8189.869863  
8193.84705  
8214.235167  
8153.629856  
8204.3808  
8192.670853  
8217.537793  
8193.660253  
8195.559261  
8206.129075  
8219.15495  
8207.415912  
8220.756385  
8218.63368  
8175.774544  
8156.666632  
8230.481106  
8171.263347  
8212.239379  
8200.753406  
8178.178902  
8134.20623  
8149.892945  
8144.880742  
8172.162234  
8134.068064  
8195.301974  
8159.306112  
8201.63661  
8192.170048  
8190.143818  
8208.178757  
8163.646857  
8188.014069  
8205.102017  
8191.883903  
8212.219862  
8194.180211  
8213.61111  
8192.792786  
8207.86874  
8202.416395  
8195.670517  
8221.406496  
8227.662431  
8192.635668  
8203.366183  
8205.770448  
8218.408175  
8219.05637  
8244.278406  
8208.199958  
8208.906361  
8198.641523  
8196.472063  
8155.092877  
8176.973127  
8145.270606  
8198.108416  
8163.112212  
8196.24495  
8158.66976  
8228.240723  
8183.920317  
8192.449551  
8203.227757  
8200.122759  
8201.987285  
8193.376742  
8207.273935  
8182.650301  
8211.286672  
8223.959896  
8199.785311  
8218.871563  
8203.395051  
8206.033316  
8200.121638  
8198.156257  
8212.004741  
8206.982257  
8244.825044  
8209.598329  
8220.289719  
8211.633845  
8207.131518  
8200.424327  
8176.863034  
8185.851687  
8172.034492  
8207.900944  
8185.901053  
8216.730323  
8201.696707  
8179.652904  
8213.567321  
8199.380252  
8218.294771  
8193.27391  
8189.755956  
8171.695803  
8194.392028  
8187.755877  
8210.687295  
8191.495091  
8231.375049  
8215.158342  
8149.974903  
8198.209532  
8188.723134  
8205.299624  
8207.250764  
8221.872093  
8195.592594  
8221.436209  
8181.895023  
8182.105391  
8188.155581  
8197.461066  
8205.537454  
8230.828989  
8220.205045  
8200.015383  
8182.773169  
8170.515802  
8151.6909  
8195.44387  
8173.01989  
8198.610202  
8193.198112  
8203.436875  
8221.550184  
8187.920531  
8207.269134  
8187.91078  
8239.106233  
8190.33797  
8191.604287  
8207.400089  
8177.211203  
8189.693064  
8209.259267  
8249.732434  
8212.738329  
8247.791671  
8228.755462  
8210.047244  
8169.822966  
8145.310292  
8177.506151  
8162.180727  
8186.445743  
8185.853092  
8162.178483  
8203.222523  
8190.357817  
8198.121426  
8204.448483  
8215.787448  
8222.784116  
8248.989421  
8224.672646  
8170.988759  
8195.048141  
8194.164874  
8226.474673  
8183.801113  
8203.817198  
8204.93052  
8194.331669  
8164.603791  
8176.394666  
8141.524621  
8189.241466  
8218.563856  
8187.086269  
8236.679868  
8164.317897  
8211.638547  
8152.944612  
8173.30513  
8170.89144  
8180.177994  
8206.738197  
8170.121406  
8176.153768  
8152.326477  
8184.898768  
8179.887846  
8195.889102  
8213.700965  
8208.82872  
8219.229462  
8183.100034  
8200.231308  
8221.12894  
8189.01422  
8181.078497  
8173.781236  
8122.766363  
8173.485046  
8221.855165  
8217.073135  
8195.499008  
8220.331329  
8224.113733  
8285.490148  
8232.433531  
8242.644305  
8254.285114  
8213.607566  
8218.119954  
8160.187119  
8163.582383  
8169.078668  
8161.763925  
8176.073667  
8193.780319  
8171.846581  
8197.925795  
8212.606883  
8220.247522  
8210.569506  
8159.643945  
8221.017719  
8173.844029  
8164.598889  
8196.293747  
8190.011234  
8201.893258  
8174.735327  
8219.750239  
8216.953863  
8175.19151  
8196.637406  
8206.155623  
8202.931151  
8222.470722  
8194.991545  
8179.604264  
8203.968973  
8226.457281  
8222.351273  
8205.406612  
8195.410225  
8181.16131  
8200.026606  
8179.340569  
8174.617816  
8242.670424  
8163.677069  
8188.003685  
8215.135663  
8196.284204  
8201.730065  
8176.720682  
8197.362141  
8196.308987  
8211.773664  
8203.70248  
8232.323276  
8241.764559  
8260.147519  
8254.287336  
8209.93622  
8218.353983  
8207.554194  
8204.962903  
8141.712662  
8210.493721  
8195.902721  
8164.299478  
8199.581662  
8174.799905  
8185.466033  
8194.634105  
8127.895952  
8135.043331  
8178.530314  
8194.827062  
8199.632472  
8198.660342  
8191.211905  
8202.748758  
8189.04106  
8194.11323  
8198.164054  
8189.766164  
8212.607552  
8180.025361  
8198.762311  
8185.567049  
8215.391162  
8213.586185  
8209.239021  
8238.726587  
8212.547333  
8221.328729  
8229.211777  
8222.644993  
8223.547332  
8201.164205  
8245.680701  
8156.762741  
8132.14927  
8129.465248  
8126.465929  
8157.811353  
8185.974697  
8200.519582  
8212.371308  
8196.197889  
8244.127738  
8181.404954  
8187.658082  
8221.392669  
8181.015581  
8172.970359  
8209.352546  
8213.124447  
8221.815686  
8199.811845  
8226.410158  
8229.609589  
8212.543134  
8192.663218  
8202.936351  
8202.481307  
8228.906355  
8238.022586  
8204.845499  
8220.316427  
8209.211596  
8200.164835  
8203.200072  
8178.350257  
8191.953032  
8188.943468  
8239.225059  
8197.292925  
8175.296411  
8202.647301  
8174.477107  
8162.975217  
8198.644521  
8194.718241  
8193.898214  
8190.92733  
8196.319122  
8171.833675  
8133.822288  
8140.131311  
8152.200034  
8188.39353  
8183.425465  
8176.678309  
8206.29208  
8208.460841  
8234.187705  
8217.473577  
8218.490161  
8231.483321  
8203.340081  
8224.832425  
8225.582804  
8224.569357  
8229.175437  
8214.274021  
8188.668446  
8173.437948  
8177.59969  
8172.224757  
8176.455229  
8208.078006  
8234.42482  
8196.784394  
8200.560343  
8151.567042  
8245.925084  
8233.738041  
8220.645265  
8227.369631  
8218.177685  
8171.156986  
8207.28575  
8188.606192  
8219.414992  
8173.467663  
8223.767035  
8200.667805  
8201.550909  
8203.255951  
8250.471169  
8207.639589  
8242.695017  
8198.340474  
8164.705805  
8161.109663  
8173.982773  
8151.855859  
8186.7452  
8217.928537  
8203.325747  
8222.261071  
8204.349666  
8193.044051  
8171.342248  
8221.691173  
8224.991543  
8171.040975  
8181.537081  
8166.05748  
8180.869748  
8194.68652  
8248.164131  
8231.332671  
8225.986874  
8221.507602  
8207.231733  
8192.472103  
8162.827772  
8178.515023  
8167.400227  
8168.141043  
8191.376005  
8194.079145  
8202.341925  
8193.591374  
8210.562885  
8164.507136  
8178.899122  
8187.67482  
8159.514603  
8146.229174  
8183.012035  
8172.403015  
8172.745528  
8216.621096  
8191.496542  
8209.323906  
8231.123414  
8173.376488  
8181.688016  
8201.791393  
8160.872532  
8197.858435  
8204.126203  
8207.311118  
8201.873872  
8240.007178  
8232.207131  
8225.006274  
8215.206833  
8223.305508  
8222.060238  
8232.647912  
8162.882351  
8194.117005  
8145.539358  
8165.867177  
8182.813255  
8185.592076  
8205.229972  
8182.299069  
8305.467561  
8169.183336  
8179.297212  
8176.944896  
8171.12193  
8199.035936  
8201.183453  
8180.035862  
8166.889287  
8174.235316  
8164.107332  
8162.664135  
8151.115317  
8165.666297  
8199.317316  
8184.352637  
8196.043699  
8204.65619  
8187.622998  
8184.807213  
8189.21895  
8156.550469  
8200.920498  
8214.50682  
8216.811711  
8207.72577  
8191.793598  
8165.029323  
8212.050152  
8220.274008  
8228.314274  
8198.653816  
8189.25805  
8243.001042  
8228.80793  
8254.562029  
8183.224032  
8201.229313  
8184.736267  
8161.897596  
8209.474439  
8178.279999  
8191.843487  
8236.110578  
8212.674371  
8206.468692  
8231.727161  
8223.299543  
8194.571442  
8187.327558  
8200.628897  
8224.250978  
8193.590585  
8210.062147  
8218.086593  
8185.933541  
8202.903575  
8236.239019  
8214.67481  
8193.33295  
8201.912773  
8216.491225  
8209.529051  
8190.809454  
8193.293787  
8215.82366  
8178.655786  
8182.141674  
8198.386947  
8202.481969  
8217.64506  
8196.550337  
8210.083285  
8207.063357  
8248.557361  
8212.905637  
8210.801659  
8175.416323  
8219.558132  
8209.124737  
8229.316164  
8231.007798  
8218.759037  
8195.325622  
8207.167686  
8177.349876  
8187.946869  
8162.800363  
8204.046987  
8202.430875  
8182.235306  
8193.828757  
8205.333524  
8182.70558  
8225.013357  
8184.432731  
8219.151063  
8211.287698  
8179.633584  
8227.087267  
8211.217803  
8209.207758  
8188.926984  
8169.923768  
8235.20277  
8203.72107  
8183.345419  
8205.522064  
8177.120112  
8195.868306  
8186.164184  
8179.509156  
8180.267357  
8245.491503  
8228.145453  
8233.018751  
8175.989261  
8197.241408  
8162.194324  
8174.483797  
8199.076196  
8193.784166  
8210.728568  
8208.106201  
8237.174972  
8208.66094  
8186.485092  
8138.930998  
8155.076344  
8168.003864  
8187.018465  
8199.434967  
8188.396855  
8172.536168  
8166.050231  
8166.361757  
8185.726779  
8225.761367  
8213.106054  
8197.081675  
8205.641733  
8203.003439  
8171.779288  
8215.735636  
8175.695634  
8205.721453  
8180.393456  
8164.601805  
8201.867676  
8210.836243  
8203.128509  
8179.048261  
8166.897082  
8220.383271  
8182.544121  
8201.896412  
8190.226547  
8191.151992  
8203.026195  
8184.399187  
8189.956473  
8219.426219  
8230.30415  
8177.636692  
8180.936534  
8215.00492  
8190.681347  
8187.370235  
8215.786063  
8185.745193  
8221.154255  
8189.471355  
8185.721246  
8213.794045  
8194.036157  
8188.596648  
8168.687191  
8246.132243  
8178.245686  
8164.549936  
8182.941025  
8206.5578  
8149.75691  
8174.067453  
8178.437096  
8175.288409  
8168.182106  
8211.836558  
8182.700929  
8239.57186  
8175.988107  
8207.826054  
8253.941979  
8201.867447  
8226.419555  
8238.454304  
8217.699567  
8250.95935  
8213.811555  
8168.950884  
8195.783653  
8193.981017  
8211.938659  
8204.994062  
8231.268114  
8246.405607  
8182.556365  
8148.441645  
8181.659248  
8176.445746  
8163.712618  
8177.869631  
8154.134281  
8174.883629  
8181.974219  
8166.995145  
8158.143426  
8161.150241  
8199.366144  
8188.823713  
8177.085943  
8174.037164  
8160.14516  
8206.665129  
8205.268723  
8203.547815  
8235.216159  
8230.750037  
8252.705059  
8203.851136  
8216.197322  
8214.660857  
8231.684386  
8220.577983  
8230.706139  
8193.104387  
8227.243573  
8215.6463  
8187.86002  
8185.807048  
8164.470529  
8214.86183  
8237.160167  
8184.062597  
8205.001554  
8188.162773  
8163.103293  
8186.219372  
8209.337299  
8189.47224  
8137.801661  
8163.033467  
8144.881529  
8142.083203  
8094.547347  
8160.604557  
8214.81067  
8240.747789  
8176.718274  
8211.769905  
8188.332325  
8237.327184  
8194.185519  
8178.880984  
8230.956295  
8231.015144  
8232.239918  
8220.544534  
8224.027475  
8171.636814  
8208.266691  
8184.133136  
8235.640326  
8211.033995  
8224.574449  
8232.419632  
8249.247817  
8224.474332  
8180.624052  
8219.316896  
8210.194418  
8194.827145  
8214.451855  
8224.577628  
8210.404104  
8213.247804  
8164.860866  
8168.886431  
8157.011051  
8174.198855  
8186.162656  
8182.736126  
8162.988102  
8183.211824  
8199.911524  
8238.342087  
8238.498035  
8236.882317  
8194.947364  
8198.086394  
8169.954217  
8201.544267  
8175.462188  
8191.934725  
8189.8444  
8209.276509  
8155.029741  
8208.366056  
8207.161677  
8225.215255  
8260.171111  
8228.265852  
8238.075694  
8223.931456  
8197.688594  
8147.632802  
8162.188269  
8171.925932  
8169.594985  
8168.718715  
8165.532537  
8165.120632  
8178.139682  
8196.981148  
8204.750766  
8199.679579  
8189.299518  
8222.539373  
8211.522205  
8221.22279  
8214.502317  
8175.231456  
8229.099334  
8199.695948  
8212.259548  
8197.993266  
8184.625587  
8162.702299  
8164.329305  
8183.06218  
8171.538421  
8186.292639  
8180.317525  
8217.222662  
8195.086956  
8204.223905  
8229.027419  
8170.466554  
8182.007553  
8224.543262  
8211.136306  
8194.11522  
8136.75199  
8222.007315  
8180.368557  
8195.002276  
8200.470118  
8201.463284  
8208.15951  
8187.151819  
8232.33096  
8200.164003  
8241.27955  
8228.203555  
8245.145762  
8225.976385  
8219.655609  
8230.238223  
8232.264636  
8252.593118  
8199.258768  
8212.149932  
8199.195262  
8148.749308  
8255.174914  
8215.936903  
8182.272036  
8165.765031  
8187.242683  
8181.23089  
8178.460235  
8171.88156  
8224.975665  
8206.606203  
8218.131832  
8181.111254  
8175.312586  
8151.508104  
8173.108873  
8181.384054  
8212.926589  
8209.48695  
8195.224637  
8200.247648  
8159.821433  
8172.602859  
8154.074264  
8196.533532  
8172.224002  
8178.127157  
8174.551858  
8164.953095  
8203.0652  
8171.7456  
8205.088999  
8195.691773  
8186.153512  
8249.569585  
8177.212471  
8176.620929  
8169.3215  
8166.583914  
8222.604273  
8219.419279  
8225.026597  
8218.853756  
8203.462589  
8224.993292  
8225.241857  
8237.35612  
8227.078882  
8191.134931  
8170.169267  
8184.173206  
8183.75936  
8156.099722  
8174.193236  
8170.86178  
8225.054538  
8204.372806  
8202.850409  
8205.268212  
8181.601245  
8195.192595  
8213.370184  
8225.595375  
8215.019357  
8203.160047  
8157.817328  
8185.326428  
8166.414412  
8209.762699  
8192.181433  
8196.673201  
8171.407214  
8189.680919  
8197.184751  
8237.641443  
8232.994286  
8240.028433  
8170.790613  
8161.27163  
8189.875562  
8146.826588  
8175.920018  
8166.124457  
8145.084719  
8146.884063  
8180.293576  
8176.096602  
8188.635305  
8209.723269  
8208.531805  
8238.290706  
8204.60804  
8210.638716  
8237.247954  
8207.925291  
8224.611866  
8223.230862  
8179.057192  
8202.521764  
8218.985473  
8214.974492  
8238.859977  
8229.945846  
8182.322501  
8329.630666  
8120.042343  
8142.599125  
8140.058961  
8142.543729  
8172.047242  
8191.168122  
8200.7618  
8221.767615  
8237.41738  
8201.683269  
8167.757892  
8162.130392  
8170.7991  
8178.557482  
8179.546  
8172.261115  
8160.828371  
8194.900363  
8177.856788  
8213.465  
8203.668814  
8177.830654  
8194.421568  
8213.24142  
8190.509511  
8201.244149  
8216.351023  
8224.18046  
8224.312254  
8208.474641  
8184.041678  
8205.41574  
8207.364743  
8212.295096  
8184.670029  
8231.923245  
8186.870922  
8214.13032  
8176.114658  
8230.102571  
8224.093444  
8247.838558  
8194.889053  
8220.59901  
8210.162859  
8188.733035  
8187.60373  
8212.722646  
8226.512219  
8193.601612  
8158.7118  
8171.183618  
8197.993514  
8188.941982  
8208.751368  
8197.940683  
8160.580698  
8205.392503  
8196.550918  
8172.875156  
8185.485297  
8222.316315  
8194.776915  
8218.12294  
8212.087622  
8191.717043  
8205.543403  
8175.645777  
8171.435496  
8188.731542  
8220.279053  
8216.387019  
8244.582816  
8224.151936  
8166.634205  
8214.552643  
8204.05255  
8227.254129  
8162.138624  
8223.051134  
8174.714261  
8226.852817  
8168.629542  
8163.858353  
8185.239042  
8195.402623  
8217.626447  
8192.874694  
8220.747803  
8230.499921  
8249.774045  
8229.024077  
8206.819148  
8170.222509  
8184.783693  
8177.955363  
8188.008213  
8149.489442  
8152.084199  
8157.700912  
8159.293111  
8147.85028  
8166.423851  
8203.396939  
8195.556699  
8200.98365  
8180.238364  
8191.851889  
8181.135914  
8188.379417  
8238.182723  
8237.425028  
8219.478199  
8187.177868  
8202.134464  
8182.938673  
8192.621269  
8174.185961  
8215.226944  
8213.170649  
8210.654367  
8197.671828  
8225.353375  
8208.311834  
8220.921689  
8218.774332  
8164.257647  
8184.73049  
8184.901156  
8180.345629  
8221.6094  
8225.168508  
8187.511631  
8187.692971  
8205.854564  
8228.666372  
8199.963776  
8219.399198  
8201.010689  
8159.137462  
8174.41389  
8172.104961  
8208.742274  
8148.224478  
8196.837156  
8143.762202  
8156.10191  
8174.591495  
8195.626579  
8191.13205  
8197.480455  
8227.071359  
8232.03431  
8239.453308  
8244.1294  
8187.149235  
8234.49582  
8184.571809  
8215.377543  
8183.846479  
8182.502164  
8254.295955  
8229.871654  
8202.823857  
8197.570901  
8198.700136  
8200.779302  
8194.487589  
8193.816601  
8211.019879  
8237.48437  
8199.999271  
8208.242739  
8222.248586  
8199.925862  
8179.9939  
8201.045461  
8244.909243  
8226.756911  
8171.964319  
8168.331099  
8182.039082  
8194.019389  
8179.973369  
8166.519872  
8194.911301  
8194.836412  
8162.374765  
8164.019394  
8163.781796  
8195.652198  
8175.2748  
8176.502029  
8207.293097  
8193.582924  
8168.433134  
8186.937073  
8189.640929  
8215.927993  
8195.678729  
8200.78178  
8158.640265  
8190.420372  
8182.72825  
8192.259571  
8162.42769  
8187.991898  
8197.79247  
8218.71829  
8230.250987  
8254.521282  
8228.015107  
8235.618491  
8202.945743  
8234.394538  
8201.984226  
8220.105334  
8204.035766  
8189.613543  
8199.187477  
8216.25842  
8207.759567  
8172.394006  
8224.385962  
8207.744251  
8210.031821  
8203.060863  
8179.691066  
8130.36919  
8186.304809  
8170.800228  
8176.663927  
8210.204056  
8223.894716  
8224.722421  
8207.706914  
8217.003599  
8201.93242  
8182.962887  
8204.970046  
8200.998428  
8144.809927  
8147.457553  
8145.886311  
8166.636828  
8204.661502  
8216.185578  
8233.336529  
8216.553335  
8182.203083  
8220.24299  
8250.489086  
8296.903998  
8214.708396  
8166.175056  
8222.273074  
8182.950237  
8181.944868  
8200.260352  
8180.766983  
8187.16082  
8202.844568  
8167.291091  
8192.607429  
8173.21112  
8199.483939  
8213.141138  
8205.156592  
