10676.26314  
10592.16716  
10475.5439  
10471.47639  
10458.68535  
10521.09737  
10533.95315  
10579.26117  
10550.75444  
10505.7726  
10465.84399  
10505.53806  
10560.10454  
10531.89849  
10515.45835  
10536.69205  
10595.35326  
10611.1304  
10642.8365  
10637.20295  
10616.40433  
10688.01413  
10619.18937  
10510.90628  
10504.59487  
10542.03029  
10603.44829  
10672.45035  
10638.41556  
10594.5542  
10568.06596  
10524.73219  
10539.46991  
10585.77561  
10633.09944  
10666.28514  
10649.90542  
10639.99802  
10640.97235  
10609.57564  
10615.92656  
10614.84096  
10574.90863  
10497.66323  
10417.81566  
10480.12766  
10490.91435  
10542.8972  
10500.72435  
10452.01208  
10438.33186  
10421.07847  
10488.23943  
10547.06402  
10535.36897  
10503.73139  
10488.67254  
10506.66162  
10520.28633  
10530.37204  
10480.77958  
10466.53485  
10490.23525  
10483.46111  
10427.56131  
10463.55479  
10535.76962  
10485.86449  
10488.8746  
10466.39488  
10557.92944  
10588.3703  
10587.18866  
10554.36205  
10579.5353  
10700.81164  
10703.52453  
10751.03794  
10702.23012  
10675.50172  
10592.35454  
10597.1442  
10586.06076  
10585.2584  
10558.07929  
10553.169  
10483.83282  
10490.04372  
10575.35577  
10617.28388  
10644.34027  
10665.98983  
10680.69319  
10629.54879  
10632.20682  
10646.25451  
10554.75778  
10480.82693  
10422.29947  
10432.14022  
10441.05981  
10496.58857  
10460.12084  
10476.02858  
10411.20989  
10377.82102  
10440.72333  
10431.57902  
10395.91175  
10398.25741  
10468.04492  
10443.46795  
10516.9561  
10538.09364  
10535.61312  
10614.1383  
10625.83454  
10639.60794  
10626.12937  
10569.28965  
10588.37981  
10653.7363  
10663.73185  
10662.99361  
10619.19393  
10616.4258  
10694.04136  
10693.52789  
10679.07499  
10555.1869  
10526.11828  
10484.12566  
10451.81352  
10520.3671  
10514.67307  
10540.07245  
10501.20295  
10443.20518  
10468.49594  
10516.47954  
10524.16359  
10553.36993  
10591.82152  
10658.32657  
10587.51672  
10596.47494  
10524.64292  
10577.06714  
10583.82245  
10596.24069  
10581.80941  
10610.24879  
10517.33736  
10498.03203  
10522.59062  
10447.72406  
10456.85471  
10467.24681  
10467.18178  
10477.48587  
10542.39044  
10509.95261  
10569.45921  
10578.30755  
10603.47428  
10550.5732  
10521.87264  
10533.22279  
10498.72781  
10567.79237  
10623.56019  
10649.43974  
10633.4149  
10623.12631  
10641.38744  
10636.90771  
10634.09836  
10653.24275  
10681.5951  
10677.23676  
10629.17538  
10511.13163  
10500.79321  
10468.35181  
10441.77763  
10443.41963  
10516.65595  
10507.54804  
10526.32248  
10538.53332  
10563.71986  
10620.06092  
10568.88861  
10554.11697  
10507.34817  
10550.59444  
10567.24324  
10483.1758  
10470.06705  
10496.27691  
10527.48585  
10573.64812  
10593.57667  
10634.8613  
10603.1595  
10556.01021  
10505.75001  
10475.03602  
10504.23404  
10599.84833  
10517.29087  
10498.8991  
10560.24861  
10517.70268  
10564.97744  
10583.8009  
10586.92037  
10612.1459  
10569.00017  
10582.34322  
10593.66159  
10549.05174  
10527.30668  
10546.04985  
10529.91859  
10578.30765  
10563.31204  
10538.54393  
10518.14331  
10475.74716  
10492.63327  
10499.04524  
10441.24933  
10458.36663  
10537.32198  
10563.72059  
10522.98674  
10576.13679  
10552.01034  
10585.26641  
10581.90144  
10604.99411  
10553.68809  
10528.52754  
10549.59442  
10593.46516  
10620.12079  
10523.67763  
10504.44165  
10482.05157  
10464.86248  
10466.08953  
10446.45924  
10427.98815  
10493.33516  
10536.56496  
10585.68535  
10615.80503  
10691.80075  
10674.55075  
10708.36391  
10682.79957  
10606.3749  
10594.24443  
10613.70076  
10629.0905  
10645.46924  
10612.47131  
10552.11212  
10490.92519  
10449.99685  
10474.99812  
10522.08974  
10518.32695  
10560.94039  
10618.08453  
10598.1571  
10604.1067  
10608.52028  
10562.09664  
10604.2066  
10606.07419  
10591.02808  
10568.9294  
10559.37702  
10586.97715  
10565.23287  
10554.97258  
10468.16948  
10507.92088  
10537.66531  
10566.654  
10539.45541  
10481.88472  
10461.20491  
10451.85319  
10408.22435  
10420.33747  
10436.04324  
10487.35053  
10427.42789  
10465.18776  
10515.06157  
10590.80917  
10568.82919  
10615.84912  
10583.04275  
10600.65262  
10612.63465  
10621.28817  
10637.22082  
10572.09386  
10484.98732  
10530.97941  
10604.69352  
10674.80543  
10662.57254  
10633.91569  
10539.47303  
10471.21441  
10475.07397  
10473.69524  
10505.67943  
10530.968  
10477.00036  
10460.22829  
10472.7799  
10513.48519  
10537.2043  
10537.37137  
10540.82271  
10592.88441  
10659.93484  
10624.52566  
10531.42798  
10541.23364  
10555.77203  
10689.92564  
10753.66714  
10783.72174  
10654.64088  
10718.90615  
10639.83174  
10520.11251  
10534.85801  
10446.20048  
10486.23354  
10498.21986  
10499.85474  
10485.72086  
10542.81852  
10447.1546  
10423.59204  
10401.23616  
10479.05341  
10574.72455  
10561.79884  
10558.16623  
10644.11519  
10587.04764  
10565.5518  
10499.64239  
10475.85366  
10483.92377  
10553.84753  
10668.99222  
10625.57903  
10636.72972  
10531.71232  
10457.82426  
10417.97788  
10444.97358  
10565.30727  
10558.16958  
10518.71829  
10423.435  
10461.40438  
10486.90914  
10543.12157  
10590.9397  
10615.85596  
10602.57976  
10625.52881  
10603.1849  
10634.64081  
10634.77505  
10681.33622  
10609.67179  
10583.79598  
10536.70123  
10570.71052  
10537.40391  
10552.07143  
10576.42712  
10572.93026  
10540.36875  
10615.58121  
10625.56356  
10639.68611  
10585.82125  
10577.4366  
10468.93802  
10417.45228  
10436.5953  
10448.03172  
10439.71973  
10505.88803  
10512.76561  
10584.54484  
10531.8458  
10576.07824  
10567.75629  
10602.61747  
10567.55246  
10614.94402  
10650.90329  
10610.69293  
10553.43809  
10484.59777  
10497.30719  
10525.06837  
10476.78247  
10510.69517  
10463.88293  
10470.34935  
10569.21875  
10572.27963  
10611.58411  
10656.35502  
10693.80707  
10664.04166  
10630.16291  
10593.50814  
10545.57257  
10490.30878  
10482.52496  
10484.11482  
10544.85933  
10620.58763  
10651.49168  
10648.96012  
10584.1433  
10568.1199  
10499.24446  
10559.89032  
10602.33727  
10611.92403  
10629.08384  
10598.72999  
10555.06267  
10599.58644  
10631.40763  
10563.41681  
10457.55088  
10424.14301  
10412.10235  
10459.3501  
10445.71045  
10398.16851  
10376.76384  
10410.68545  
10498.06014  
10516.23117  
10584.32257  
10619.381  
10610.95817  
10620.58638  
10565.92883  
10607.69472  
10620.05496  
10599.60116  
10580.75651  
10591.93332  
10530.75977  
10437.0541  
10426.90975  
10472.93388  
10437.84086  
10410.67116  
10413.23196  
10443.74089  
10491.02918  
10532.68359  
10588.16222  
10620.48449  
10621.56497  
10609.82097  
10572.55502  
10632.13261  
10613.19551  
10584.09756  
10512.85518  
10427.81945  
10450.83645  
10449.03949  
10501.50075  
10545.07336  
10594.07014  
10658.26218  
10636.68302  
10587.4912  
10557.51281  
10585.84662  
10636.03767  
10594.69718  
10511.23435  
10521.18657  
10529.68437  
10522.57576  
10567.69629  
10604.75567  
10585.61278  
10598.29534  
10598.33222  
10627.9804  
10656.81738  
10663.49996  
10652.84425  
10575.03783  
10559.27042  
10529.82153  
10606.84875  
10606.43437  
10605.84193  
10527.90885  
10493.02928  
10533.10036  
10512.74391  
10503.25024  
10521.08025  
10524.42096  
10563.93698  
10606.00306  
10591.51506  
10669.80397  
10683.73156  
10590.85399  
10536.49285  
10514.15569  
10490.36351  
10484.27579  
10520.71391  
10514.99835  
10588.32887  
10597.37829  
10611.66244  
10594.05286  
10580.00382  
10541.67926  
10504.70871  
10560.48351  
10617.67443  
10665.04756  
10657.32224  
10531.21783  
10429.6443  
10419.0762  
10426.80915  
10531.24993  
10508.21829  
10485.59786  
10472.99437  
10522.66926  
10549.06349  
10579.49291  
10599.33627  
10601.86041  
10570.00989  
10572.09539  
10511.80261  
10610.99622  
10636.02036  
10645.13902  
10534.22057  
10554.82466  
10521.11747  
10525.44639  
10495.63907  
10431.05605  
10455.43319  
10388.40427  
10399.79107  
10400.87342  
10475.11301  
10522.31361  
10540.50375  
10589.33255  
10516.27454  
10481.2549  
10498.117  
10556.04341  
10577.28458  
10608.72908  
10644.10871  
10627.73776  
10504.43064  
10630.77193  
10600.73257  
10589.73821  
10597.18358  
10654.81857  
10656.8632  
10648.19067  
10667.51087  
10662.12107  
10660.89212  
10618.34467  
10557.36713  
10560.8477  
10515.64745  
10557.70967  
10529.945  
10501.76814  
10521.91831  
10507.90392  
10503.01366  
10523.93539  
10500.19843  
10511.05566  
10593.71685  
10592.18954  
10564.41093  
10540.91567  
10460.35646  
10531.03174  
10458.88551  
10475.98637  
10481.67901  
10505.50381  
10580.34692  
10639.6141  
10640.53414  
10653.19982  
10600.66281  
10611.68952  
10636.44415  
10676.93687  
10647.82083  
10608.84474  
10473.69263  
10393.12168  
10461.06681  
10483.45473  
10448.96167  
10484.84454  
10516.87451  
10544.58184  
10573.77025  
10569.56078  
10615.55238  
10605.05529  
10622.76601  
10553.74125  
10558.40094  
10537.90741  
10540.095  
10577.17542  
10610.17636  
10607.18874  
10592.02966  
10596.25661  
10539.55892  
10503.25457  
10467.22834  
10495.78052  
10424.58081  
10482.84669  
10466.39597  
10443.25106  
10416.80839  
10405.17696  
10441.85128  
10516.85738  
10552.01291  
10558.58884  
10613.97751  
10591.57403  
10560.56056  
10567.92041  
10634.72773  
10653.90016  
10691.61279  
10675.90328  
10622.35286  
10607.18237  
10576.82271  
10549.59175  
10608.26646  
10595.51206  
10604.01858  
10626.49259  
10618.85978  
10640.76574  
10686.49378  
10660.72375  
10606.81402  
10489.81257  
10429.08328  
10398.31891  
10451.38018  
10397.08423  
10478.40348  
10480.48883  
10473.77329  
10483.7529  
10554.69034  
10574.73043  
10587.29334  
10563.36851  
10599.19673  
10630.33286  
10628.1624  
10592.23122  
10530.93973  
10572.37519  
10591.42435  
10576.65717  
10578.9504  
10600.70709  
10580.51943  
10512.58408  
10481.44951  
10477.90971  
10479.1775  
10451.84293  
10465.08404  
10449.41873  
10566.17463  
10582.00826  
10581.83321  
10580.12264  
10594.14127  
10539.66336  
10576.94994  
10538.7056  
10526.54844  
10470.07629  
10383.65425  
10385.62672  
10407.57662  
10462.51561  
10559.17373  
10590.83589  
10605.0552  
10567.77648  
10547.27836  
10604.88405  
10675.77542  
10713.67977  
10678.65565  
10626.46809  
10532.4045  
10514.9183  
10503.89156  
10623.76519  
10665.27503  
10612.51106  
10601.21467  
10558.07208  
10555.59679  
10570.94474  
10559.59743  
10530.96601  
10482.70929  
10419.29685  
10447.02502  
10503.2719  
10569.45529  
10610.52871  
10593.35726  
10585.61775  
10586.44523  
10577.25981  
10559.92413  
10512.97299  
10479.73663  
10463.29077  
10453.54482  
10472.36824  
10509.91365  
10513.20542  
10528.77039  
10541.73686  
10584.93385  
10576.00587  
10513.64605  
10493.85554  
10533.71233  
10589.03345  
10583.27107  
10615.81771  
10633.06868  
10615.84924  
10534.94073  
10580.7178  
10590.02763  
10597.66155  
10635.08742  
10637.54567  
10664.22748  
10603.76087  
10521.67618  
10455.76815  
10477.30551  
10537.22923  
10513.39022  
10485.87339  
10458.18424  
10425.39871  
10476.88612  
10525.57567  
10586.74563  
10539.50616  
10549.73037  
10550.60765  
10602.09593  
10594.56283  
10621.86633  
10611.24011  
10653.12688  
10594.89753  
10547.4247  
10543.51797  
10533.12257  
10542.53009  
10581.313  
10579.42416  
10548.11727  
10503.42656  
10580.94429  
10542.32294  
10578.28788  
10549.74661  
10568.27991  
10578.40213  
10602.81949  
10562.67363  
10491.55111  
10498.11482  
10561.28608  
10578.19171  
10555.97036  
10554.50178  
10606.28055  
10512.73142  
10520.42129  
10600.10887  
10643.54188  
10575.21543  
10544.14376  
10493.83186  
10455.74782  
10480.97554  
10422.01486  
10435.76657  
10476.14127  
10503.41063  
10501.19492  
10484.59935  
10506.20788  
10548.13181  
10569.40632  
10573.9166  
10525.54688  
10560.01199  
10595.37606  
10562.80802  
10585.08813  
10560.11031  
10582.44541  
10643.66083  
10608.22974  
10527.23911  
10479.25337  
10430.66149  
10534.0971  
10550.76946  
10554.25569  
10544.6681  
10482.57426  
10489.08565  
10536.87837  
10533.46233  
10537.96596  
10546.24787  
10566.33172  
10629.40759  
10634.15377  
10614.50694  
10598.53757  
10598.84181  
10630.32534  
10617.19154  
10657.39347  
10682.70545  
10737.82792  
10778.97366  
10655.70175  
10620.99324  
10575.04034  
10493.21016  
10469.93223  
10524.95931  
10496.43346  
10560.15269  
10534.33483  
10511.18493  
10496.77594  
10477.13494  
10516.22526  
10498.04199  
10497.44609  
10503.81806  
10501.22426  
10494.37677  
10518.69454  
10547.86397  
10545.277  
10553.92974  
10588.55709  
10580.08084  
10602.74845  
10588.08151  
10570.68401  
10579.57067  
10550.5403  
10529.08095  
10488.11465  
10472.75079  
10487.45815  
10548.56944  
10525.1051  
10502.92794  
10531.91933  
10548.12994  
10585.29573  
10665.5465  
10616.73853  
10593.00632  
10523.42439  
10452.28167  
10455.88899  
10490.46084  
10520.83966  
10552.64702  
10580.55994  
10538.02078  
10537.87846  
10581.95238  
10610.33423  
10640.63692  
10666.44817  
10674.75754  
10605.19258  
10489.47514  
10493.31928  
10459.01738  
10524.03995  
10509.21548  
10477.45094  
10501.86443  
10567.81912  
10573.38016  
10575.19484  
10547.35469  
10571.24056  
10522.4407  
10587.80823  
10629.58877  
10639.77219  
10660.30127  
10632.88675  
10575.71996  
10578.35419  
10570.63688  
10526.00547  
10507.94526  
10458.37822  
10463.45465  
10460.58723  
10422.09  
10439.91502  
10498.55408  
10480.99404  
10491.52963  
10472.66474  
10557.50432  
10508.62481  
10565.10103  
10643.34476  
10690.46079  
10653.36592  
10599.2557  
10582.34217  
10623.36723  
10533.34656  
10522.89479  
10543.85983  
10580.8333  
10547.65945  
10528.58177  
10511.02286  
10488.29554  
10554.23149  
10552.05931  
10501.67908  
10473.16146  
10495.92106  
10571.19773  
10671.54583  
10713.03744  
10632.39602  
10645.58311  
10637.87356  
10670.49332  
10625.67449  
10590.94604  
10562.91401  
10472.44208  
10521.5563  
10506.459  
10523.29791  
10519.11363  
10505.1733  
10549.0271  
10506.02902  
10514.18253  
10453.2715  
10481.84368  
10529.33779  
10567.59253  
10582.64871  
10580.97128  
10596.12539  
10543.29617  
10537.55946  
10688.13231  
10694.23331  
10645.18649  
10515.57943  
10505.18252  
10430.73751  
10461.15547  
10444.25854  
10432.51252  
10448.14848  
10452.30947  
10521.34783  
10505.38271  
10505.90894  
10497.84977  
10515.707  
10470.50563  
10455.16156  
10503.7332  
10560.4976  
10596.00214  
10580.77785  
10589.54811  
10541.93341  
10526.96568  
10531.28562  
10600.71629  
10659.70962  
10707.5922  
10660.70202  
10567.13415  
10615.50988  
10658.0156  
10597.05957  
10572.33469  
10508.56832  
10541.06733  
10464.40216  
10431.321  
10381.16327  
10400.74272  
10409.66062  
10449.58966  
10484.11271  
10476.17007  
10469.86602  
10426.41451  
10451.3401  
10442.51588  
10515.09161  
10542.02752  
10603.91912  
10685.38916  
10711.89255  
10708.28938  
10719.85179  
10700.44253  
10714.28788  
10646.66896  
10687.67031  
10657.61735  
10582.62509  
10520.15437  
10455.44675  
10478.89597  
10472.8663  
10477.77697  
10480.31141  
10497.76603  
10497.13462  
10572.6579  
10568.16668  
10543.69564  
10537.67638  
10463.95667  
10567.67989  
10664.05444  
10704.23581  
10687.60933  
10556.84934  
10470.32397  
10534.8832  
10529.83752  
10538.38501  
10529.44303  
10521.70341  
10537.99171  
10514.65826  
10577.15964  
10563.88468  
10483.4126  
10524.3388  
10527.07734  
10635.84243  
10725.18977  
10700.69189  
10606.16966  
10516.32642  
10494.89289  
10523.48943  
10494.43957  
10491.77131  
10478.43611  
10511.1961  
10495.39657  
10511.96743  
10476.63428  
10514.69836  
10507.2176  
10586.49532  
10551.20746  
10582.7037  
10635.80314  
10720.12896  
10722.02289  
10602.25711  
10582.26183  
10519.72426  
10551.49131  
10560.40397  
10600.96259  
10545.40438  
10514.17684  
10479.17262  
10507.68647  
10533.91073  
10600.21144  
10645.89624  
10567.88534  
10576.53101  
10534.80799  
10518.34569  
10573.0186  
10590.70715  
10577.79459  
10522.75385  
10532.54048  
10583.40059  
10646.83093  
10630.60627  
10549.77276  
10517.07481  
10527.40114  
10540.60186  
10486.48235  
10459.22854  
10513.41833  
10579.83654  
10642.18257  
10593.29889  
10655.41579  
10561.03269  
10538.28419  
10502.29389  
10498.76742  
10515.23496  
10488.31493  
10523.49625  
10566.98679  
10606.14374  
10662.98292  
10681.65335  
10595.47819  
10578.3747  
10552.00704  
10484.5154  
10493.8578  
10532.97187  
10582.69039  
10580.97211  
10626.87769  
10537.01139  
10524.68889  
10547.45192  
10579.22663  
10665.91462  
10628.86714  
10553.65196  
10511.97141  
10559.08245  
10567.4888  
10572.84888  
10601.9845  
10593.24219  
10623.28671  
10598.00952  
10567.27193  
10495.16596  
10553.75353  
10615.37937  
10558.06801  
10540.52434  
10483.91734  
10505.71371  
10584.57893  
10217.71741  
10643.84675  
10506.32553  
10531.66271  
10522.70239  
10623.67038  
10571.81414  
10619.50112  
10628.76967  
10617.14327  
10647.43043  
10606.1039  
10583.83803  
10520.0984  
10555.15793  
10538.81567  
10525.27058  
10492.24023  
10550.80736  
10579.47223  
10577.8922  
10586.37896  
10534.30565  
10548.79389  
10592.95414  
10497.25405  
10530.06402  
10482.93213  
10459.69207  
10401.42761  
10381.42907  
10461.18065  
10428.71861  
10421.07  
10476.27401  
10466.83521  
10424.90925  
10450.7682  
10487.66985  
10554.11714  
10580.17917  
10583.57583  
10552.92578  
10509.96789  
10525.40049  
10558.08783  
10594.41139  
10596.9839  
10579.16702  
10510.12079  
10654.58008  
10661.18914  
10638.32336  
10605.07655  
10640.4938  
10592.22787  
10626.81754  
10629.90978  
10629.93598  
10560.76505  
10476.10392  
10406.91626  
10434.96262  
10487.47883  
10529.94244  
10566.98888  
10603.13231  
10666.11355  
10631.02062  
10594.69457  
10517.03006  
10443.86421  
10503.49694  
10543.74885  
10535.2372  
10569.63979  
10663.23435  
10508.60982  
10201.00125  
10585.21077  
10638.19787  
10616.98814  
10377.70924  
10478.98966  
10551.66976  
10497.02057  
10484.30283  
10460.15512  
10485.62335  
10539.80851  
10515.55953  
10512.21061  
10504.53045  
10597.29624  
10642.43552  
10622.5969  
10576.82914  
10612.33799  
10581.82623  
10610.95874  
10588.3563  
10520.21687  
10558.16474  
10580.24888  
10668.37368  
10706.52469  
10665.09962  
10594.38856  
10632.48124  
10572.97691  
10548.57881  
10555.91039  
10558.34197  
10520.55844  
10532.64771  
10514.23722  
10555.30121  
10606.12799  
10529.40104  
10543.58163  
10520.31781  
10476.94121  
10450.84955  
10482.7751  
10587.05572  
10628.67268  
10677.25722  
10708.4862  
10669.65122  
10743.46506  
10653.4546  
10699.73203  
10676.96572  
10650.77009  
10592.29265  
10559.51637  
10574.74253  
10522.69551  
10554.15389  
10654.13307  
10610.26593  
10535.46611  
10482.05691  
10368.15  
10368.10451  
10325.25954  
10348.39624  
10338.60172  
10317.85514  
10356.90902  
10411.83885  
10454.41889  
10475.57917  
10513.52681  
10504.26205  
10518.39212  
10515.76252  
10560.4708  
10590.96987  
10608.81681  
10608.89852  
10580.23557  
10491.45788  
10495.89407  
10468.94306  
10482.80325  
10519.1229  
10566.08163  
10591.85848  
10605.6205  
10590.37335  
10594.84237  
10568.09122  
10522.03382  
10575.46852  
10542.384  
10568.30253  
10538.61298  
10551.47077  
10521.75646  
10554.12967  
10503.60548  
10519.90125  
10568.71365  
10568.91992  
10607.52235  
10691.54501  
10698.28251  
10697.71197  
10596.03161  
10563.73351  
10612.16231  
10622.3395  
10644.42597  
10643.06328  
10595.16518  
10514.92436  
10465.38311  
10478.26185  
10577.55337  
10597.266  
10657.38293  
10640.18199  
10630.42067  
10617.29725  
10577.21614  
10526.38558  
10155.09401  
10392.53842  
10469.43509  
10579.55609  
10586.91945  
10661.4746  
10626.50668  
10546.03098  
10569.76261  
10500.35894  
10509.11947  
10518.36969  
10548.11499  
10534.4203  
10579.19119  
10579.71223  
10542.84488  
10592.71461  
10671.45656  
10655.48906  
10644.13444  
10617.55371  
10609.54426  
10603.72319  
10619.843  
10593.54775  
10595.28159  
10546.22273  
10517.61335  
10514.88538  
10485.63962  
10481.53804  
10462.77147  
10383.37374  
10369.7313  
10354.68698  
10415.53497  
10424.34404  
10482.12787  
10470.74184  
10540.14136  
10540.50379  
10625.05661  
10660.80482  
10643.25557  
10604.74351  
10584.72732  
10635.14202  
10591.18807  
10575.02464  
10546.97619  
10588.37086  
10567.53768  
10567.85768  
10596.44166  
10652.1297  
10686.37349  
10600.20798  
10484.24713  
10530.25643  
10524.09853  
10560.38171  
10539.11546  
10547.02306  
10534.27233  
10525.38558  
10556.10511  
10531.38083  
10502.51278  
10515.96695  
10521.43779  
10523.20636  
10518.66255  
10450.48106  
10475.13956  
10518.91573  
10568.08763  
10663.25735  
10641.72804  
10623.62356  
10544.14697  
10534.02578  
10529.67703  
10470.88189  
10471.93283  
10486.39078  
10490.85981  
10483.20285  
10490.63709  
10518.99546  
10602.55273  
10654.80765  
10589.8295  
10528.31203  
10465.57945  
10534.73769  
10553.03633  
10596.08153  
10555.28175  
10543.48094  
10535.46875  
10500.00596  
10589.41584  
10620.9344  
10672.02732  
10612.95226  
10509.82462  
10507.81325  
10580.20414  
10642.64071  
10571.11467  
10510.48163  
10465.89465  
10428.22616  
10474.73873  
10574.52449  
10612.62662  
10657.63981  
10576.04868  
10598.64923  
10578.29137  
10503.36901  
10556.80051  
10587.43983  
10552.15412  
10601.67671  
10579.52526  
10550.46214  
10545.69675  
10469.1529  
10518.55347  
10569.38059  
10612.54643  
10624.92427  
10635.56345  
10634.69099  
10619.61407  
10585.94978  
10589.40793  
10500.19447  
10464.01811  
10465.75447  
10544.06563  
10601.63757  
10600.5468  
10590.56185  
10574.1449  
10560.68359  
10574.77848  
10551.56961  
10514.63198  
10453.85291  
10456.97909  
10501.20979  
10503.66388  
10541.04349  
10568.83275  
10586.75699  
10610.15771  
10529.60389  
10538.30974  
10487.44793  
10518.37898  
10473.82624  
10560.742  
10544.02966  
10524.51178  
10526.23564  
10526.66508  
10568.95531  
10548.7009  
10544.07209  
10591.20275  
10620.35461  
10549.11391  
10515.5625  
10501.73595  
10567.49467  
10584.37766  
10644.06899  
10599.71151  
10536.27864  
10524.16418  
10465.52744  
10477.15058  
10464.90579  
10463.54879  
10552.11689  
10552.96981  
10551.22514  
10537.91928  
10598.82686  
10572.26578  
10525.50668  
10554.37398  
10582.24067  
10602.84125  
10639.62608  
10566.28142  
10493.54079  
10525.77754  
10518.17432  
10609.3173  
10620.3883  
10580.49805  
10578.58895  
10542.9077  
10605.36927  
10574.77444  
10636.19953  
10583.9899  
10554.57166  
10495.8618  
10512.09576  
10517.84092  
10510.71599  
10451.72336  
10470.43963  
10447.36976  
10570.57751  
10594.25124  
10624.02065  
10583.75951  
10514.9991  
10500.40546  
10478.89377  
10481.73261  
10505.85356  
10516.14025  
10571.34704  
10612.68233  
10664.65191  
10611.99134  
10594.26389  
10572.14054  
10570.62163  
10552.24785  
10548.10151  
10553.63647  
10554.52888  
10535.87402  
10510.90292  
10522.41151  
10533.11893  
10535.67562  
10546.41366  
10567.4533  
10639.60989  
10645.38255  
10606.88099  
10492.90694  
10509.81507  
10540.05881  
10546.69622  
10535.11447  
10540.55042  
10510.37882  
10533.66006  
10514.4003  
10580.28631  
10602.80654  
10558.79963  
10462.0986  
10431.4368  
10461.6241  
10504.19526  
10529.0401  
10557.41553  
10583.63945  
10585.78526  
10641.03991  
10640.76913  
10679.68075  
10688.24542  
10646.51117  
10595.90104  
10578.54036  
10584.82244  
10561.10481  
10561.95873  
10533.53559  
10532.42947  
10563.54426  
10601.44304  
10581.11562  
10542.40578  
10537.52255  
10540.65468  
10556.47244  
10544.29601  
10483.74107  
10485.57406  
10574.86897  
10608.30006  
10581.79702  
10537.55546  
10478.33911  
10497.6113  
10512.59025  
10529.55523  
10525.38425  
10608.18645  
10584.712  
10465.22007  
10417.13444  
10380.15968  
10413.55753  
10476.2029  
10486.96464  
10528.51405  
10528.79802  
10499.32094  
10559.42924  
10666.8227  
10697.16412  
10690.69309  
10593.44956  
10570.12658  
10555.66301  
10509.25936  
10523.79795  
10534.56659  
10580.98745  
10604.19729  
10617.25817  
10653.47547  
10582.09682  
10567.51172  
10482.77651  
10529.48752  
10502.75939  
10500.83745  
10541.30443  
10524.30057  
10540.263  
10531.03579  
10605.00115  
10666.78656  
10625.53052  
10588.80441  
10504.25671  
10485.2171  
10440.56822  
10515.48291  
10531.2886  
10546.60528  
10546.14671  
10508.86638  
10532.97241  
10567.99769  
10684.60347  
10698.87601  
10711.74549  
10714.01669  
10584.76048  
10582.13317  
10687.86376  
10622.07219  
10493.55258  
10474.3022  
10469.07678  
10452.78682  
10423.67956  
10345.58824  
10312.93974  
10399.32811  
10415.67653  
10411.54791  
10390.92384  
10427.90636  
10512.86594  
10534.02275  
10556.40402  
10604.78513  
10588.46555  
10628.72445  
10643.15891  
10694.16138  
10674.14052  
10557.21157  
10499.70944  
10550.88603  
10580.94067  
10632.38283  
10660.25034  
10683.4273  
10727.25536  
10741.06115  
10690.94533  
10610.14979  
10591.53523  
10578.86693  
10636.5704  
10591.21941  
10549.8639  
10472.78893  
10429.76876  
10418.03329  
10414.1692  
10484.04142  
10483.09532  
10478.23842  
10465.14182  
10492.14804  
10550.61612  
10634.25487  
10696.89452  
10693.75982  
10617.82843  
10522.23351  
10459.33584  
10454.85545  
10473.02684  
10526.15813  
10575.48146  
10629.68562  
10624.69424  
10599.8025  
10559.80002  
10562.63433  
10593.6383  
10581.61222  
10573.06216  
10508.73818  
10454.83288  
10468.8718  
10567.75228  
10622.32719  
10578.61949  
10550.56174  
10546.71344  
10584.27281  
10557.52456  
10493.18625  
10497.92301  
10507.70088  
10515.30381  
10534.68427  
10551.30403  
10663.71065  
10627.80008  
10585.4593  
10525.65681  
10500.52332  
10565.65071  
10573.44671  
10552.24351  
10541.3104  
10614.8562  
10683.13184  
10645.94314  
10614.26376  
10534.63408  
10561.08008  
10581.33265  
10604.13446  
10608.85857  
10563.72418  
10600.07577  
10618.62738  
10544.69597  
10548.61029  
10526.48647  
10538.94083  
10522.52805  
10486.26048  
10464.37381  
10452.58124  
10478.59171  
10519.53465  
10556.93836  
10569.32497  
10606.27714  
10594.44287  
10551.78353  
10563.94737  
10496.35922  
10498.82176  
10579.16902  
10581.96746  
10619.48662  
10579.26637  
10569.80207  
10515.57636  
10456.02163  
10421.41536  
10437.98697  
10467.79586  
10480.26774  
10544.12145  
10537.93882  
10532.09937  
10567.43572  
10561.01163  
10617.46707  
10560.5658  
10494.15234  
10433.58908  
10462.99654  
10496.88579  
10477.00487  
10498.26096  
10515.09362  
10507.79285  
10517.61872  
10669.14669  
10708.81931  
10691.43942  
10653.46625  
10550.41942  
10525.69669  
10464.95277  
10501.91169  
10503.84216  
10528.53088  
10550.72531  
10584.80667  
10604.86885  
10611.29847  
10655.13523  
10641.16171  
10581.88781  
10497.9532  
10458.87728  
10418.31234  
10398.16847  
10500.83644  
10523.07768  
10566.47129  
10551.6312  
10547.42624  
10506.89819  
10534.81128  
10583.60406  
10602.14658  
10673.26995  
10620.55048  
10576.17605  
10536.08049  
10597.65585  
10636.19221  
10606.01519  
10540.32879  
10523.77225  
10472.47863  
10544.99154  
10524.13811  
10518.24174  
10539.77167  
10534.3117  
10563.33894  
10589.6008  
10599.72564  
10539.98907  
10510.64187  
10568.1656  
10597.37219  
10609.62812  
10665.94254  
10609.38342  
10536.68414  
10492.42427  
10485.77734  
10502.73387  
10464.15354  
10509.54947  
10507.52572  
10573.20832  
10583.52677  
10564.52088  
10526.18068  
10508.46704  
10549.03017  
10518.57884  
10596.24713  
10555.16367  
10548.43611  
10521.56645  
10515.6628  
10604.18421  
10640.38604  
10608.5051  
10526.43351  
10498.77945  
10483.29426  
10566.34401  
10647.6528  
10631.96068  
10540.13436  
10525.51067  
10518.79627  
10601.58088  
10616.47613  
10552.53859  
10456.65408  
10397.74937  
10464.32673  
10555.44889  
10576.97761  
10619.23663  
10592.4071  
10593.57986  
10560.04894  
10523.08755  
10480.06201  
10514.47547  
10503.42367  
10536.67544  
10555.58946  
10572.06116  
10554.06869  
10549.40809  
10562.31172  
10626.08793  
10580.99206  
10613.04957  
10584.29221  
10534.59519  
10575.30736  
10579.00238  
10562.20562  
10538.55128  
10520.95025  
10516.89972  
10451.49352  
10470.83128  
10462.44408  
10473.84305  
10477.1867  
10515.54205  
10580.27203  
10605.50786  
10625.66758  
10695.23381  
10684.0926  
10568.51959  
10575.42933  
10504.82139  
10497.92292  
10484.54002  
10499.72686  
10508.78478  
10555.54614  
10526.28204  
10566.59434  
10556.8704  
10502.75501  
10525.07357  
10548.11812  
10569.01452  
10600.61604  
10586.97185  
10594.37836  
10641.02783  
10655.92254  
10687.76063  
10650.22925  
10584.03698  
10582.31368  
10527.46737  
10489.16056  
10541.40621  
10510.31689  
10559.16946  
10526.55592  
10604.92914  
10523.40586  
10549.63701  
10593.39924  
10594.16504  
10563.30775  
10460.30917  
10458.2518  
10414.64396  
10486.08904  
10490.04636  
10516.93599  
10537.51402  
10541.24947  
10597.14617  
10623.15885  
10657.21437  
10599.98597  
10587.85049  
10523.54495  
10466.99266  
10476.50981  
10447.38395  
10469.7284  
10428.75131  
10520.95789  
10590.06023  
10570.31562  
10582.48426  
10561.63807  
10563.21724  
10498.76433  
10540.29148  
10565.71085  
10648.08959  
10634.7168  
10577.63086  
10599.21704  
10596.17745  
10619.29739  
10655.32879  
10651.30454  
10618.09152  
10625.46303  
10556.85843  
10565.20386  
10520.28271  
10499.18055  
10564.66682  
10523.05956  
10535.9128  
10480.22118  
10457.45726  
10516.3892  
10557.93961  
10608.09302  
10598.61814  
10545.05983  
10479.1013  
10528.61502  
10547.21665  
10442.52325  
10528.84173  
10486.29086  
10489.91918  
10412.14815  
10391.22129  
10454.94762  
10455.86018  
10519.7987  
10489.33921  
10513.77914  
10580.57811  
10550.86437  
10517.32912  
10538.74548  
10577.45251  
10629.81167  
10670.97729  
10661.5871  
10610.77966  
10645.28626  
10690.89328  
10668.35185  
10642.33687  
10627.80328  
10615.64753  
10610.25024  
10534.96888  
10484.9671  
10497.4157  
10559.15858  
10585.17502  
10590.83776  
10582.61469  
10591.62519  
10565.83228  
10470.53698  
10470.84776  
10458.20021  
10498.50928  
10573.16558  
10636.30709  
10585.11196  
10569.58631  
10581.26264  
10587.27993  
10613.29206  
10599.98761  
10538.19526  
10616.49395  
10579.06747  
10524.36844  
10468.3259  
10453.09546  
10468.17246  
10492.14628  
10518.88377  
10583.14021  
10558.42317  
10561.74206  
10571.22859  
10488.15629  
10469.00205  
10538.64433  
10527.56694  
10533.51505  
10496.93335  
10487.76313  
10518.79231  
10563.07005  
10608.46005  
10623.72684  
10628.86588  
10657.45773  
10658.22977  
10633.85938  
10602.46127  
10581.25527  
10573.17007  
10574.39143  
10557.02042  
10573.56274  
10525.60629  
10495.6717  
10534.87  
10510.5455  
10596.00523  
10520.01555  
10539.09977  
10557.23419  
10547.8076  
10591.96812  
10512.37333  
10556.41936  
10512.61828  
10557.11144  
10502.30042  
10544.60655  
10542.34746  
10508.32379  
10535.68474  
10546.14121  
10509.07412  
10462.90418  
10515.28952  
10482.93937  
10548.4719  
10563.40901  
10580.42325  
10583.04382  
10553.5219  
10525.76772  
10500.65513  
10504.14546  
10510.15187  
10551.39528  
10530.44969  
10545.44177  
10581.24687  
10607.34668  
10580.09651  
10645.33854  
10626.19935  
10704.73683  
10664.95278  
10615.64055  
10646.45837  
10589.89492  
10537.29043  
10516.66175  
10489.2965  
10510.29744  
10535.50215  
10590.26504  
10614.09995  
10626.74624  
10607.35007  
10569.4438  
10552.79603  
10564.53629  
10573.54886  
10580.33637  
10554.71369  
10456.31348  
10466.54037  
10431.63991  
10517.0657  
10537.09398  
10471.4029  
10481.17333  
10449.78168  
10424.59654  
10377.44897  
10438.22731  
10510.56833  
10534.2369  
10540.97978  
10547.33986  
10576.24286  
10597.22343  
10535.59481  
10548.19953  
10518.48674  
10581.66145  
10563.51837  
10566.17027  
10577.67531  
10590.15063  
10588.4531  
10625.78791  
10592.89548  
10596.81717  
10614.37968  
10571.91165  
10597.08888  
10573.77611  
10582.65283  
10594.99777  
10566.44811  
10563.80831  
10548.11567  
10485.419  
10485.27963  
10511.18575  
10520.46252  
10550.61861  
10512.80904  
10542.44717  
10549.12565  
10522.36614  
10490.11327  
10490.3556  
10480.79386  
10510.48854  
10561.21698  
10581.34058  
10582.56596  
10589.30765  
10555.25134  
10595.59342  
10575.78745  
10514.13132  
10579.4339  
10587.80156  
10568.90618  
10589.30681  
10578.3755  
10542.04896  
10543.68879  
10556.45535  
10562.4942  
10608.08953  
10600.07117  
10553.05301  
10611.0807  
10640.42829  
10669.96757  
10622.98189  
10604.42509  
10635.16024  
10653.31478  
10605.29475  
10617.50247  
10588.40081  
10615.58792  
10582.7986  
10605.20552  
10473.74579  
10481.11457  
10448.32517  
10446.64816  
10459.19594  
10476.20351  
10525.87536  
10515.94629  
10626.78381  
10642.44854  
10646.84316  
10535.89032  
10489.74736  
10385.07472  
10421.23667  
10420.45657  
10479.09341  
10450.85113  
10521.38197  
10573.72722  
10604.57982  
10552.73986  
10540.84579  
10592.1147  
10556.32761  
10475.04639  
10476.08105  
10462.80993  
10491.36297  
10468.54104  
10524.11285  
10505.74968  
10543.30153  
10598.83851  
10632.31129  
10626.81501  
10641.3567  
10677.41293  
10683.1871  
10620.30539  
10670.27898  
10550.92208  
10542.26807  
10459.7424  
10546.7261  
10570.78445  
10476.7247  
10578.59132  
10554.61749  
10569.96596  
10577.17277  
10567.05002  
10538.04988  
10595.82443  
10565.9914  
10576.72066  
10559.82601  
10490.39179  
10465.14943  
10478.12879  
10501.28457  
10500.75758  
10516.26051  
10552.38021  
10539.97102  
10576.01481  
10588.2984  
10568.99413  
10581.26751  
10525.15186  
10547.15007  
10528.78784  
10573.1465  
10614.1545  
10613.39508  
10591.58984  
10521.92249  
10538.84789  
10493.14904  
10499.4566  
10518.88752  
10592.64081  
10615.82866  
10602.09526  
10503.90441  
10530.1921  
10527.51771  
10514.56435  
10565.08485  
10555.52956  
10658.87184  
10608.78152  
10564.33004  
10514.2774  
10491.28437  
10477.46476  
10503.08585  
10500.16455  
10512.22936  
10537.1011  
10504.44212  
10591.20061  
10552.59145  
10590.95486  
10577.54939  
10580.24759  
10558.99813  
10567.5058  
10584.06876  
10569.20535  
10544.17756  
10566.09971  
10573.48893  
10582.74342  
10507.59667  
10490.30077  
10486.05753  
10457.29679  
10539.79155  
10586.11591  
10632.03912  
10601.31776  
10544.62056  
10534.69409  
10511.45969  
10543.68708  
10528.41711  
10558.22936  
10561.56493  
10554.92147  
10588.3018  
10617.61762  
10605.4348  
10586.9219  
10565.89275  
10527.10142  
10508.47198  
10500.50128  
10522.67656  
10513.6036  
10520.27865  
10544.71122  
10568.17864  
10582.7907  
10590.80045  
10622.96303  
10617.8015  
10502.39917  
10503.40902  
10559.35313  
10518.65157  
10470.28651  
10529.85142  
10514.11134  
10578.60333  
10566.54297  
10599.96077  
10588.66866  
10579.67386  
10508.29528  
10499.19003  
10512.48028  
10526.68839  
10593.74724  
10570.42738  
10619.1  
10635.33275  
10613.18019  
10595.12221  
10614.07524  
10620.61368  
10578.69029  
10607.49101  
10636.49041  
10650.60923  
10593.93705  
10626.32626  
10555.68588  
10519.70989  
10559.35005  
10587.35257  
10580.49645  
10571.84478  
10563.24157  
10522.61452  
10520.30082  
10408.83584  
10397.53631  
10427.9301  
10421.23504  
10485.02773  
10474.97714  
10534.75978  
10545.99011  
10546.03949  
10494.30006  
10494.58969  
10566.57356  
10556.91899  
10602.08219  
10596.50406  
10566.86187  
10537.08251  
10469.95547  
10417.15796  
10400.76797  
10391.38706  
10451.04064  
10502.41513  
10603.31566  
10586.02944  
10610.11143  
10639.42907  
10649.21031  
10707.1792  
10725.34901  
10728.76508  
10667.48514  
10622.85024  
10614.44494  
10549.30196  
10560.37163  
10562.07385  
10586.80345  
10622.53638  
10593.81918  
10607.54456  
10509.43751  
10503.56092  
10497.25574  
10491.74306  
10443.95812  
10497.53043  
10539.98284  
10540.66731  
10535.08008  
10513.79544  
10493.19365  
10476.84896  
10539.36565  
10557.94194  
10515.86164  
10516.01473  
10463.33187  
10554.74077  
10600.58282  
10604.03164  
10577.03507  
10511.81234  
10544.39085  
10542.35886  
10593.89535  
10639.74091  
10602.88537  
10521.83031  
10513.40412  
10506.98673  
10527.52785  
10521.20242  
10573.13194  
10556.87692  
10534.26794  
10503.89166  
10531.95845  
10583.44485  
10617.11818  
10604.60477  
10554.11275  
10573.52111  
10491.09509  
