9544.74504  
9497.142244  
9475.561344  
9514.181538  
9463.333547  
9564.271459  
9648.527832  
9618.730777  
9631.945056  
9512.918843  
9480.525982  
9472.906507  
9569.82648  
9679.019094  
9719.287932  
9797.571932  
9805.804482  
9788.388389  
9735.019814  
9605.575863  
9567.67776  
9517.210475  
9472.463507  
9540.563888  
9492.70387  
9441.564864  
9359.783948  
9355.869924  
9402.238435  
9500.288806  
9552.637721  
9570.193385  
9542.907227  
9534.865157  
9483.932463  
9545.454873  
9602.140085  
9574.22849  
9525.958907  
9523.11084  
9605.551013  
9625.76398  
9649.349661  
9670.758995  
9677.070801  
9666.512515  
9542.682026  
9484.346243  
9512.944619  
9557.632581  
9570.943077  
9557.289962  
9557.250051  
9555.840795  
9577.214587  
9484.091  
9453.3943  
9431.795153  
9439.680613  
9485.426475  
9497.955412  
9503.51858  
9499.994578  
9552.297877  
9578.454975  
9589.340075  
9513.622019  
9501.210963  
9506.224918  
9562.990903  
9677.960115  
9699.787135  
9667.198011  
9616.886128  
9559.270354  
9492.964484  
9569.613024  
9470.59429  
9396.468069  
9542.688168  
9511.453176  
9491.390908  
9500.152318  
9509.020996  
9551.017038  
9550.602462  
9565.026213  
9515.519891  
9416.892064  
9471.469058  
9365.681923  
9448.857036  
9531.489489  
9532.030453  
9484.357293  
9471.93714  
9519.420898  
9526.642475  
9543.755859  
9606.189505  
9606.055022  
9627.386359  
9611.212685  
9592.651419  
9545.790013  
9518.678351  
9507.81895  
9474.786595  
9485.441046  
9526.533846  
9576.708882  
9574.908794  
9664.730469  
9652.147101  
9619.792301  
9538.181872  
9594.454076  
9556.342182  
9549.800447  
9559.340101  
9563.568257  
9621.411004  
9689.868781  
9712.997353  
9712.50992  
9670.126311  
9561.922697  
9476.297697  
9403.997764  
9454.81967  
9537.311344  
9567.18087  
9587.529143  
9560.667018  
9626.842157  
9562.646279  
9532.467054  
9617.423854  
9606.940019  
9581.41306  
9483.993215  
9508.688477  
9563.801989  
9617.667172  
9615.208547  
9665.768529  
9674.336426  
9698.69449  
9673.589612  
9611.650725  
9510.016216  
9440.089458  
9457.604646  
9533.845755  
9535.414576  
9564.964895  
9495.536441  
9525.138184  
9527.362767  
9543.819207  
9613.853259  
9636.261205  
9643.984221  
9605.766242  
9620.942486  
9594.651573  
9618.098299  
9652.40553  
9603.214561  
9573.863667  
9627.476819  
9555.306949  
9477.803017  
9440.28089  
9537.738641  
9532.784334  
9535.126773  
9553.140753  
9558.725098  
9521.530839  
9551.363538  
9541.092311  
9555.296567  
9578.81746  
9585.618986  
9538.38677  
9596.957777  
9539.390985  
9491.203279  
9441.896947  
9432.729081  
9456.07373  
9436.207648  
9451.136565  
9462.296695  
9411.469187  
9492.27832  
9572.717439  
9647.85367  
9682.843467  
9689.064325  
9652.311344  
9637.888286  
9625.240671  
9535.553737  
9466.244912  
9429.032638  
9442.343365  
9475.068822  
9515.723402  
9551.304739  
9605.860352  
9647.456928  
9589.249203  
9568.146407  
9523.72096  
9503.38289  
9527.213893  
9536.106394  
9593.427503  
9602.164911  
9493.032586  
9466.713482  
9528.64394  
9580.881322  
9458.331106  
9495.572934  
9575.664294  
9569.521818  
9599.104004  
9566.905633  
9508.777909  
9523.623766  
9536.903346  
9543.647153  
9553.04356  
9580.575606  
9535.553223  
9552.750565  
9581.977565  
9631.090024  
9644.675087  
9594.149954  
9651.879549  
9604.495991  
9517.760639  
9565.905916  
9568.142244  
9626.725663  
9562.921233  
9572.349764  
9516.769428  
9559.42226  
9531.765599  
9594.886744  
9506.692537  
9502.56782  
9489.886128  
9464.877493  
9516.332777  
9577.422492  
9613.246119  
9611.347862  
9626.610095  
9653.519634  
9693.506476  
9562.486791  
9566.146202  
9591.48291  
9535.309699  
9475.558054  
9499.253778  
9516.451043  
9495.278192  
9480.315558  
9494.507144  
9447.39669  
9436.57869  
9531.671412  
9667.677889  
9709.951043  
9662.49301  
9607.252673  
9530.336734  
9483.570004  
9522.77683  
9474.988513  
9477.717311  
9475.972271  
9575.488949  
9511.137798  
9526.550678  
9532.555536  
9534.292223  
9637.021356  
9631.798957  
9702.028192  
9696.938348  
9631.597913  
9626.861996  
9492.8612  
9564.069207  
9562.253392  
9557.606548  
9575.964561  
9526.394506  
9606.952868  
9596.74928  
9612.600535  
9572.595395  
9592.675499  
9549.64502  
9536.087531  
9453.485531  
9450.289114  
9474.728541  
9524.338713  
9555.684981  
9390.155685  
9384.299548  
9368.52877  
9499.686344  
9562.891627  
9660.287109  
9616.917044  
9549.151341  
9560.427529  
9477.031661  
9470.821418  
9429.407869  
9430.35624  
9478.87703  
9555.856805  
9600.804842  
9628.867599  
9655.440712  
9701.891422  
9726.034565  
9609.551809  
9653.508326  
9711.178351  
9607.403449  
9666.594367  
9495.80772  
9434.224507  
9458.621839  
9514.532561  
9527.890111  
9492.809288  
9564.158666  
9567.862973  
9795.121556  
9733.057026  
9747.877493  
9721.053582  
9654.880397  
9470.591823  
9436.478104  
9423.467748  
9479.118935  
9421.163214  
9439.541581  
9459.949913  
9494.497559  
9504.926784  
9482.895842  
9472.021587  
9398.129163  
9424.049368  
9476.686472  
9559.022281  
9607.943179  
9690.16802  
9652.237382  
9641.136693  
9631.009226  
9600.483476  
9578.89358  
9654.891859  
9666.016473  
9711.806204  
9726.401136  
9697.419511  
9651.280942  
9585.276753  
9558.993704  
9509.29248  
9469.909231  
9429.237767  
9469.048443  
9554.232036  
9724.651264  
9613.977488  
9684.981497  
9686.763698  
9645.078639  
9595.263312  
9568.186241  
9742.26141  
9650.804893  
9641.572985  
9700.382941  
9615.269428  
9519.056949  
9513.72574  
9416.382581  
9326.35367  
9279.478271  
9218.561099  
9430.518182  
9391.9104  
9427.37739  
9396.476768  
9427.453639  
9470.443925  
9522.870657  
9519.189993  
9528.397949  
9580.539782  
9597.573936  
9554.581646  
9619.018992  
9663.734272  
9708.864823  
9731.314273  
9711.974712  
9639.309904  
9552.329436  
9555.767398  
9631.226254  
9583.002621  
9586.878649  
9556.509483  
9528.360531  
9465.045205  
9447.612407  
9378.927657  
9473.7123  
9581.481368  
9539.538831  
9566.590795  
9573.88767  
9614.984581  
9567.393992  
9577.374512  
9503.990697  
9533.075529  
9632.859581  
9683.012053  
9654.974095  
9757.278757  
9562.074887  
9522.84907  
9508.019994  
9439.970523  
9445.812372  
9427.233039  
9483.616648  
9501.301141  
9484.50699  
9598.598864  
9687.560059  
9738.035105  
9677.556975  
9593.704256  
9557.490003  
9581.094649  
9583.592208  
9580.936061  
9491.702123  
9499.601228  
9474.522641  
9540.517321  
9574.404425  
9564.595318  
9564.541915  
9519.158666  
9450.053146  
9491.359889  
9532.913651  
9535.242213  
9530.098479  
9583.5818  
9585.578022  
9610.795744  
9608.501696  
9615.301115  
9615.322214  
9530.743729  
9497.405094  
9544.091643  
9530.344444  
9518.840101  
9601.843467  
9561.403269  
9513.057977  
9534.680022  
9587.572497  
9600.524131  
9646.413266  
9723.732936  
9750.538471  
9691.159899  
9643.479569  
9678.844392  
9566.501156  
9549.624255  
9508.772975  
9442.187988  
9423.931127  
9434.695081  
9349.778269  
9442.528166  
9441.253495  
9527.133532  
9558.131116  
9519.82427  
9533.591129  
9563.836143  
9551.306564  
9563.971217  
9472.347656  
9469.552786  
9521.426938  
9576.511976  
9529.504626  
9483.80844  
9602.670179  
9562.600226  
9717.298237  
9885.623073  
9966.105083  
9742.386822  
9643.479287  
9446.419896  
9343.276406  
9183.66608  
9301.912148  
9376.571533  
9712.623407  
9429.20184  
9525.845318  
9461.219829  
9438.801167  
9443.225792  
9467.236971  
9475.556255  
9490.309339  
9572.821161  
9548.277395  
9554.547697  
9528.469418  
9572.539654  
9612.35899  
9632.290527  
9622.169485  
9648.012001  
9632.59339  
9580.191432  
9525.12094  
9561.84596  
9588.263441  
9585.907227  
9674.543251  
9663.602693  
9581.6875  
9472.704513  
9459.014674  
9440.468801  
9483.659308  
9507.961503  
9551.164756  
9589.274979  
9543.665245  
9633.60516  
9587.697137  
9496.941997  
9536.795359  
9545.993447  
9582.553146  
9596.848736  
9616.737947  
9594.81178  
9555.899722  
9555.360634  
9564.14962  
9640.738178  
9627.594598  
9618.868138  
9599.110814  
9641.370991  
9546.60498  
9646.278911  
9668.715332  
9647.299214  
9634.32869  
9624.770611  
9583.273078  
9569.001465  
9484.448808  
9419.590872  
9355.635203  
9416.359092  
9485.610095  
9470.36472  
9407.526855  
9376.885729  
9396.7123  
9484.480546  
9560.178043  
9584.760357  
9571.383635  
9524.568308  
9463.412957  
9487.730327  
9529.283306  
9542.313939  
9520.346705  
9553.196803  
9577.91617  
9560.233964  
9586.514803  
9652.751773  
9653.337222  
9634.308645  
9622.726023  
9618.986431  
9633.785182  
9659.754086  
9643.378058  
9667.899465  
9548.28179  
9494.04505  
9493.164294  
9521.542018  
9521.045282  
9461.084601  
9478.608476  
9457.856188  
9433.207417  
9427.404811  
9407.812269  
9406.297222  
9432.414576  
9486.078279  
9585.412084  
9711.392707  
9671.58108  
9662.663214  
9642.754523  
9604.961451  
9639.583959  
9669.08144  
9630.948011  
9608.710758  
9546.847605  
9524.354595  
9550.42041  
9579.125694  
9734.235609  
9508.195878  
9647.137901  
9745.349635  
9760.080309  
9741.31435  
9612.900082  
9718.187037  
9489.032406  
9584.152549  
9556.82134  
9528.580258  
9354.277524  
9292.98557  
9302.204808  
9317.539409  
9376.101935  
9498.683285  
9505.244989  
9476.090332  
9507.379343  
9553.802169  
9634.3502  
9711.350946  
9675.736996  
9624.230135  
9589.774465  
9543.531276  
9530.949399  
9552.408743  
9601.705515  
9647.783409  
9669.600226  
9650.325093  
9558.759663  
9514.78531  
9510.775956  
9545.028988  
9584.397101  
9542.831851  
9526.852976  
9526.305279  
9540.891833  
9635.297749  
9686.407458  
9671.433311  
9578.337325  
9529.997481  
9595.098838  
9555.356754  
9560.239181  
9508.879523  
9478.617265  
9551.306692  
9597.556641  
9583.904888  
9574.862279  
9495.478104  
9441.040142  
9479.403526  
9422.918997  
9487.30127  
9517.029528  
9583.444747  
9577.754883  
9533.326866  
9490.414525  
9571.946829  
9641.484683  
9739.279374  
9779.366648  
9661.463687  
9567.161261  
9512.284694  
9605.538343  
9553.717362  
9597.944644  
9642.378752  
9548.74468  
9577.888492  
9579.476665  
9543.318257  
9582.095009  
9627.241005  
9635.279991  
9595.385819  
9583.446006  
9547.153218  
9422.4761  
9411.351267  
9426.182681  
9546.496197  
9597.316072  
9603.201943  
9502.995014  
9427.795384  
9401.209087  
9342.446829  
9288.311241  
9361.123265  
9473.992701  
9484.232987  
9596.701789  
9584.528963  
9628.891216  
9446.458213  
9560.541041  
9720.519608  
9744.239489  
9752.133326  
9612.536929  
9667.104107  
9622.44945  
9672.163471  
9646.139186  
9637.950427  
9623.742316  
9510.7022  
9437.045513  
9522.287623  
9465.855829  
9493.162366  
9497.07391  
9506.727873  
9407.805279  
9420.970035  
9400.473504  
9425.520456  
9499.413677  
9551.024568  
9575.064273  
9586.04798  
9554.833008  
9535.375257  
9561.207108  
9538.262927  
9573.05073  
9601.555356  
9614.911672  
9638.172415  
9696.865003  
9730.915913  
9673.435932  
9563.213507  
9619.691432  
9681.743138  
9680.458753  
9664.334241  
9597.139957  
9484.723222  
9465.912058  
9520.741776  
9508.679379  
9545.430741  
9586.982859  
9656.309519  
9720.308851  
9705.878881  
9633.843005  
9656.157869  
9642.312372  
9644.780865  
9654.317537  
9643.969881  
9570.043329  
9577.905787  
9524.72042  
9568.065944  
9530.586092  
9534.878418  
9607.646407  
9579.988821  
9574.161133  
9583.858604  
9520.486611  
9507.749872  
9454.952431  
9497.066586  
9545.406456  
9630.839561  
9704.47574  
9669.476331  
9665.767912  
9622.284103  
9601.548443  
9538.022692  
9570.224866  
9543.991339  
9600.593313  
9542.733912  
9470.621274  
9472.720241  
9553.022037  
9239.805818  
9165.330978  
9693.041684  
9721.263029  
9735.812217  
9582.395791  
9458.602205  
9361.184943  
9182.861521  
9138.77886  
9195.850252  
9277.930471  
9396.084858  
9449.438348  
9513.208316  
9530.86968  
9592.382453  
9681.318077  
9709.227436  
9733.244963  
9656.079153  
9652.131836  
9639.735891  
9587.006887  
9609.036056  
9674.906276  
9696.470857  
9634.635716  
9551.155787  
9568.736945  
9688.534488  
9630.880011  
9627.231471  
9664.653372  
9634.837402  
9593.063554  
9538.534796  
9469.968853  
9460.046631  
9476.410722  
9457.406995  
9475.622841  
9418.994475  
9586.670025  
9575.484915  
9696.698962  
9802.119732  
9732.341643  
9728.042069  
9438.823653  
9364.297415  
9462.516216  
9526.057206  
9510.460218  
9428.374075  
9392.720241  
9314.559917  
9302.196006  
9247.242894  
9338.733604  
9414.927554  
9489.934365  
9533.596191  
9426.71636  
9443.188168  
9529.420153  
9560.065044  
9659.615671  
9685.977128  
9639.072548  
9568.863898  
9537.207622  
9524.457905  
9555.153397  
9593.411467  
9614.020097  
9639.287315  
9631.269531  
9571.045693  
9584.36233  
9520.931666  
9481.739232  
9506.548957  
9526.159514  
9613.508224  
9630.037983  
9608.379909  
9606.857113  
9574.647024  
9564.194644  
9598.70477  
9627.209704  
9545.417275  
9528.850355  
9531.57851  
9491.213944  
9487.476408  
9522.63659  
9517.947959  
9544.752107  
9556.797852  
9548.805484  
9586.126645  
9525.009534  
9521.337788  
9545.758378  
9468.289114  
9470.926218  
9392.914641  
9445.514751  
9489.338996  
9642.842157  
9584.73715  
9549.083008  
9720.830926  
9719.102899  
9777.010742  
9792.529117  
9683.184827  
9590.794022  
9534.568462  
9480.82463  
9495.372019  
9490.461336  
9490.142784  
9569.092722  
9588.68529  
9626.473761  
9546.133712  
9500.1342  
9486.00239  
9612.83897  
9599.338816  
9577.495991  
9610.047132  
9671.013389  
9630.64944  
9575.982756  
9522.153603  
9425.965101  
9310.850072  
9266.46699  
9222.879857  
9291.320235  
9422.014854  
9534.136051  
9549.442871  
9583.995271  
9625.168868  
9639.628084  
9633.78346  
9534.718956  
9591.261102  
9623.376131  
9632.155993  
9618.241776  
9570.617188  
9499.658229  
9489.137181  
9534.471346  
9587.803043  
9543.796335  
9598.182977  
9624.247713  
9568.039731  
9568.491185  
9503.433234  
9563.957854  
9624.328202  
9634.730777  
9728.732756  
9698.96397  
9665.09136  
9558.198833  
9503.583753  
9564.680022  
9690.435547  
9744.470318  
9740.0726  
9670.620143  
9548.123535  
9458.106034  
9417.498201  
9442.347785  
9571.574296  
9627.142681  
9658.177709  
9615.937577  
9493.166581  
9464.180947  
9587.009509  
9636.925267  
9649.35606  
9578.553146  
9504.745631  
9419.921747  
9534.818514  
9568.301835  
9562.491494  
9556.851588  
9583.738307  
9601.082365  
9647.79027  
9655.920564  
9574.040476  
9528.179842  
9537.903783  
9589.889751  
9657.582185  
9618.20369  
9601.685804  
9601.548674  
9559.832931  
9578.127056  
9556.26285  
9516.822394  
9512.936601  
9544.979209  
9542.315455  
9463.988821  
9455.713636  
9453.813656  
9417.287084  
9432.473864  
9423.786878  
9444.107949  
9485.313399  
9480.001079  
9579.892064  
9538.81453  
9502.222785  
9527.106317  
9476.833316  
9464.65589  
9520.341823  
9611.689042  
9685.286364  
9684.233553  
9727.073936  
9691.114489  
9699.97042  
9609.55844  
9540.294151  
9503.871479  
9576.952483  
9602.665939  
9583.059185  
9500.211143  
9480.870374  
9499.84172  
9474.000385  
9489.952868  
9464.054765  
9523.131785  
9519.140471  
9553.107165  
9588.346577  
9616.855263  
9631.315635  
9598.381887  
9574.363487  
9656.799419  
9646.915579  
9603.709061  
9567.849198  
9531.633918  
9600.383301  
9576.802863  
9543.311421  
9545.947368  
9518.448216  
9475.942845  
9518.370785  
9558.112947  
9619.04577  
9647.458702  
9676.673571  
9607.993884  
9500.330926  
9490.014803  
9450.7408  
9397.717542  
9365.843262  
9292.539731  
9399.751285  
9456.016781  
9531.342311  
9612.244192  
9689.803968  
9618.849352  
9573.493318  
9542.32977  
9473.147641  
9377.204179  
9359.215833  
9352.982281  
9255.019274  
9627.531456  
9697.440815  
9749.696932  
9756.797029  
9762.404168  
9681.474635  
9664.826686  
9589.380217  
9611.764186  
9621.599198  
9594.861765  
9532.247019  
9530.942383  
9558.017398  
9563.682103  
9608.443796  
9591.113975  
9644.115671  
9614.818  
9550.438991  
9532.983964  
9473.258275  
9445.930227  
9429.528783  
9403.701442  
9419.095832  
9509.880577  
9530.143889  
9573.787109  
9587.464304  
9576.800884  
9597.933542  
9563.842182  
9575.965538  
9608.142655  
9554.904759  
9520.308311  
9473.809031  
9410.749101  
9483.899748  
9558.952765  
9587.485557  
9547.485814  
9506.126696  
9574.418457  
9498.375206  
9490.718622  
9435.691997  
9441.337557  
9416.91635  
9431.001105  
9537.649594  
9696.28346  
9768.211503  
9765.02462  
9708.895662  
9702.879703  
9619.314376  
9621.52922  
9674.548905  
9638.856214  
9631.72574  
9624.534668  
9526.969547  
9504.605083  
9443.195415  
9347.12969  
9313.196186  
9235.839137  
9415.546631  
9531.837043  
9589.348993  
9720.737664  
9737.063502  
9692.276059  
9563.080309  
9515.330489  
9420.230237  
9426.646536  
9402.341514  
9466.305458  
9525.22299  
9647.950478  
9668.342182  
9679.553505  
9668.224532  
9635.731779  
9530.750617  
9526.692794  
9513.141807  
9564.926372  
9604.34118  
9656.365132  
9684.171978  
9608.187063  
9583.224635  
9527.695004  
9469.157638  
9549.865825  
9548.943668  
9610.168997  
9620.59889  
9593.48363  
9559.651547  
9495.935161  
9480.627107  
9540.412675  
9517.70202  
9608.451429  
9610.553711  
9590.163728  
9534.513106  
9564.977385  
9512.223633  
9611.568642  
9464.658255  
9475.647153  
9572.781661  
9591.915296  
9630.377287  
9508.684622  
9554.09429  
9677.924419  
9601.255911  
9579.097271  
9615.668277  
9631.675293  
9614.517193  
9605.764494  
9568.909077  
9554.649748  
9508.07738  
9477.938399  
9505.942588  
9502.592491  
9580.143786  
9684.810598  
9684.069696  
9588.868575  
9496.499486  
9559.860968  
9574.26727  
9614.639443  
9551.779323  
9475.22407  
9367.409205  
9442.211066  
9608.819464  
9628.40679  
9601.563348  
9493.032201  
9497.367213  
9512.273283  
9586.899054  
9610.50018  
9614.904939  
9619.40661  
9545.941381  
9484.931075  
9514.81489  
9474.201018  
9457.69156  
9393.076146  
9359.246993  
9399.121017  
9414.342234  
9446.431769  
9523.31913  
9599.338071  
9679.286441  
9665.918765  
9604.519274  
9578.586323  
9554.061421  
9590.64245  
9691.661184  
9740.826994  
9679.592491  
9593.592439  
9543.059031  
9649.049316  
9666.110711  
9656.533743  
9704.056075  
9673.651136  
9673.373715  
9565.563142  
9515.835475  
9398.167635  
9277.251079  
9267.173237  
9350.921233  
9420.732615  
9526.230906  
9556.766062  
9579.934339  
9530.823319  
9504.461477  
9455.398078  
9497.224738  
9450.640985  
9518.023643  
9599.168843  
9628.097476  
9606.022846  
9609.833547  
9627.26655  
9592.07738  
9554.924265  
9505.113564  
9507.84799  
9498.707006  
9595.751002  
9602.853798  
9592.17519  
9491.208342  
9529.344547  
9564.423751  
9497.926501  
9657.964767  
9593.971474  
9635.703228  
9814.740234  
9774.430793  
9702.249075  
9534.716514  
9404.069824  
9287.93759  
9260.077572  
9292.368048  
9282.464612  
9331.213045  
9429.038266  
9532.877133  
9619.487202  
9641.581157  
9644.044382  
9585.565558  
9568.46911  
9590.369295  
9596.194619  
9637.543791  
9702.994706  
9694.588867  
9660.174573  
9634.618986  
9578.358964  
9532.873741  
9478.754909  
9557.284899  
9552.657329  
9648.544536  
9727.600586  
9688.399825  
9586.263338  
9536.100046  
9548.553839  
9626.267501  
9682.305356  
9707.658923  
9669.412649  
9642.706569  
9608.076609  
9610.036184  
9621.296464  
9504.510125  
9411.645264  
9424.500218  
9462.342465  
9492.155916  
9444.278809  
9448.528166  
9486.653218  
9564.905787  
9552.401393  
9613.918663  
9603.73399  
9555.639726  
9521.232113  
9491.957365  
9515.301989  
9458.139957  
9501.435521  
9506.260562  
9611.939582  
9632.308157  
9665.15792  
9667.263415  
9563.315275  
9518.24283  
9525.090332  
9541.419896  
9535.826557  
9547.627313  
9541.185958  
9508.484889  
9435.862407  
9289.007376  
9240.989219  
9363.570158  
9433.877955  
9573.54523  
9598.081466  
9656.820904  
9644.148052  
9694.990363  
9684.908717  
9682.968005  
9664.553377  
9623.312012  
9590.156584  
9551.351691  
9501.38384  
9505.043688  
9497.43087  
9538.799496  
9600.001953  
9579.718724  
9596.046078  
9657.000437  
9639.07188  
9686.847168  
9675.313065  
9627.21086  
9557.87942  
9457.873792  
9400.99247  
9444.250026  
9526.691792  
9571.562526  
9627.092182  
9614.205181  
9564.787366  
9520.225432  
9596.766653  
9640.920873  
9661.064248  
9565.790579  
9570.328048  
9640.649465  
9669.239078  
9728.724918  
9739.3033  
9651.244475  
9567.897538  
9545.869552  
9524.068796  
9499.144942  
9470.197214  
9478.293226  
9456.121042  
9425.080823  
9449.925075  
9431.976884  
9434.090049  
9394.720523  
9386.324347  
9410.469238  
9463.685393  
9563.541041  
9493.574604  
9451.051732  
9472.676552  
9479.500899  
9551.909822  
9597.564787  
9642.353439  
9680.623201  
9691.894171  
9597.948319  
9569.429071  
9562.191098  
9576.238795  
9583.445929  
9607.088816  
9569.202174  
9668.721474  
9675.381939  
9635.621659  
9663.388929  
9680.576686  
9663.729287  
9679.139546  
9719.236842  
9657.99815  
9570.54081  
9515.741905  
9494.113333  
9443.860531  
9478.904425  
9527.444413  
9580.636924  
9481.319207  
9678.468878  
9765.378598  
9719.18822  
9559.411056  
9396.76177  
9376.760948  
9411.935046  
9390.071289  
9290.977025  
9228.406276  
9217.403295  
9303.435611  
9380.428737  
9441.718185  
9427.225226  
9439.223877  
9453.693822  
9532.487562  
9607.70716  
9685.472142  
9726.00717  
9707.926192  
9596.996556  
9554.220575  
9551.540964  
9633.306846  
9591.621582  
9583.665142  
9538.859067  
9570.813065  
9618.525725  
9673.303839  
9680.155351  
9651.69945  
9678.520045  
9642.758661  
9615.830566  
9598.910953  
9537.945158  
9484.177041  
9452.797826  
9437.13952  
9477.446623  
9513.549753  
9587.793329  
9574.044742  
9489.549394  
9437.830592  
9388.494796  
9473.280505  
9548.6498  
9608.696161  
9661.640291  
9676.410516  
9607.359992  
9626.349969  
9554.998201  
9509.08419  
9586.047954  
9624.30366  
9591.446572  
9557.850303  
9520.790784  
9507.694464  
9457.090769  
9534.86855  
9607.106908  
9545.02886  
9503.790656  
9473.951866  
9446.76028  
9519.876979  
9611.134791  
9664.137104  
9650.874692  
9580.393272  
9544.998304  
9492.148515  
9468.277755  
9410.191676  
9388.975085  
9380.021587  
9451.407047  
9581.094007  
9669.145354  
9713.184725  
9715.881296  
9716.066535  
9643.828459  
9555.290296  
9538.334318  
9559.888055  
9534.316278  
9593.265188  
9653.709113  
9743.7555  
9720.474686  
9725.559853  
9651.350252  
9599.965178  
9523.981111  
9586.783537  
9605.643709  
9583.152986  
9555.996839  
9509.260716  
9476.548134  
9406.736611  
9370.080387  
9407.335398  
9446.853233  
9461.034617  
9436.959627  
9439.300036  
9497.310084  
9572.005422  
9534.603027  
9500.675319  
9471.780813  
9517.684904  
9549.314453  
9547.684339  
9520.598813  
9615.269685  
9654.166992  
9740.434339  
9736.883275  
9692.940635  
9644.249512  
9595.142732  
9647.473633  
9669.694105  
9673.879472  
9687.895045  
9626.669434  
9635.965075  
9688.788292  
9631.532946  
9637.832597  
9687.744346  
9681.923982  
9669.329564  
9539.416632  
9379.694516  
9353.054983  
9290.634817  
9317.412264  
9489.191072  
9435.201069  
9438.338199  
9406.479544  
9396.89872  
9411.440147  
9531.464047  
9575.512515  
9540.7684  
9561.216488  
9473.460346  
9390.989168  
9380.902395  
9426.94503  
9439.837197  
9418.685727  
9491.835424  
9510.83712  
9575.884714  
9588.390497  
9601.938708  
9684.201789  
9667.253264  
9707.585758  
9628.056486  
9647.650082  
9647.910953  
9623.170487  
9562.302169  
9538.234966  
9585.540913  
9581.014546  
9596.552169  
9557.314993  
9544.128315  
9501.338148  
9531.286004  
9552.509868  
9622.185264  
9607.771741  
9520.270225  
9494.412598  
9508.478207  
9540.193154  
9518.371479  
9734.921669  
9784.596089  
9872.850946  
9792.194978  
9767.803711  
9592.956749  
9549.62297  
9539.676501  
9566.041735  
9523.251028  
9458.022821  
9374.654618  
9366.94945  
9433.890471  
9428.743164  
9426.987407  
9450.80844  
9491.288163  
9472.186498  
9545.250206  
9596.419691  
9626.087068  
9592.861996  
9541.483476  
9522.050499  
9519.857139  
9511.732191  
9480.221962  
9478.854672  
9451.202303  
9457.328022  
9441.461657  
9420.00744  
9385.627441  
9403.098067  
9385.135138  
9447.311292  
9528.370374  
9707.633352  
9796.461272  
9800.005808  
9684.13952  
9619.523283  
9602.642655  
9589.452354  
9534.546721  
9499.35624  
9524.468647  
9541.01727  
9604.022898  
9630.00956  
9602.272898  
9573.822548  
9685.206055  
9742.776804  
9734.133815  
9727.259432  
9726.507247  
9582.210064  
9457.822266  
9483.301141  
9414.104107  
9469.260357  
9431.506528  
9405.621569  
9420.087467  
9530.829564  
9595.664217  
9646.614001  
9624.623664  
9539.901753  
9478.400339  
9426.025378  
9486.64137  
9580.497147  
9623.627005  
9625.376773  
9592.6103  
9602.74116  
9604.823216  
9585.452637  
9651.494064  
9641.897075  
9623.87279  
9668.366442  
9644.994937  
9569.729441  
9498.404271  
9531.476049  
9569.720446  
9550.738667  
9567.092285  
9595.432257  
9454.110403  
9477.845241  
9510.064453  
9581.809339  
9677.300781  
9630.895097  
9678.013312  
9665.99522  
9574.83658  
9529.388826  
9429.605803  
9343.225881  
9313.901252  
9313.519454  
9486.12446  
9568.181743  
9601.615466  
9639.72592  
9682.834601  
9641.289062  
9660.848838  
9638.928325  
9581.669922  
9509.584961  
9536.853773  
9533.141602  
9604.713071  
9686.212402  
9713.511153  
9696.374435  
9655.044819  
9604.181743  
9577.927606  
9599.743395  
9585.902729  
9589.371299  
9594.505422  
9545.482088  
9493.201326  
9482.321315  
9452.462197  
9499.345703  
9488.73088  
9473.242252  
9488.326994  
9541.217825  
9581.616365  
9516.459164  
9524.60128  
9528.902755  
9511.872841  
9492.641113  
9424.665733  
9423.417609  
9417.966553  
9602.492676  
9671.643092  
9728.39173  
9685.430356  
9561.283203  
9508.25406  
9471.981471  
9501.584267  
9598.577405  
9650.051912  
9624.457699  
9610.961554  
9551.175473  
9536.674599  
9574.043457  
9583.604826  
9599.503392  
9640.64358  
9616.656147  
9577.942768  
9513.201634  
9469.019069  
9499.668508  
9488.652986  
9544.989926  
9556.818745  
9622.692177  
9636.949579  
9649.232756  
9663.693822  
9589.268144  
9549.373587  
9543.593776  
9538.254009  
9454.441432  
9475.088456  
9513.664885  
9527.238024  
9600.460167  
9634.103953  
9668.910593  
9728.647769  
9769.092259  
9745.947034  
9617.599686  
9521.880808  
9598.96803  
9514.888389  
9551.293971  
9549.464998  
9488.986482  
9515.47556  
9543.528423  
9520.807386  
9455.727847  
9269.775905  
9113.824836  
9132.042134  
9264.068616  
9334.113821  
9399.63952  
9455.128341  
9531.450067  
9638.636924  
9615.3318  
9631.645045  
9651.04392  
9617.610197  
9561.626156  
9513.810213  
9509.565892  
9498.567203  
9495.131887  
9538.072291  
9540.822703  
9592.605623  
9600.600817  
9601.889109  
9734.495991  
9723.373895  
9602.987767  
9594.114566  
9536.393349  
9534.222194  
9531.748715  
9495.615851  
9474.591977  
9493.10128  
9567.739823  
9616.457237  
9540.177786  
9476.32373  
9518.937423  
9571.878752  
9561.9191  
9541.959267  
9596.131193  
9622.11598  
9643.751311  
9659.25956  
9652.286878  
9653.651419  
9651.071906  
9603.642938  
9533.455849  
9504.535131  
9480.931127  
9465.042095  
9487.918663  
9508.554353  
9527.856522  
9572.457468  
9586.931512  
9649.091129  
9649.698859  
9656.973633  
9597.741391  
9613.762772  
9591.513004  
9609.710912  
9567.242779  
9497.454461  
9464.717876  
9510.484709  
9493.743575  
9457.785002  
9460.571572  
9504.964484  
9537.002621  
9532.38456  
9457.658229  
9452.919254  
9503.412032  
9573.854158  
9635.417429  
9641.907972  
9622.753367  
9590.966052  
9569.693077  
9621.900159  
9641.656122  
9581.014057  
9553.620631  
9518.21122  
9554.024902  
9615.954616  
9662.69503  
9665.442845  
9648.146716  
9584.985609  
9590.024363  
9621.458034  
9628.930741  
9624.469418  
9584.798982  
9573.111816  
9560.751619  
9498.097528  
9502.459139  
9553.938399  
9549.570492  
9540.718673  
9610.123844  
9616.293097  
9695.99486  
9646.515676  
9622.179251  
9560.509534  
9545.248818  
9512.872122  
9504.063811  
9650.916221  
9760.559031  
9687.612767  
9635.368395  
9512.039576  
9372.541722  
9317.929174  
9448.1953  
9484.753726  
9538.655222  
9515.811832  
9538.293277  
9489.265162  
9518.165759  
9500.861662  
9477.568565  
9417.429533  
9407.257247  
9348.656276  
9247.523579  
9334.967992  
9354.154939  
9453.367226  
9586.836529  
9641.991262  
9679.022358  
9578.252878  
9554.899722  
9622.508172  
9683.882864  
9744.044716  
9738.983064  
9704.268478  
9673.406173  
9657.956826  
9714.732139  
9702.877262  
9717.482396  
9634.180536  
9572.034848  
9532.877262  
9535.670282  
9514.258352  
9445.076609  
9404.123908  
9378.617843  
9440.221924  
9488.843878  
9485.43732  
9386.697317  
9344.777331  
9403.656738  
9463.108887  
9463.699322  
9503.313245  
9532.558183  
9587.555972  
9642.121274  
9673.126465  
9735.657663  
9823.782895  
9799.085115  
9719.995143  
9752.996454  
9665.688734  
9662.890805  
9660.68678  
9615.570158  
9508.200915  
9352.839124  
9259.679867  
9293.730996  
9377.934904  
9440.839201  
9496.906507  
9513.187269  
9626.089227  
9705.368652  
9787.595343  
9725.18804  
9635.307514  
9591.956363  
9487.596423  
9429.320338  
9389.869089  
9385.962081  
9369.696379  
9442.671464  
9516.915039  
9548.492033  
9582.150982  
9518.460758  
9513.687783  
9528.711606  
9535.501568  
9551.220626  
9589.471063  
9630.823294  
9657.847374  
9632.233064  
9636.523874  
9619.018503  
9577.140779  
9586.474738  
9508.822266  
9380.76718  
9393.823923  
9451.566612  
9476.25203  
9483.180895  
9477.879729  
9490.6112  
9498.864438  
9518.734529  
9547.619989  
9537.122276  
9580.784565  
9657.332108  
9681.77169  
9816.691689  
9843.792455  
9824.257221  
9758.607396  
9629.736482  
9613.013877  
9601.987793  
9658.295821  
9624.474712  
9624.212993  
9630.837608  
9576.380551  
9631.026907  
9703.610506  
9748.573114  
9765.289242  
9609.147487  
9575.569824  
9608.603104  
9612.234529  
9502.994937  
9432.900339  
9416.084858  
9405.87437  
9477.114361  
9450.007838  
9391.43051  
9146.34181  
9317.619282  
9418.132967  
9563.629446  
9636.573139  
9609.809468  
9613.003572  
9491.383892  
9394.52566  
9294.035015  
9332.154451  
9372.080515  
9407.330746  
9427.9283  
9458.329076  
9496.217516  
9642.318231  
9744.155762  
9633.657072  
9635.502955  
9529.975303  
9654.026367  
9721.061883  
9791.074938  
9837.301141  
9785.618704  
9649.05276  
9559.127339  
9612.421849  
9562.059596  
9604.170976  
9642.316895  
9655.525879  
9617.463919  
9506.257427  
9444.023412  
9404.392321  
9377.449604  
9416.913651  
9325.6002  
9378.8998  
9447.521459  
9530.739541  
9598.841334  
9612.491262  
9643.072111  
9678.628007  
9644.165193  
9626.986045  
9673.786107  
9590.409925  
9572.844958  
9510.217131  
9424.822034  
9353.314427  
9356.109311  
9399.383815  
9463.03125  
9519.880577  
9533.511822  
9570.512079  
9598.826069  
9651.665013  
9701.365132  
9721.930201  
9786.246376  
9735.82977  
9730.715563  
9660.638209  
9590.319824  
9566.531019  
9545.679405  
9566.034257  
9543.810033  
9545.837377  
9553.69061  
9587.64836  
9559.650082  
9496.121659  
9489.116622  
9448.321263  
9482.553737  
9466.484324  
9416.182489  
9435.864618  
9471.298031  
9459.475149  
9477.624409  
9480.696957  
9576.453536  
9581.034591  
9633.994398  
9678.149106  
9672.216129  
9639.811806  
9707.502493  
9703.643092  
9723.446186  
9612.116828  
9514.356677  
9472.323679  
9514.822497  
9585.666221  
9579.384175  
9600.963379  
9572.995734  
9557.044536  
9551.662829  
9446.040784  
9402.442743  
9425.851357  
9439.899594  
9366.184313  
9370.100971  
9288.750784  
9322.075182  
9431.839947  
9507.281995  
9571.899748  
9618.997661  
9601.430715  
9635.465229  
9652.399208  
9731.898129  
9684.354646  
9638.112407  
9571.352179  
9562.015188  
9559.739129  
9529.90386  
9543.993318  
9599.789165  
9576.656944  
9736.228284  
9717.423237  
9702.752955  
9589.997764  
9484.214304  
9298.35872  
9395.768812  
9463.113615  
9558.76524  
9553.220934  
9450.237716  
9402.606959  
9423.919639  
9461.349301  
9565.01488  
9590.033948  
9649.995374  
9635.313322  
9609.251336  
9621.952945  
9606.565378  
9590.721474  
9550.923288  
9552.241648  
9534.010408  
9568.174882  
9554.438811  
9611.728233  
9660.625822  
9641.017681  
9684.928582  
9687.226023  
9670.796207  
9595.60755  
9496.487382  
9508.469187  
9515.606343  
9441.907098  
9451.730186  
9400.204924  
9425.232422  
9538.86711  
9661.802323  
9739.708291  
9796.982448  
9737.011539  
9649.542249  
9509.945621  
9427.654143  
9420.603027  
9464.711246  
9471.475997  
9492.384277  
9527.879266  
9519.700195  
9596.639674  
9625.9807  
9526.370554  
9500.56196  
9518.859375  
9533.073319  
9530.585372  
9495.687294  
9503.846166  
9466.604749  
9447.300858  
9460.709267  
9460.86765  
9492.787675  
9522.987228  
9642.123561  
9691.06692  
9692.176501  
9726.977154  
9681.432  
9646.225278  
9656.802092  
9630.644351  
9685.180484  
9700.584781  
9616.962762  
9502.281764  
9421.513723  
9383.759586  
9316.124023  
9411.250578  
9529.241751  
9539.236251  
9541.023206  
9538.269583  
9528.965923  
9519.420102  
9458.646125  
9495.790322  
9536.840383  
9556.850252  
9565.310264  
9478.614206  
9423.559596  
9479.26159  
9554.221628  
9617.273643  
9628.134791  
9603.666504  
9551.566278  
9496.388646  
9522.235814  
9527.663394  
9616.39669  
9566.146921  
9567.945467  
9596.812037  
9624.059262  
9647.099327  
9704.231445  
9714.086708  
9762.038728  
9725.717979  
9653.32905  
9519.164654  
9561.361251  
9600.57206  
9568.245066  
9514.684596  
9580.999537  
9549.006964  
9552.162418  
9485.422646  
9528.150853  
9549.507324  
9590.627519  
9555.197523  
9606.147949  
9621.938913  
9633.348067  
9585.439916  
9570.276573  
9502.356728  
9455.497995  
9453.055047  
9503.969572  
9492.915039  
9494.547003  
9407.863191  
9348.000707  
9475.915682  
9529.988178  
9563.737639  
9533.087916  
9491.069567  
9499.227539  
9537.301629  
9535.566895  
9639.155479  
9596.280659  
9573.083599  
9581.075812  
9532.644249  
9564.316817  
9491.926347  
9576.555176  
9760.539731  
9862.40422  
9844.524363  
9775.489669  
9642.089535  
9526.012336  
9550.334447  
9567.306024  
9574.737767  
9605.85552  
9626.073448  
9588.99576  
9489.760331  
9440.663934  
9480.061035  
9552.68547  
9539.022358  
9559.353207  
9513.083136  
9500.669768  
9514.799188  
9477.142912  
9377.274645  
9431.281713  
9514.225869  
9673.478156  
9726.368961  
9760.918303  
9692.190687  
9492.570672  
9429.73742  
9480.770893  
9554.001722  
9486.809416  
9511.653937  
9550.3263  
9572.46672  
9607.56967  
9659.590204  
9597.014057  
9553.576069  
9462.408203  
9435.397512  
9444.339176  
9422.496402  
9418.186909  
9424.651367  
9539.068488  
9574.283512  
9617.113718  
9619.006399  
9550.283948  
9550.689787  
9567.766036  
9586.717696  
9629.039859  
9633.040425  
9620.718108  
9544.500051  
9529.562037  
9456.707545  
9435.89173  
9435.903719  
9389.260048  
9412.242367  
9434.38474  
9478.739592  
9562.729903  
9574.220934  
9579.269223  
9560.041016  
9558.610968  
9541.732679  
9516.778629  
9633.044331  
9686.100535  
9731.054662  
9684.750617  
9595.866134  
9455.746736  
9415.041889  
9411.012387  
9458.691869  
9451.377775  
9390.845061  
9454.497738  
9465.323653  
9613.725843  
9755.870605  
9804.511873  
9718.478233  
9523.335449  
9503.459987  
9508.183028  
9503.965692  
9484.047852  
9419.303531  
9408.306795  
9455.861045  
9495.542249  
9525.113615  
9560.611097  
9582.724918  
9538.391833  
9672.808954  
9731.604004  
9691.790168  
9741.571546  
9736.959318  
9694.067023  
9594.929405  
9549.098633  
9605.397101  
9553.960218  
9582.109606  
9633.820184  
9572.056692  
9536.58437  
9498.708882  
9471.348196  
9483.209627  
9494.806255  
9503.20991  
9489.892116  
9448.901239  
9526.622584  
9552.909025  
9560.947394  
9560.581157  
9586.018015  
9571.301809  
9523.513415  
9546.785028  
9563.440019  
9552.467182  
9577.352025  
9604.426038  
9646.466103  
9644.767295  
9674.063477  
9650.959961  
9561.176629  
9472.364027  
9439.909013  
9458.133506  
9522.933362  
9538.767373  
9602.59411  
9565.963456  
9561.95148  
9658.450375  
9697.058979  
9666.787521  
9550.695364  
9471.39651  
9408.166735  
9410.63145  
9500.752493  
9555.011847  
9486.943462  
9388.787392  
9279.413716  
9385.289435  
9561.22078  
9651.999589  
9676.444079  
9682.311061  
9578.27426  
9528.428891  
9521.390959  
9539.949836  
9492.180484  
9529.940661  
9547.377544  
9563.577123  
9614.207828  
9640.952817  
9661.1921  
9697.806821  
9688.898232  
9654.788446  
9653.782021  
9655.22281  
9616.275057  
9568.580952  
9479.356548  
9399.005255  
9409.795372  
9493.902549  
9581.16288  
9547.907175  
9551.723145  
9517.737947  
9581.90422  
9550.800344  
9514.602539  
9452.597425  
9517.921772  
9529.627262  
9515.589433  
9510.090204  
9516.180947  
9528.535285  
9575.107216  
9627.981702  
9670.742676  
9690.765831  
9694.747199  
9648.593339  
9663.583291  
9603.890651  
9697.228875  
9687.761693  
9683.011667  
9595.514597  
9562.803403  
9574.926038  
9487.245091  
9475.712171  
9538.314196  
9621.114849  
9600.118215  
9594.267141  
9535.710526  
9413.083111  
9417.231497  
9427.173931  
9389.390831  
9367.020225  
9416.542648  
9495.907072  
9430.219906  
9499.344984  
9443.930304  
9584.40679  
9663.438811  
9598.04965  
9593.641627  
9544.133147  
9526.327148  
9531.728053  
9515.513363  
9593.144506  
9571.784951  
9573.088225  
9564.445826  
9485.50442  
9482.087865  
9538.110274  
9614.560624  
9654.875231  
9607.714176  
9589.238204  
9564.10588  
