10106.90268  
10048.38879  
9999.517995  
10012.88092  
10017.16588  
10029.28348  
10029.39828  
10101.12302  
10044.63614  
10010.54031  
9974.297834  
10047.88043  
10085.16943  
10111.41432  
10085.1675  
10094.54572  
9991.816379  
10032.84543  
10061.33768  
10004.04792  
10000.39747  
10067.43185  
10060.81852  
10042.54644  
10019.85198  
10030.75412  
9989.852776  
10066.42474  
10033.00905  
10040.7478  
10189.90832  
10045.9448  
10062.69841  
10010.51934  
10047.33475  
10094.35234  
10068.70341  
10004.38686  
9985.044659  
9974.952936  
10013.2134  
10066.7702  
9990.478092  
10110.13317  
10021.1715  
10020.93928  
10055.65781  
10112.77686  
10066.67013  
10059.39864  
10032.98252  
10044.38999  
10026.08597  
10009.63241  
10036.76351  
10010.50794  
9991.313383  
10012.49803  
10055.20293  
10048.76696  
10039.11584  
10094.09347  
10023.27382  
10008.67374  
10008.50485  
10028.25166  
10040.17771  
10018.15821  
10085.12329  
10142.15775  
10146.61442  
10119.35899  
10047.63784  
10018.89812  
9964.206551  
9981.152132  
10065.23842  
10053.88423  
10073.66285  
10002.08749  
10026.74042  
9999.049567  
10000.21065  
10022.10831  
10022.83209  
10045.6909  
10090.78116  
10073.5601  
9956.056743  
9987.139423  
10070.04545  
10079.87467  
10022.61483  
10067.86809  
10056.04926  
10072.85486  
10110.56446  
10126.76312  
10115.32586  
10130.2733  
10128.68919  
10034.58207  
10038.45868  
9982.393402  
9971.627325  
10003.7516  
10032.09931  
10027.239  
10008.32564  
10040.86157  
10086.50673  
10046.01617  
10040.9223  
10001.74961  
10024.97397  
9989.06865  
10028.48194  
10014.43112  
10078.49285  
10026.37674  
10075.82192  
10060.45771  
10094.44227  
10114.98004  
10032.09615  
10051.16528  
10012.80404  
10039.46729  
10017.66677  
10054.67932  
10098.21027  
10099.46772  
10072.49563  
10084.33723  
10031.0768  
10041.67545  
10020.27158  
10012.41031  
9982.987503  
10007.16822  
10048.96394  
10053.53137  
10067.50329  
10088.27684  
10053.281  
10054.65122  
10063.80513  
10059.7066  
10060.37501  
10033.07845  
10002.65171  
10078.06549  
10066.83311  
10124.85552  
10074.49896  
10052.35516  
10016.78845  
10047.10928  
10101.64918  
10117.11066  
10135.50862  
10055.64703  
10046.12411  
9981.142156  
9964.290596  
9999.76592  
10014.8457  
10027.97388  
9994.673037  
10025.92974  
10002.08659  
10050.97582  
10046.95201  
10040.31154  
10074.9561  
10081.43505  
9994.446113  
10042.47766  
10061.07403  
10064.16513  
10136.58177  
10066.721  
10056.40495  
10033.51819  
10034.51394  
10021.90189  
10053.37627  
10016.16648  
10041.46284  
10064.14983  
10066.60453  
10047.38878  
10066.81078  
10062.66318  
10058.82542  
10121.66919  
10100.38566  
10082.21271  
10100.18551  
10046.88405  
9994.749261  
10053.95545  
10017.33631  
10032.35974  
10023.4478  
10026.99077  
10037.42808  
10049.30047  
10080.41247  
10074.7794  
10093.01191  
10052.79362  
10036.48655  
10011.14491  
9982.836474  
9963.996003  
10014.3447  
10063.07038  
10042.47519  
10041.24027  
10046.49395  
10047.88654  
10046.27117  
10071.40056  
10073.56806  
10053.35686  
10165.02514  
10094.92492  
10054.13779  
10045.60713  
10033.02237  
9989.907994  
10025.99422  
10031.53552  
10010.42172  
10010.7244  
10018.23304  
9992.775933  
10003.26638  
10069.07013  
10066.22886  
10096.00747  
10058.5428  
10037.4474  
10034.1462  
10073.75942  
9992.733016  
10050.08984  
10068.7799  
10069.08847  
10053.85091  
10050.48657  
9999.694903  
9944.652451  
10061.98338  
10044.73423  
10035.21358  
10043.08187  
10005.50898  
9985.707532  
10069.97954  
10036.61304  
10073.83078  
10065.20316  
10075.08563  
10048.69875  
10052.33886  
10048.43938  
9992.548407  
10048.46724  
10048.61763  
10101.07402  
10065.14636  
10059.87361  
10037.82837  
10044.32545  
10058.74498  
10067.41657  
10015.7971  
10073.18789  
10085.0031  
10054.27946  
10014.37679  
10017.67299  
9994.388802  
10005.87427  
10018.83137  
10054.47173  
10007.70495  
10065.09257  
10020.74994  
10002.1544  
10062.43816  
10072.4494  
10033.03465  
10080.15086  
10131.88921  
10110.25608  
10061.02615  
10087.28991  
9987.890606  
10046.3357  
10018.00553  
10039.03388  
10013.9576  
10018.95926  
10090.54059  
10083.09036  
10045.21382  
10086.46121  
10036.10984  
10070.68497  
10021.9521  
10100.51397  
10104.73656  
10043.53054  
9986.277243  
9995.426536  
10030.22517  
9992.354834  
10062.95916  
10041.23172  
10052.89021  
10081.64557  
10058.97778  
10079.4969  
10129.28743  
10037.82382  
9999.826004  
10029.31115  
10034.47573  
10050.90682  
9998.683822  
10041.53222  
10003.06687  
10055.59169  
10060.65936  
10138.33815  
10113.31563  
10069.28815  
10143.19459  
10020.17637  
10054.62298  
10053.17012  
10063.13062  
10052.44528  
10002.74841  
10019.89502  
10042.05906  
10000.76886  
10070.36584  
10057.53364  
10150.07616  
10057.24637  
10171.41595  
10073.88675  
10061.21972  
10044.28142  
10051.88185  
10023.48616  
9954.637092  
9943.425104  
10001.16741  
10019.55601  
9954.47188  
9968.919903  
9981.670724  
10052.79626  
10034.81782  
10076.25936  
9995.327519  
10026.45976  
10065.41753  
10071.15877  
10037.51479  
9978.80849  
9985.487176  
10044.03873  
10051.22286  
9989.5369  
10023.44143  
10005.48977  
10041.27898  
10041.12279  
10033.62411  
10069.46251  
10072.82897  
10040.40456  
10036.53782  
10050.26723  
10068.37464  
10096.12873  
10188.22337  
10118.74968  
10087.75156  
10060.59404  
10098.15909  
10025.07914  
9965.481841  
10182.77601  
10061.60814  
10082.10326  
10078.80345  
9965.47788  
9963.926663  
9965.551925  
10028.39583  
10021.62707  
10030.664  
10026.46258  
10134.13077  
10076.65582  
10024.79717  
9993.918669  
10053.16831  
10073.04513  
10025.98033  
10117.14699  
10063.51879  
10029.89533  
10037.20477  
10025.43607  
10060.06444  
10011.92881  
10063.23631  
10066.577  
10045.62292  
10072.81481  
10098.68989  
10041.99365  
10022.02169  
10021.7493  
10000.46826  
10029.3285  
10077.9016  
10101.24215  
10040.3577  
10032.55919  
10129.27075  
10097.92333  
10101.3131  
10041.31819  
10015.94513  
9989.762128  
10010.87009  
9967.789662  
10022.29397  
10062.24382  
10026.08193  
10002.80156  
10117.29852  
10064.19225  
10041.16755  
10019.32321  
10038.98385  
10054.10681  
10041.70034  
10058.59731  
10025.5984  
10000.23377  
10026.05424  
10075.47221  
10036.40694  
10007.93148  
10021.90358  
10029.91436  
10047.19625  
10002.9872  
10040.8564  
10048.13985  
9996.98075  
10019.73612  
10020.68357  
10022.40593  
10033.51636  
10067.14926  
10061.15614  
10034.86953  
10068.41688  
10022.06631  
10095.78823  
10097.9492  
10139.59552  
10100.30608  
10069.75962  
10031.67579  
10015.3502  
10055.11001  
10056.10054  
10058.11177  
10057.85172  
10074.42801  
10031.30068  
10050.80754  
10032.02121  
10028.63774  
9996.987222  
10029.37081  
10003.97886  
10094.92224  
10135.43356  
10050.72705  
10071.84135  
10082.52467  
10066.73236  
10073.25879  
10047.6199  
10055.5914  
10003.98583  
9985.895654  
9983.153632  
10016.22362  
10015.42478  
10057.33376  
10095.03619  
10085.50591  
10042.03575  
10039.46035  
10057.32265  
10035.68121  
10069.79445  
10086.6947  
10069.84544  
10090.888  
10042.31627  
10074.89825  
10030.73383  
10006.26539  
9997.10899  
9977.269301  
9991.051546  
9968.396286  
10239.3691  
10079.20795  
9990.838939  
9986.100262  
9963.221487  
10081.96712  
9963.987655  
9954.0716  
10197.60743  
10120.03189  
10076.74096  
10029.13631  
10054.1595  
10063.23083  
9992.159009  
10028.76603  
10059.04709  
10056.21068  
10068.29309  
10097.70086  
10086.46427  
10005.04713  
10045.52507  
10043.22704  
10074.17986  
10079.04604  
10037.71663  
10038.31258  
10068.20008  
10049.11575  
10026.75482  
10035.5918  
10043.13608  
10090.74235  
10065.37242  
10128.58497  
10068.51837  
9993.929997  
10028.28224  
10012.8558  
10009.23296  
10060.77473  
10042.89182  
10019.89554  
10033.10993  
10042.99273  
10044.86159  
10074.32366  
10061.47099  
10099.61043  
10042.25231  
10060.90981  
10077.48482  
10025.73877  
10042.84141  
10034.83191  
9995.526232  
10045.45114  
10040.00879  
10012.24879  
10032.97554  
10040.7367  
10055.05763  
10081.94865  
10016.22139  
10029.63226  
10044.43492  
10061.72726  
10067.14143  
10051.34136  
10022.2204  
10066.18343  
9991.823886  
9992.865226  
10005.42507  
10033.61096  
10067.92316  
10040.56372  
9995.482783  
10049.18341  
9977.721717  
9987.976717  
9992.971401  
10050.69374  
10052.45407  
10041.28251  
10070.16641  
10050.73166  
10020.31316  
10073.4914  
10080.53544  
9972.908192  
10003.22414  
10045.48138  
10070.88014  
10106.47325  
10122.56754  
10075.82635  
9999.654917  
10020.35652  
10055.04028  
10063.73487  
10031.78817  
10065.81256  
10081.15741  
10040.24341  
10025.83874  
10019.58611  
10024.18622  
10012.97802  
10025.28227  
10045.68507  
10045.82994  
10055.53042  
10061.60614  
10070.04197  
10044.49786  
10024.27365  
10010.32398  
10022.06649  
10057.15256  
10043.65142  
9981.252475  
9979.867436  
10020.86453  
10004.01113  
10028.68739  
10044.8722  
10103.79026  
10043.83255  
10048.6807  
10038.08598  
10102.90433  
10107.13381  
10023.92416  
10181.88106  
10130.35594  
10130.01939  
10078.9758  
10084.29429  
10002.46222  
10050.39313  
10062.84498  
10024.97235  
10050.75644  
10069.68614  
10092.06939  
10023.82856  
10065.71551  
10070.44849  
10060.82909  
10063.21384  
9988.823237  
10002.54873  
10058.6496  
10077.57044  
10102.39773  
10086.59434  
10059.53514  
10017.08256  
10021.25434  
10012.37227  
10010.75407  
10000.81364  
10036.22848  
10033.86117  
10082.40636  
10053.88024  
10096.42285  
10085.45808  
10112.51709  
10071.45995  
10048.3987  
10016.92115  
10027.59768  
10018.25017  
10003.55601  
10001.77068  
10028.5164  
10011.8293  
10028.12979  
10011.19915  
10056.17479  
10083.26217  
10048.96407  
10066.94996  
10033.23499  
9998.905806  
10022.99941  
10050.24099  
9932.534586  
9983.018785  
10005.08899  
10027.50989  
10080.2657  
10036.09585  
10079.04565  
10068.5801  
10105.25172  
10066.35661  
10014.49234  
10062.19312  
10010.71872  
10055.52843  
10019.9077  
10030.83373  
10049.92149  
10117.29845  
10060.11267  
10090.27971  
10127.10436  
10023.24039  
10065.0274  
10022.44077  
9961.898293  
9946.090917  
10162.76615  
10135.20137  
10090.94998  
10101.53143  
10031.71009  
9996.680309  
9988.359091  
10015.42787  
10053.11802  
10011.96392  
10059.37733  
10048.13092  
10078.2881  
10044.03391  
10074.23679  
9943.42969  
10099.26954  
10089.10554  
9999.706843  
10053.20649  
10144.14778  
9925.331845  
10080.85168  
10034.00854  
10022.91569  
9992.751227  
9967.14822  
10056.42444  
9991.282271  
10016.58975  
10078.6783  
10045.79638  
10080.28719  
10091.95254  
10057.35854  
10065.06043  
10065.51907  
10031.9677  
10069.81016  
10083.4515  
10040.3064  
10021.78077  
10037.52152  
10002.91625  
10045.27858  
10058.21191  
10057.19822  
10092.61724  
10058.72731  
10097.24909  
10084.33837  
10054.77512  
10058.91655  
10061.56617  
9980.700484  
10080.67211  
10086.23853  
10070.77383  
10035.22547  
10031.01231  
9974.611944  
9979.222356  
10032.52707  
10050.57857  
10047.82319  
10066.62311  
10070.90693  
10040.40391  
10016.32236  
9972.415007  
9995.92756  
10044.39517  
10060.06853  
10027.32947  
10052.68596  
10020.05951  
10042.0153  
10049.86756  
10028.55085  
10052.07592  
10077.00673  
10037.8684  
10033.1856  
10030.71569  
10034.07346  
10062.7283  
10023.4245  
10035.57129  
10054.54079  
10163.05499  
10166.53277  
10177.32995  
10184.35219  
10101.25889  
9970.454106  
9992.418108  
9980.400284  
10021.91451  
10068.81176  
10046.37464  
9959.536765  
9993.851895  
10006.9399  
9801.899697  
9963.809133  
9886.65438  
10213.16683  
10140.28331  
10069.47462  
10039.09185  
10065.50199  
10025.70442  
10029.33161  
10081.9759  
10057.06222  
10068.86303  
10072.05209  
10088.96177  
10013.26109  
10074.42268  
10052.29651  
10115.43725  
10123.46185  
10087.4146  
10062.89306  
9906.951209  
10142.81548  
10075.28899  
10120.05939  
10125.24481  
10149.26746  
10164.08987  
10058.56204  
10080.05075  
9992.741375  
10016.72558  
10061.7773  
10060.28781  
10023.8093  
9981.205993  
9957.695506  
10033.9745  
10028.31252  
10022.78596  
10045.11333  
10053.79149  
9985.554948  
9903.091244  
10110.43723  
10061.62707  
10049.00948  
10071.36747  
10107.12988  
10034.93824  
10009.0424  
10037.67753  
10023.42188  
10019.175  
9956.710673  
9915.640711  
9963.682062  
9958.318519  
10054.12727  
10132.1288  
10120.03915  
10086.85757  
10037.21155  
10049.51189  
9957.076597  
10016.08595  
10033.98503  
10050.75339  
10025.02051  
10008.12587  
10071.60655  
10075.51516  
10038.4948  
10081.80717  
10092.65252  
10084.26042  
10094.4657  
10063.00979  
10103.93292  
10079.68369  
10060.53611  
10054.37395  
10089.23843  
10022.20519  
10030.84915  
10035.41033  
10027.55897  
10015.46623  
10077.76601  
10043.17205  
10101.09263  
10009.76504  
9994.693628  
10036.62966  
10018.91081  
10028.11429  
10015.84382  
10055.05163  
10025.0248  
10086.91209  
10131.00283  
10088.18901  
10085.65864  
10083.78146  
10084.03284  
10093.76645  
10089.41205  
10093.48556  
10122.89784  
10135.08779  
10141.14093  
10026.03492  
10060.17106  
9900.638226  
9976.895005  
9997.759319  
10061.99403  
10051.21314  
10030.10508  
9978.205258  
10016.29454  
9973.404465  
10020.29706  
10018.74176  
10097.49953  
10080.3083  
10061.12099  
10042.02304  
10070.36757  
10071.62575  
10102.26575  
10024.29255  
10076.52219  
10054.69909  
10042.56898  
10025.7575  
10011.19534  
9983.354143  
9949.522634  
9935.275746  
9961.993902  
9988.097227  
9960.090014  
10002.03548  
10058.51386  
10059.27577  
10083.63908  
10056.08665  
10055.40185  
10078.69377  
10074.54894  
10105.324  
10049.61071  
10049.93814  
10081.74174  
10037.44201  
10070.02131  
9972.46306  
10042.847  
10046.91511  
10057.29648  
10035.86726  
10093.43589  
10076.34171  
10096.30482  
10116.0568  
10041.87716  
10016.97611  
10022.85813  
10062.11727  
10067.17655  
9985.129356  
9993.51088  
10052.42134  
10024.67964  
10093.34551  
10132.753  
10105.877  
10037.27878  
10033.45682  
10012.53389  
9968.564425  
10009.3974  
10017.00001  
10098.10921  
10032.09098  
10026.41425  
10039.01561  
10040.34223  
10067.19052  
10080.28064  
10044.16879  
10058.0416  
10091.48526  
10094.17343  
10062.11902  
10018.54336  
10022.21414  
10033.04872  
9981.685834  
10057.55384  
10055.0541  
10054.07341  
10003.32626  
9981.903593  
9957.604041  
10033.74202  
10025.90879  
10061.98216  
10054.00635  
10072.49414  
10146.90398  
10054.6751  
10076.42093  
10084.65384  
10109.08363  
10076.5477  
10081.82753  
10065.05844  
10091.47441  
10066.97303  
10039.54936  
10021.34335  
10052.92258  
10027.71528  
10042.53381  
10068.82541  
10007.8209  
10079.26846  
10119.98494  
10056.56109  
10033.37094  
10037.928  
10050.25177  
10050.85364  
9940.267471  
10023.66024  
9967.990331  
9983.231461  
9995.213438  
10029.77908  
9904.555963  
10073.57146  
10067.50473  
10079.58635  
10046.14538  
10044.32987  
10053.6982  
10039.18767  
10035.27798  
10087.42231  
10016.00782  
10015.11791  
10012.37758  
10042.29083  
10008.02775  
10049.60257  
10026.4787  
10095.77716  
10056.22223  
10119.3407  
10064.59299  
10117.92866  
10068.43772  
10062.20839  
10101.7879  
10093.37738  
10049.42714  
10048.06424  
10052.33414  
10011.96913  
10070.02591  
9989.919105  
10022.80514  
10047.21731  
10036.63997  
10100.07658  
10079.32733  
10039.73953  
10054.78287  
10005.04279  
9942.762313  
10012.1469  
10086.41826  
10067.75732  
10013.02479  
10011.39607  
10051.57376  
10029.31763  
10038.65132  
10030.13559  
10019.9565  
10066.50412  
10066.3058  
10141.00833  
10080.92024  
9962.283505  
9889.839374  
10412.58194  
10154.64616  
10070.04315  
10010.65198  
9928.985211  
9916.768252  
9998.919037  
10035.46415  
10072.15369  
10079.17232  
10074.15545  
10116.59239  
10015.21018  
9961.389592  
9998.058725  
10053.08518  
10068.84192  
10058.21369  
10043.61374  
10094.88524  
9988.806853  
10002.7922  
10016.32414  
10004.29644  
10051.6959  
10101.3716  
10086.26074  
10125.48257  
10075.36371  
10031.04826  
10024.70894  
10005.1396  
10005.6374  
10004.24758  
10067.84863  
10061.72634  
10116.19217  
10066.05566  
10026.61932  
10090.72837  
9982.450838  
10023.71532  
10071.31711  
10159.11409  
10130.54642  
10065.45428  
10089.39713  
10062.41693  
10032.87214  
10056.75935  
10119.25553  
10076.33276  
10061.69403  
10054.72969  
9999.797412  
9921.4523  
9997.35389  
9968.080328  
10130.01025  
10045.37959  
9991.665879  
9993.31201  
9990.256572  
10010.44389  
10017.60387  
10056.17591  
10060.02845  
10034.66275  
10030.96575  
10131.59971  
10057.61419  
10061.81402  
10076.61137  
10055.31904  
10072.40659  
10016.74431  
10002.11973  
10032.68361  
10068.35569  
10043.94106  
10003.76141  
10061.45552  
10037.21594  
10019.26829  
9969.864768  
10072.89354  
10012.76925  
9964.255552  
10043.79514  
10063.95728  
10049.22156  
10031.54666  
10066.66048  
10031.25406  
10123.41155  
10124.56932  
10131.58734  
10161.59174  
10103.28911  
10027.39752  
10042.41334  
10034.21106  
9984.432856  
10007.82507  
10027.86035  
10004.33977  
10033.59723  
10006.37471  
10058.50001  
10025.96539  
9986.415667  
10021.56227  
10023.65928  
10060.9008  
10112.05827  
10084.84971  
10070.54331  
9992.154666  
9986.638021  
10025.4435  
10056.46737  
9950.432829  
10091.01291  
10092.28363  
10100.69018  
10090.18811  
10010.28578  
10016.40094  
10037.71419  
10038.87283  
10041.26128  
10074.71272  
10044.49781  
10060.67753  
10022.83408  
10082.2325  
10064.66946  
10046.37921  
9991.872249  
10055.31014  
10010.19745  
10061.99365  
10122.23489  
10042.84205  
10054.68053  
10107.24925  
10103.61368  
9991.065011  
9969.074985  
9986.065952  
9997.906793  
10009.79078  
10021.23545  
10061.96693  
10050.38413  
10050.0424  
10079.63533  
10021.63406  
10078.09237  
10042.13782  
10058.30009  
10047.0415  
10118.70575  
10106.39677  
10065.44436  
10087.56122  
10054.6051  
10063.12221  
10024.77655  
10084.26746  
10069.01008  
10020.12261  
9983.535718  
10010.37062  
10038.93388  
10065.56986  
10034.87684  
10070.90228  
10109.07217  
10088.43046  
10135.02418  
10110.73654  
10055.72323  
10027.64888  
10029.54426  
9986.803137  
9982.495017  
10056.41397  
9996.766847  
10001.42354  
10054.19333  
10008.20449  
10016.10814  
10027.77554  
9975.789993  
10030.14543  
10005.33861  
10048.48026  
10074.24879  
10092.66701  
10094.42644  
10083.95899  
10117.44945  
10135.9132  
10115.40345  
10078.92394  
10081.3451  
9991.132098  
9983.58828  
10012.42345  
9971.757043  
10044.96764  
10030.12266  
10037.65238  
10028.42869  
10042.6856  
10112.12021  
10074.66806  
10082.52461  
10125.46365  
10096.62572  
9990.681782  
10122.93224  
10088.0654  
10033.43791  
9956.404102  
9946.832355  
9985.374776  
9989.910073  
10020.2358  
10004.47806  
9950.009913  
9988.35476  
10002.09428  
9995.328133  
10002.14342  
10034.44226  
10002.96279  
10014.04639  
10065.25692  
10046.72691  
10035.42575  
10038.39619  
10090.34057  
10050.09188  
9997.367563  
10069.50881  
10054.91403  
10076.88546  
10078.44968  
10077.23477  
10078.75049  
10042.64361  
10044.54177  
10101.24092  
10083.41339  
10126.12588  
10077.02156  
10086.08533  
10097.28964  
10072.25444  
10020.98914  
10061.31921  
10019.29082  
10027.70666  
10105.17065  
10132.05497  
10072.86014  
10067.48569  
10022.36874  
9987.609427  
10050.54666  
10077.27948  
10090.43969  
10031.07405  
10007.57313  
9977.669522  
10027.51188  
10018.40478  
9998.69453  
10009.51298  
10007.98369  
10061.61685  
10078.76355  
10051.42096  
10053.96131  
10031.51514  
10021.99261  
10023.85409  
10026.75134  
10064.56851  
10014.8511  
10002.01399  
9986.327935  
10024.39256  
10057.51301  
10026.36253  
10091.42712  
10033.27876  
10025.91003  
10059.64602  
10076.49487  
10097.67446  
10061.6139  
10064.65783  
10033.28216  
9964.269681  
10024.06662  
10067.61221  
10048.65404  
10056.8578  
10040.1488  
10039.51107  
10121.37173  
10119.40572  
10119.64062  
10084.11615  
10075.74099  
10112.16545  
10054.44823  
10099.66721  
10101.11915  
10024.56509  
10071.28471  
9992.73837  
10041.12179  
10025.03456  
10000.19473  
10033.49828  
10006.69584  
10065.5468  
10076.95048  
10088.95913  
10111.60223  
10070.09306  
10062.58198  
10049.49081  
10025.10744  
10041.41305  
10015.83409  
10000.46519  
10061.36477  
10005.65311  
9979.38437  
10018.86586  
9998.152701  
9979.269067  
9929.013071  
9995.93846  
9989.879263  
10057.23434  
10006.97643  
10040.18739  
10056.12783  
10047.5704  
10074.57908  
10064.79656  
10090.51748  
10075.84983  
10038.89434  
10085.70431  
10055.52199  
10031.8936  
10086.45588  
10013.92432  
10107.18251  
10027.64549  
10068.0586  
10080.48096  
10030.12087  
10103.04858  
10162.68266  
10081.61319  
10014.12762  
10087.42583  
10012.71013  
9980.40768  
10037.33367  
10044.16049  
10049.16081  
10073.03118  
10084.28031  
10080.56695  
10065.96292  
10031.06599  
10020.33968  
10035.93806  
10077.47246  
10180.52297  
10128.48428  
10099.22455  
10128.67049  
9877.826177  
9894.078978  
10052.04865  
10022.30156  
10040.77559  
10069.3474  
9974.775588  
9943.851939  
9975.448332  
10023.37735  
10097.07345  
10023.13139  
10040.12196  
9981.008962  
9988.582709  
9975.727221  
9989.03493  
10046.07587  
10007.94882  
10042.74215  
9981.90452  
10047.36338  
10017.0249  
10059.52159  
10053.79609  
10083.00205  
10094.72262  
10129.02112  
10131.4711  
10132.25909  
10120.99205  
10125.97435  
10016.55815  
10033.33584  
10022.03463  
9994.121233  
10011.12902  
10041.95831  
10015.73707  
9980.171375  
10022.98131  
10021.48656  
10046.27408  
10050.64295  
10041.79814  
10079.13887  
10071.69217  
10092.67629  
10079.73793  
10095.35089  
10053.48276  
10046.51771  
10006.61167  
10041.74348  
10051.84802  
10028.97939  
10037.90426  
10075.91879  
10058.50894  
10013.53995  
10012.63289  
10048.70833  
10024.81258  
10089.89652  
10037.77423  
10093.01251  
10109.49461  
10094.32531  
10056.19592  
10050.40685  
10004.91518  
10043.81849  
10065.8264  
10008.07014  
10069.03084  
10018.27958  
10046.96454  
9992.139744  
10076.18126  
10094.51457  
10058.01917  
10063.15429  
10068.53043  
10031.56857  
9917.145439  
10152.10697  
10055.45452  
10035.98152  
10034.32969  
10041.51774  
9992.094209  
10067.65264  
10001.19384  
10047.48647  
10055.88068  
10036.5602  
10008.4756  
10045.40717  
10096.16189  
10114.34154  
10017.01899  
10075.30189  
10025.82459  
10054.57697  
9961.983609  
10091.72263  
10106.79329  
10061.0656  
10009.36939  
10063.46203  
10039.15814  
9990.175144  
9984.908616  
10058.46175  
10086.92666  
10125.6707  
10087.57824  
10070.71278  
10097.96338  
9994.15639  
10024.3887  
10054.50867  
10064.6231  
10090.29442  
10094.25693  
10062.00575  
10061.78783  
10004.67912  
10025.25659  
9999.287513  
10033.98262  
10014.18168  
10069.93958  
10068.82778  
10032.3654  
10054.2666  
10078.52805  
10107.67668  
9993.90691  
9991.445882  
10063.27597  
10070.03282  
10098.14384  
10018.66939  
10022.6384  
9989.910595  
9953.724911  
9902.114051  
10121.90093  
10064.7282  
10051.7506  
9995.689449  
9974.26007  
10083.76881  
10031.82647  
10029.69074  
9996.263311  
10053.43061  
10020.09541  
10051.0549  
10096.97406  
10087.2412  
10020.41175  
10067.99933  
10052.19026  
10057.18182  
10009.27676  
10035.48891  
10065.91158  
9925.727308  
10046.89034  
10077.32523  
10104.77891  
10082.31984  
10105.77036  
10031.2333  
10079.76257  
10055.62302  
10072.8117  
10058.15779  
10063.15506  
10020.43036  
10070.9611  
10065.37289  
10075.89628  
10092.855  
10095.07525  
10000.07344  
10089.66796  
10052.43881  
10056.64191  
9929.52718  
10016.89473  
10015.34077  
10046.19732  
10059.23161  
10079.4374  
9998.052205  
10013.4875  
10012.32703  
9997.825757  
10037.49936  
10005.13405  
10056.09806  
10050.83015  
10018.30045  
9984.678475  
10028.55477  
10017.6631  
10074.62012  
10048.88332  
10125.06348  
10140.06827  
10098.95387  
10070.07363  
10026.28083  
10034.62962  
10025.0756  
9987.363902  
9981.117538  
10054.4402  
10055.34239  
10071.28336  
10008.48583  
10027.79668  
10130.46614  
10108.28669  
10108.23823  
10081.00324  
10129.68243  
10036.86146  
10026.78816  
9967.508171  
9991.800002  
9989.145003  
9981.765587  
10057.46461  
10030.46581  
9993.58761  
10011.31377  
10040.02834  
10088.66252  
10104.27322  
10068.3021  
10063.29364  
9908.370935  
10214.18406  
10023.37286  
9965.748519  
10036.46153  
10064.39539  
10016.10865  
10032.98198  
10091.75577  
10031.62327  
10053.61117  
10124.23111  
10067.45795  
10078.35171  
10045.58265  
10045.41384  
10040.97758  
10065.64501  
10032.51703  
10048.18068  
10069.4099  
10060.20546  
10064.31036  
10058.20311  
10050.11281  
10016.90025  
10086.44072  
10044.98596  
10127.56526  
10097.71256  
10066.627  
10078.46868  
10057.64113  
10059.53293  
10104.37331  
10042.92608  
10034.84229  
10074.75689  
9990.856726  
10021.85871  
9930.825976  
10040.99027  
10079.30378  
10089.54072  
10045.59018  
10048.39888  
10038.56624  
9943.586408  
9992.526344  
10042.02408  
9997.068814  
10033.1437  
10049.28188  
10063.96704  
10126.83025  
10078.55293  
10059.19278  
10029.50473  
10033.49023  
10022.66993  
9973.013942  
10016.64745  
10058.65654  
10003.1641  
10071.80689  
10007.86073  
10026.30118  
10074.58729  
10039.3888  
10053.82411  
10133.91708  
10043.22616  
10079.42667  
10050.23965  
10057.94951  
10025.21118  
10068.74751  
10040.75853  
10006.73876  
10028.75959  
10068.13529  
10109.34409  
10121.27111  
10043.40106  
10085.64325  
10052.18964  
9991.603889  
9953.794635  
10013.03986  
10015.78468  
10045.51082  
10033.82098  
10031.42938  
10050.12355  
9989.445818  
10153.50055  
10094.64581  
10123.07248  
10071.64479  
10037.65241  
10015.01629  
10034.70355  
10070.98825  
10033.41743  
10022.20386  
10046.27369  
9921.872941  
10081.14023  
10055.05132  
10041.11438  
10014.30705  
10011.97435  
10047.58906  
10004.82538  
10000.72661  
10044.64758  
10040.81667  
10065.48756  
10102.13201  
10117.60625  
10180.14316  
10089.09505  
10050.56316  
10027.10001  
10047.13716  
10038.01256  
10019.09762  
10019.44943  
10030.88757  
10020.95711  
10051.51093  
9984.681784  
10052.00891  
10002.56951  
10050.32726  
10061.96682  
10036.1437  
10096.35622  
10128.76903  
10143.69274  
10067.66213  
10114.84498  
10119.30536  
10086.85526  
10076.37596  
9965.167149  
9996.452822  
10018.61893  
9954.841867  
9929.148762  
9940.362738  
9932.33603  
9962.014035  
9997.776185  
10011.65517  
9993.177119  
10056.54404  
10052.59631  
10037.55908  
10052.32579  
10022.67141  
10073.01643  
10074.02952  
10095.20008  
10025.47894  
10041.9575  
10011.23136  
9968.527163  
10074.60396  
10096.79183  
10102.65666  
10110.56855  
10051.32838  
10096.15562  
10029.12351  
10037.60154  
10056.69923  
10027.44075  
10115.87117  
10123.07381  
10066.81553  
10041.11407  
10008.54092  
10042.41158  
10050.12776  
10067.07422  
10028.55064  
10007.4212  
10056.78104  
10063.24153  
10097.65361  
10107.75976  
10122.36659  
9977.826573  
10032.04309  
9989.162505  
10018.66833  
10070.92953  
10100.23331  
10007.15592  
10040.23439  
10037.06959  
9993.249823  
10032.12829  
10067.37692  
10032.05322  
10052.28798  
10011.4349  
10086.13517  
10090.82212  
10073.6303  
9968.31499  
10036.85298  
9980.982414  
10030.58372  
10085.79236  
10047.95079  
10019.36938  
10049.64939  
10057.97022  
10038.38318  
10078.07571  
10120.82809  
10086.82701  
10033.58536  
10027.59768  
9964.812461  
10046.0694  
10058.3018  
10010.116  
10037.78276  
9987.465349  
10053.81318  
10005.62675  
10063.39782  
10075.21923  
10070.9339  
10100.51684  
10107.06635  
10067.64667  
10092.21462  
10123.09713  
10065.23376  
10082.24891  
10070.02666  
10071.00608  
10034.3725  
10026.08463  
9998.629065  
10017.35158  
10035.24838  
10026.85148  
9985.294436  
10016.75932  
10071.9316  
10023.37301  
10096.84847  
10075.47216  
10112.53108  
10090.30755  
10104.42204  
10092.78905  
9976.847152  
10071.75729  
10028.76892  
9899.215945  
10066.19449  
10040.80172  
10071.71098  
10190.00079  
10049.43035  
9986.591408  
9996.30739  
10042.00915  
10022.87383  
9989.397559  
10030.53298  
9967.046234  
10010.13438  
10078.65798  
9996.767175  
10032.73064  
9976.944713  
10034.48862  
9970.935943  
10053.63027  
10008.01076  
10044.64622  
10136.0421  
10157.36382  
10095.46629  
10047.69462  
9973.79767  
10031.05881  
10070.01382  
10012.7297  
10049.56405  
10062.81057  
10072.19937  
10062.49195  
10105.84438  
10205.06171  
10131.09006  
10108.93618  
10060.45325  
9935.410103  
9978.474778  
9994.606622  
9963.678681  
10031.13388  
10100.08977  
10151.0092  
10074.37293  
10083.89901  
10033.13407  
9978.871361  
10082.31585  
10093.61588  
10002.77885  
10073.04158  
10026.11261  
10085.04378  
10030.78087  
10070.95927  
10060.54878  
10094.00774  
10123.45008  
10129.04822  
9970.143345  
10040.99969  
10028.27637  
10023.12327  
9996.354789  
9946.993945  
9969.410223  
9886.147902  
9953.68371  
9994.002919  
10025.17126  
10058.35266  
10057.94908  
9992.021403  
10031.54102  
10084.07211  
10098.48532  
10129.03325  
10047.73527  
10081.45267  
10051.6764  
10103.03807  
10070.88736  
10068.31952  
10075.38761  
10058.65988  
10048.44387  
10041.62184  
10044.63078  
9969.80681  
10030.27178  
10020.83018  
9974.894461  
10028.05031  
10046.79024  
10035.67512  
10100.86989  
10077.72038  
10055.3677  
10043.68302  
10053.73471  
10016.51889  
10066.29883  
10047.04964  
10031.65905  
10072.97298  
10076.9488  
10034.77776  
10039.47782  
10054.40538  
10059.62434  
10045.0637  
10042.11689  
10015.89596  
10053.38698  
10006.2265  
9962.443962  
10043.3006  
10073.50192  
10053.11672  
10034.80544  
10029.84659  
10061.88454  
10069.86181  
10046.03234  
9996.010298  
10034.51761  
10012.96821  
10076.93749  
10139.79199  
10150.44073  
10108.45505  
10105.76927  
10085.05419  
10099.98815  
10074.88629  
10049.49924  
9987.977775  
9914.580499  
9958.363969  
10005.09003  
10032.54715  
10010.00807  
10012.19995  
10030.99086  
10112.28892  
10048.80125  
10057.40703  
10107.54958  
10098.03096  
9944.520883  
10017.98204  
10021.00634  
10057.7642  
9984.689159  
9984.898519  
10009.27367  
10010.96284  
9973.026894  
10070.71661  
10097.49874  
10116.83131  
10085.47133  
10157.37732  
10081.00087  
10081.45564  
10107.82956  
10135.93741  
10073.91175  
9973.221495  
10019.73351  
10049.58836  
10001.80254  
10028.37321  
10026.25609  
9958.748785  
10002.14743  
10093.54673  
10064.38759  
10124.21446  
10074.24307  
10072.90222  
10021.25002  
9979.998982  
10032.05721  
9997.497478  
10036.90842  
10038.45546  
10036.92184  
10067.3196  
10033.87884  
9985.348934  
10048.77362  
10090.31711  
10050.07096  
10065.80038  
10087.05967  
10066.63427  
10031.21417  
10003.39978  
10040.77791  
10047.95174  
9993.579326  
10036.62049  
10046.03835  
10041.07377  
10087.87604  
10100.60273  
10067.13857  
10090.34832  
10038.71225  
10052.90413  
10076.45257  
9983.709348  
10063.55659  
10058.79009  
10003.50248  
10008.42333  
10062.83597  
10038.96014  
10060.05529  
10036.86166  
10078.07492  
10057.58853  
9997.982559  
10034.42985  
10043.11144  
10018.22846  
10026.01624  
9986.063294  
10035.38447  
10144.71122  
10106.39139  
10076.77333  
10042.78254  
10042.87042  
9961.062669  
10092.2045  
10098.6162  
10114.37322  
10141.57315  
10059.84099  
10081.4572  
9966.358492  
10009.00773  
10078.37957  
10069.03402  
10056.6608  
10054.7947  
10025.21094  
10058.2118  
10051.03199  
10031.46764  
10039.84493  
10081.84248  
10057.31642  
10034.17717  
10035.45577  
10015.42918  
10037.26218  
10018.35042  
10015.37665  
10000.62165  
10049.48901  
9978.251201  
10047.75768  
10070.54167  
10114.64325  
10081.71858  
10092.21316  
10034.40867  
10026.20372  
10008.03455  
10066.03799  
10049.80161  
10004.92436  
9978.728416  
10045.61162  
10070.02579  
10131.63243  
10125.61182  
10114.30662  
10068.21825  
10032.74374  
9998.893054  
10002.57852  
10011.79681  
9991.048498  
10017.96452  
10003.05715  
9969.421988  
10040.51246  
10017.27054  
10034.74327  
10039.99059  
10019.42934  
10038.92108  
10046.1117  
10027.51953  
10020.53707  
10012.02757  
10054.56552  
10054.2205  
10046.16962  
10089.17969  
10070.7408  
10016.45415  
9991.225591  
10050.17447  
10093.01423  
10054.95695  
10051.99437  
10040.1571  
10051.5908  
10052.73633  
10093.26448  
10089.36601  
10097.66752  
10114.3441  
10049.4397  
10049.38081  
10082.16588  
10016.92588  
10059.19121  
10048.06033  
10010.44207  
10023.95322  
10012.90838  
9979.258109  
10008.3608  
10067.18738  
10042.81467  
10050.80059  
10063.46595  
10045.44785  
10106.50908  
10127.51715  
10011.12769  
10110.88823  
10076.09014  
10109.76562  
10095.66075  
10026.77065  
10026.46393  
10060.99701  
10039.39413  
10051.43436  
9995.813012  
10162.44728  
10085.14232  
10061.40414  
10080.79675  
9885.235454  
10010.20927  
10025.15783  
10016.65842  
9975.383574  
9985.37557  
9961.099625  
9918.566846  
9996.001596  
10013.66813  
9971.595608  
10039.58301  
10067.13247  
10073.99958  
10051.43992  
10003.48061  
10069.80967  
10023.13241  
10056.78421  
10075.32744  
10017.9354  
10054.24875  
10047.95935  
10085.01637  
10104.99856  
10140.78514  
10072.95136  
10071.83809  
10082.30843  
10064.67227  
10042.48316  
10032.92855  
10088.8974  
10055.58426  
10033.44288  
10009.87081  
10084.13478  
10119.02623  
10083.63669  
10096.98317  
10047.63045  
10065.9909  
10043.57484  
10042.0087  
10010.43717  
10005.03992  
10034.75921  
10040.1045  
10062.8301  
10059.5346  
10064.41452  
10070.75836  
9998.224773  
10055.84002  
10010.61595  
10034.01881  
10045.39023  
10033.7747  
10042.19705  
10006.74069  
9995.09348  
9995.869666  
10074.07497  
10023.99344  
10116.15971  
10138.22971  
10037.78392  
10036.90168  
10058.29052  
10015.10562  
10134.72664  
10068.59522  
10041.97554  
10038.70941  
10034.9172  
10004.30408  
10063.55648  
10060.42983  
10052.63732  
10045.17548  
10065.39754  
10060.21577  
10041.38883  
10030.36319  
10051.31384  
9876.714678  
10150.27313  
10083.29137  
10046.79195  
10042.89329  
10024.5567  
10050.18798  
10023.08787  
10003.934  
10024.54796  
10021.27942  
10030.42932  
10028.28957  
10059.77742  
10048.57428  
10034.9891  
10006.14914  
10028.60261  
10039.74583  
9994.035246  
9992.083638  
10029.98524  
9956.613491  
10085.97894  
10078.15811  
10132.85197  
10136.77832  
10102.76239  
10033.60835  
10057.2016  
10098.08426  
10040.94  
10019.93611  
10008.48741  
9993.791959  
10026.78741  
10031.91726  
10110.78766  
10123.25822  
10056.13857  
10060.43478  
10030.88376  
10013.04853  
10073.04734  
10060.89821  
10053.20868  
10054.44006  
10081.44713  
10095.0202  
10067.33753  
10041.36045  
10018.35546  
10005.50064  
10011.22729  
10028.87052  
10052.24683  
10049.3144  
10049.08636  
10062.31586  
10066.40513  
10044.25372  
9993.040906  
10014.92282  
10025.15498  
10023.48497  
10063.50437  
10091.6768  
10066.06821  
10119.34331  
10057.90723  
10048.66982  
10066.50631  
10039.55802  
10056.8366  
10067.18585  
10019.65435  
10109.95549  
10090.27264  
10013.08627  
10025.9795  
9963.027548  
10013.77009  
9980.782846  
9938.777583  
10025.93319  
9968.232713  
10102.07791  
10093.97713  
10101.70178  
10084.82985  
10041.13872  
10017.72335  
10090.14618  
10037.8263  
10068.93091  
10046.0765  
10072.71343  
10038.03698  
10066.25737  
10046.32477  
10083.34839  
10041.43923  
10103.64199  
10060.40475  
10030.03863  
10021.65516  
10105.82298  
10121.70024  
10069.25042  
10048.84873  
10007.52006  
10033.57933  
10049.03357  
9984.131187  
10020.67736  
9975.828494  
10012.71048  
9971.719072  
10060.63641  
9996.935386  
10131.81794  
10111.25493  
10056.84265  
10062.68559  
10039.50331  
10066.56821  
9934.602676  
10032.83144  
10044.36076  
10054.80883  
10009.27481  
10072.84105  
10039.85897  
10032.11693  
10048.63851  
10061.52672  
10054.59327  
10019.84591  
10033.11906  
9971.727126  
10067.6002  
10046.99492  
10089.67533  
10058.45356  
10083.87899  
10082.09059  
10096.26277  
10056.26807  
10093.1906  
10045.64748  
10088.17492  
10087.45041  
10082.74689  
10051.62972  
10008.95204  
9945.171269  
10022.05744  
9966.801775  
10035.71148  
10035.36942  
10041.02525  
10048.5214  
10114.28863  
10049.26082  
10093.90363  
10092.11206  
10033.49949  
10037.33285  
9989.742626  
9977.630633  
10008.54378  
10019.70163  
10013.02145  
10065.40824  
10034.83888  
10077.59743  
10100.60769  
10046.34509  
10046.41719  
10046.54336  
10030.51468  
10078.76546  
10045.45761  
10031.71431  
10025.17361  
10048.50312  
10048.50539  
9984.715741  
10033.31698  
10057.10215  
10039.59321  
10101.68205  
10064.9366  
10061.19551  
10028.49873  
10030.49672  
10028.98542  
9973.929501  
9996.402811  
10046.22189  
10037.42075  
10075.7033  
10062.61542  
10063.94561  
10063.98159  
10036.97806  
10068.96216  
10056.77211  
10069.63336  
10102.10517  
10101.97223  
10059.69866  
10003.88892  
10140.34416  
10021.49318  
10137.58426  
10112.29221  
10088.34917  
9979.372313  
10042.57977  
10086.03438  
10074.76917  
10052.5479  
10054.24721  
10065.44072  
9997.08055  
9968.999525  
9990.452485  
10013.98824  
9992.186274  
10054.14887  
10019.77797  
9960.299695  
9975.488185  
10164.8008  
10002.21415  
10004.16261  
10037.01548  
10022.51795  
10054.39498  
10041.92499  
10065.27432  
10054.87322  
10001.71642  
9951.04326  
9986.183456  
9964.226509  
9995.777528  
10027.10638  
10060.76596  
10092.96029  
10058.03879  
10126.08919  
10093.752  
10131.30909  
