10714.92033  
10739.47233  
10776.08187  
10786.52478  
10791.67745  
10772.05029  
10785.13542  
10800.32239  
10769.81116  
10799.30115  
10695.04704  
10731.15442  
10740.3892  
10757.81283  
10811.66284  
10763.59859  
10792.95898  
10779.40308  
10819.01501  
10814.7922  
10799.89889  
10787.06539  
10805.87378  
10827.40556  
10778.7487  
10767.28662  
10782.26444  
10791.52462  
10734.19214  
10710.53739  
10731.16634  
10743.68339  
10783.70846  
10737.69661  
10703.9106  
10720.27726  
10756.5507  
10796.74451  
10747.42782  
10760.15324  
10711.94503  
10727.81832  
10719.93652  
10746.60856  
10743.61719  
10755.41671  
10781.35234  
10809.89115  
10815.67729  
10778.43844  
10744.88245  
10742.52083  
10745.88159  
10770.20723  
10741.76278  
10840.8337  
10719.00968  
10714.44474  
10737.46484  
10784.91557  
10831.68982  
10784.67871  
10803.92562  
10781.46505  
10761.88436  
10781.7253  
10763.5  
10770.60099  
10798.58854  
10836.96525  
10831.12813  
10810.59489  
10761.16109  
10735.25387  
10722.72583  
10724.00846  
10769.61381  
10718.6355  
10695.4718  
10698.24561  
10715.35832  
10742.02148  
10730.24719  
10747.42533  
10852.24703  
10826.34188  
10834.01046  
10798.55697  
10768.77901  
10829.51176  
10777.91593  
10764.85779  
10753.92879  
10841.95785  
10756.02645  
10763.3667  
10794.60234  
10791.8171  
10819.46159  
10834.31291  
10792.8704  
10769.413  
10681.52478  
10767.8232  
10767.69132  
10711.78361  
10707.43591  
10754.86051  
10696.60567  
10736.04016  
10772.27958  
10794.50387  
10803.85067  
10753.07064  
10797.37036  
10748.33862  
10737.5918  
10793.65255  
10764.09896  
10753.44071  
10792.87048  
10765.36137  
10787.10649  
10790.92391  
10806.21729  
10834.52637  
10805.11833  
10763.77018  
10778.30457  
10788.63118  
10785.21505  
10784.61438  
10737.57756  
10700.67965  
10740.65393  
10716.98328  
10764.13208  
10739.19857  
10745.49569  
10781.83244  
10775.60693  
10785.53056  
10740.59151  
10772.86271  
10767.85994  
10796.54683  
10744.03963  
10772.22571  
10754.77332  
10777.40267  
10779.99019  
10803.00269  
10796.67891  
10802.99622  
10807.1899  
10862.29513  
10801.98031  
10772.84937  
10828.41142  
10805.17696  
10784.92957  
10720.82463  
10743.66903  
10698.24516  
10746.34916  
10747.89355  
10741.87488  
10739.28512  
10767.85295  
10725.54248  
10723.08305  
10754.67269  
10805.16418  
10797.28569  
10770.20878  
10755.76152  
10750.56958  
10766.36348  
10812.89848  
10763.55623  
10783.89408  
10797.53471  
10750.8175  
10770.98173  
10745.5435  
10810.74902  
10738.08325  
10813.11344  
10787.18901  
10808.85059  
10764.16174  
10794.96574  
10802.40474  
10801.70638  
10719.35824  
10699.97949  
10741.71008  
10729.46033  
10709.54663  
10775.49194  
10784.69515  
10792.63342  
10774.20207  
10760.30371  
10768.98682  
10825.05945  
10845.25476  
10819.76851  
10849.9338  
10832.65731  
10838.61743  
10760.08232  
10717.71228  
10726.20003  
10723.17041  
10727.12236  
10752.27665  
10708.97327  
10720.22339  
10714.93551  
10769.37398  
10754.10685  
10753.98625  
10819.1571  
10822.83126  
10800.14844  
10794.94283  
10788.74113  
10712.29907  
10762.71802  
10843.19328  
10784.79004  
10728.13477  
10760.62455  
10790.9585  
10724.01742  
10731.57499  
10724.29818  
10751.85775  
10776.90845  
10824.02563  
10795.13009  
10783.28027  
10759.21049  
10754.97502  
10808.24919  
10820.98792  
10753.76567  
10733.01469  
10774.59941  
10742.33785  
10767.01595  
10752.18368  
10757.95276  
10761.05929  
10754.61389  
10745.44283  
10758.34306  
10809.19702  
10782.29159  
10823.76383  
10768.8042  
10809.76758  
10793.09839  
10752.98588  
10731.19108  
10708.71159  
10732.08919  
10792.76546  
10755.62911  
10769.31445  
10715.75639  
10787.55794  
10763.5472  
10748.14673  
10714.28385  
10742.7509  
10794.51986  
10769.15304  
10798.61747  
10836.05416  
10805.65951  
10784.85942  
10748.91386  
10746.38932  
10730.53117  
10769.9493  
10714.22054  
10750.60103  
10769.4307  
10740.89384  
10750.62557  
10795.4786  
10799.03723  
10796.58118  
10788.01428  
10810.42297  
10822.67468  
10738.86576  
10794.09542  
10768.45504  
10780.75932  
10784.09188  
10730.61678  
10718.28992  
10722.91471  
10747.32243  
10767.17517  
10751.36369  
10753.73966  
10736.39827  
10804.29862  
10813.30192  
10814.15519  
10771.26095  
10704.34831  
10762.59383  
10828.54569  
10778.15861  
10801.68852  
10794.82259  
10721.46273  
10755.43111  
10779.54724  
10705.50806  
10747.3547  
10803.29749  
10783.18278  
10795.17008  
10803.15251  
10800.52039  
10734.65454  
10725.96965  
10764.61397  
10779.41622  
10774.24455  
10830.18551  
10876.14119  
10810.55986  
10768.36934  
10835.7642  
10791.29594  
10772.42981  
10764.05656  
10766.32418  
10708.62305  
10781.51514  
10753.56433  
10751.20251  
10738.42529  
10771.1519  
10755.67737  
10794.36857  
10788.26257  
10833.0293  
10739.7301  
10751.70003  
10796.92993  
10756.36292  
10726.98657  
10708.19417  
10657.53186  
10707.69853  
10753.19592  
10813.27124  
10808.13029  
10878.86991  
10793.37056  
10702.69368  
10719.94108  
10754.50297  
10809.34058  
10850.21151  
10771.59037  
10787.0352  
10781.18457  
10757.76953  
10738.83854  
10683.57332  
10751.43132  
10766.71379  
10800.57312  
10789.85189  
10788.86552  
10708.88534  
10748.521  
10792.50802  
10814.77633  
10821.3748  
10762.2961  
10783.37  
10705.55863  
10747.21073  
10770.78451  
10752.61658  
10724.1943  
10727.64583  
10713.44185  
10675.43848  
10780.62236  
10738.63188  
10754.88798  
10854.67037  
10820.11963  
10784.84163  
10834.23706  
10763.67411  
10805.40202  
10834.08687  
10759.81274  
10768.66532  
10794.54858  
10799.85409  
10745.93188  
10769.18648  
10808.94983  
10741.13424  
10751.93229  
10740.48718  
10744.54862  
10714.00403  
10791.28373  
10759.33813  
10786.89128  
10762.67594  
10815.56722  
10793.82751  
10804.97884  
10815.94084  
10819.69519  
10745.44885  
10764.65267  
10760.49361  
10765.4196  
10784.83008  
10829.48238  
10769.01168  
10762.37708  
10743.51982  
10761.80778  
10774.5828  
10797.90503  
10795.2052  
10731.84725  
10808.02112  
10830.22599  
10786.42403  
10820.72323  
10799.41821  
10798.74679  
10799.45182  
10755.18909  
10714.57576  
10685.32149  
10733.79814  
10745.45264  
10741.71659  
10697.52193  
10719.15479  
10709.74215  
10755.04936  
10749.28442  
10798.49821  
10788.53971  
10790.23893  
10738.12122  
10760.42008  
10773.64282  
10756.2253  
10767.67981  
10764.50269  
10768.19926  
10779.22017  
10769.02173  
10749.4598  
10793.45223  
10825.43978  
10787.3643  
10780.58321  
10786.23897  
10774.03426  
10813.52344  
10783.0944  
10736.86731  
10781.15792  
10828.14099  
10755.57772  
10747.71159  
10699.17525  
10773.52625  
10787.21578  
10776.49308  
10761.79045  
10789.62809  
10727.03638  
10751.63643  
10760.69747  
10797.19157  
10727.94812  
10782.92126  
10787.80269  
10786.18274  
10767.95089  
10801.3064  
10779.80412  
10792.64583  
10806.01058  
10783.00024  
10794.39775  
10762.68083  
10727.94328  
10750.08488  
10770.67806  
10751.36454  
10745.74593  
10783.90084  
10768.14681  
10757.56942  
10778.87313  
10749.17782  
10773.42733  
10801.44523  
10784.25313  
10779.81543  
10795.81942  
10737.95333  
10740.14714  
10743.49251  
10789.78015  
10841.91602  
10774.26583  
10686.40727  
10801.52828  
10831.43506  
10822.00378  
10794.94307  
10722.72257  
10741.3407  
10771.98865  
10761.73096  
10810.62801  
10786.11519  
10733.67403  
10715.55961  
10719.85022  
10712.7391  
10696.85815  
10760.44128  
10789.08175  
10818.04985  
10804.28674  
10725.43571  
10743.9115  
10731.61161  
10757.32633  
10775.04077  
10744.61589  
10790.6475  
10763.22107  
10777.269  
10800.14229  
10754.17843  
10828.04362  
10735.10563  
10764.87394  
10770.82548  
10786.20024  
10787.64335  
10787.03247  
10730.62549  
10732.37801  
10805.8514  
10782.27344  
10826.2301  
10796.3783  
10769.74137  
10761.80526  
10784.21399  
10762.52974  
10781.98165  
10800.76314  
10785.99243  
10720.02604  
10718.68347  
10762.27734  
10772.35246  
10767.73775  
10728.45451  
10736.16069  
10763.70394  
10750.7498  
10738.29883  
10768.18669  
10767.05501  
10795.74691  
10816.95528  
10773.40051  
10763.19637  
10800.10628  
10781.77869  
10783.95463  
10746.24723  
10740.83643  
10761.62813  
10697.67891  
10702.57222  
10718.45549  
10751.95544  
10750.30416  
10786.52393  
10781.17017  
10825.94552  
10839.08171  
10824.00859  
10808.29374  
10791.16447  
10759.33382  
10782.05412  
10770.9189  
10759.64722  
10728.61344  
10748.96627  
10796.87012  
10791.4397  
10809.78902  
10738.23442  
10775.22188  
10879.32979  
10823.74561  
10806.03377  
10742.83036  
10749.18477  
10803.20203  
10727.36385  
10781.20528  
10731.2863  
10761.58077  
10726.84932  
10775.15002  
10770.75301  
10755.35339  
10727.77368  
10756.89449  
10727.77576  
10796.40458  
10789.94645  
10823.17212  
10786.83879  
10760.75134  
10766.71045  
10765.53638  
10777.24072  
10768.43608  
10735.93717  
10756.0024  
10736.10522  
10728.6027  
10777.07438  
10798.17391  
10771.9692  
10773.07719  
10804.88379  
10798.33956  
10804.8855  
10793.03487  
10801.07381  
10717.3868  
10742.97571  
10820.22107  
10844.18075  
10740.29997  
10716.62805  
10695.49886  
10716.53149  
10750.90324  
10835.8634  
10759.83695  
10730.68001  
10726.69006  
10796.70158  
10770.6414  
10757.80176  
10784.07288  
10721.36491  
10788.38338  
10778.3737  
10842.17981  
10820.70732  
10801.4703  
10802.40531  
10800.50199  
10737.89482  
10728.51831  
10705.64799  
10744.21912  
10790.10152  
10745.89994  
10744.36153  
10749.83765  
10751.87252  
10769.26733  
10737.389  
10746.78979  
10808.99776  
10814.98979  
10746.11084  
10789.08223  
10802.42424  
10814.2441  
10804.87427  
10818.43705  
10849.58403  
10796.59013  
10783.45435  
10803.74996  
10761.50106  
10764.30294  
10725.41715  
10775.974  
10708.03125  
10733.44735  
10705.19458  
10756.69759  
10763.3905  
10798.20898  
10819.85535  
10839.01412  
10770.27572  
10742.95378  
10797.55896  
10760.64185  
10758.74276  
10763.77584  
10750.00667  
10751.91777  
10743.44157  
10711.68888  
10759.68119  
10824.99845  
10795.29797  
10816.35478  
10792.92741  
10722.03752  
10772.79403  
10747.99467  
10765.36466  
10754.8623  
10752.08712  
10799.68486  
10792.23625  
10756.57625  
10723.23079  
10764.03512  
10758.88749  
10723.77625  
10698.15999  
10754.91829  
10767.81592  
10776.28772  
10812.23783  
10776.16878  
10782.86617  
10761.54419  
10743.12  
10834.71777  
10854.04102  
10776.26058  
10768.5304  
10809.3503  
10680.67179  
10755.48267  
10727.07568  
10724.78276  
10758.71407  
10708.93343  
10786.08643  
10805.99882  
10752.1641  
10804.31824  
10813.32564  
10772.84066  
10795.09131  
10827.74723  
10790.4187  
10784.16585  
10736.69421  
10767.29801  
10760.55509  
10767.25248  
10774.43408  
10750.80908  
10799.81873  
10787.13094  
10807.20076  
10775.41732  
10835.17932  
10796.69238  
10724.76127  
10728.58569  
10716.42631  
10778.15759  
10790.42493  
10827.60181  
10796.51294  
10756.92843  
10739.6805  
10690.014  
10700.4244  
10698.34261  
10758.73511  
10781.60246  
10793.92786  
10820.64701  
10850.18709  
10802.64925  
10746.47428  
10756.67847  
10786.85555  
10832.57707  
10790.68697  
10781.91532  
10738.8114  
10754.00761  
10751.45951  
10815.98027  
10789.92773  
10782.57711  
10788.09542  
10794.90015  
10779.13082  
10759.77808  
10715.73116  
10734.00256  
10728.86479  
10740.82874  
10743.10579  
10781.29366  
10807.11519  
10804.06104  
10737.77738  
10762.40812  
10847.04716  
10765.28137  
10764.21082  
10778.0754  
10746.1685  
10762.20667  
10787.68213  
10768.17558  
10798.13277  
10787.67688  
10636.05949  
10632.43062  
10651.2183  
10796.29317  
10818.71216  
10813.12695  
10810.02808  
10824.77128  
10781.65348  
10732.53271  
10736.87341  
10701.01949  
10708.12931  
10684.07284  
10762.58822  
10780.59172  
10817.20048  
10788.50916  
10814.66187  
10800.46338  
10762.01343  
10755.52629  
10660.49565  
10784.97652  
10816.64673  
10828.88314  
10814.47506  
10862.76831  
10805.84147  
10744.42704  
10788.35791  
10827.38009  
10830.28963  
10843.34501  
10816.15946  
10758.34875  
10689.67273  
10683.64535  
10793.64697  
10795.37862  
10760.00203  
10760.96611  
10735.28866  
10714.18722  
10734.56266  
10808.10938  
10817.047  
10823.97538  
10829.64482  
10798.77104  
10749.90914  
10779.09713  
10784.84456  
10695.25985  
10719.09163  
10706.89795  
10665.82715  
10690.28678  
10746.02641  
10773.77332  
10772.56124  
10790.35299  
10778.24365  
10761.33744  
10762.30233  
10724.06665  
10735.7078  
10747.25525  
10765.67574  
10771.77445  
10777.73804  
10780.42965  
10782.67997  
10816.88546  
10781.38843  
10776.3595  
10774.47172  
10802.79228  
10714.66028  
10782.6663  
10839.62447  
10827.26237  
10772.02873  
10749.35885  
10763.97424  
10732.07861  
10778.49951  
10803.71208  
10772.92676  
10795.28796  
10771.65511  
10784.64742  
10761.58276  
10736.43286  
10763.99467  
10767.85502  
10796.6005  
10778.8759  
10803.43005  
10789.43937  
10772.7498  
10731.45117  
10743.97266  
10801.62866  
10741.2098  
10749.26599  
10770.37679  
10768.58236  
10802.21208  
10809.32601  
10817.20215  
10786.84237  
10748.26782  
10716.62065  
10839.55546  
10801.63322  
10764.87443  
10774.41431  
10686.54773  
10707.8728  
10725.90951  
10789.91903  
10777.35026  
10833  
10869.82133  
10828.93132  
10747.96879  
10770.9943  
10781.09249  
10786.12895  
10759.2432  
10768.60775  
10717.28398  
10774.83561  
10804.84375  
10752.12748  
10730.15108  
10664.1781  
10692.19613  
10693.51884  
10740.36841  
10683.31856  
10751.0804  
10783.19853  
10806.35282  
10768.14461  
10736.81873  
10754.52596  
10804.41504  
10740.75155  
10738.54826  
10801.73104  
10818.31514  
10770.80884  
10716.56714  
10754.0942  
10792.58903  
10775.56144  
10766.71431  
10781.56283  
10778.52364  
10808.30835  
10794.91321  
10779.50627  
10793.39535  
10829.76331  
10808.37756  
10767.21322  
10734.41846  
10785.6578  
10737.17306  
10808.21505  
10802.64551  
10806.78849  
10794.60722  
10785.95496  
10757.32918  
10764.3488  
10737.44889  
10761.25793  
10754.59546  
10718.22229  
10752.70418  
10773.62052  
10771.42554  
10750.20679  
10770.96769  
10765.00419  
10796.06991  
10781.38029  
10790.48039  
10776.12301  
10735.29329  
10757.29561  
10742.45544  
10794.92415  
10775.95728  
10747.67212  
10759.3422  
10795.91423  
10770.73299  
10778.48686  
10766.462  
10785.78638  
10765.35978  
10779.51294  
10781.5612  
10827.9882  
10759.34054  
10759.41809  
10753.88257  
10761.00073  
10735.49695  
10702.20158  
10757.18746  
10763.85673  
10717.72933  
10712.39929  
10719.63875  
10740.36987  
10790.54797  
10759.9884  
10810.09639  
10819.25354  
10875.64535  
10847.89612  
10799.43302  
10856.07263  
10828.79305  
10807.01514  
10783.88619  
10739.75439  
10802.03007  
10801.47949  
10804.32275  
10787.72835  
10699.51672  
10766.41589  
10761.41956  
10710.8584  
10769.69474  
10768.36991  
10753.5695  
10827.70667  
10747.25057  
10702.26554  
10721.82581  
10713.83647  
10730.55778  
10752.53373  
10750.83049  
10767.79928  
10751.19515  
10782.64132  
10804.07194  
10856.07491  
10854.19755  
10752.69242  
10719.4495  
10768.63472  
10754.27645  
10751.47095  
10797.32072  
10798.27209  
10781.5673  
10828.40165  
10796.94743  
10796.54012  
10768.90507  
10743.50305  
10754.21867  
10737.23478  
10767.93278  
10698.23535  
10751.99007  
10752.86825  
10791.39685  
10800.88582  
10742.85612  
10804.79891  
10814.36174  
10846.38403  
10772.30937  
10716.70317  
10753.76518  
10768.60921  
10781.99459  
10779.70048  
10798.92513  
10793.89473  
10775.25431  
10742.77507  
10781.0988  
10766.64905  
10737.98303  
10802.00456  
10686.00867  
10624.88249  
10600.75753  
10806.35295  
10833.01298  
10763.87329  
10761.39136  
10740.28691  
10723.33679  
10769.78731  
10802.28886  
10827.02242  
10764.80375  
10748.62728  
10745.50212  
10718.245  
10752.91361  
10752.92383  
10796.54049  
10819.25509  
10823.39136  
10740.17639  
10768.31836  
10748.67257  
10796.07422  
10829.5684  
10824.81612  
10796.71977  
10802.75338  
10779.93473  
10774.69279  
10751.75439  
10743.68933  
10728.18188  
10768.94678  
10769.61702  
10801.30428  
10826.83268  
10772.453  
10784.47461  
10803.65247  
10838.58944  
10800.46476  
10778.9991  
10768.20308  
10747.73442  
10753.77653  
10748.35583  
10784.62337  
10752.24548  
10713.82316  
10735.30379  
10723.00431  
10755.70988  
10780.80103  
10813.51892  
10770.20125  
10760.18164  
10740.91817  
10795.81348  
10777.35889  
10804.89701  
10743.06974  
10699.05066  
10703.10234  
10731.46114  
10747.38236  
10785.47038  
10770.09224  
10841.8503  
10803.63481  
10768.65092  
10769.97042  
10770.6984  
10770.8252  
10803.85864  
10805.12785  
10788.6368  
10801.49552  
10773.91618  
10708.80216  
10734.36572  
10710.47074  
10741.17155  
10761.45138  
10777.02466  
10737.36287  
10747.24731  
10763.15495  
10730.2996  
10763.72611  
10758.95907  
10743.17786  
10787.9224  
10826.28853  
10865.46456  
10829.10225  
10805.54195  
10842.87024  
10774.19161  
10812.79443  
10763.78487  
10749.5426  
10745.79565  
10753.51615  
10706.68807  
10692.58927  
10724.40792  
10792.12439  
10789.255  
10806.67782  
10770.71696  
10734.25761  
10697.86027  
10755.88257  
10762.44198  
10827.7345  
10820.61434  
10760.06852  
10752.8383  
10731.35645  
10742.95723  
10734.25944  
10753.64734  
10723.60209  
10754.54183  
10811.82479  
10758.8995  
10725.81901  
10745.25151  
10718.71879  
10728.64148  
10809.70524  
10767.89473  
10805.48454  
10850.50403  
10827.68896  
10812.83053  
10800.39168  
10764.70695  
10779.70972  
10713.66398  
10732.04968  
10715.93888  
10744.77934  
10793.1239  
10818.901  
10791.89412  
10751.36401  
10764.18677  
10725.50793  
10766.41764  
10756.21488  
10780.84945  
10741.85331  
10760.32515  
10771.52673  
10814.88684  
10816.27466  
10809.25769  
10786.26945  
10780.12699  
10810.16781  
10840.59521  
10831.50085  
10819.16471  
10842.46952  
10806.78984  
10810.62427  
10862.3099  
10826.9915  
10762.16988  
10723.58203  
10720.9633  
10749.15039  
10710.73275  
10694.45166  
10773.8326  
10763.93221  
10731.58793  
10748.5356  
10767.8123  
10826.36564  
10777.86373  
10772.91069  
10765.65373  
10797.58525  
10756.58146  
10699.54879  
10681.625  
10749.78402  
10721.38228  
10734.0966  
10763.03442  
10758.69088  
10763.0415  
10752.93807  
10757.27177  
10728.39205  
10787.46029  
10766.44637  
10771.53088  
10772.40186  
10795.12134  
10870.30973  
10828.94442  
10815.80282  
10758.38302  
10726.9231  
10690.04163  
10714.00696  
10769.46672  
10756.60242  
10776.74064  
10751.96509  
10783.743  
10763.62939  
10742.09607  
10722.94674  
10781.09945  
10829.06771  
10848.18608  
10809.38188  
10772.75704  
10731.96427  
10839.32576  
10852.21956  
10799.40979  
10741.93449  
10776.66866  
10756.07206  
10759.70793  
10763.5328  
10744.46863  
10757.22241  
10794.47363  
10766.67578  
10729.11202  
10772.21399  
10718.99158  
10761.56539  
10804.38029  
10803.54651  
10756.5238  
10751.88778  
10746.04557  
10730.1569  
10737.90316  
10746.71619  
10733.24463  
10751.53121  
10812.43127  
10768.68066  
10794.67049  
10783.29728  
10753.56624  
10799.71847  
10844.13534  
10824.27641  
10776.8949  
10768.80717  
10748.98889  
10713.94385  
10708.60893  
10720.76034  
10762.74251  
10776.50212  
10764.53552  
10766.86804  
10807.79862  
10779.31112  
10770.83126  
10756.04399  
10767.60193  
10753.8398  
10738.41671  
10803.88546  
10773.69633  
10798.36572  
10755.64091  
10727.82467  
10750.82589  
10749.75448  
10778.06612  
10776.4078  
10772.60042  
10791.0155  
10785.31893  
10772.68412  
10771.18083  
10828.7391  
10780.19246  
10810.9421  
10850.40202  
10779.88835  
10711.34977  
10750.54712  
10782.00228  
10781.38407  
10754.93966  
10764.6248  
10805.40556  
10741.38729  
10748.01998  
10745.51261  
10752.03971  
10778.38472  
10796.06807  
10770.67249  
10763.45341  
10732.71977  
10769.08077  
10740.20837  
10747.78577  
10744.13428  
10805.21916  
10830.79248  
10849.5942  
10821.57414  
10821.55855  
10785.07031  
10775.07349  
10783.48551  
10749.41195  
10771.86381  
10777.3643  
10725.89697  
10752.33875  
10746.61544  
10780.10706  
10755.91752  
10774.76681  
10690.88729  
10725.10824  
10738.72339  
10757.60274  
10752.39294  
10768.96765  
10809.91728  
10791.04403  
10810.04773  
10834.52958  
10781.07499  
10717.58659  
10783.65706  
10780.21936  
10745.19804  
10750.59595  
10739.13684  
10744.0697  
10739.94922  
10738.38342  
10807.48482  
10791.12801  
10765.47538  
10737.00415  
10755.51379  
10773.05998  
10778.64058  
10735.83105  
10766.55302  
10769.03971  
10786.61377  
10771.18319  
10823.88354  
10775.26522  
10784.43132  
10751.84184  
10773.23083  
10837.62919  
10840.15116  
10794.34249  
10751.10372  
10747.71781  
10725.37736  
10783.58142  
10710.58329  
10727.16956  
10767.43254  
10767.0061  
10724.81893  
10746.26355  
10806.06848  
10783.14689  
10775.85315  
10749.95776  
10709.29488  
10738.71431  
10760.6757  
10800.25293  
10787.85331  
10784.09399  
10765.74878  
10751.33842  
10710.92607  
10809.87154  
10774.20801  
10856.47945  
10879.94324  
10801.26607  
10732.76933  
10692.74202  
10782.65951  
10741.59847  
10716.73088  
10674.6794  
10737.30627  
10764.85299  
10735.52165  
10750.36019  
10754.68522  
10704.12052  
10783.70744  
10790.35579  
10768.604  
10770.78149  
10799.4672  
10813.40918  
10777.93294  
10837.95378  
10832.19478  
10809.19409  
10807.96708  
10779.02559  
10839.07825  
10865.7771  
10787.20256  
10725.82149  
10739.3835  
10760.26501  
10792.43917  
10806.43274  
10754.45744  
10737.82931  
10720.10254  
10713.80815  
10716.17192  
10759.37292  
10762.39909  
10807.50537  
10812.05607  
10787.17936  
10820.16321  
10792.30037  
10785.31917  
10802.52205  
10728.12382  
10731.52108  
10756.83704  
10741.13647  
10744.15767  
10727.91117  
10780.30546  
10742.07251  
10733.18286  
10755.42521  
10785.04468  
10774.68099  
10781.87858  
10758.57336  
10723.14355  
10754.10103  
10759.89437  
10773.38997  
10753.18225  
10790.58325  
10794.74976  
10796.46444  
10788.88424  
10775.01912  
10779.29671  
10764.42102  
10823.13127  
10817.90222  
10831.26473  
10754.86666  
10781.69185  
10834.06767  
10744.58264  
10745.0686  
10808.89429  
10813.15906  
10775.97396  
10764.66451  
10778.14148  
10711.00659  
10789.62793  
10740.4104  
10743.43677  
10706.36035  
10761.18315  
10747.48271  
10747.53564  
10783.4047  
10756.09823  
10783.45772  
10843.05782  
10803.53072  
10718.97306  
10723.71102  
10698.59851  
10764.86877  
10760.89994  
10752.17708  
10720.47196  
10714.07544  
10763.34281  
10742.75802  
10764.16691  
10847.13363  
10853.73934  
10783.59583  
10728.10954  
10788.36637  
10768.2168  
10796.81978  
10779.35075  
10829.5363  
10765.78658  
10763.31706  
10772.04785  
10809.89502  
10799.3066  
10757.80888  
10729.25684  
10809.5048  
10745.05672  
10761.43514  
10774.65727  
10755.22017  
10751.60201  
10770.98454  
10785.18522  
10790.06555  
10746.51619  
10831.40592  
10792.92224  
10804.91781  
10777.11324  
10760.89473  
10727.79358  
10734.9257  
10700.30188  
10774.75972  
10779.17171  
10796.00671  
10750.35608  
10732.48991  
10715.26103  
10760.46847  
10728.73796  
10768.16366  
10732.91292  
10730.26807  
10703.08134  
10782.43677  
10802.31262  
10816.35636  
10755.69967  
10723.15039  
10744.17594  
10770.78935  
10785.81836  
10761.79085  
10799.13456  
10773.03731  
10785.18949  
10800.91569  
10791.70374  
10780.08496  
10766.35807  
10732.25602  
10758.19694  
10801.27051  
10806.64449  
10837.37533  
10801.99841  
10796.75977  
10781.84574  
10767.08858  
10816.84928  
10833.6307  
10821.53052  
10816.86715  
10762.95113  
10801.20695  
10753.89596  
10759.05192  
10722.66707  
10745.15702  
10760.1191  
10755.429  
10727.47384  
10726.75374  
10762.49772  
10732.27673  
10718.52376  
10769.57739  
10744.20451  
10748.02698  
10760.99056  
10765.16093  
10782.7089  
10753.32931  
10789.88566  
10853.87154  
10801.60087  
10796.80054  
10779.34843  
10758.35445  
10763.30798  
10777.47933  
10768.34644  
10763.32617  
10798.30998  
10819.41264  
10821.31413  
10849.13859  
10769.43486  
10758.56742  
10752.90177  
10670.87642  
10700.48934  
10737.17883  
10783.24963  
10832.19023  
10773.97343  
10751.87935  
10747.19775  
10766.82613  
10761.09176  
10752.37276  
10762.84143  
10750.7231  
10746.17334  
10765.93681  
10784.35657  
10799.0234  
10794.12024  
10748.49345  
10732.06803  
10776.37577  
10835.40625  
10766.74032  
10744.61613  
10735.37354  
10779.76001  
10761.39994  
10765.97603  
10781.79578  
10772.10665  
10784.92118  
10804.36361  
10800.56934  
10739.5745  
10769.22595  
10777.34082  
10795.40649  
10852.06197  
10843.00712  
10783.11849  
10754.30233  
10712.07406  
10696.45333  
10703.86092  
10720.8682  
10735.49463  
10740.93156  
10767.18441  
10781.25521  
10754.9849  
10765.62358  
10830.60701  
10815.20662  
10863.79211  
10853.07316  
10868.27486  
10736.95496  
10690.23743  
10752.95707  
10735.4482  
10749.41109  
10764.39665  
10718.28129  
10750.92456  
10769.52494  
10715.68469  
10712.96025  
10739.78414  
10758.32955  
10760.24007  
10780.21191  
10780.02096  
10760.82393  
10725.23771  
10762.24764  
10741.01868  
10768.81852  
10788.36182  
10776.60331  
10765.75378  
10768.12646  
10762.00798  
10790.48364  
10817.23348  
10805.92135  
10777.41777  
10802.3138  
10742.74304  
10778.64884  
10776.76835  
10787.72473  
10760.14181  
10787.1984  
10752.54635  
10758.03914  
10757.98796  
10803.14787  
10770.13094  
10762.60905  
10771.8492  
10789.31844  
10800.07576  
10800.4506  
10775.27441  
10792.37122  
10778.48873  
10709.11983  
10787.36556  
10754.46969  
10777.83773  
10752.44385  
10803.5474  
10801.83069  
10795.08008  
10791.63326  
10751.61711  
10751.33276  
10771.84273  
10774.05046  
10739.85921  
10704.78398  
10722.29594  
10771.88993  
10806.34428  
10787.47375  
10780.73653  
10722.00883  
10756.49048  
10731.39795  
10729.21794  
10795.27437  
10751.97677  
10780.81274  
10744.95492  
10775.48735  
10791.20561  
10830.95243  
10814.64587  
10756.36332  
10772.64689  
10743.60181  
10770.9401  
10751.47375  
10784.58606  
10707.47734  
10720.19735  
10738.50313  
10755.59623  
10740.96004  
10768.0262  
10789.85579  
10778.9375  
10808.55416  
10754.8549  
10806.7491  
10815.79508  
10781.40401  
10819.18819  
10763.81177  
10781.21379  
10789.54146  
10884.07418  
10872.16785  
10838.56348  
10784.24593  
10710.96004  
10696.47139  
10701.66138  
10667.36776  
10716.43339  
10695.22994  
10716.68921  
10722.18604  
10775.09863  
10749.52759  
10797.63489  
10776.07402  
10781.98222  
10777.76583  
10757.80273  
10781.75415  
10763.70492  
10797.62158  
10745.32056  
10776.79183  
10800.87545  
10817.43542  
10810.09094  
10794.35307  
10785.83203  
10772.99817  
10717.4589  
10770.92362  
10765.18803  
10751.69796  
10719.70052  
10767.79679  
10746.94633  
10787.33004  
10755.85193  
10751.90161  
10770.28109  
10779.80143  
10804.26204  
10783.33647  
10780.74272  
10825.36491  
10805.4707  
10818.84644  
10772.86255  
10767.12052  
10765.28601  
10775.78719  
10755.11605  
10792.16069  
10834.8127  
10834.75688  
10778.18054  
10756.05013  
10723.40055  
10790.04  
10753.8193  
10759.73413  
10760.33065  
10754.55253  
10735.85657  
10768.91052  
10766.85368  
10786.69137  
10762.83516  
10736.65633  
10733.06547  
10754.50745  
10764.97583  
10785.56604  
10738.3501  
10718.61698  
10748.55066  
10726.19527  
10779.75741  
10757.12358  
10801.11153  
10807.41077  
10810.26066  
10872.46094  
10833.42924  
10771.83919  
10759.33386  
10756.95833  
10750.95748  
10759.4797  
10736.03707  
10735.41382  
10773.73165  
10780.59115  
10754.99255  
10749.26624  
10784.02209  
10787.96118  
10770.288  
10778.15487  
10818.60335  
10797.74443  
10776.06779  
10726.51713  
10754.64026  
10716.52511  
10754.04146  
10750.31327  
10742.84546  
10720.13277  
10711.81946  
10746.78792  
10790.68014  
10802.48995  
10796.05416  
10750.15206  
10779.49626  
10724.61605  
10720.32532  
10752.45056  
10728.78015  
10822.47835  
10830.03137  
10817.16467  
10857.95732  
10827.39478  
10826.32939  
10757.47449  
10760.24666  
10790.56083  
10787.61812  
10752.34298  
10728.13171  
10714.49723  
10773.03121  
10819.37573  
10789.70691  
10870.29248  
10777.30745  
10795.14591  
10766.36222  
10724.31531  
10722.46586  
10771.74211  
10782.72469  
10803.66117  
10800.29281  
10735.46362  
10711.71977  
10738.22428  
10756.25618  
10782.5557  
10781.13582  
10740.17647  
10720.62183  
10761.97408  
10781.24577  
10774.1331  
10763.58541  
10752.62646  
10750.24125  
10726.58008  
10738.13835  
10735.4788  
10743.47648  
10749.9434  
10763.26774  
10759.86222  
10804.96956  
10814.64384  
10739.04834  
10779.10917  
10784.87777  
10764.84359  
10746.90629  
10750.94474  
10746.68009  
10828.7946  
10805.61658  
10832.363  
10760.4443  
10744.37952  
10810.34322  
10808.94491  
10738.86584  
10779.74552  
10757.87077  
10793.41675  
10736.99959  
10772.35925  
10750.85889  
10733.83785  
10762.46338  
10743.03182  
10764.58049  
10719.13379  
10748.62964  
10787.61096  
10785.97331  
10833.60421  
10800.79569  
10775.85726  
10803.76058  
10802.58036  
10745.93144  
10781.95772  
10790.7146  
10810.4032  
10834.70947  
10849.71651  
10774.80005  
10773.45349  
10703.76998  
10717.87862  
10719.72839  
10782.32308  
10691.40535  
10745.63696  
10757.15605  
10765.0756  
10826.72412  
10801.3796  
10775.34607  
10767.52625  
10729.39185  
10725.80831  
10796.28361  
10810.41317  
10803.4231  
10815.9659  
10780.70764  
10763.99198  
10769.0188  
10793.85815  
10763.41585  
10765.23336  
10738.2004  
10720.83085  
10722.62276  
10721.2738  
10767.4279  
10768.2535  
10789.23193  
10844.73446  
10837.58752  
10781.24963  
10697.95524  
10675.11861  
10750.84477  
10772.39197  
10793.27673  
10738.43254  
10716.70028  
10758.01562  
10773.32458  
10803.17004  
10757.09639  
10759.80815  
10766.37077  
10766.28284  
10775.98405  
10802.46973  
10787.19938  
10796.37565  
10767.10014  
10721.00753  
10767.28642  
10792.97526  
10755.72823  
10754.95007  
10705.4884  
10820.99565  
10845.88497  
10807.23816  
10804.55245  
10740.42558  
10726.80664  
10781.40645  
10703.69747  
10695.20219  
10725.63957  
10742.46936  
10794.93734  
10786.96448  
10848.51335  
10834.18018  
10786.51473  
10801.60653  
10781.62545  
10774.34208  
10755.98918  
10762.01326  
10775.98588  
10800.51388  
10787.31986  
10787.38436  
10770.1735  
10822.13757  
10750.59163  
10709.67655  
10731.16935  
10764.31616  
10791.46903  
10787.92896  
10819.17314  
10745.25317  
10734.26855  
10752.14001  
10723.5461  
10724.58276  
10738.28642  
10804.82068  
10795.53837  
10797.03878  
10791.50423  
10787.63184  
10765.78113  
10802.71985  
10881.28337  
10816.36947  
10768.38306  
10696.15308  
10729.37024  
10712.42729  
10727.29846  
10679.64661  
10760.25468  
10789.22441  
10805.94653  
10765.93424  
10752.58553  
10793.18429  
10747.15572  
10752.42314  
10748.83748  
10757.85437  
10743.27319  
10765.27974  
10763.34192  
10782.86609  
10766.47274  
10710.04358  
10775.20036  
10790.97298  
10803.67826  
10802.44641  
10850.30111  
10816.31022  
10850.62549  
10806.69889  
10747.99479  
10719.361  
10720.34139  
10744.18514  
10761.99422  
10750.53153  
10774.74007  
10793.3894  
10812.87712  
10841.23653  
10772.31795  
10783.54195  
10828.33138  
10830.78573  
10794.32206  
10780.97302  
10779.54012  
10741.74475  
10730.01489  
10764.9908  
10706.72807  
10716.03711  
10780.82654  
10774.0933  
10758.60071  
10808.36646  
10780.76636  
10808.53007  
10731.17094  
10738.96309  
10751.90723  
10768.6685  
10736.486  
10744.83305  
10711.0579  
10681.59583  
10764.1359  
10771.97331  
10764.5682  
10782.77348  
10785.32231  
10784.26611  
10815.97831  
10800.8328  
10782.1425  
10780.85535  
10740.58297  
10736.31124  
10764.77372  
10776.68852  
10824.96932  
10747.49854  
10854.95256  
10864.34196  
10822.88424  
10853.80851  
10698.06392  
10718.94564  
10699.5068  
10705.04602  
10776.89152  
10750.13517  
10785.58341  
10750.62952  
10763.59696  
10726.53243  
10734.3953  
10716.05497  
10758.87764  
10763.26664  
10760.98047  
10752.99048  
10751.23747  
10771.88965  
10762.13468  
10807.00769  
10824.20317  
10810.87231  
10803.8549  
10733.02946  
10786.21025  
10757.86381  
10746.83504  
10770.37964  
10772.48385  
10779.48816  
10753.9967  
10737.79285  
10725.0811  
10779.01172  
10789.86764  
10825.08183  
10798.58394  
10813.82524  
10847.85649  
10795.51644  
10749.88981  
10755.75488  
10769.10583  
10783.34762  
10832.7231  
10794.49357  
10710.01571  
10726.49072  
10765.32052  
10754.31217  
10754.42464  
10725.97034  
10779.82284  
10809.28141  
10812.2157  
10793.0127  
10773.3033  
10723.92265  
10704.21195  
10732.67782  
10802.0544  
10797.65605  
10730.92712  
10741.65735  
10743.90348  
10755.34607  
10792.07389  
10741.82772  
10794.63949  
10800.80005  
10774.12451  
10775.82711  
10727.20972  
10805.09945  
10831.75338  
10805.9067  
10761.92615  
10732.45211  
10707.04106  
10721.53308  
10728.18254  
10744.32613  
10744.39669  
10742.18599  
10771.61251  
10745.44629  
10757.80688  
10774.7714  
10743.22278  
10795.0319  
10839.15918  
10774.28833  
10789.8479  
10779.87109  
10778.56714  
10799.27889  
10816.55994  
10811.31632  
10790.93127  
10749.46045  
10740.03935  
10756.99723  
10724.4681  
10743.69771  
10793.87459  
10780.97469  
10771.75285  
10792.23311  
10747.90658  
10733.79797  
10755.63098  
10735.7417  
10761.6829  
10808.02161  
10816.60193  
10780.51042  
10780.98608  
10791.72725  
10741.80961  
10789.49259  
10782.07336  
10796.22856  
10795.33065  
10758.78259  
10790.76473  
10784.14836  
10763.84192  
10763.16504  
10751.88831  
10762.422  
10796.7677  
10815.85828  
10774.56441  
10766.31474  
10766.67  
10774.20992  
10793.8842  
10773.58313  
10776.47298  
10785.74585  
10800.72559  
10811.94641  
10811.43306  
10777.08114  
10689.66093  
10702.25826  
10697.77511  
10745.75757  
10778.22807  
10758.96326  
10751.19194  
10766.0391  
10760.51208  
10748.60738  
10799.87968  
10796.70251  
10772.26892  
10812.45007  
10799.20898  
10783.81514  
10743.08639  
10765.37764  
10739.51994  
10765.45386  
10734.50293  
10751.9502  
10752.30705  
10787.34957  
10785.79301  
10769.13273  
10772.34082  
10790.04435  
10724.94975  
10706.58809  
10736.68811  
10742.6064  
10782.94857  
10760.28581  
10774.35099  
10782.27018  
10789.99052  
10789.6932  
10782.98075  
10746.07043  
10741.50842  
10785.90356  
10794.63908  
10801.29924  
10762.1652  
10728.41508  
10743.92403  
10754.31738  
10762.41093  
10759.09192  
10759.0529  
10773.61357  
10733.96794  
10763.61214  
10760.38717  
10777.54655  
10819.51461  
10810.17236  
10758.70117  
10838.0446  
10839.1158  
10818.91516  
10718.88704  
10751.54244  
10732.27832  
10743.94287  
10754.85872  
10754.86735  
10770.00948  
10769.05839  
10802.02502  
10791.26363  
10809.97835  
10793.35083  
10754.65108  
10776.86462  
10822.35181  
10791.86617  
10762.10026  
10715.61804  
10708.89319  
10755.97587  
10765.74919  
10812.20508  
10803.73592  
10819.60193  
10780.48934  
10815.3575  
10756.92997  
10730.88127  
10756.91016  
10672.78426  
10694.45146  
10657.58549  
10748.86507  
10786.74048  
10790.33403  
10813.26314  
10787.47701  
10828.53621  
10840.87569  
10791.3724  
10788.41756  
10784.95915  
10764.2843  
10811.03084  
10771.62317  
10757.09509  
10755.52551  
10773.95862  
10784.36117  
10744.08362  
10729.21785  
10753.0284  
10788.18042  
10758.54594  
10744.42289  
10750.02474  
10749.82027  
10785.81352  
10793.43722  
10766.40816  
10753.24719  
10725.74084  
10755.48075  
10722.68705  
10755.1191  
10784.88525  
10766.25456  
10789.79952  
10789.58557  
10828.99365  
10800.44157  
10759.26611  
10789.42672  
10717.20304  
10720.93522  
10731.98104  
10784.95756  
10792.94381  
10810.13794  
10775.30668  
10750.3005  
10781.62712  
10775.92192  
10770.76408  
10766.7502  
10780.01534  
10783.82666  
10743.80347  
10752.01624  
10747.48674  
10751.49788  
10759.69775  
10776.22066  
10801.6178  
10824.10075  
10773.55339  
10752.9185  
10789.19084  
10823.56665  
10833.13871  
10807.07894  
10766.25415  
10794.42407  
10788.06596  
10744.81657  
10733.111  
10741.74345  
10734.46729  
10787.09725  
10763.38326  
10819.97742  
10806.89368  
10848.63684  
10843.99304  
10794.23661  
10761.10779  
10777.76306  
10754.29565  
10773.62996  
10792.33752  
10773.01672  
10801.82503  
10772.16866  
10747.88806  
10700.07198  
10708.26412  
10700.77665  
10752.24817  
10720.53764  
10740.22294  
10747.53544  
10741.29118  
10745.82202  
10757.23596  
10791.77515  
10728.54924  
10756.42147  
10743.31413  
10729.18355  
10757.86564  
10759.52336  
10815.03324  
10805.09452  
10765.54024  
10757.18376  
10804.79439  
10788.46379  
10789.20992  
10702.47974  
10744.48246  
10742.27828  
10771.06978  
10806.96037  
10780.88957  
10732.32776  
10773.66593  
10815.7065  
10824.12988  
10795.613  
10788.38302  
10758.1757  
10738.58651  
10753.82023  
10739.79744  
10805.54993  
10836.04801  
10819.43372  
10776.34399  
10774.69828  
10766.67379  
10752.43856  
10750.00269  
10770.93477  
10771.88774  
10723.4526  
10771.14673  
10767.90861  
10710.55143  
10746.21334  
10773.62447  
10748.57731  
10720.67635  
10717.97184  
10749.52018  
10711.21289  
10877.64197  
10824.41536  
10805.92989  
10759.03328  
10773.24247  
10752.93469  
10809.2546  
10804.1309  
10746.96277  
10743.36161  
10683.03076  
10740.17493  
10760.67293  
10806.90951  
10849.72555  
10831.15299  
10796.79228  
10726.33964  
10740.48348  
10744.56177  
10774.36125  
