8848.968498  
8853.598324  
8853.269246  
8860.541943  
8878.9962  
8893.866463  
8921.931698  
8945.888794  
8909.88772  
8858.102743  
8866.219979  
8854.664583  
8933.911979  
8946.239958  
8998.073551  
9011.197005  
8990.288354  
8976.121322  
8975.655843  
8933.813411  
8948.337882  
8931.165332  
8947.845882  
8901.036808  
8876.063826  
8846.516024  
8853.225448  
8906.938696  
8870.00415  
8852.390633  
8838.758252  
8864.013013  
8850.414225  
8869.905819  
8876.324032  
8854.505428  
8870.058049  
8900.091536  
8975.510767  
8957.202856  
8910.197729  
8924.68313  
8858.059749  
8872.742049  
8881.609741  
8907.532056  
8858.379386  
8892.533879  
8864.155306  
8891.912752  
8879.770215  
8871.837036  
8922.718799  
8972.155721  
9042.470646  
9019.561239  
8989.432625  
8956.552214  
8972.339445  
8937.275081  
8888.900049  
8883.929159  
8880.717668  
8882.254484  
8812.972819  
8826.790397  
8789.679305  
8812.132454  
8885.68252  
8879.562207  
8847.948991  
8862.936418  
8847.893237  
8802.674276  
8849.350838  
8842.660547  
8881.10673  
8872.960978  
8859.642236  
8905.943075  
8921.007658  
8922.949715  
8954.908952  
8996.036589  
8958.611816  
8907.452026  
8892.664827  
8866.543245  
8888.679102  
8902.754671  
8881.376107  
8861.134806  
8827.274089  
8831.323413  
8889.131982  
8902.071899  
8918.268953  
8901.106445  
8920.260018  
8892.585734  
8946.821647  
8972.858219  
8987.467407  
9005.839762  
8991.13151  
8926.616235  
8884.896842  
8863.315739  
8862.612459  
8837.790308  
8869.027425  
8905.384521  
8866.990991  
8882.745207  
8872.55498  
8817.145549  
8835.399023  
8867.750732  
8904.226994  
8922.446615  
8908.139461  
8956.611035  
8956.291951  
8912.886629  
8907.057243  
8946.166243  
8875.424072  
8910.246851  
8897.031665  
8879.677214  
8875.277238  
8886.90577  
8936.742725  
8915.662085  
8899.144059  
8910.89349  
8916.041349  
8903.155794  
8913.909619  
8884.790576  
8930.454167  
8955.701367  
8940.903516  
8893.179647  
8893.113525  
8889.288289  
8901.884961  
8912.912996  
8905.317936  
8884.579191  
8840.984839  
8855.175521  
8873.930192  
8877.896322  
8881.799723  
8855.703882  
8896.296232  
8909.103174  
8905.873975  
8875.026562  
8861.362321  
8872.79257  
8906.736792  
8854.798462  
8904.55555  
8886.802376  
8954.816984  
8977.965617  
8979.689209  
8980.254272  
8963.883651  
8924.663363  
8842.243905  
8812.322144  
8807.831038  
8875.53575  
8864.091423  
8886.517782  
8858.545125  
8929.358244  
8898.477669  
8936.485262  
8966.719963  
8969.911971  
9016.64764  
8993.796517  
8902.8646  
8825.942179  
8831.718172  
8859.483773  
8879.901766  
8866.928857  
8854.659456  
8862.000838  
8802.463843  
8841.730949  
8842.558724  
8865.08112  
8883.319784  
8855.500342  
8937.283643  
8872.655868  
8927.427759  
8924.586873  
8929.459912  
8912.987573  
8974.214852  
9001.239632  
9062.435531  
9034.266317  
8949.866374  
8870.734635  
8871.737687  
8912.891829  
8911.008447  
8901.369149  
8877.075472  
8871.117578  
8911.483521  
8955.236572  
8881.021566  
8856.703687  
8822.855216  
8874.503597  
8932.867472  
8928.039608  
8931.493058  
8899.346647  
8838.536499  
8886.379305  
8933.168888  
8894.80791  
8878.691862  
8887.30564  
8927.316007  
8924.028931  
8834.000968  
8839.082349  
8837.385929  
8831.308797  
8800.678638  
8859.601367  
8836.999878  
8854.032926  
8866.340487  
8867.72238  
8919.670557  
8887.698869  
8898.2868  
8858.267383  
8945.14633  
8967.33881  
9027.610067  
9015.705208  
8942.875936  
8912.670052  
8891.063159  
8907.978361  
8885.00201  
8911.235132  
8920.289836  
8947.283643  
8915.006616  
8945.409253  
8950.85883  
8881.063363  
8863.879679  
8874.398633  
8939.212882  
8993.316553  
9013.49292  
9018.390959  
8977.722331  
8933.042131  
8861.716642  
8918.69637  
8886.659155  
8847.284798  
8845.26005  
8865.914469  
8870.999406  
8873.05804  
8888.95179  
8902.791528  
8889.899382  
8836.351758  
8864.474707  
8838.05485  
8909.175342  
8910.708276  
8893.090666  
8934.309814  
8935.202856  
8915.346753  
8888.216447  
8842.220785  
8881.165674  
8882.731551  
8869.694531  
8932.539648  
8937.78693  
8909.19624  
8929.593066  
8892.161865  
8875.867375  
8860.325618  
8854.296509  
8856.373739  
8838.439754  
8847.38925  
8912.506567  
8888.074015  
8885.311084  
8901.245174  
8925.406226  
8928.417456  
8931.683757  
8934.671924  
8891.83492  
8914.360807  
8923.149382  
8895.027596  
8860.087052  
8863.045101  
8899.809237  
8865.059139  
8851.808724  
8827.751961  
8816.01495  
8842.892098  
8904.532951  
8909.004378  
8912.706144  
8938.931209  
8952.706274  
8989.239152  
8964.186271  
8981.68278  
8914.911662  
8917.126725  
8927.760539  
8852.189844  
8870.584448  
8914.934481  
8921.009782  
8880.486019  
8902.97675  
8866.949512  
8927.770369  
8899.749626  
8947.974341  
8974.909676  
8926.832039  
8926.804679  
8890.315682  
8844.21818  
8862.892887  
8879.292253  
8849.944019  
8833.018758  
8869.755518  
8883.899015  
8874.298698  
8876.072046  
8867.100358  
8899.957674  
8941.669849  
8924.259408  
8878.961206  
8922.236882  
8921.254696  
8933.48995  
8913.282503  
8938.069971  
8867.225854  
8852.913582  
8851.216488  
8814.015047  
8801.378345  
8877.3691  
8889.384798  
8932.052433  
8937.070532  
8931.994971  
8870.430876  
8920.334489  
8974.685897  
9034.073861  
9031.128979  
8986.631071  
8932.045882  
8878.879093  
8846.383634  
8832.860653  
8854.261385  
8898.556185  
8881.44624  
8895.388403  
8932.160343  
8924.731925  
8933.065837  
8857.436125  
8863.143481  
8812.367904  
8856.55647  
8891.766602  
8928.321419  
8895.654883  
8874.172005  
8913.333195  
8903.256234  
8962.632658  
8923.8611  
8853.020532  
8903.310197  
8869.209831  
8841.383211  
8895.234155  
8894.293042  
8981.063477  
8990.576937  
8997.077262  
8990.418831  
8897.029118  
8895.692244  
8842.430412  
8832.400366  
8864.748112  
8908.914518  
8907.696655  
8899.271883  
8867.313403  
8827.825822  
8781.454451  
8837.569181  
8835.565096  
8917.722762  
8888.833154  
8888.298096  
8871.740983  
8873.508057  
8908.537101  
8918.593156  
8919.846224  
8912.576196  
8940.818351  
8892.772412  
8857.883504  
8870.218921  
8909.411987  
8901.842049  
8953.586857  
8955.206771  
8903.049015  
8917.054793  
8904.404867  
8961.39349  
8953.190706  
8913.250098  
8935.543791  
8923.989046  
8893.704256  
8857.936076  
8879.724308  
8907.145638  
8900.312752  
8881.726831  
8913.876261  
8919.38453  
8924.549902  
8882.345679  
8874.426603  
8910.896216  
8885.550936  
8907.523641  
8958.616911  
8915.618994  
8903.794401  
8875.129541  
8902.784701  
8910.075098  
8875.625382  
8853.126001  
8847.190112  
8849.416618  
8886.041618  
8949.854915  
9006.388257  
9040.418262  
8975.764225  
8879.403857  
8843.555151  
8874.085059  
8844.58584  
8845.229679  
8903.921281  
8866.882153  
8867.786686  
8886.189836  
8892.072135  
8870.452018  
8860.501392  
8892.602694  
8906.054997  
8896.8927  
8933.898975  
8905.4462  
8870.133887  
8873.622282  
8861.90839  
8881.912012  
8886.407267  
8968.062541  
8987.20236  
8962.805086  
8955.810815  
8845.924186  
8833.247624  
8900.207463  
8887.709684  
8859.362663  
8873.556087  
8871.462573  
8928.83313  
8906.653662  
8865.578247  
8876.144255  
8928.639412  
8844.213045  
8864.715251  
8927.094702  
8901.107853  
8922.51307  
8910.711279  
8857.696419  
8837.24493  
8946.271672  
8905.274976  
8958.472648  
8893.862386  
8909.48291  
8886.259269  
8908.674357  
8879.540299  
8854.955786  
8885.390479  
8971.330843  
8994.281356  
8991.752808  
8986.792619  
8878.226807  
8843.397567  
8832.476725  
8866.070011  
8854.866488  
8824.639087  
8846.466357  
8851.27076  
8884.53173  
8885.719645  
8855.659147  
8850.15516  
8881.741561  
8895.397249  
8905.158765  
8887.331038  
8950.058162  
8929.758529  
8952.530046  
8954.029712  
8902.833968  
8894.276082  
8909.465706  
8880.002653  
8924.146061  
8875.149015  
8891.055062  
8830.150146  
8832.133748  
8877.457764  
8855.962264  
8934.101823  
8884.406364  
8890.557536  
8880.806763  
8880.132235  
8898.298421  
8845.588403  
8868.239339  
8866.297363  
8912.889225  
8913.812516  
8945.440234  
8944.351668  
8917.603101  
8934.54458  
8900.178833  
8876.198747  
8886.438501  
8902.445182  
8880.315519  
8881.667383  
8835.859888  
8850.516284  
8888.252889  
8926.542822  
8961.238428  
8923.739543  
8906.846525  
8924.176221  
8956.910758  
8981.141512  
9005.175659  
8975.527205  
8944.646493  
8871.45769  
8868.227979  
8873.044303  
8883.788615  
8855.733171  
8824.912858  
8831.887052  
8880.569401  
8895.924585  
8864.361206  
8871.474105  
8870.085531  
8879.136776  
8895.609644  
8919.265348  
8912.254297  
8924.041577  
8959.362581  
8968.576978  
8967.914779  
8981.717277  
8944.553662  
9028.422803  
8891.666545  
8912.862549  
8855.266317  
8840.588428  
8853.355347  
8858.277629  
8816.614583  
8782.494539  
8826.202498  
8795.941463  
8849.820679  
8893.067977  
8910.998674  
8927.893278  
8909.251473  
8908.789714  
8904.99458  
8955.52063  
8964.284489  
8965.03492  
8915.548389  
8889.321379  
8844.47373  
8893.358716  
8886.875505  
8924.946452  
8889.421061  
8896.39528  
8853.940706  
8815.605745  
8863.854476  
8904.252189  
8895.207104  
8936.612573  
8988.372974  
8989.595256  
8935.324284  
8902.705485  
8910.300505  
8942.856055  
8896.247559  
8895.426457  
8947.582511  
8905.867977  
8931.147689  
8903.86866  
8860.886328  
8897.081372  
8861.639909  
8891.407373  
8887.973551  
8874.299422  
8926.475635  
8916.678955  
8904.269246  
8930.244507  
8911.715283  
8946.273901  
8949.867594  
8966.688599  
8991.202588  
8888.222689  
8883.335669  
8800.579679  
8857.124284  
8850.965666  
8906.207096  
8926.162166  
8853.800667  
8927.397835  
8938.261247  
8889.810067  
8900.840633  
8874.270654  
8906.486719  
8870.487541  
8910.857788  
8888.113143  
8914.154647  
8986.605583  
8939.940186  
8901.198958  
8871.436556  
8885.896094  
8916.26084  
8884.616919  
8937.07382  
8931.996875  
8977.713623  
8987.133171  
8971.564307  
8949.459692  
8864.119279  
8862.051294  
8876.871281  
8909.914624  
8895.281226  
8955.130623  
8898.789014  
8915.880021  
8940.59917  
8915.935107  
8918.165047  
8880.234985  
8889.736035  
8914.323877  
8958.061434  
8917.283382  
8880.722965  
8872.00944  
8841.641805  
8863.094971  
8870.593636  
8896.609318  
8895.856453  
8858.105892  
8813.373356  
8884.581144  
8908.014917  
8925.297616  
8879.320508  
8933.541325  
8935.515755  
8972.057267  
8961.30293  
8884.390877  
8880.949967  
8894.069857  
8924.776473  
8888.880306  
8868.961776  
8839.507739  
8835.325553  
8821.603825  
8843.797876  
8882.50297  
8892.86403  
8938.275627  
8881.606763  
8933.575122  
8902.174284  
8881.885026  
8908.557959  
8862.998665  
8876.247461  
8903.97203  
8905.514339  
8881.310856  
8857.940715  
8826.301375  
8823.048893  
8919.952547  
8950.806169  
8892.937199  
8890.20057  
8903.66145  
8904.983252  
8930.675317  
8986.170679  
8999.342643  
9025.560824  
8948.260384  
8904.497127  
8847.703809  
8856.802401  
8877.217716  
8906.547461  
8896.655208  
8897.094214  
8887.518319  
8810.101164  
8824.47255  
8889.079956  
8891.25756  
8923.383545  
8941.464535  
8913.621313  
8926.40542  
8898.212638  
8834.702669  
8875.015096  
8850.441577  
8833.132739  
8792.624023  
8832.033024  
8913.260563  
8905.255135  
8931.178906  
8955.677718  
8938.14047  
8925.85708  
8903.649788  
8915.93859  
8947.997925  
8933.913273  
8874.786589  
8918.618424  
8930.540511  
8943.046484  
8929.620866  
8939.245085  
8992.837386  
9003.352922  
8966.335392  
8925.463981  
8928.724007  
8974.975659  
8931.90743  
8901.261247  
8813.8538  
8799.307609  
8785.051302  
8830.523543  
8856.465975  
8854.834603  
8830.17509  
8845.008455  
8838.644466  
8873.737378  
8837.633472  
8837.184131  
8902.087996  
8918.335335  
8896.660213  
8910.236564  
8879.421061  
8885.51005  
8949.187541  
8955.793026  
8947.693701  
8958.194409  
8911.405404  
8861.767114  
8859.240771  
8929.312492  
8980.277661  
8954.12557  
9008.164478  
9008.538949  
8940.339095  
8890.892936  
8887.586597  
8884.934717  
8833.842326  
8874.970907  
8903.208455  
8911.379468  
8855.343148  
8892.354948  
8928.752596  
8902.389022  
8854.219116  
8858.603809  
8880.941064  
8877.541309  
8856.197388  
8897.156104  
8930.854801  
8987.08715  
8972.042733  
8970.115869  
8873.592285  
8882.504232  
8847.10616  
8853.9073  
8895.856917  
8877.941781  
8873.661019  
8866.455811  
8884.992456  
8854.918237  
8904.070573  
8863.830859  
8837.221493  
8877.197738  
8846.541797  
8867.580347  
8891.240438  
8945.906982  
8897.20634  
8903.102922  
8955.534587  
8953.242765  
8926.145052  
8898.044482  
8876.736336  
8826.579891  
8881.438053  
8829.380501  
8863.873185  
8860.545711  
8866.18894  
8917.30612  
8909.784041  
8912.634245  
8910.14318  
8966.093555  
9020.501978  
9022.947933  
8977.319954  
8890.167969  
8872.755615  
8855.192383  
8884.591756  
8912.999341  
8905.384701  
8865.903638  
8924.089771  
8886.825163  
8930.699512  
8947.4066  
8968.746216  
8918.166504  
8899.513298  
8876.096379  
8842.879777  
8896.049805  
8861.723576  
8868.733447  
8880.430656  
8877.291642  
8884.702067  
8912.170776  
8912.805615  
8864.586523  
8872.855745  
8867.911963  
8931.867814  
8974.27911  
8982.78741  
8912.237948  
8886.504956  
8828.711702  
8857.447144  
8866.02395  
8820.613143  
8909.746493  
8910.350171  
8963.457096  
8975.861092  
8938.336182  
8933.038029  
8910.516707  
8901.640202  
8900.079118  
8846.102327  
8880.347209  
8916.051986  
8919.493156  
8888.162646  
8853.0514  
8902.231266  
8904.266089  
8885.647705  
8912.349731  
8906.976994  
8902.476994  
8921.303532  
8897.846167  
8899.271842  
8945.387874  
8916.26709  
8885.006063  
8891.483244  
8859.493058  
8842.077238  
8860.280249  
8865.239559  
8841.295475  
8839.580591  
8858.382023  
8927.039087  
8967.220622  
8918.591423  
8903.251701  
8879.668115  
8908.415096  
8912.967928  
8894.934188  
8896.789657  
8919.381038  
8940.449609  
8957.46259  
8910.587126  
8845.423763  
8839.047575  
8857.996558  
8888.707389  
8904.301815  
8910.326774  
8912.341024  
8869.435864  
8905.826326  
8880.240617  
8920.001611  
8855.196623  
8896.918473  
8869.688477  
8911.739364  
8882.239453  
8908.095451  
8871.916846  
8881.119377  
8879.821549  
8917.605355  
8940.637118  
8918.875879  
8875.338135  
8885.167912  
8948.903621  
8984.398258  
8973.699919  
9017.964754  
8975.843433  
8917.770272  
8860.437826  
8829.347941  
8834.528206  
8864.812028  
8873.576538  
8867.902718  
8842.971313  
8845.960465  
8908.965088  
8978.956649  
8973.349788  
8911.926725  
8878.871118  
8845.961938  
8881.749056  
8937.165999  
8954.77561  
8919.743774  
8919.033984  
8874.907967  
8923.396663  
8959.810848  
8909.41613  
8888.760661  
8881.546346  
8833.988485  
8876.735848  
8893.929142  
8872.837069  
8924.324748  
8922.944328  
8932.377474  
8861.114673  
8855.097917  
8837.531779  
8867.639535  
8901.899113  
8881.821606  
8882.775252  
8873.959204  
8876.338346  
8891.99279  
8898.093449  
8930.357886  
8921.265918  
8897.733301  
8959.35835  
8962.987036  
8944.599829  
8964.593612  
9016.198503  
8976.38667  
8990.330225  
8843.508317  
8854.174797  
8856.047046  
8855.689974  
8913.378288  
8963.362606  
8960.162516  
8905.857813  
8899.611011  
8921.976587  
8922.460156  
8923.049788  
8922.709163  
8907.566748  
8911.294189  
8959.836287  
8928.367285  
8905.66783  
8926.503361  
8904.94104  
8871.271867  
8886.683553  
8897.34589  
8907.875708  
8887.051392  
8834.286125  
8821.944604  
8806.093677  
8791.722518  
8831.007625  
8868.506885  
8994.356136  
8979.705827  
8922.821257  
8904.601278  
8855.814657  
8899.849658  
8865.95695  
8876.690706  
8902.851253  
8942.188737  
8947.579403  
8901.874382  
8895.270345  
8922.329053  
8982.497201  
8972.173722  
8973.629712  
8909.89366  
8903.853442  
8848.726416  
8865.539071  
8892.920093  
8884.684831  
8870.331868  
8827.034009  
8842.387899  
8797.048242  
8820.159831  
8823.36355  
8877.686629  
8877.721468  
8894.563639  
8894.494116  
8932.657601  
8925.798478  
8939.211377  
8953.827327  
8889.439535  
8845.250041  
8847.97985  
8890.089779  
8871.080721  
8881.349455  
8877.21827  
8864.55  
8881.551823  
8869.833895  
8873.480981  
8878.132088  
8885.408537  
8907.31001  
8930.174951  
8916.86307  
8913.052181  
8898.201213  
8845.690462  
8838.033301  
8899.3882  
8902.606958  
8928.423503  
8927.713843  
8929.281746  
8984.71674  
8955.37277  
8911.401603  
8896.397217  
8861.048771  
8860.083341  
8869.630216  
8863.232764  
8897.417627  
8876.397217  
8865.265259  
8856.853564  
8894.603019  
8902.287134  
8914.171313  
8933.43645  
8885.901009  
8925.90363  
8900.97408  
8893.796826  
8904.178792  
8935.472371  
8919.360091  
8890.127759  
8851.008057  
8874.390731  
8933.074349  
8951.703019  
8990.565845  
8910.758879  
8900.526709  
8942.461011  
8961.966903  
8891.971305  
8873.437061  
8907.084733  
8842.296737  
8875.692668  
8855.517147  
8874.868172  
8923.147933  
8933.736751  
8978.490649  
8981.909806  
8938.911092  
8879.495785  
8834.444108  
8836.875903  
8827.73763  
8846.352002  
8847.730347  
8900.142326  
8921.397917  
8876.745435  
8857.540609  
8900.235758  
8952.338322  
8982.750741  
8961.835173  
8925.437573  
8927.503825  
8903.868823  
8877.290698  
8876.713249  
8904.587915  
8867.845174  
8879.130754  
8829.488534  
8837.476904  
8910.947664  
8923.202189  
8877.074609  
8879.505941  
8897.180672  
8918.712516  
8896.885636  
8878.657568  
8899.331266  
8895.259294  
8894.542952  
8910.424845  
8982.405591  
8931.068058  
8889.299268  
8941.700456  
8939.963452  
8957.112492  
8885.264966  
8883.160327  
8863.310563  
8859.315609  
8829.38492  
8851.143742  
8844.725008  
8864.897786  
8906.871549  
8902.225057  
8934.208577  
8923.031006  
8923.176709  
8933.854598  
8913.280615  
8866.96075  
8832.626009  
8913.489258  
8898.166732  
8832.054753  
8849.402271  
8907.559041  
8907.302433  
8915.978068  
8884.213192  
8889.998088  
8941.093693  
8962.089852  
8976.466146  
8937.658447  
8935.399113  
8959.131136  
8942.535832  
8910.58606  
8895.237598  
8902.981551  
8889.658496  
8880.228849  
8894.257544  
8902.109904  
8907.155306  
8909.499259  
8939.4736  
8876.119246  
8836.781413  
8903.830973  
8882.599455  
8891.33077  
8912.161426  
8950.686499  
8955.658976  
8931.798804  
8960.032658  
8919.566496  
8926.429753  
8865.697111  
8855.921322  
8884.14445  
8889.698633  
8860.332642  
8875.98103  
8916.802035  
8920.902319  
8857.435677  
8881.452637  
8911.784432  
8928.458911  
8959.559082  
8970.211507  
8973.027661  
8941.980339  
8915.71757  
8915.391178  
8894.608813  
8852.852303  
8887.308309  
8910.593416  
8918.738517  
8916.761198  
8898.929883  
8874.978271  
8851.870492  
8790.033276  
8891.133374  
8920.417098  
8989.312223  
8925.754875  
8854.727018  
8877.123177  
8873.957121  
8914.394629  
8949.435856  
8932.774902  
8930.540715  
8877.368408  
8841.46744  
8849.390568  
8854.189323  
8876.127751  
8822.303695  
8821.987467  
8904.394279  
8934.33724  
8916.900887  
8923.820955  
8900.568538  
8910.300562  
8946.322746  
8984.334725  
8902.740633  
8889.620597  
8872.077051  
8864.424316  
8903.125635  
8941.467594  
8966.85743  
8908.134253  
8835.23811  
8872.34257  
8879.460335  
8879.905469  
8910.289038  
8881.237777  
8845.649536  
8844.286751  
8800.016813  
8786.582113  
8839.862695  
8863.427507  
8867.910229  
8946.154419  
8912.331217  
8892.647404  
8902.521834  
8873.163639  
8885.692082  
8882.770174  
8904.767253  
8864.929175  
8845.424528  
8871.394881  
8920.060368  
8968.711458  
9032.627661  
9018.526676  
8962.296029  
8894.049414  
8833.957161  
8884.032129  
8860.055721  
8886.714795  
8886.50105  
8915.358748  
8926.820256  
8904.449854  
8909.994824  
8890.625448  
8941.783341  
8924.709391  
8959.619979  
8960.015601  
8953.121053  
8928.874731  
8989.312093  
9009.992863  
9013.262646  
8927.933529  
8848.214054  
8806.487565  
8781.516976  
8848.165894  
8845.1625  
8849.332699  
8855.342651  
8888.17784  
8848.792293  
8881.061914  
8842.02605  
8912.060449  
8993.412557  
8945.001392  
8921.631844  
8815.16342  
8895.439242  
8863.636572  
8907.205868  
8923.024154  
8895.273877  
8946.460815  
8973.257161  
8997.565299  
8911.65472  
8851.674056  
8804.373893  
8837.04126  
8878.322493  
8878.807845  
8870.038289  
8893.412915  
8965.244238  
8955.083333  
8915.361401  
8915.768058  
8902.058545  
8919.074683  
8841.095353  
8910.882609  
8939.763428  
8927.857056  
8884.592782  
8880.791862  
8881.521696  
8903.4705  
8947.90988  
8900.453939  
8926.762077  
8990.404671  
8934.521672  
8883.006104  
8906.035246  
8890.867131  
8851.604012  
8858.227588  
8864.976261  
8872.731006  
8867.643929  
8853.202262  
8889.287231  
8956.321126  
9019.784448  
9046.865853  
8994.630436  
8912.164469  
8822.788127  
8829.058789  
8797.483521  
8846.791439  
8853.410986  
8904.84375  
8876.919124  
8924.247192  
8926.112345  
8975.328296  
8913.566732  
8909.056217  
8850.301115  
8803.603385  
8847.750895  
8868.516154  
8945.346924  
8876.957747  
8947.839364  
8991.684375  
8982.624886  
8975.349333  
8939.087419  
8873.923234  
8815.091797  
8865.700309  
8877.067106  
8903.386572  
8904.508659  
8959.111776  
8991.635246  
8905.366292  
8888.121322  
8840.369491  
8907.4368  
8843.767855  
8834.666219  
8836.758285  
8855.183724  
8874.277523  
8890.170313  
8831.161247  
8851.113737  
8898.970841  
8920.688273  
8918.976164  
8862.393001  
8884.512581  
8934.636564  
8905.33562  
8891.28182  
8908.21967  
8893.108993  
8953.374772  
9013.9837  
8973.782658  
8960.062288  
8924.831234  
8886.836051  
8826.160124  
8874.877889  
8877.699845  
8910.77312  
8875.280208  
8907.130135  
8904.872974  
8914.214168  
8906.404403  
8886.927401  
8891.132406  
8897.227702  
8873.971997  
8916.547884  
8953.765007  
8904.74681  
8926.171688  
8841.760897  
8871.02797  
8825.899894  
8868.203833  
8870.348763  
8862.299943  
8876.644238  
8878.405037  
8919.648055  
8913.325195  
8905.861873  
8982.984709  
8912.359082  
8929.014681  
8897.874438  
8829.492863  
8817.776383  
8855.261499  
8868.109977  
8863.092733  
8923.929215  
8895.303035  
8891.86158  
8950.575993  
8929.091707  
8884.166146  
8845.93077  
8874.573926  
8863.076123  
8871.095662  
8894.78029  
8904.864103  
8898.896265  
8873.605387  
8844.549674  
8842.876367  
8878.740063  
8915.819434  
8918.945345  
8878.860148  
8952.274756  
8973.951123  
8939.047485  
8992.484399  
9032.098055  
8991.919694  
8931.624186  
8911.056608  
8918.42653  
8937.299691  
8921.013607  
8908.56674  
8887.476082  
8896.562638  
8905.316911  
8917.043286  
8880.455827  
8907.21639  
8941.238053  
8953.133537  
8932.510824  
8879.532414  
8879.888363  
8875.123844  
8919.704533  
8874.764421  
8852.547729  
8797.188778  
8799.951538  
8817.258464  
8810.63125  
8865.333691  
8876.166471  
8864.172054  
8876.779329  
8883.218628  
8884.581763  
8893.295313  
8930.498242  
8947.248511  
8997.603898  
8986.530339  
8974.063037  
8878.671655  
8848.307788  
8900.864307  
8836.872038  
8873.756893  
8882.758634  
8921.270841  
8878.86661  
8965.514282  
9017.216553  
8952.991488  
8895.415055  
8857.980477  
8879.02758  
8836.829346  
8857.426514  
8871.823853  
8891.008602  
8943.1455  
8858.346216  
8793.826733  
8853.780241  
8863.904826  
8832.450252  
8874.45472  
8882.643498  
8892.756698  
8934.981925  
8915.773543  
8948.331095  
8955.573486  
8970.86416  
9003.259106  
9003.816374  
8990.828434  
8929.701961  
8888.398706  
8876.247811  
8916.101847  
8918.979761  
8880.975586  
8883.444344  
8918.91993  
8893.222778  
8870.436247  
8860.307218  
8856.483374  
8877.032812  
8918.894482  
8876.694881  
8895.311377  
8875.565226  
8871.989722  
8857.767131  
8885.654557  
8879.370565  
8889.245557  
8848.820671  
8895.164242  
8918.05083  
8899.455819  
8894.486971  
8892.253451  
8903.921468  
8888.828857  
8958.940828  
8912.200049  
8958.595654  
8893.217293  
8867.335457  
8872.187728  
8883.515633  
8893.029761  
8918.514429  
8924.97216  
8986.637362  
8990.020614  
9012.000138  
8924.55363  
8852.495093  
8804.003532  
8851.731779  
8847.918099  
8854.693905  
8852.373991  
8859.732707  
8892.188175  
8861.509131  
8919.416545  
8906.824259  
8865.138826  
8866.314046  
8899.13973  
8943.607926  
8968.800049  
8872.574504  
8861.311458  
8864.892855  
8899.239648  
8939.86984  
8931.867171  
8938.598494  
8945.857878  
8888.198535  
8874.107422  
8908.723161  
8880.251286  
8812.640552  
8863.325049  
8922.811841  
8922.105135  
8913.882756  
8912.868864  
8915.845793  
8914.813696  
8941.26967  
8921.209587  
8863.395549  
8921.714754  
8931.538664  
8916.945841  
8948.66958  
8905.232764  
8854.748022  
8831.517993  
8878.430444  
8854.441024  
8855.241007  
8872.017155  
8909.286133  
8953.141089  
8944.4014  
8984.953101  
8902.092033  
8895.296891  
8894.256592  
8899.276888  
8875.297306  
8842.306112  
8887.733984  
8873.643823  
8835.126676  
8856.973812  
8936.61757  
8937.538916  
8880.284342  
8942.429867  
8991.861271  
8956.878394  
8932.780241  
8992.708813  
8913.471948  
8924.813835  
8874.020215  
8908.068351  
8894.855868  
8891.945728  
8877.154028  
8916.71189  
8963.083927  
8969.88422  
8950.178605  
8914.360465  
8855.919303  
8863.314404  
8882.20542  
8850.186426  
8867.887028  
8816.051742  
8820.615527  
8828.382129  
8884.959261  
8885.168001  
8953.736825  
8954.777962  
8949.803947  
8915.769214  
8853.528247  
8822.531209  
8859.555632  
8883.163289  
8834.691886  
8891.236621  
8886.526245  
8886.015584  
8939.633651  
8932.058895  
8975.630037  
8935.367261  
8891.116455  
8932.79637  
8905.505957  
8938.439771  
8907.759782  
8920.859513  
8950.021973  
8928.945581  
8951.365568  
8869.932414  
8895.821021  
8869.089111  
8858.323429  
8901.918066  
8917.505184  
8953.803923  
9026.470785  
8989.940666  
8956.84165  
8945.59484  
8968.743693  
8892.679598  
8845.483049  
8873.833846  
8814.685913  
8819.566846  
8795.517204  
8760.657153  
8830.783862  
8901.46958  
8894.705908  
8909.767904  
8923.265804  
8879.346037  
8896.272673  
8936.213078  
8941.414901  
8929.18234  
8920.691756  
8910.548796  
8920.758993  
8886.215291  
8886.01984  
8982.457153  
9008.201717  
8981.430542  
8967.205802  
8903.606502  
8906.137638  
8904.456681  
8884.089746  
8910.004159  
8894.245402  
8921.001611  
8895.789583  
8904.45516  
8915.027865  
8937.854468  
8902.428361  
8857.15599  
8857.092008  
8835.370581  
8839.096956  
8797.999601  
8824.27981  
8875.609806  
8879.128467  
8917.502002  
8901.351074  
8965.964185  
8905.366016  
8907.479582  
8943.541203  
8882.592586  
8906.019328  
8942.911035  
8993.446842  
8984.51228  
8940.331283  
8899.704639  
8810.703068  
8829.269434  
8865.736263  
8857.232959  
8875.33724  
8888.183553  
8901.949406  
8880.135954  
8889.192912  
8960.829728  
8958.408089  
8995.774137  
8951.55105  
8967.1205  
8918.683708  
8891.926058  
8870.903394  
8800.000496  
8859.34519  
8898.602881  
8928.274121  
8904.861027  
8904.940495  
8918.055778  
8911.660571  
8890.946777  
8926.24362  
8897.884416  
8899.552938  
8849.657886  
8874.190983  
8835.085514  
8859.46495  
8844.758057  
8814.353882  
8820.002214  
8834.408398  
8884.953467  
8853.943945  
8835.658398  
8822.396549  
8870.080632  
8951.827604  
8854.429517  
8858.159839  
8866.899316  
8917.583073  
8914.640975  
8893.592163  
8904.757292  
8938.601229  
9021.702401  
8965.240186  
8968.380298  
8902.067708  
8929.086727  
8958.105135  
8972.789665  
8925.771712  
8908.159277  
8910.068319  
8901.753044  
8864.17417  
8841.789372  
8906.035116  
8909.55686  
8911.129517  
8858.793799  
8924.386556  
8934.962508  
8886.579207  
8902.002922  
8886.215365  
8871.66687  
8891.536849  
8852.798112  
8815.707202  
8850.251237  
8867.002572  
8888.063208  
8865.617619  
8917.120728  
8978.340934  
8974.646924  
8918.833911  
8901.888965  
8870.718327  
8861.789884  
8897.360645  
8892.703076  
8878.147721  
8879.452091  
8865.195475  
8878.327279  
8899.070133  
8873.478548  
8856.517261  
8864.845516  
8884.850024  
8907.123022  
8909.821354  
8912.679126  
8911.276099  
8873.035164  
8883.5  
8933.594222  
8902.688045  
8898.805062  
8905.93431  
8914.8177  
8949.409009  
8939.7139  
8922.105786  
8877.980957  
8910.302124  
8935.570785  
8886.155314  
8884.916593  
8891.442708  
8914.251164  
8964.119255  
8952.836092  
8886.910775  
8863.548364  
8810.200138  
8859.089062  
8885.169702  
8866.18702  
8878.822233  
8886.542375  
8884.231982  
8880.614225  
8919.270801  
8941.52085  
8987.449414  
8898.931266  
8864.919466  
8863.97797  
8886.766439  
8887.317993  
8826.846012  
8826.717578  
8872.505249  
8929.293962  
8935.891219  
8878.381836  
8884.588428  
8862.177946  
8937.170207  
8955.246834  
8945.072786  
8882.927401  
8860.821745  
8909.392505  
8905.135181  
8920.368994  
8898.205184  
8943.002848  
8966.488086  
8951.299333  
8934.564103  
8883.532666  
8870.169198  
8872.347949  
8900.152132  
8892.877767  
8920.573543  
8930.359041  
8887.001025  
8823.868473  
8833.912622  
8894.711621  
8889.172892  
8920.302767  
8890.709928  
8854.196086  
8871.828467  
8862.063379  
8897.332788  
8887.011214  
8917.085791  
8930.373283  
8932.609985  
8959.866756  
8954.037109  
8931.389795  
8906.611084  
8920.212712  
8948.870508  
8959.256095  
8914.290332  
8904.17465  
8894.237858  
8900.590804  
8887.998812  
8889.463143  
8929.442985  
8948.701025  
8924.617261  
8907.815601  
8917.198494  
8950.758667  
8944.868449  
8932.449544  
8903.465275  
8893.113086  
8891.498397  
8883.295695  
8886.497396  
8841.354346  
8846.26901  
8835.519344  
8865.529134  
8886.149935  
8893.48575  
8855.639583  
8861.845296  
8880.496704  
8904.331234  
8920.440682  
8962.534782  
8965.917163  
9007.182422  
8954.530965  
8890.726644  
8877.654736  
8857.227059  
8817.005444  
8829.441016  
8789.355062  
8863.389258  
8907.695337  
8902.714998  
8900.738045  
8922.95765  
8963.979598  
8974.070646  
8958.17356  
8920.105933  
8910.352091  
8894.233789  
8883.004924  
8885.237256  
8886.222201  
8907.03418  
8893.595044  
8922.234993  
8936.843669  
8931.864535  
8915.428206  
8876.411133  
8893.289982  
8906.48702  
8930.33396  
8902.566976  
8856.33999  
8848.007015  
8870.838151  
8895.094824  
8921.613127  
8948.694417  
8916.399365  
8895.299585  
8895.848844  
8902.766243  
8870.213452  
8896.10437  
8916.927783  
8910.481755  
8919.230778  
8902.200643  
8875.604411  
8833.644515  
8873.228328  
8908.967131  
8932.042611  
8934.062988  
8897.754574  
8908.349097  
8855.399146  
8847.991447  
8845.622827  
8894.266984  
8893.467554  
8900.325887  
8895.339941  
8933.386165  
8922.671631  
8943.365381  
8906.705884  
8850.27526  
8898.398812  
8932.309871  
8931.947298  
8907.856966  
8887.478809  
8922.210856  
8911.23501  
8849.581323  
8880.64821  
8865.806885  
8879.603532  
8919.131095  
8875.343693  
8921.436377  
8929.415405  
8902.307422  
8938.78033  
8876.909652  
8865.396151  
8849.020475  
8880.911377  
8877.922624  
8882.961304  
8915.92557  
8928.557357  
8946.009269  
8965.925016  
8850.921493  
8802.704102  
8803.316821  
8914.817961  
8956.564315  
8909.057495  
8846.828678  
8823.734741  
8855.968799  
8830.663444  
8868.971167  
8877.141683  
8896.47251  
8884.357129  
8916.322396  
8907.916756  
8959.858537  
8975.776644  
9002.966496  
8903.697087  
8876.331689  
8920.874146  
8949.015251  
8894.795801  
8863.329069  
8881.250195  
8886.379989  
8925.210238  
8916.312166  
8877.875895  
8882.890763  
8843.853833  
8848.8646  
8862.941235  
8885.445955  
8902.40354  
8902.19751  
8843.952669  
8821.37133  
8890.575814  
8893.118042  
8872.22465  
8832.999447  
8888.30048  
8908.123275  
8936.388647  
8909.627026  
8930.230192  
8905.243864  
8893.180078  
8950.151188  
8881.793302  
8912.361938  
8916.760417  
8927.524805  
8898.521769  
8917.768107  
8946.49943  
8886.223568  
8885.437646  
8925.255208  
8893.65284  
8944.481519  
8943.604891  
8971.056893  
8995.504533  
8959.378166  
8917.044645  
8865.638086  
8888.011784  
8881.929012  
8921.490039  
8892.829875  
8916.074951  
8944.998893  
8899.042603  
8890.830306  
8873.606388  
8865.570378  
8883.664876  
8874.707422  
8902.50555  
8837.48138  
8904.757756  
8903.590991  
8902.009269  
8906.073934  
8910.011027  
8923.291195  
8945.21429  
8934.546566  
8870.590446  
8867.572054  
8801.440535  
8904.429907  
8855.711385  
8879.876034  
8884.111198  
8915.125008  
8899.924951  
8931.627775  
8963.142065  
8932.59764  
8905.408301  
8882.938696  
8888.432007  
8840.597591  
8860.602661  
8913.521997  
8879.721639  
8904.247005  
8890.037142  
8863.208602  
8903.399512  
8925.503125  
8928.505745  
8911.591659  
8914.846077  
8872.688826  
8839.685807  
8799.549715  
8825.004818  
8807.178564  
8860.937069  
8890.804753  
8914.185685  
8921.420988  
8935.132129  
8982.468685  
8951.769312  
8900.708065  
8868.477409  
8814.98326  
8817.661198  
8851.838623  
8805.971981  
8878.61748  
8939.749731  
8915.782674  
8946.314632  
8949.712402  
8974.512215  
8901.128882  
