11676.53655  
11667.77764  
11694.96833  
11648.71697  
11662.89852  
11675.86693  
11642.64432  
11650.31063  
11624.83497  
11684.12231  
11637.3514  
11682.5856  
11695.51209  
11744.46736  
11755.8031  
11703.77782  
11683.15361  
11700.17756  
11653.11954  
11633.0389  
11680.26605  
11669.29519  
11689.21262  
11676.89082  
11703.85356  
11666.40431  
11697.49684  
11705.5576  
11659.23632  
11657.61731  
11673.36317  
11668.96631  
11728.9173  
11697.36521  
11695.88843  
11632.97283  
11680.21662  
11680.05058  
11686.23151  
11710.08364  
11683.03515  
11664.90685  
11691.22696  
11642.99676  
11655.41499  
11667.77642  
11679.24354  
11640.55844  
11650.0922  
11650.06533  
11606.21982  
11641.24849  
11663.27458  
11710.76401  
11722.06968  
11698.16669  
11734.21717  
11708.78536  
11675.02286  
11723.75345  
11682.66532  
11658.28689  
11667.32651  
11652.09904  
11682.71262  
11635.87094  
11653.68836  
11657.78277  
11658.86891  
11678.63578  
11675.55811  
11684.86479  
11720.78666  
11627.89078  
11644.63591  
11725.87168  
11687.88159  
11676.62496  
11628.99854  
11614.41752  
11640.29069  
11651.78981  
11673.9629  
11677.5553  
11718.55438  
11700.14684  
11693.20508  
11652.56725  
11663.25725  
11685.50025  
11703.47807  
11658.82058  
11642.58831  
11664.40404  
11673.2627  
11672.99936  
11703.21477  
11689.63103  
11671.42566  
11704.25513  
11669.5302  
11675.03319  
11699.71807  
11667.09333  
11720.56201  
11747.71068  
11688.61667  
11675.12004  
11655.85011  
11662.45764  
11670.63535  
11645.22711  
11628.9076  
11665.56151  
11615.50972  
11640.79103  
11654.01606  
11716.44921  
11657.94292  
11665.78821  
11693.65051  
11706.03986  
11686.35223  
11688.73202  
11686.9684  
11664.30923  
11716.29153  
11723.63808  
11669.59224  
11686.49324  
11664.32491  
11661.46621  
11671.57484  
11663.29325  
11664.35507  
11623.80483  
11659.6118  
11667.11769  
11668.83388  
11708.02867  
11640.98464  
11657.23672  
11729.19214  
11660.98375  
11658.98887  
11644.49825  
11642.01202  
11677.26843  
11637.8397  
11637.04542  
11617.91724  
11648.4329  
11686.92215  
11704.81795  
11705.07784  
11701.07935  
11700.40078  
11671.86014  
11678.28021  
11659.67381  
11637.60941  
11721.64115  
11687.64481  
11706.32277  
11659.60214  
11673.524  
11680.29474  
11639.89427  
11669.16568  
11663.74392  
11636.68521  
11704.52605  
11680.36927  
11655.92593  
11693.57448  
11658.4919  
11669.5006  
11650.39953  
11683.74448  
11657.24381  
11685.68257  
11708.19029  
11711.77179  
11713.35382  
11686.00432  
11756.94381  
11718.13382  
11674.25699  
11721.27928  
11703.14957  
11649.31461  
11662.85625  
11674.03308  
11623.52332  
11709.9429  
11627.15019  
11637.8956  
11642.87469  
11660.97867  
11596.06729  
11644.03492  
11651.29089  
11624.77421  
11663.19529  
11615.3105  
11663.50522  
11643.96473  
11635.15453  
11687.59447  
11704.44897  
11773.96153  
11753.74731  
11695.95107  
11723.86582  
11646.67833  
11706.25257  
11686.35863  
11711.79116  
11681.31132  
11641.12941  
11670.64422  
11714.64848  
11657.4501  
11637.89432  
11652.61605  
11716.14239  
11646.98623  
11670.46502  
11649.41648  
11625.93606  
11710.09819  
11699.09983  
11675.87157  
11665.86352  
11689.78286  
11690.31391  
11693.53524  
11683.53123  
11689.11741  
11646.57599  
11668.07061  
11650.58093  
11706.19317  
11697.86704  
11682.86776  
11644.04981  
11654.31534  
11674.58722  
11667.91384  
11638.23438  
11635.25015  
11658.32493  
11648.73611  
11685.5832  
11717.9618  
11700.54059  
11707.46863  
11729.24813  
11705.35308  
11673.30346  
11633.78613  
11661.6883  
11675.34644  
11674.32217  
11698.31558  
11704.5724  
11689.65405  
11699.79334  
11669.68444  
11620.64014  
11633.07042  
11644.37907  
11682.19386  
11683.50958  
11626.12851  
11656.80692  
11667.29407  
11681.25828  
11637.81322  
11659.48405  
11665.51491  
11679.51196  
11650.55259  
11692.07148  
11693.37747  
11677.38082  
11739.70397  
11738.45924  
11721.21116  
11554.36322  
11654.02448  
11638.8725  
11701.28491  
11677.55428  
11645.29024  
11670.76504  
11653.32487  
11664.13219  
11687.14234  
11647.60456  
11711.73543  
11693.20049  
11665.73785  
11645.92804  
11690.36901  
11699.57989  
11706.53969  
11699.16536  
11678.17464  
11674.32212  
11668.82839  
11617.14943  
11679.31533  
11666.84197  
11700.00785  
11685.10429  
11683.073  
11642.39154  
11653.62829  
11653.21647  
11660.33814  
11646.18379  
11681.57264  
11688.43516  
11687.18289  
11706.65705  
11683.24566  
11656.09911  
11687.96372  
11692.40092  
11669.86486  
11704.52807  
11693.50617  
11673.23944  
11659.59796  
11677.76911  
11685.06639  
11671.17366  
11659.33214  
11702.86152  
11666.24383  
11670.71103  
11713.20736  
11639.22603  
11675.09207  
11665.82204  
11668.98815  
11710.70632  
11649.39909  
11641.26016  
11628.42452  
11653.82709  
11647.9647  
11659.85206  
11687.64227  
11680.7897  
11636.31194  
11674.73034  
11666.12973  
11666.61864  
11669.49654  
11647.15904  
11660.61127  
11700.67453  
11665.31335  
11710.43237  
11690.90825  
11687.74133  
11685.176  
11654.28583  
11653.76511  
11626.21721  
11650.95926  
11658.94974  
11685.29272  
11691.96278  
11650.45492  
11725.43293  
11669.68592  
11671.99512  
11684.91989  
11668.69838  
11663.67929  
11665.83123  
11627.10522  
11710.14173  
11702.65938  
11733.31893  
11743.58174  
11722.46793  
11713.32544  
11651.28289  
11667.61159  
11641.31801  
11661.34557  
11715.67867  
11710.52035  
11711.68792  
11710.50772  
11707.7244  
11708.06815  
11645.97303  
11615.60447  
11654.78641  
11657.97151  
11677.14256  
11657.36249  
11652.48289  
11703.93628  
11699.57685  
11642.71801  
11677.23889  
11726.89459  
11659.24344  
11666.44318  
11659.40098  
11651.25985  
11624.29432  
11695.32734  
11644.86926  
11672.58178  
11677.44208  
11667.76415  
11743.93163  
11684.56346  
11658.38274  
11626.2704  
11636.63818  
11649.08266  
11640.72304  
11685.90559  
11719.65271  
11696.70289  
11710.1692  
11701.82575  
11694.86916  
11773.30619  
11700.3384  
11679.32073  
11625.18055  
11608.62443  
11657.76741  
11671.98624  
11688.67527  
11647.29473  
11685.77265  
11643.18022  
11670.95617  
11699.15352  
11687.80146  
11654.76854  
11658.42616  
11714.763  
11702.6835  
11675.56239  
11673.76029  
11647.0401  
11643.89405  
11664.78181  
11645.36618  
11680.94711  
11665.12219  
11654.09708  
11670.4016  
11660.47888  
11707.85094  
11687.20178  
11680.15878  
11634.01777  
11668.9524  
11673.21697  
11670.67075  
11663.70462  
11686.3233  
11656.05087  
11633.97021  
11704.38469  
11702.57948  
11643.04991  
11726.81485  
11731.151  
11674.45007  
11646.6934  
11625.27997  
11647.40433  
11639.25754  
11611.7296  
11726.81524  
11706.38677  
11692.74255  
11706.6225  
11713.31209  
11634.40211  
11686.06951  
11657.79338  
11657.59757  
11647.34935  
11645.09644  
11677.79339  
11648.39536  
11697.4413  
11701.87983  
11641.34168  
11709.41465  
11706.64805  
11687.58397  
11730.20309  
11667.84621  
11665.63826  
11684.37733  
11676.87055  
11629.21352  
11638.29982  
11658.91555  
11657.86917  
11723.58585  
11699.95168  
11709.95284  
11668.55368  
11668.68877  
11722.51421  
11738.83436  
11691.86472  
11661.61407  
11692.64095  
11667.54516  
11642.99217  
11687.30767  
11651.52164  
11664.68364  
11680.70399  
11688.37836  
11643.28752  
11671.04386  
11624.50126  
11626.46789  
11695.23934  
11643.41969  
11645.26477  
11637.11025  
11652.58183  
11656.40574  
11658.27429  
11692.71295  
11662.17048  
11679.33979  
11666.00826  
11632.98977  
11662.82054  
11746.41186  
11712.61482  
11718.42832  
11674.605  
11651.41776  
11608.32325  
11686.62399  
11656.73285  
11698.38275  
11664.10249  
11690.65264  
11707.35632  
11660.39981  
11683.92563  
11707.31458  
11670.14263  
11689.78535  
11655.88688  
11650.8541  
11699.38207  
11688.52178  
11682.21986  
11694.72317  
11681.87709  
11650.29632  
11663.60382  
11652.72712  
11634.8677  
11629.76143  
11640.57719  
11704.48379  
11713.86437  
11723.48083  
11702.93509  
11665.86096  
11624.35894  
11649.08241  
11613.12519  
11629.22771  
11606.58059  
11700.72017  
11682.05955  
11666.05439  
11680.22869  
11696.1835  
11656.682  
11665.51399  
11680.80165  
11667.31202  
11660.23132  
11656.0065  
11706.52749  
11722.78339  
11664.35601  
11716.37955  
11695.56725  
11666.58869  
11704.11928  
11707.28454  
11680.88342  
11647.88528  
11679.35812  
11661.64031  
11693.65451  
11697.16421  
11694.07468  
11693.85268  
11637.31064  
11646.93468  
11650.17199  
11654.04616  
11682.75371  
11657.06784  
11675.12907  
11668.56764  
11671.52102  
11693.05542  
11677.28273  
11633.9848  
11646.19397  
11681.21174  
11679.74943  
11705.85319  
11733.85116  
11683.5718  
11636.89532  
11630.8644  
11613.2771  
11680.09525  
11666.49098  
11684.82269  
11673.40431  
11620.88161  
11674.68448  
11679.31726  
11654.62415  
11689.02457  
11666.64107  
11718.56287  
11707.48968  
11711.11728  
11685.71046  
11711.52903  
11701.92134  
11685.16842  
11666.07843  
11693.95613  
11678.31904  
11694.02801  
11641.0056  
11687.48576  
11653.21381  
11635.67641  
11670.72603  
11656.11097  
11604.67905  
11629.52343  
11648.68301  
11657.77683  
11684.19185  
11731.12594  
11683.82793  
11676.33839  
11680.92149  
11648.96193  
11618.47115  
11731.61992  
11700.59741  
11691.72568  
11722.54017  
11712.80712  
11690.1029  
11673.06463  
11697.74095  
11670.46358  
11662.16265  
11658.2367  
11620.93036  
11679.71266  
11700.70806  
11699.20636  
11688.06031  
11686.99585  
11663.84171  
11677.99182  
11714.55098  
11758.16845  
11618.40691  
11659.09026  
11678.4087  
11628.61625  
11610.17585  
11625.24422  
11645.98146  
11652.69975  
11660.9765  
11662.37346  
11654.51374  
11689.40975  
11648.91061  
11660.82509  
11691.34305  
11678.50474  
11680.96012  
11736.61255  
11683.79581  
11737.45346  
11682.74402  
11691.40394  
11702.89626  
11644.57177  
11687.32129  
11660.97685  
11689.38886  
11659.90006  
11726.19468  
11662.40152  
11623.7602  
11703.94675  
11685.43267  
11709.53113  
11686.69507  
11709.58455  
11677.68164  
11708.36357  
11680.03056  
11712.5185  
11692.478  
11688.29127  
11663.51045  
11675.94065  
11649.85267  
11601.51679  
11643.88785  
11637.72916  
11635.66269  
11681.52133  
11692.01184  
11695.22233  
11668.17102  
11688.46595  
11674.24855  
11649.84442  
11640.37504  
11736.81935  
11635.27229  
11705.34704  
11752.63785  
11688.76622  
11672.56694  
11662.66071  
11667.51644  
11633.4036  
11613.32224  
11687.63543  
11661.3311  
11641.5097  
11637.84336  
11682.26557  
11663.59939  
11708.02241  
11692.82806  
11679.00403  
11666.87536  
11646.71871  
11643.44575  
11695.67684  
11711.86541  
11671.77235  
11665.8397  
11697.26107  
11690.04499  
11636.78846  
11635.95835  
11674.76638  
11652.47031  
11666.04598  
11700.05674  
11721.29263  
11710.49466  
11685.59212  
11668.05098  
11673.35555  
11697.25593  
11662.7672  
11658.74528  
11630.97973  
11665.72002  
11639.63944  
11694.56335  
11694.73863  
11712.70698  
11666.36113  
11667.28013  
11678.23222  
11662.87872  
11681.80841  
11702.80759  
11707.96488  
11678.20219  
11708.9536  
11671.71938  
11650.9795  
11694.44592  
11660.23545  
11681.20953  
11652.69948  
11703.85765  
11666.28311  
11631.89902  
11685.53968  
11661.46218  
11655.70735  
11605.70164  
11669.60579  
11643.58408  
11655.88441  
11653.21311  
11621.65183  
11638.7823  
11695.15415  
11693.03157  
11684.53307  
11687.94407  
11689.49214  
11699.88224  
11703.67067  
11660.76195  
11661.20439  
11673.89923  
11634.48698  
11675.75496  
11750.63643  
11725.88341  
11691.39491  
11700.98695  
11749.77001  
11677.18004  
11670.9146  
11699.26817  
11678.4012  
11645.84865  
11621.1504  
11697.82104  
11701.46585  
11646.91145  
11624.92488  
11671.53581  
11678.85605  
11741.32642  
11760.76572  
11716.24571  
11700.34089  
11677.00065  
11690.04177  
11665.41003  
11631.28987  
11621.46829  
11649.61541  
11670.29543  
11624.66733  
11643.21908  
11715.15834  
11699.61514  
11666.75632  
11618.74921  
11603.94386  
11662.99481  
11718.87339  
11681.89276  
11631.51803  
11697.64283  
11691.17979  
11666.07696  
11660.59674  
11684.67069  
11661.8963  
11681.61041  
11665.41229  
11659.25986  
11603.22477  
11693.76146  
11686.26854  
11645.06582  
11654.99479  
11670.05412  
11636.70602  
11706.79085  
11704.96204  
11678.90613  
11694.4035  
11665.79989  
11677.86839  
11679.64641  
11677.04401  
11689.93571  
11675.92484  
11707.56986  
11662.85312  
11630.60207  
11628.63817  
11653.2731  
11651.97468  
11628.99629  
11733.57098  
11738.60021  
11691.62022  
11714.39551  
11677.65962  
11698.65282  
11663.34987  
11692.37257  
11671.97912  
11646.11319  
11736.55724  
11686.30818  
11671.10688  
11681.27404  
11660.2999  
11685.90354  
11635.48606  
11663.27794  
11678.77348  
11652.47333  
11622.8131  
11623.57184  
11646.55734  
11674.1504  
11691.43959  
11721.35063  
11705.64005  
11659.7548  
11659.35531  
11688.83027  
11689.54727  
11691.36607  
11705.56156  
11660.00617  
11616.82616  
11650.71239  
11692.59113  
11655.51874  
11634.93298  
11649.14317  
11721.93567  
11648.34958  
11639.21688  
11649.33108  
11679.84233  
11700.78638  
11711.47808  
11652.20888  
11706.81515  
11758.45556  
11685.93324  
11674.18261  
11683.93411  
11661.46879  
11708.80755  
11742.41638  
11697.23699  
11700.58167  
11627.93888  
11698.12528  
11639.59624  
11627.72751  
11660.81469  
11661.74873  
11640.21348  
11658.14822  
11655.27743  
11665.15348  
11648.05451  
11692.17357  
11645.3484  
11666.23329  
11675.67676  
11668.61612  
11674.96453  
11675.92342  
11681.69741  
11683.40294  
11672.6433  
11685.86095  
11683.64369  
11688.589  
11705.66491  
11659.61711  
11658.1516  
11675.93932  
11701.24354  
11655.85884  
11726.76494  
11697.64598  
11694.62672  
11655.31774  
11665.69986  
11662.51571  
11665.88556  
11686.56694  
11676.29858  
11643.15704  
11680.62153  
11694.4587  
11672.59233  
11673.83939  
11686.16561  
11694.13092  
11658.31153  
11657.94026  
11703.77787  
11657.11365  
11652.94934  
11674.00207  
11678.61898  
11660.77817  
11653.96911  
11632.52884  
11597.80806  
11637.98197  
11684.42824  
11655.08879  
11719.27465  
11673.07666  
11653.19386  
11670.60486  
11681.94181  
11648.17746  
11684.81761  
11637.71549  
11629.66301  
11657.41332  
11708.31009  
11712.63452  
11696.14091  
11747.2778  
11695.81495  
11711.2226  
11672.89519  
11695.06063  
11682.78312  
11712.87005  
11724.64569  
11736.73988  
11701.6016  
11672.17652  
11684.20215  
11658.71612  
11699.75833  
11674.34312  
11692.92829  
11650.0908  
11622.14879  
11616.90012  
11663.76658  
11674.87303  
11654.9228  
11609.94841  
11639.26892  
11644.04551  
11662.81713  
11651.83458  
11667.1023  
11648.89634  
11677.92354  
11649.693  
11641.62692  
11713.5654  
11715.24267  
11665.34401  
11705.75014  
11720.81719  
11638.2486  
11630.04369  
11647.29661  
11659.03445  
11717.40332  
11680.50285  
11672.84932  
11674.64048  
11686.61177  
11675.3056  
11709.60372  
11710.97105  
11708.88778  
11724.73422  
11683.00073  
11672.23354  
11647.68796  
11699.10951  
11654.31733  
11616.5613  
11654.21603  
11655.43356  
11662.49459  
11720.45833  
11714.05229  
11729.37365  
11764.41154  
11708.38028  
11613.34252  
11599.5851  
11672.34695  
11706.36349  
11651.42355  
11665.3186  
11659.80354  
11708.30607  
11689.56141  
11632.42025  
11653.85067  
11670.13814  
11657.41  
11659.06116  
11640.67812  
11674.9326  
11685.26719  
11665.34362  
11683.34623  
11672.2507  
11671.42888  
11667.01753  
11696.84402  
11749.35183  
11728.01654  
11680.68989  
11714.07634  
11633.73792  
11623.89546  
11688.48633  
11651.0429  
11720.33405  
11640.33487  
11612.82604  
11705.37872  
11710.27977  
11658.6386  
11665.16889  
11679.01551  
11655.51482  
11626.63913  
11637.89484  
11686.02135  
11695.69109  
11722.20991  
11727.46674  
11712.97577  
11634.26878  
11720.01206  
11676.77038  
11679.73672  
11749.42059  
11714.49483  
11670.89388  
11619.23047  
11613.40173  
11650.1274  
11612.1566  
11631.61178  
11656.02844  
11711.68405  
11694.97134  
11644.08517  
11657.6397  
11690.4733  
11666.50686  
11691.16203  
11667.02951  
11640.30018  
11681.03117  
11637.43452  
11654.35579  
11695.23901  
11661.37442  
11621.69693  
11660.07757  
11653.25243  
11658.86432  
11628.37378  
11678.29384  
11672.34021  
11665.46652  
11691.86394  
11703.90122  
11665.02503  
11674.19853  
11690.32141  
11650.46303  
11682.11218  
11673.79662  
11668.61209  
11717.90098  
11752.36763  
11735.43587  
11705.60615  
11716.05191  
11662.27235  
11677.56136  
11719.89068  
11693.27499  
11695.49573  
11685.00883  
11656.16262  
11647.14728  
11626.52869  
11638.42343  
11691.86771  
11672.33203  
11682.23502  
11658.17561  
11625.33512  
11622.59742  
11709.94346  
11709.059  
11686.45605  
11684.99606  
11677.39646  
11685.00634  
11628.69073  
11637.21371  
11683.45392  
11705.06935  
11718.86713  
11690.09053  
11661.18128  
11608.09855  
11678.25189  
11726.84925  
11637.85967  
11678.79668  
11655.52376  
11654.86005  
11664.8517  
11637.6737  
11671.64009  
11715.99317  
11711.08645  
11666.13482  
11707.9314  
11698.3165  
11698.30095  
11614.23714  
11696.79683  
11685.46372  
11658.54494  
11666.34125  
11617.83005  
11684.66617  
11729.1253  
11668.74388  
11653.0959  
11653.10163  
11684.76344  
11659.25426  
11659.22925  
11686.73782  
11691.74813  
11632.79975  
11664.37868  
11664.34379  
11668.06051  
11682.16328  
11670.96661  
11711.99823  
11679.19013  
11688.97199  
11659.8462  
11671.09504  
11685.22895  
11672.64203  
11692.1197  
11685.47232  
11665.51492  
11668.40346  
11681.4761  
11678.6143  
11649.34733  
11701.08313  
11706.89396  
11684.26804  
11663.62458  
11692.6768  
11668.30949  
11670.3568  
11627.48539  
11674.21163  
11625.46833  
11613.72815  
11672.78864  
11675.58452  
11631.72676  
11672.70466  
11709.45963  
11672.06652  
11669.10994  
11687.68601  
11680.64857  
11680.09242  
11675.62401  
11696.27657  
11695.58639  
11656.80681  
11681.03158  
11646.31841  
11681.72476  
11743.21318  
11646.18203  
11647.55714  
11663.97859  
11660.68611  
11661.33275  
11728.86405  
11691.64005  
11676.83116  
11661.58012  
11652.31137  
11691.7322  
11679.93757  
11680.48391  
11678.82713  
11691.89489  
11667.06388  
11695.19227  
11645.40162  
11677.10116  
11667.97811  
11639.26068  
11636.83888  
11699.69497  
11685.17716  
11689.53036  
11653.09128  
11702.8835  
11661.6674  
11664.69947  
11720.31994  
11692.38006  
11677.64869  
11690.36473  
11657.06361  
11651.66486  
11714.58941  
11691.81523  
11635.2666  
11660.71276  
11685.58601  
11678.42836  
11686.44145  
11673.91737  
11631.90682  
11707.09525  
11702.19668  
11634.23238  
11651.9485  
11662.66712  
11620.93601  
11691.11784  
11712.84705  
11681.91289  
11658.38209  
11646.31558  
11687.15314  
11674.52854  
11620.85889  
11671.39132  
11667.67405  
11696.70356  
11703.85988  
11672.67469  
11689.03969  
11756.18467  
11699.41448  
11661.95232  
11678.53317  
11658.48578  
11665.73293  
11698.69373  
11710.16516  
11644.47831  
11668.89756  
11657.29423  
11660.92216  
11663.8558  
11646.26628  
11675.60946  
11667.26771  
11652.54403  
11679.85189  
11638.3828  
11672.22809  
11665.4731  
11688.42509  
11751.88944  
11752.16644  
11682.67659  
11669.0636  
11639.4083  
11628.60796  
11621.3403  
11628.28444  
11642.26571  
11677.33703  
11703.45622  
11692.87682  
11733.46157  
11688.03529  
11698.20936  
11726.79845  
11684.34801  
11688.47614  
11662.87006  
11629.88082  
11661.9629  
11598.96489  
11595.70073  
11631.74978  
11664.38453  
11620.27746  
11656.85905  
11708.01641  
11681.18731  
11684.88601  
11709.52836  
11720.39059  
11690.0702  
11687.14137  
11703.8569  
11647.02339  
11621.16951  
11668.38541  
11685.8637  
11670.92554  
11691.99819  
11699.40777  
11714.24639  
11705.941  
11675.26339  
11646.50526  
11613.88626  
11638.56012  
11652.00993  
11691.64638  
11672.57694  
11678.73449  
11667.75652  
11710.39395  
11681.00826  
11636.54573  
11658.37067  
11661.0357  
11664.62911  
11659.53666  
11696.68925  
11683.40715  
11693.88798  
11653.6295  
11708.12651  
11724.80605  
11713.07648  
11715.22543  
11688.14631  
11678.71573  
11703.89189  
11665.73123  
11670.99162  
11632.82005  
11665.72656  
11699.72288  
11628.81005  
11657.46637  
11693.7669  
11675.69861  
11687.75944  
11716.97302  
11677.30236  
11685.09713  
11672.53031  
11710.62528  
11696.2666  
11615.79744  
11692.12662  
11655.43439  
11663.37744  
11647.1108  
11673.9991  
11639.81464  
11659.85032  
11700.60756  
11683.62717  
11690.12962  
11670.03239  
11714.96484  
11708.17728  
11703.71393  
11650.20118  
11678.70198  
11633.65  
11628.64507  
11688.62139  
11667.00638  
11631.38383  
11689.20806  
11697.77923  
11708.55462  
11687.99353  
11635.82049  
11636.73305  
11640.23774  
11740.2886  
11683.50475  
11676.43371  
11691.07722  
11697.64044  
11670.39097  
11652.21949  
11656.05173  
11658.80858  
11680.49528  
11639.65102  
11667.90936  
11680.61956  
11691.64292  
11702.04998  
11652.96154  
11652.90191  
11689.04193  
11660.5389  
11690.10397  
11640.79276  
11705.69929  
11706.08388  
11653.88361  
11653.66977  
11695.20392  
11690.9235  
11624.3934  
11668.33076  
11670.26428  
11683.62593  
11680.96576  
11694.6952  
11729.41993  
11729.05941  
11667.74265  
11657.25877  
11665.68529  
11638.54949  
11719.58587  
11678.32629  
11679.09679  
11667.89225  
11676.32269  
11674.30451  
11663.22184  
11587.17371  
11652.04546  
11628.86257  
11625.63207  
11665.07427  
11680.1192  
11712.24594  
11692.64742  
11671.46134  
11677.41263  
11666.51787  
11706.33679  
11676.48109  
11695.35628  
11746.34775  
11727.63712  
11700.84317  
11740.46289  
11662.47541  
11661.08214  
11631.99313  
11643.79151  
11629.76932  
11639.28407  
11655.49026  
11664.01742  
11620.79149  
11652.59243  
11660.26396  
11705.30733  
11678.66366  
11673.06992  
11666.35095  
11658.5501  
11694.24071  
11672.13024  
11653.77199  
11678.37086  
11696.29301  
11682.79774  
11647.91818  
11648.85062  
11680.81921  
11683.30593  
11671.36028  
11699.80217  
11708.75933  
11727.23338  
11671.32835  
11713.42317  
11691.32296  
11656.0809  
11645.18527  
11663.38174  
11662.94948  
11669.50924  
11703.42912  
11638.83047  
11658.88391  
11659.21831  
11681.91359  
11678.05732  
11696.44503  
11655.44773  
11662.50675  
11655.38976  
11623.99596  
11624.74928  
11680.58341  
11688.78884  
11682.9971  
11686.38397  
11697.42794  
11665.31924  
11671.41952  
11656.87847  
11719.79886  
11739.3874  
11675.4303  
11704.17354  
11693.44115  
11669.42143  
11686.6909  
11654.79777  
11638.47362  
11665.52903  
11696.12374  
11680.18983  
11642.98774  
11658.10756  
11667.22882  
11666.16621  
11692.98259  
11664.8014  
11680.22816  
11657.47863  
11660.62399  
11689.45773  
11737.3768  
11665.8033  
11663.64549  
11678.90374  
11666.90831  
11648.32424  
11660.653  
11693.8056  
11690.21257  
11646.90706  
11629.24568  
11648.63342  
11722.47693  
11667.34037  
11703.66765  
11724.69144  
11690.54506  
11671.79179  
11676.82967  
11695.89003  
11677.14779  
11630.62582  
11668.80482  
11671.50215  
11614.44706  
11670.78449  
11710.9178  
11705.8899  
11635.36323  
11736.11708  
11657.41725  
11635.53489  
11628.28703  
11636.74347  
11641.14145  
11590.87737  
11684.5684  
11648.08033  
11718.52758  
11713.48685  
11740.46325  
11714.12724  
11651.75807  
11648.87807  
11678.2347  
11679.03263  
11694.94219  
11702.86529  
11643.10227  
11623.26026  
11687.87721  
11724.41155  
11702.59043  
11696.31851  
11702.59633  
11677.36275  
11676.94454  
11691.48935  
11653.396  
11670.70623  
11697.99452  
11703.77584  
11666.12988  
11708.50383  
11703.62734  
11626.64411  
11657.03734  
11611.84457  
11681.84346  
11667.27222  
11668.56646  
11617.40629  
11644.60196  
11672.75017  
11707.34316  
11679.08239  
11682.13512  
11611.9254  
11655.88793  
11659.87057  
11625.74303  
11651.02642  
11690.61895  
11689.21407  
11678.49978  
11685.2374  
11717.42049  
11719.18345  
11672.95122  
11699.91453  
11668.4429  
11645.85675  
11657.3875  
11654.95972  
11679.07946  
11691.40298  
11736.04841  
11728.4291  
11699.96928  
11650.74279  
11676.85199  
11675.15405  
11705.80889  
11672.12223  
11686.65013  
11668.20873  
11667.82731  
11662.32305  
11641.85075  
11642.91001  
11653.21313  
11611.76995  
11648.60933  
11652.62538  
11661.10613  
11672.43944  
11705.07093  
11680.19556  
11586.44421  
11680.17511  
11705.88698  
11700.30361  
11648.30424  
11665.53318  
11656.30292  
11676.00939  
11663.47695  
11688.67935  
11655.74773  
11675.68852  
11660.66759  
11668.381  
11746.94029  
11700.21037  
11684.60589  
11650.02382  
11678.45646  
11646.62756  
11697.92649  
11738.697  
11698.77854  
11705.57358  
11665.76431  
11676.55709  
11688.65833  
11694.47599  
11680.58081  
11622.17735  
11639.50992  
11690.60485  
11700.90246  
11650.94418  
11658.1191  
11694.34702  
11715.52704  
11682.81339  
11653.96426  
11675.19942  
11697.62735  
11676.12566  
11680.51708  
11701.35899  
11645.35134  
11693.36714  
11670.7362  
11646.42415  
11572.93263  
11655.55284  
11617.54298  
11664.656  
11701.72617  
11701.8866  
11712.50534  
11673.7317  
11673.55102  
11694.43406  
11725.97817  
11686.87013  
11696.43461  
11669.13896  
11627.26625  
11659.64053  
11709.26  
11677.38469  
11616.05171  
11665.20842  
11631.99924  
11659.67798  
11696.59209  
11698.98445  
11691.72208  
11676.54582  
11682.11721  
11714.94544  
11724.45565  
11694.03015  
11703.53208  
11666.66991  
11647.65744  
11606.82359  
11634.71031  
11628.08621  
11688.99798  
11687.99922  
11702.50931  
11703.18924  
11636.54887  
11645.65194  
11666.68849  
11653.8739  
11677.99599  
11664.95804  
11632.93677  
11679.0054  
11691.17403  
11687.45405  
11682.76441  
11729.33074  
11694.29238  
11730.71654  
11700.09782  
11676.57306  
11740.67508  
11701.00427  
11654.45439  
11666.22641  
11689.78506  
11703.95873  
11647.61516  
11643.1038  
11625.91988  
11582.98927  
11618.25325  
11663.40593  
11612.23698  
11634.29057  
11661.38741  
11696.85648  
11690.73703  
11667.23533  
11667.56544  
11690.69585  
11706.51898  
11675.19319  
11668.65218  
11668.22102  
11644.78463  
11683.25583  
11707.2689  
11692.28016  
11674.68824  
11686.55029  
11680.88743  
11749.778  
11712.05085  
11690.18509  
11710.32523  
11674.01405  
11661.65731  
11697.87764  
11688.72551  
11698.14487  
11641.45605  
11657.8759  
11660.91148  
11717.58215  
11697.94809  
11687.30551  
11696.98139  
11698.70887  
11649.8022  
11711.80344  
11705.79214  
11694.83574  
11654.04777  
11701.60279  
11705.85244  
11606.52367  
11620.52007  
11599.36902  
11624.94947  
11650.72205  
11670.34927  
11722.56276  
11711.93658  
11732.89278  
11656.39975  
11637.52849  
11698.27834  
11675.41688  
11676.68396  
11649.63163  
11689.90672  
11625.5752  
11643.78896  
11651.17203  
11635.93362  
11612.72014  
11655.62153  
11614.94969  
11682.08666  
11724.69963  
11805.04463  
11729.34735  
11699.3141  
11705.46965  
11614.09609  
11631.53417  
11682.85461  
11651.15194  
11665.01873  
11650.66484  
11675.72026  
11607.01072  
11602.91799  
11718.47781  
11715.47911  
11653.43808  
11724.59396  
11699.91783  
11636.47809  
11676.34014  
11700.38764  
11669.88579  
11729.0947  
11710.86927  
11680.48033  
11681.83832  
11650.74591  
11671.50592  
11667.72451  
11657.70071  
11665.15837  
11710.47124  
11682.82944  
11672.50209  
11629.8691  
11651.49594  
11693.46454  
11677.91872  
11664.14962  
11675.6221  
11673.05538  
11663.32379  
11647.68628  
11658.32388  
11705.31038  
11673.49191  
11664.43265  
11651.60771  
11673.68618  
11703.55599  
11693.83576  
11718.27058  
11740.04759  
11671.85273  
11699.06247  
11704.25927  
11650.5744  
11639.97488  
11650.98838  
11598.2449  
11652.36608  
11674.50605  
11650.34889  
11710.38276  
11661.34944  
11723.14498  
11651.4197  
11674.64177  
11660.40991  
11703.11226  
11730.00919  
11692.25109  
11683.50623  
11674.98846  
11658.523  
11661.96263  
11666.60641  
11650.57342  
11655.33614  
11707.49278  
11689.78999  
11685.22006  
11682.25575  
11655.79138  
11660.69055  
11675.024  
11636.12312  
11646.24351  
11663.37599  
11655.88082  
11657.45255  
11657.82173  
11678.00359  
11662.27888  
11649.19943  
11641.56612  
11641.64787  
11670.02828  
11708.31631  
11654.49931  
11691.43067  
11702.53854  
11695.40304  
11697.36984  
11657.1384  
11721.81431  
11717.35174  
11725.93374  
11662.57779  
11667.58067  
11705.89386  
11691.81657  
11644.37799  
11648.66289  
11633.77601  
11661.78114  
11649.99343  
11595.83316  
11655.6451  
11704.34879  
11700.93158  
11687.67577  
11685.49244  
11702.24469  
11713.92859  
11736.32407  
11682.18647  
11625.62847  
11676.68767  
11632.04581  
11671.10307  
11687.63098  
11657.31181  
11707.49627  
11660.11823  
11683.15635  
11683.50945  
11657.48423  
11643.58772  
11666.09976  
11642.60233  
11624.93745  
11635.3117  
11658.16303  
11650.77328  
11655.09135  
11657.09965  
11674.47911  
11691.12341  
11692.00639  
11709.95307  
11693.28741  
11690.78801  
11712.92161  
11677.79677  
11686.67127  
11685.12541  
11651.84237  
11716.99703  
11697.93708  
11672.13234  
11676.19735  
11673.50288  
11659.15184  
11636.3841  
11693.16663  
11702.88111  
11675.5168  
11685.29804  
11674.37975  
11710.7559  
11673.91701  
11692.08302  
11627.10968  
11639.66037  
11688.486  
11679.72378  
11668.34242  
11676.36575  
11686.25537  
11650.16708  
11705.93315  
11668.29879  
11740.01057  
11665.88589  
11692.62057  
11686.12486  
11693.52011  
11656.58081  
11634.44804  
11662.19921  
11696.67276  
11669.57561  
11640.24416  
11631.40579  
11646.417  
11654.83311  
11670.00635  
11669.85879  
11698.27701  
11682.27077  
11675.51205  
11668.75226  
11636.55222  
11697.48917  
11677.68462  
11716.3827  
11660.03636  
11705.75482  
11690.3457  
11675.33068  
11688.31955  
11696.70661  
11668.92532  
11682.40327  
11680.90372  
11659.54905  
11667.79647  
11667.85141  
11685.81346  
11648.16312  
11716.256  
11723.13616  
11673.52253  
11659.46613  
11680.60333  
11639.33227  
11668.28857  
11654.73786  
11672.24015  
11620.26811  
11610.59428  
11656.84729  
11675.23019  
11649.23618  
11647.61418  
11654.14685  
11703.18881  
11702.21244  
11691.61817  
11666.86291  
11680.27187  
11661.62354  
11670.19395  
11696.77025  
11637.84813  
11640.44634  
11673.20343  
11692.20427  
11649.65369  
11709.68962  
11688.27151  
11667.94501  
11674.46087  
11675.92095  
11695.23128  
11679.6654  
11690.13949  
11679.69921  
11647.77351  
11682.69636  
11678.58171  
11715.33188  
11712.31104  
11687.21775  
11694.11791  
11714.31153  
11681.34847  
11606.04008  
11644.76405  
11654.50304  
11641.3025  
11645.9131  
11706.32721  
11676.98351  
11674.98537  
11711.70472  
11675.40944  
11682.63528  
11637.58026  
11686.89312  
11667.26362  
11645.26622  
11692.5537  
11690.19  
11699.67249  
11666.01367  
11660.58866  
11710.7415  
11678.80552  
11693.87453  
11679.55512  
11686.29157  
11652.59372  
11633.58975  
11684.45219  
11679.09005  
11662.20754  
11679.33071  
11663.07504  
11657.64494  
11669.31553  
11667.92073  
11678.80198  
11668.89233  
11650.60213  
11696.9656  
11688.73684  
11701.634  
11688.32391  
11695.2913  
11670.21325  
11655.99212  
11657.39479  
11661.24599  
11662.68761  
11705.02716  
11699.34427  
11650.18274  
11655.21806  
11658.54003  
11664.59803  
11663.42102  
11677.87421  
11665.92497  
11656.94322  
11686.63417  
11670.52326  
11686.63598  
11680.06691  
11656.4148  
11684.39854  
11670.1318  
11668.02671  
11736.4628  
11673.50967  
11740.4391  
11728.56843  
11676.93401  
11656.84959  
11654.75849  
11679.08188  
11710.78777  
11669.39951  
11666.18597  
11698.61761  
11694.09628  
11622.62592  
11692.54484  
11657.67616  
11661.02517  
11636.94233  
11646.07603  
11654.80512  
11647.05966  
11645.32215  
11612.98425  
11656.01167  
11642.80858  
11652.32428  
11675.78665  
11662.32023  
11688.45676  
11677.37364  
11659.80579  
11656.26667  
11686.38771  
11700.97263  
11658.10955  
11727.49166  
11712.38047  
11698.48581  
11709.41263  
11665.65702  
11649.89208  
11692.55856  
11678.56737  
11666.47412  
11700.67203  
11680.03867  
11672.55271  
11673.20668  
11653.59962  
11669.36289  
11653.70199  
11663.4244  
11664.62933  
11641.82348  
11698.40921  
11707.99228  
11725.90316  
11714.69721  
11712.19312  
11655.73536  
11676.40805  
11686.80979  
11685.4739  
11694.30676  
11639.69753  
11645.51056  
11679.79456  
11608.57153  
11630.33918  
11665.99744  
11650.28212  
11712.751  
11739.67974  
11758.37598  
11688.1779  
11643.9679  
11673.53809  
11624.07072  
11617.69754  
11658.95169  
11687.05849  
11624.07883  
11647.45273  
11649.87299  
11698.38348  
11732.31761  
11712.89594  
11688.88778  
11683.51275  
11645.1625  
11655.47958  
11641.05271  
11643.95211  
11606.41561  
11625.57138  
11673.41185  
11651.23014  
11669.26149  
11719.18883  
11711.69507  
11659.29524  
11667.71361  
11674.35603  
11676.53293  
11688.76442  
11680.68062  
11663.79333  
11651.61869  
11681.48621  
11680.64707  
11700.73185  
