10996.85884  
10971.13467  
10994.39927  
10954.08804  
10960.78916  
10940.6791  
10992.18926  
11006.32187  
10980.94409  
10943.72656  
10966.26411  
11004.08701  
11022.98096  
11051.91909  
11036.28872  
11046.41807  
11069.09053  
11063.60283  
11058.94185  
11023.51543  
11045.93311  
11075.49492  
11005.93862  
10983.47603  
11027.07798  
11014.14878  
10985.08242  
10953.97852  
10960.03691  
11003.35186  
10986.61943  
10979.13091  
10976.57124  
11008.51953  
10963.5168  
10948.23936  
10984.7249  
10988.01431  
11041.16655  
11021.00991  
10961.72666  
10990.94429  
10980.00518  
10979.55659  
11072.82441  
11050.41118  
10981.82524  
11023.69561  
11000.63208  
11010.11016  
11004.16401  
10987.78608  
11034.56738  
11057.66035  
11077.10229  
11030.39365  
11037.76001  
11035.898  
11040.47104  
11055.9291  
10985.67324  
10984.6394  
10994.73882  
10929.04321  
10953.52769  
10974.67441  
10941.72769  
10963.4811  
10985.4022  
10971.51665  
10977.58413  
11031.7021  
10981.28545  
10957.79526  
10968.22568  
10961.10396  
10960.38071  
11000.8312  
11004.42227  
11012.63218  
11040.59048  
11006.79321  
11011.95479  
11079.15786  
11038.78037  
10985.51919  
11020.89795  
10975.01743  
10956.44248  
10997.37524  
11008.92939  
10993.95303  
11029.43833  
10975.88447  
10994.17251  
11024.8936  
11007.28115  
10992.72676  
11013.26899  
11011.821  
11035.68228  
11020.17412  
11016.93101  
11015.34907  
11040.99575  
10985.15552  
10934.57822  
10981.45293  
10964.15107  
10913.21958  
10971.32783  
11004.06045  
10978.41616  
10966.89004  
10972.90244  
10983.19746  
10993.89883  
10993.43638  
10993.47847  
11001.02671  
11000.93389  
11033.88369  
11032.48081  
11018.60679  
11013.03975  
11011.85337  
11014.87188  
10995.3957  
10971.97485  
10938.25557  
10940.13579  
10962.99185  
11012.59756  
10988.67178  
10962.4627  
11023.40107  
10963.96895  
10999.07915  
11019.25742  
10994.98145  
11000.25483  
11009.26348  
11046.92109  
11008.38013  
10983.74849  
11000.77158  
11021.14536  
11006.72046  
11033.57119  
10998.42676  
11009.76724  
11013.17676  
10985.88535  
11007.62075  
10960.50361  
10991.8502  
11009.76226  
10996.93374  
11034.33159  
10986.61577  
10974.39331  
10971.51772  
10965.69443  
10948.30508  
10959.1583  
10996.75396  
11004.60464  
11029.09478  
11064.77744  
11050.85034  
11016.77192  
10988.86245  
10966.94097  
10927.56406  
11011.18071  
11016.88457  
11001.28599  
10996.70894  
11013.12964  
11018.5937  
11020.55483  
11053.85137  
11009.41133  
11009.22305  
11015.1918  
11009.85767  
10965.53047  
10915.51401  
10973.86196  
10962.62656  
11013.479  
10972.39648  
10977.07979  
10978.56934  
11017.49897  
11020.54062  
10993.92437  
11014.08091  
10972.51895  
10982.8376  
11011.83081  
11019.71274  
11009.40459  
11015.28882  
10997.65918  
10973.0645  
11041.68706  
11044.38076  
11028.11855  
11065.14453  
11013.84395  
10962.85688  
10987.07534  
10976.77261  
11003.84321  
10940.92246  
10969.40015  
10969.39507  
11005.23345  
11047.52612  
10974.16201  
10986.73345  
10966.78848  
10993.03896  
11014.95654  
10996.84063  
11002.223  
10979.12271  
10995.00322  
11037.47715  
11001.09082  
10998.82617  
11001.24141  
11009.37002  
11003.92837  
11006.79741  
10961.92412  
10976.91719  
10957.03413  
10950.64756  
10971.42495  
10976.25874  
10979.68066  
11001.99048  
10964.28662  
11005.00654  
11026.59531  
11007.95898  
11018.3479  
11021.8855  
11026.2875  
11073.05933  
11046.42573  
11048.90894  
11005.19663  
10998.03091  
10975.41177  
10963.06211  
11014.71294  
10966.51284  
10992.15396  
10962.70947  
10966.9083  
10991.32271  
10995.86992  
11000.90894  
10994.01201  
10967.00034  
10985.61138  
11074.52803  
11049.18657  
11027.6897  
11019.09375  
10955.84082  
10986.57153  
10988.39717  
11012.55742  
10984.9645  
11026.27813  
11026.77085  
11009.85122  
10994.30918  
11021.22456  
11010.70229  
10999.62559  
11010.92769  
10989.81777  
10957.47427  
11007.22075  
11003.40352  
11022.03936  
10993.79883  
10977.0686  
11002.13774  
10963.17402  
10943.35591  
10952.81152  
10999.72197  
10962.32212  
11022.95308  
11014.22085  
11017.97212  
11030.28198  
11010.01099  
10992.38911  
11002.53408  
10981.87842  
10967.83213  
10992.77329  
11004.88042  
11008.24946  
11029.39209  
11023.74902  
11011.2377  
10993.52026  
10984.85728  
10993.71372  
11010.90264  
11015.37998  
11032.45527  
11037.17085  
11045.37461  
10986.22319  
10985.33027  
10982.65176  
10966.39355  
10921.61299  
10963.96895  
10959.63389  
10981.18413  
11031.69556  
10974.89907  
10997.23745  
11016.48369  
11075.48594  
11089.05127  
11006.71416  
11006.8335  
10970.73018  
10946.72349  
10960.6231  
10969.54946  
10968.88384  
11050.59263  
10982.06724  
10987.97007  
10992.377  
10966.44155  
10992.07842  
11000.49771  
11045.14189  
11048.14678  
11012.10693  
11000.27334  
10952.77852  
10965.21313  
10969.88892  
10982.53301  
10940.84453  
10990.65625  
10989.66919  
11006.48682  
10995.74912  
11020.70137  
10985.62246  
10972.64941  
11009.41152  
11007.60371  
11029.50073  
11009.40557  
11005.66948  
11003.25103  
11004.96934  
11029.65205  
11005.14463  
10953.01338  
10978.09766  
10953.05415  
10953.59653  
10948.20249  
11022.01367  
10993.40723  
10977.16377  
11029.13853  
11006.14634  
11003.4855  
11044.63726  
11024.95825  
11045.41807  
11015.4498  
10996.37285  
10993.11494  
10960.97642  
10969.03062  
11010.51895  
10998.79644  
10951.62241  
10986.96387  
10999.56084  
11021.9877  
11007.0418  
11025.12119  
11004.68081  
10971.14419  
11016.80723  
11023.02725  
10998.23706  
11006.96641  
10975.06909  
10962.87227  
11006.24014  
11060.75151  
10999.23926  
10983.84229  
10989.56226  
10983.82476  
10972.93203  
11032.53799  
11005.5689  
11024.86143  
10994.76372  
11035.9272  
11019.64297  
11010.33315  
10986.35088  
11014.3502  
11010.78887  
11005.8916  
11008.30947  
10981.46079  
11003.20112  
11005.78882  
10986.32212  
10954.07686  
10966.38442  
10977.29517  
11014.07393  
11027.84609  
10957.99746  
10979.05439  
10955.88652  
11018.76909  
11040.59595  
11013.98872  
11020.49351  
11017.00737  
11024.17749  
10983.8397  
10988.66831  
11009.13657  
11006.76753  
11020.75542  
10989.25063  
10960.63364  
10994.77207  
11030.16475  
11034.68301  
11009.91064  
11011.17051  
11023.42627  
10997.00903  
10989.81494  
11010.00767  
10995.78809  
10991.96147  
10995.54971  
10984.88345  
11013.49683  
11005.74028  
11013.65952  
10971.86494  
10983.91729  
10969.10596  
10997.08711  
11030.54414  
11016.49985  
11023.3439  
11002.89414  
11014.37598  
11004.629  
10972.4811  
11006.99033  
10948.09312  
10986.47827  
11000.44829  
11032.53687  
11035.86196  
11048.97192  
11029.22954  
11010.30049  
10969.85493  
10954.12793  
10984.63887  
10960.91816  
10999.73262  
10981.51592  
10948.9855  
10978.02451  
10975.28218  
11020.31274  
10985.93613  
10991.37627  
11018.94238  
11044.22559  
11015.36279  
11029.41514  
11006.4709  
10968.00879  
10969.06709  
10972.32383  
11005.70317  
11016.7  
11048.88789  
11060.81572  
11046.75977  
11011.13628  
10964.25005  
10960.87446  
10972.14131  
10982.17261  
10950.52788  
10957.4748  
10958.54985  
10992.43618  
10962.68989  
10988.60649  
11033.36528  
11038.80596  
10982.57261  
11013.96997  
11007.78511  
10997.73296  
11018.61318  
10974.31758  
10983.31704  
10948.61245  
11008.29453  
11025.46538  
11008.06562  
10990.17212  
11013.60225  
11003.35635  
11005.34507  
11006.99619  
11008.99014  
11054.48032  
11081.34419  
11019.2769  
11052.36289  
11070.65376  
10974.62778  
10973.51924  
10981.09692  
10994.85005  
10948.56709  
10973.80605  
11013.23506  
10975.7623  
10991.79248  
10976.29775  
10952.89146  
10987.62476  
10968.0186  
10965.16465  
10981.70962  
11007.41592  
10987.39727  
10969.52334  
11033.2895  
11025.45039  
11013.10215  
11004.06084  
11007.69517  
11003.14258  
11021.33545  
11016.43394  
11037.86826  
11005.88452  
11008.55698  
10998.26606  
10968.94644  
11014.01919  
10980.22993  
10976.08818  
10990.25864  
11016.12969  
11004.48916  
10954.4231  
10963.19546  
11011.42627  
11000.78955  
10993.36719  
10995.83481  
11016.15698  
11031.26772  
11034.46411  
11005.49385  
10978.74941  
10977.94229  
10966.26157  
11010.18145  
10961.97505  
10925.62563  
10962.51196  
10975.62129  
10977.30806  
11022.69658  
11021.77041  
10978.69492  
11013.06777  
11034.70264  
11056.70576  
11043.69341  
11029.79214  
10967.61226  
10976.96484  
10991.25718  
10978.29829  
10969.63555  
10941.27534  
10994.27344  
10992.99263  
10958.07598  
11031.04458  
10995.62456  
10987.6356  
10990.72896  
10997.28765  
11013.97637  
10978.65679  
10937.68096  
11009.7106  
11009.4624  
11029.82607  
11049.61528  
11027.93892  
11033.64575  
11059.19795  
10996.83438  
10983.18579  
10979.41753  
10972.30889  
10993.1437  
11005.47495  
10932.51763  
10996.9084  
10970.09995  
10948.93779  
10951.87554  
10994.28657  
11002.6397  
11012.37856  
10981.35142  
11007.10508  
11018.5042  
11063.99619  
11028.92549  
11002.26816  
10978.82754  
10973.45405  
11003.3125  
10974.77026  
10996.41655  
10986.37974  
10971.38271  
10976.51919  
10946.74756  
10958.65903  
11007.51978  
10992.34341  
10998.87788  
11006.50117  
11072.43647  
11025.71528  
11027.08628  
11041.54399  
10998.56475  
10990.89194  
10999.32393  
10994.5626  
11009.79805  
11026.65571  
11001.75615  
10953.01265  
10978.40264  
10976.75327  
10975.00645  
10999.64722  
11006.58398  
11023.22832  
11009.87427  
11005.09961  
10961.22744  
10989.14521  
11011.43252  
11035.18755  
11049.87866  
11070.40742  
11079.11733  
11014.4188  
11007.61089  
10974.3937  
10965.44624  
10965.53589  
11023.9312  
10996.15937  
11021.41646  
11006.05322  
11005.18926  
11004.25903  
10951.77261  
10947.06792  
10979.11489  
11005.42158  
10986.27041  
11017.18008  
10986.24956  
11071.29092  
11029.61973  
11002.09116  
10956.89165  
10952.13506  
11013.6645  
10968.69697  
10996.88652  
11038.92524  
11036.3125  
11034.35854  
11044.27905  
10993.52041  
10969.25244  
10942.02373  
10978.21167  
10978.79243  
11014.88848  
10990.31182  
10995.33638  
10970.84277  
11022.98682  
10987.25747  
10976.9394  
11004.29717  
11021.05186  
11008.47427  
11025.67788  
11020.58462  
10964.02275  
10954.82822  
10950.16562  
11003.64653  
11004.14238  
10985.81851  
11001.48418  
10988.91372  
10952.66436  
10952.39507  
10979.43252  
10994.78682  
10971.72861  
11028.83262  
10992.47246  
11030.79771  
11015.2812  
11009.55498  
11047.17886  
11018.43315  
10999.50068  
11004.01089  
10987.58994  
10964.67832  
10972.7207  
10935.57305  
11003.97271  
11001.4708  
10992.95596  
11031.66987  
11021.6332  
11019.6375  
10994.45386  
10999.37285  
11022.5437  
10981.93555  
11050.74536  
10998.22339  
11030.08999  
10987.71597  
10943.29839  
10954.93315  
10995.25854  
11017.83711  
11033.43677  
11001.27344  
10998.7416  
11015.48149  
10989.95493  
11029.2252  
11054.31802  
11068.40942  
11084.83833  
10975.17661  
10974.88716  
10939.69487  
10962.15  
10951.89395  
10976.3124  
11011.8855  
10981.73237  
10978.8291  
10936.10205  
10972.37666  
11015.12065  
10994.4126  
11002.79072  
10993.00117  
10960.15483  
10973.89565  
10971.22026  
10977.19707  
10969.51636  
10967.14756  
10972.60625  
10952.81411  
10968.35635  
11003.52725  
11058.05708  
11043.17607  
10987.87705  
10972.3479  
11041.94434  
11007.61108  
10996.92026  
11035.65757  
10992.98745  
10981.32129  
10994.0813  
11008.80889  
11002.38584  
11004.24087  
11046.42256  
11039.56216  
11038.28081  
11055.09199  
11004.40244  
10995.57681  
11032.7147  
10984.49604  
10994.44814  
10970.19331  
10987.49517  
10989.17363  
10963.76279  
11013.00405  
10995.45493  
10990.11206  
11010.85527  
11038.88389  
11029.29658  
10969.45181  
10971.47524  
11009.65112  
10979.96929  
10954.50674  
10971.80942  
10944.17681  
11017.00742  
11022.51572  
11049.852  
11003.21362  
10989.22871  
11006.34409  
10982.69517  
10954.10557  
11013.36523  
10994.59199  
11038.89395  
11040.17363  
11046.96465  
11007.89521  
11016.61079  
10957.44102  
10991.39146  
10976.80098  
11001.61968  
11012.61255  
11027.34102  
10981.13511  
10997.00967  
11044.16499  
10998.2856  
10983.52451  
10970.55166  
11043.24902  
11000.55122  
10974.64761  
11053.98257  
11101.14014  
11059.51133  
11035.31401  
10994.3123  
10965.93057  
10939.83652  
10957.29814  
10962.16841  
10973.74575  
10958.2479  
10998.83384  
11024.12881  
11015.97124  
10960.05508  
11039.41572  
10984.6873  
10942.27246  
10982.35225  
10973.40483  
10994.37358  
10990.6458  
11023.55479  
11008.28193  
10999.16982  
11037.11206  
11057.52778  
11035.27339  
10969.31001  
10975.0313  
10988.62285  
10998.48555  
10966.89868  
10978.62993  
11021.62124  
11003.99731  
11042.06675  
11020.49111  
11019.02402  
10999.47319  
11044.87046  
11032.88145  
11007.70156  
10966.91514  
10983.56567  
10993.34697  
10944.53975  
10987.72217  
10974.28584  
10967.98286  
10986.9897  
11022.40708  
10954.63008  
11009.77446  
11059.96704  
11062.3312  
11015.41724  
11015.5  
11006.68857  
11018.32739  
11022.18174  
10951.73276  
10946.28291  
11021.36875  
10998.95776  
10992.65142  
10990.53433  
11005.73696  
10962.51675  
10963.6731  
10963.42637  
11019.71162  
11013.60576  
11027.63213  
11006.93564  
10952.96216  
10933.99648  
10964.01084  
10997.01519  
10941.623  
11018.05156  
11015.30977  
11012.37832  
11032.12871  
11039.19717  
11003.89517  
11009.3249  
10967.45859  
10965.04648  
10974.88853  
11014.47109  
11011.83447  
10997.67061  
10992.77085  
11000.37412  
10983.75288  
10974.94023  
10994.21938  
11013.73579  
10986.14404  
11019.29868  
10982.07334  
11003.62412  
11029.046  
11011.04893  
11008.98018  
11001.66782  
10993.33901  
10956.88125  
10982.57935  
10982.39736  
10999.90869  
10966.53013  
11013.59893  
11007.64551  
11003.30967  
11013.30713  
11015.63613  
10975.93535  
10959.16777  
11022.63179  
11026.36982  
11014.69209  
11033.09683  
10993.81074  
10992.96924  
11009.32827  
10994.2373  
10973.00166  
10975.36553  
10979.24663  
11019.87227  
11045.58779  
11007.9957  
11042.22686  
11057.12905  
11038.91182  
10989.75957  
11012.80762  
11012.90776  
11028.17715  
10991.53247  
10957.4064  
10953.63057  
10983.7522  
10943.02476  
10995.21387  
10996.30645  
11006.53882  
10997.04424  
11054.97563  
11010.83271  
11008.74102  
11035.56855  
11015.28857  
10987.09873  
11032.51226  
11051.10527  
10975.0312  
10950.76001  
10925.78208  
10975.75757  
10997.41201  
10991.39819  
11004.63135  
11016.29307  
10942.88599  
11002.64014  
11017.80513  
11046.93745  
10971.26123  
10986.42852  
10971.38032  
10975.14907  
10995.35088  
10993.01948  
11005.11621  
11022.22954  
10967.8209  
11004.67969  
11021.66367  
11022.86577  
10996.54893  
10949.20908  
10956.51899  
11002.40264  
11015.39893  
10997.09805  
11014.66099  
10998.19565  
11031.56816  
11008.90518  
10919.28081  
10983.48032  
10959.16445  
11013.61567  
11025.73848  
11007.45493  
10985.97974  
11003.58613  
11038.63135  
10981.43472  
10974.38604  
11024.30195  
11015.08779  
11035.01011  
11005.38945  
10950.40527  
11030.1438  
11038.92944  
11013.6436  
11036.54229  
10964.32329  
10958.60815  
10969.55854  
10956.74814  
11027.53267  
11014.84678  
11006.90376  
11018.1666  
11037.99736  
11040.6311  
11011.38091  
10997.00366  
11015.68774  
11021.87549  
11050.7145  
11022.63105  
11022.9751  
11030.79277  
11005.08149  
11013.84834  
10988.47354  
11027.3082  
11031.20352  
11005.84482  
10985.55352  
10938.78208  
10938.179  
10955.08008  
10950.90327  
10945.68452  
11009.9457  
11017.81558  
10998.45156  
10980.54419  
10960.49614  
10964.91094  
11052.91792  
11007.67114  
10972.50132  
10984.71465  
11034.96704  
11029.19922  
10977.11733  
11024.55459  
11022.46299  
11024.31074  
11014.39062  
11009.44692  
10975.78247  
10984.7439  
10944.37051  
10982.13252  
10999.0354  
10968.68989  
10985.34468  
11001.76318  
10958.30703  
10967.30361  
10970.00122  
11030.45908  
11035.46772  
10997.05605  
11001.36021  
10979.52183  
11004.1207  
11028.61919  
11069.01426  
11016.92183  
11036.29941  
10954.66753  
10975.39351  
10985.65269  
10968.70352  
11003.46362  
11017.1376  
10987.95503  
10987.41377  
11016.23105  
11008.24956  
10947.49438  
10953.0312  
10968.654  
11003.72656  
10994.35083  
11017.52969  
11029.05293  
10984.7979  
10978.85835  
11018.03809  
11023.69854  
10980.54678  
10995.48418  
11031.22573  
11032.75156  
11004.75391  
10991.17549  
10980.74624  
10962.86548  
10932.55938  
11000.85156  
11003.55488  
10987.19282  
10948.19487  
10977.11089  
10995.28125  
10992.67759  
11018.00015  
10999.91631  
10992.88535  
11022.3876  
11014.72739  
11037.27334  
10986.4228  
11004.44717  
10978.46035  
11016.88135  
10951.37842  
10965.97339  
11027.02754  
10996.09458  
11006.75659  
11021.65522  
11024.51553  
11021.04883  
10998.28936  
11015.61475  
11009.50493  
10989.18501  
10990.43892  
11065.70645  
10988.30146  
10984.93892  
10997.5125  
11000.51338  
10951.47773  
11046.13579  
11030.44502  
11000.44404  
10992.99956  
10977.78652  
10998.40132  
10969.97168  
10964.17344  
11015.06196  
11020.65928  
11033.43164  
11030.05474  
11004.12808  
11015.46157  
11038.86387  
11031.12656  
11003.39204  
10979.62881  
10996.61934  
10994.98999  
10998.21489  
10983.98403  
11003.12544  
11027.45327  
10999.6562  
10952.25723  
10974.3583  
11018.10703  
10984.41294  
11029.14326  
11001.05415  
10973.59351  
10969.63071  
10976.00298  
10976.29985  
11017.73159  
10975.9541  
10997.15635  
11009.9667  
11003.71846  
11026.40415  
10993.38081  
11022.81753  
11033.94678  
11011.50879  
11006.66816  
10985.59907  
10953.62485  
10934.67637  
10995.38062  
10976.25078  
10990.55  
10966.00977  
10994.00713  
11011.61079  
11054.79551  
11004.72319  
11022.92266  
11002.55542  
10990.25474  
10955.63433  
10936.00498  
10998.06128  
11015.1127  
10971.40479  
10984.06768  
10999.08159  
10987.99341  
11045.00479  
11022.06016  
11020.73618  
11037.36177  
11025.71802  
10997.57983  
10976.50039  
11038.87065  
10998.42793  
10988.76255  
11010.51978  
11006.4582  
11001.16323  
11013.30894  
11039.7894  
10985.38564  
11003.16499  
10977.9769  
11017.70942  
11041.30415  
10962.00874  
10974.41987  
10951.59023  
10981.8644  
10973.00352  
10982.90332  
11014.07373  
11030.89053  
11040.94941  
11007.87593  
10972.87622  
10984.86084  
10940.52651  
10988.48477  
10986.70142  
10971.91875  
10949.92637  
11004.37397  
11000.68237  
11015.89351  
11009.41001  
11037.70552  
10993.28003  
11028.72681  
11009.88794  
11013.37114  
10993.79126  
10996.22417  
10980.70293  
10981.31206  
10978.00771  
10984.26704  
11018.35967  
11017.76699  
10999.85552  
11031.5417  
11048.58149  
10984.16567  
10948.15664  
10967.12988  
10982.43262  
11032.66045  
11020.07603  
10957.51123  
11002.59229  
10965.09907  
10998.75957  
11025.62212  
11030.59497  
11015.9792  
11027.63345  
11019.35894  
10964.4063  
10996.61182  
11001.97227  
10978.07373  
10995.03071  
10989.16895  
10998.38271  
10982.73794  
11039.78428  
10980.83608  
10916.90415  
10975.31396  
11063.68682  
11027.25898  
11002.59971  
11009.9125  
10979.57627  
10960.90146  
11054.27876  
11039.07324  
11038.84888  
10962.85073  
10997.86636  
10981.99766  
10985.702  
10999.80981  
11020.48926  
10999.89189  
11003.54185  
10976.01792  
10994.35674  
10961.35757  
10978.49688  
11012.81348  
11019.28843  
11023.62324  
11010.80088  
10977.12896  
10957.45605  
10985.66816  
10950.52847  
10975.55488  
10977.73521  
10985.02534  
10994.47305  
11024.41143  
11046.63013  
11058.91836  
11025.68901  
11028.83574  
10958.93447  
10970.67148  
10972.19912  
10978.81802  
10976.28677  
10969.02212  
10979.90347  
11070.04028  
11048.50068  
11024.80088  
11004.63799  
11021.44233  
11018.17441  
11018.70771  
10984.15088  
11008.52432  
10980.30313  
10988.13359  
11039.39268  
11020.54253  
11041.98291  
10999.27104  
10958.92944  
10969.921  
10992.14961  
10984.40786  
10964.8292  
10991.11748  
10982.01782  
11029.20654  
10994.83232  
11026.53374  
10985.82856  
11016.76411  
11039.58716  
11009.48906  
10996.02324  
10992.13418  
11016.05854  
10980.63921  
10991.37402  
10994.44751  
10983.14395  
11015.21343  
11023.07104  
11039.34102  
10984.87397  
10925.54067  
10961.5374  
10962.61211  
10996.5877  
10995.00752  
11000.78726  
10977.0915  
11024.92119  
11004.55986  
10981.37847  
11031.01641  
11022.71572  
10976.71519  
10983.0644  
10982.42817  
11020.06226  
10979.32646  
11005.72788  
10980.51479  
11001.17114  
11014.37085  
11008.34966  
10985.20361  
10998.85532  
10994.02646  
10947.84976  
10991.06914  
10963.20156  
10947.84092  
10996.38579  
10992.57329  
11030.66357  
11011.68594  
11002.04155  
10988.91763  
10988.61128  
10998.33457  
11048.42603  
11079.7957  
11014.675  
10987.86655  
10949.39336  
10973.81143  
10972.854  
10971.57451  
11012.31011  
11004.64531  
11017.16553  
11026.479  
11031.46133  
10996.70132  
10997.82402  
10965.80151  
10950.49824  
10957.96211  
10985.83281  
10998.03638  
10986.32349  
11002.48198  
11011.73013  
11013.88853  
11020.29976  
11012.89565  
10995.48926  
10990.65234  
10996.95586  
10983.81846  
10989.86431  
11021.72061  
10992.7771  
11056.1334  
11003.40562  
11004.18188  
10978.37544  
10985.80078  
10980.38223  
11017.90996  
10996.68462  
11009.36206  
10975.13838  
10992.2312  
11029.7335  
11007.87017  
11029.30688  
11012.94497  
11068.01929  
11012.29937  
10976.56782  
10986.72769  
10996.54282  
10991.95508  
10971.50742  
11027.02163  
11021.31475  
11041.89375  
11017.01245  
10990.61479  
11032.34429  
11035.0502  
10971.31211  
10963.60059  
10957.57515  
10973.33477  
11009.29683  
10967.94268  
10981.51182  
11005.00542  
10993.00229  
11009.21011  
10989.09907  
11013.04087  
10997.81299  
10996.19575  
11015.05903  
11019.31191  
10992.65371  
11025.4333  
10947.6063  
10959.12402  
10959.34561  
10980.70771  
10979.29575  
10976.50269  
10984.10049  
10987.05806  
10997.69731  
11045.53926  
11013.13018  
11017.09971  
10993.87915  
10987.26987  
10985.86924  
10988.52046  
10955.51997  
11004.63706  
10984.86914  
10968.58774  
11067.72466  
11027.08423  
11010.15786  
11028.19087  
11024.49722  
11011.80332  
10944.88174  
10974.58813  
10954.171  
10999.81348  
10982.24868  
11032.38081  
10992.4312  
11007.37549  
10988.96943  
11004.2188  
10993.14292  
11009.80366  
10973.06953  
10989.95918  
11013.82939  
11044.68594  
11012.59932  
11022.16211  
11039.71211  
10994.70381  
11019.68052  
11023.75068  
11005.17217  
10958.88496  
11008.26641  
11000.68188  
10991.96616  
11007.96602  
11032.38711  
10994.35752  
10974.71509  
11008.15103  
11059.51226  
11001.51758  
11015.77437  
10992.90947  
10988.09517  
11031.3709  
11031.55479  
11012.7812  
10978.17852  
10950.01777  
10995.39727  
10950.09517  
10971.1835  
10956.14321  
10985.79302  
10998.11084  
10997.06567  
11015.19419  
10985.86113  
11027.72559  
10997.64243  
11005.68247  
11035.45679  
11043.40493  
10994.05273  
10949.63569  
10999.32285  
11011.14209  
10975.00391  
11020.14365  
11020.75698  
11019.70791  
11003.57881  
11036.90815  
11039.12969  
10988.42925  
10959.28726  
10946.95674  
10979.59546  
10949.79536  
10952.73652  
10991.32358  
10978.51343  
10961.15815  
10990.50312  
11003.97915  
10979.90952  
10982.53252  
10991.23442  
10989.91772  
10996.00933  
11007.46226  
10952.5853  
10961.25225  
10985.88857  
11027.50151  
11009.76973  
11013.24326  
11038.99805  
11013.16519  
11056.58179  
10995.21973  
11022.02822  
11021.07065  
11016.2978  
11002.59248  
11026.70889  
11036.99526  
11005.6355  
10967.76323  
10995.44463  
10992.20049  
10965.26875  
10980.42529  
10979.66655  
10952.46353  
10928.01543  
10972.57476  
10984.88223  
11003.34258  
11006.58027  
10997.23384  
11023.40967  
10996.06924  
10972.021  
11022.83184  
11036.16987  
11008.25937  
11014.98701  
11026.46128  
11035.01089  
11005.60239  
11036.27935  
10983.90483  
10980.88906  
11028.21011  
10993.91831  
11004.51514  
10986.56016  
10978.31362  
11047.57275  
11024.91831  
11029.80557  
11017.4791  
10966.96787  
10959.87842  
11013.78169  
10963.14653  
10989.99517  
10972.66274  
10960.38442  
11007.94409  
11027.68359  
11020.04683  
10974.21504  
10972.36943  
10990.39653  
11023.17344  
11012.61094  
11002.71372  
11020.65742  
10982.17134  
10992.90234  
11003.70044  
11011.89854  
11029.41387  
10985.71377  
11011.76655  
11000.46606  
10971.01396  
10999.28384  
10965.04014  
10974.50483  
11027.57949  
10997.31245  
11016.65708  
11000.77173  
11002.54395  
11008.10957  
11029.71265  
11024.55981  
10989.5022  
10937.56611  
10987.33101  
11009.00942  
10985.19966  
10990.22935  
10976.0751  
10982.63804  
11015.08481  
10995.59775  
10989.54731  
10981.12876  
11002.03623  
10988.87124  
11003.38257  
11029.61099  
11007.60239  
10981.22349  
10966.39424  
10980.05869  
11013.20894  
10978.523  
10979.62212  
11023.07827  
11025.40283  
10990.43438  
11012.49326  
11032.27778  
11003.49199  
10955.19238  
11002.93252  
11006.06074  
11023.43691  
10993.99019  
11041.98652  
11010.5395  
10980.42222  
10982.7562  
10973.86792  
11029.93071  
11011.75  
10998.00498  
11037.49316  
11056.79766  
11023.69336  
11007.11313  
10953.2292  
10970.22285  
10991.91499  
10999.30293  
10983.52729  
10968.24448  
10990.40703  
10944.03945  
10956.37778  
10979.86802  
10981.23218  
11027.63955  
11031.1106  
11002.01538  
11011.45991  
10952.99404  
11021.93291  
11005.08032  
11000.44297  
10964.00742  
11029.07734  
10968.2646  
11018.31675  
11035.31421  
11017.98481  
10975.50542  
11008.73511  
11018.60918  
10980.65015  
10955.79756  
11016.10752  
10986.07583  
11004.13618  
11041.05776  
11024.01489  
11029.25713  
10980.19658  
11013.09521  
10968.80771  
11012.10381  
11012.50483  
11002.53525  
11010.05195  
11046.19292  
10964.43228  
10973.73999  
11006.56509  
11034.93921  
10978.33799  
10946.20391  
10965.84868  
10934.22495  
10958.34038  
10973.98242  
10962.29902  
10988.16416  
11023.32627  
10981.85776  
11016.30112  
11004.11411  
10961.56396  
11017.16338  
10973.76284  
10999.62295  
10996.88262  
10977.72251  
10988.13784  
11009.47544  
10991.65674  
11005.66035  
11041.6436  
11053.95459  
11047.3772  
11041.64502  
11041.07295  
10999.9397  
11005.40103  
10986.52554  
11009.60479  
11006.36133  
11004.55781  
10977.57944  
11023.5395  
11006.34893  
11032.42114  
11000.93696  
10950.79351  
10987.66558  
10964.98306  
10988.61313  
10967.3396  
10985.9458  
10984.91812  
11007.03926  
10993.69985  
11026.27285  
11010.97021  
11002.78613  
10993.88638  
10958.7064  
10967.26069  
10994.40479  
11050.32173  
11052.3916  
11013.97222  
11028.33413  
11000.11875  
10949.18379  
10983.76509  
11011.8708  
10997.546  
10979.598  
10985.0917  
10984.15083  
10970.46221  
11017.66851  
10965.17251  
11002.5353  
11059.85293  
11023.40669  
11032.69028  
10996.3189  
11000.46572  
10956.34253  
10938.97847  
10997.65908  
11004.71973  
10988.54878  
11005.56948  
11011.58862  
10989.62266  
10984.14497  
10987.52661  
10995.06685  
11000.02866  
11015.04937  
11014.1  
10986.33481  
10961.68813  
11028.2084  
10965.84209  
10987.14316  
10999.78662  
11018.65317  
10998.19663  
11033.94136  
10993.04844  
10995.48232  
11035.38828  
10999.30078  
10938.49346  
10968.3271  
10988.43179  
10998.57612  
11045.46821  
11024.6063  
10993.77627  
10979.58286  
11043.69951  
11015.78428  
10980.98936  
11003.15278  
10995.2187  
11043.52378  
11045.57202  
11007.08286  
11063.3936  
10985.83345  
10972.96108  
10954.87549  
10996.45605  
11048.61924  
11028.9019  
11010.84756  
10996.32861  
10981.70688  
10991.13853  
10971.60229  
10995.58325  
10998.10181  
10991.52666  
10986.90977  
10962.04141  
10955.48906  
11010.76396  
11024.07202  
11004.4312  
10974.61479  
11008.98252  
11000.7083  
10965.58389  
11047.01494  
10989.63916  
10976.91846  
10982.97812  
11000.55776  
11008.00303  
10968.27285  
11022.9394  
10999.64297  
10959.85054  
10997.62686  
10999.78428  
10996.53755  
10971.93057  
10963.75122  
10998.84175  
10983.86914  
10997.83066  
11012.27715  
11007.28931  
11028.14028  
11046.70635  
11017.56943  
10974.19775  
11026.32437  
11019.83726  
11023.22998  
10994.70703  
10996.78042  
10991.70991  
10983.573  
11036.72754  
11002.24849  
10989.85576  
10963.34565  
11020.41621  
11006.36367  
11012.06538  
10995.854  
11040.88203  
10992.5103  
11036.33149  
11013.8498  
10931.3355  
10998.56343  
11007.81636  
10993.1123  
10970.27383  
11020.54678  
11041.28662  
11063.3292  
10979.3564  
10952.92632  
10986.73623  
11002.68062  
10953.01377  
10978.69648  
10980.92617  
10976.85884  
11030.44868  
11028.01431  
11007.64331  
11011.66675  
11024.7939  
11018.68809  
11013.64917  
10963.47593  
10948.43213  
10955.67607  
10980.13145  
10987.19766  
11007.98359  
11019.85889  
10989.50752  
11011.22744  
11007.26431  
10971.17446  
10981.63921  
10980.95459  
10998.03042  
10990.3873  
11026.94663  
11043.86221  
11000.01055  
10968.45815  
10978.36411  
10977.91855  
11029.03853  
11030.89058  
11000.41274  
11028.59888  
10987.4436  
10963.55703  
10990.03252  
10997.72471  
10984.66934  
10999.31318  
10997.5  
11009.56821  
11008.85825  
11003.02305  
10995.15352  
10976.3686  
10993.38325  
11020.80464  
11016.93657  
11034.7751  
10992.45063  
10978.74785  
10964.27969  
10976.0897  
11024.49712  
11008.8916  
11018.29561  
11052.82422  
11011.70483  
10971.07437  
10990.25278  
11002.61245  
10978.39561  
11001.70903  
11000.33345  
10992.13511  
10996.2895  
11025.92178  
11003.06431  
10982.66001  
11007.33994  
10972.12461  
10986.91265  
11026.50425  
10999.08564  
10973.49175  
10994.2856  
11011.76367  
11022.42056  
11029.71323  
11009.46416  
11014.87549  
11027.42817  
10991.72368  
10990.68691  
10941.75068  
10974.88101  
10967.88052  
10983.46387  
11019.92524  
11004.37021  
11012.67168  
11014.71572  
11010.88125  
11025.14121  
10989.3543  
11008.66675  
10994.43496  
10978.39395  
10964.46973  
10961.41719  
10967.20654  
10975.04023  
10975.2936  
11044.68882  
11018.23335  
10997.06318  
10993.37412  
11006.96909  
11011.43677  
11019.42192  
11032.66284  
10976.37925  
10950.73262  
10991.59912  
10995.69189  
11008.73687  
10989.52271  
11018.0166  
11010.84741  
11007.32393  
11031.621  
10949.31689  
10989.28188  
10992.15688  
11013.49834  
11002.72202  
11034.44229  
11017.45146  
11010.20269  
10998.25806  
10995.43291  
11005.5436  
11003.29712  
11010.1707  
11063.26177  
10995.69365  
11005.15186  
10941.0833  
10935.95576  
10995.25356  
10964.62495  
10976.15112  
11006.76445  
10997.4248  
11000.90361  
11015.21699  
11024.30063  
11002.10469  
11034.36445  
10998.85146  
10981.81274  
11047.02515  
11008.60234  
11004.22456  
11023.12021  
10941.74395  
10999.25439  
11024.72778  
10967.48638  
11021.88228  
10968.49199  
10979.14458  
10993.36001  
11041.76699  
11005.88281  
10997.19727  
11002.9002  
10962.42485  
10963.53906  
11001.9438  
10993.06514  
11000.19463  
11038.66035  
11011.70205  
11001.3541  
10970.90063  
10970.8085  
10956.32803  
10969.82837  
11021.58882  
11020.5605  
10998.94673  
10956.24224  
11002.82124  
11008.61938  
10981.63667  
10987.73579  
11011.75361  
11005.4978  
11023.34746  
10998.45337  
10995.33003  
10999.65552  
11040.51484  
11018.02222  
10996.16963  
10987.37104  
10983.68271  
11001.76211  
11022.32065  
11004.17163  
11017.17393  
11012.23916  
11008.89077  
10975.37432  
10989.8626  
10952.68198  
10983.9397  
10981.95591  
10987.89585  
10969.54644  
11011.71353  
10991.69111  
10950.10078  
10961.56211  
11020.37271  
10988.88223  
10947.84175  
11004.75308  
10969.33013  
11045.49976  
11018.25898  
10978.13267  
10976.23647  
11017.21816  
11044.80337  
10998.01255  
11033.40361  
10986.76162  
10986.74438  
10975.77031  
10972.33271  
11003.17847  
11000.30728  
11006.51396  
11006.89229  
11034.9936  
10981.22939  
11010.47163  
11029.71206  
11063.00239  
11052.23501  
11031.22964  
11025.33853  
11002.61172  
10976.84893  
11019.04028  
11035.75908  
11024.28032  
11031.88569  
10984.85322  
10986.04922  
11008.99106  
10989.2188  
10958.8707  
11002.3771  
10987.86626  
10977.30688  
11004.02007  
11043.46431  
11022.79775  
10993.1665  
11019.05049  
10969.41567  
11003.90435  
11024.96553  
11007.48057  
10964.071  
10956.98428  
10948.49009  
10965.56133  
10960.89653  
10975.99155  
10978.75273  
10999.07812  
11017.57495  
11019.26577  
10989.26602  
10972.12378  
11001.41953  
10970.40654  
10977.04697  
10961.81885  
10976.10142  
11005.5853  
10997.66387  
11031.42417  
11024.20269  
11015.52241  
11024.85894  
11037.46489  
11030.81304  
11020.33721  
11026.96187  
10956.72734  
10962.01821  
10939.65806  
11011.33276  
10970.37065  
10998.48062  
10993.54385  
10987.50371  
11001.22065  
11013.32085  
11031.00737  
11025.82529  
10980.12632  
11006.21377  
10936.53135  
10966.39746  
10981.99761  
10978.12954  
10968.66704  
10991.63125  
10986.96675  
11045.29648  
11061.42295  
11018.26382  
10999.80254  
