7593.777566  
7481.673397  
7407.353577  
7365.953714  
7491.90625  
7474.097198  
7338.331015  
7136.366586  
7111.872258  
7284.525269  
7376.475093  
7303.846226  
7358.69502  
7404.333278  
7468.931484  
7519.703949  
7532.231524  
7585.764374  
7516.234841  
7343.342468  
7396.902387  
7451.205758  
7580.636017  
7555.622105  
7474.981454  
7449.378414  
7292.37289  
7228.465084  
7129.923109  
7213.877132  
7242.058337  
7361.415532  
7437.106498  
7489.046788  
7500.502302  
7433.74343  
7338.672546  
7304.82809  
7336.263955  
7255.280544  
7340.160313  
7362.176213  
7484.996778  
7559.437443  
7395.080035  
7280.668518  
7293.16626  
7271.241843  
7359.767147  
7455.944563  
7465.381657  
7398.044264  
7370.743944  
7424.994677  
7587.701407  
7599.045044  
7713.668562  
7624.645931  
7482.577196  
7351.473576  
7353.3797  
7436.132808  
7461.488229  
7452.808537  
7387.787231  
7269.299504  
7323.042938  
7266.977378  
7215.666443  
7336.008392  
7564.223506  
7634.864245  
7592.363286  
7657.234863  
7424.50953  
7396.863486  
7326.628405  
7270.353481  
7200.930956  
7275.527012  
7378.552242  
7395.489179  
7478.578378  
7374.439135  
7229.934169  
7295.191951  
7323.643267  
7337.177259  
7342.708147  
7307.538783  
7322.531407  
7418.693154  
7412.125506  
7416.818194  
7386.754752  
7317.845982  
7359.224736  
7440.921177  
7556.784075  
7600.56679  
7442.927495  
7334.185133  
7321.023329  
7342.486686  
7346.977923  
7359.64212  
7440.622598  
7402.370797  
7422.843297  
7462.066624  
7443.058733  
7306.200365  
7238.252729  
7283.236289  
7356.292371  
7412.338784  
7469.753671  
7495.206443  
7482.445618  
7513.508248  
7449.748204  
7332.319855  
7343.39182  
7434.026956  
7428.018467  
7583.188786  
7565.031943  
7434.967769  
7264.052521  
7344.336116  
7313.50116  
7447.133859  
7702.397988  
7602.198604  
7493.293784  
7288.702406  
7219.134853  
7178.744476  
7372.222255  
7433.911538  
7359.697767  
7403.008798  
7419.097582  
7500.488761  
7578.36162  
7435.420149  
7306.18903  
7339.734358  
7300.591187  
7237.59436  
7307.592089  
7307.543161  
7195.429029  
7116.910514  
7193.23536  
7339.951041  
7320.875711  
7454.3928  
7551.681144  
7517.843061  
7452.118635  
7336.494507  
7352.333426  
7340.738146  
7339.122144  
7368.473463  
7420.686611  
7373.132664  
7280.479645  
7234.993927  
7382.451255  
7453.048684  
7450.458631  
7387.689641  
7414.911691  
7439.980996  
7411.8333  
7349.293919  
7314.878697  
7382.450069  
7501.380912  
7600.1072  
7676.515272  
7563.188337  
7430.012442  
7251.862601  
7206.447906  
7211.09392  
7370.336317  
7368.499193  
7198.161037  
7259.558842  
7219.797716  
7240.526738  
7432.678092  
7572.205758  
7613.609763  
7446.396973  
7404.176854  
7345.198674  
7408.126726  
7428.95959  
7473.365666  
7473.001923  
7447.459202  
7436.148045  
7397.316646  
7327.188498  
7371.532248  
7346.662877  
7262.600782  
7313.675716  
7333.063163  
7451.077842  
7443.959359  
7369.830933  
7323.134264  
7298.92511  
7372.115614  
7300.307499  
7443.246116  
7424.992872  
7504.106471  
7429.433271  
7368.375375  
7384.291761  
7299.190159  
7461.454176  
7443.477365  
7427.51188  
7371.267382  
7449.648586  
7380.838579  
7453.957894  
7429.515808  
7540.469635  
7498.050629  
7484.539586  
7498.115261  
7428.543209  
7298.77308  
7363.467015  
7385.813769  
7462.867833  
7400.86608  
7340.887538  
7321.93825  
7352.051317  
7499.848179  
7580.222002  
7466.312783  
7257.355595  
7127.223881  
7272.806279  
7352.520059  
7474.556998  
7454.556667  
7392.20432  
7380.475708  
7431.714826  
7466.161421  
7468.705832  
7432.171884  
7407.900491  
7371.188568  
7384.143088  
7505.538805  
7465.576412  
7452.404916  
7468.034995  
7532.039852  
7486.785976  
7504.017447  
7460.220337  
7497.439614  
7369.755341  
7430.087546  
7389.203552  
7342.512342  
7427.048549  
7465.25606  
7475.29504  
7305.893685  
7299.387037  
7321.240727  
7286.87881  
7313.128082  
7338.001801  
7453.693189  
7421.015773  
7432.673789  
7438.411652  
7395.968776  
7266.149584  
7463.835109  
7418.958784  
7407.671352  
7258.145163  
7300.406817  
7347.955479  
7302.111952  
7410.596078  
7458.857409  
7448.169499  
7407.939854  
7479.172219  
7373.531494  
7496.324602  
7485.78241  
7551.423815  
7372.02815  
7362.530304  
7461.589608  
7492.898019  
7514.295096  
7456.012002  
7393.036935  
7299.232714  
7392.794534  
7344.937953  
7328.424813  
7279.692226  
7375.37769  
7517.611904  
7487.654223  
7430.620736  
7437.489694  
7406.201076  
7384.587882  
7242.592098  
7177.338658  
7223.711094  
7299.113015  
7295.501583  
7250.541543  
7282.993277  
7404.999111  
7520.998897  
7568.798671  
7505.902405  
7465.542084  
7510.822039  
7395.227931  
7362.003728  
7357.868975  
7267.14049  
7290.76144  
7312.174234  
7250.009068  
7324.056972  
7332.17143  
7314.984828  
7399.740705  
7360.137874  
7394.559269  
7457.725848  
7536.024349  
7553.039734  
7464.910893  
7304.515019  
7139.384426  
7297.347844  
7330.568577  
7442.086552  
7481.281032  
7439.597103  
7517.863068  
7501.726183  
7368.013729  
7305.994328  
7402.454067  
7408.601283  
7392.264744  
7415.76331  
7426.766907  
7421.729911  
7513.908809  
7482.173205  
7399.599274  
7304.172995  
7201.574332  
7398.492266  
7515.484741  
7575.374128  
7406.158534  
7343.565704  
7337.162877  
7402.517107  
7499.725058  
7510.294865  
7414.404284  
7310.997489  
7319.908643  
7358.470952  
7315.719478  
7189.833108  
7235.212367  
7388.064684  
7455.666548  
7412.053667  
7432.959329  
7466.060604  
7551.668453  
7495.728359  
7460.409001  
7317.552935  
7287.236215  
7381.275033  
7372.341051  
7404.133092  
7432.047716  
7459.566711  
7416.546308  
7383.865588  
7367.141567  
7417.879704  
7453.708679  
7436.343384  
7434.741808  
7410.040789  
7389.778983  
7337.89781  
7269.714961  
7308.774506  
7358.034982  
7376.60066  
7361.034106  
7456.905125  
7452.416513  
7391.731123  
7444.441912  
7531.448818  
7517.119843  
7363.168932  
7217.078295  
7169.090676  
7321.828622  
7428.475878  
7448.105033  
7476.932377  
7456.854784  
7396.300868  
7344.413565  
7316.428162  
7301.256901  
7279.013881  
7329.929783  
7441.195727  
7551.101794  
7606.752808  
7371.482208  
7324.231153  
7351.635707  
7396.401014  
7479.936785  
7392.075156  
7431.116333  
7365.886553  
7337.1043  
7455.079747  
7502.34559  
7505.544665  
7424.663086  
7429.502842  
7385.551143  
7403.393315  
7373.871028  
7432.321115  
7353.81328  
7367.541395  
7501.962542  
7631.932234  
7610.240657  
7360.358821  
7221.003588  
7163.744895  
7264.165209  
7344.496495  
7334.577427  
7379.728873  
7444.911521  
7496.781808  
7484.272509  
7472.973018  
7529.174635  
7531.109767  
7299.14641  
7177.270905  
7241.709555  
7290.001404  
7361.32339  
7164.778451  
7233.353978  
7387.661639  
7532.157488  
7453.153996  
7443.527562  
7411.408848  
7294.915288  
7374.515119  
7484.024179  
7487.888223  
7356.086949  
7242.347761  
7286.347791  
7279.97396  
7263.191014  
7281.527889  
7306.844173  
7342.749869  
7376.718231  
7331.288195  
7242.80794  
7443.662912  
7602.96511  
7908.621408  
7745.769741  
7629.856851  
7409.180062  
7266.568202  
7288.762953  
7368.879613  
7407.17691  
7314.823029  
7321.988024  
7225.30787  
7333.813437  
7318.358211  
7308.219958  
7140.833409  
7161.367196  
7194.943229  
7324.73315  
7333.282776  
7405.191546  
7432.424665  
7367.043631  
7487.227395  
7322.761492  
7439.66323  
7383.346431  
7462.340397  
7547.950976  
7606.752572  
7624.61247  
7532.182818  
7584.346139  
7569.493591  
7553.673928  
7492.601785  
7468.663927  
7337.597329  
7289.970184  
7331.900931  
7407.362204  
7377.574315  
7413.307207  
7489.296409  
7518.136771  
7501.613578  
7398.213361  
7430.028102  
7458.109637  
7355.003793  
7273.387111  
7350.5335  
7441.676418  
7471.084085  
7475.819933  
7426.59617  
7390.957546  
7339.057264  
7371.952663  
7422.382263  
7308.127219  
7330.31972  
7270.31424  
7217.158909  
7345.797315  
7389.281917  
7419.140568  
7487.419464  
7454.392447  
7487.421334  
7351.273507  
7201.658129  
7289.820661  
7351.285444  
7374.06536  
7483.120871  
7501.261959  
7504.942357  
7426.629813  
7360.557255  
7298.841958  
7256.278782  
7264.379987  
7395.960262  
7462.181902  
7491.477286  
7373.942169  
7390.244659  
7427.658748  
7420.883724  
7469.512687  
7365.799988  
7484.304779  
7537.617881  
7496.948565  
7436.857605  
7278.176688  
7344.789795  
7457.383514  
7399.452449  
7412.17477  
7390.792642  
7271.439357  
7416.076355  
7504.752524  
7520.2098  
7436.650622  
7353.765189  
7222.151332  
7164.312478  
7296.542759  
7306.538836  
7299.097137  
7370.906433  
7354.729902  
7461.380131  
7527.198251  
7483.071978  
7440.756731  
7327.500654  
7414.72988  
7399.842656  
7404.544979  
7403.116721  
7456.9167  
7430.409507  
7242.287157  
7247.232993  
7399.45547  
7513.434038  
7564.507464  
7325.355055  
7253.648028  
7403.865749  
7460.995427  
7434.295994  
7467.001203  
7448.180102  
7359.642003  
7314.104566  
7381.569924  
7375.116625  
7534.035684  
7569.463069  
7507.988713  
7428.912506  
7312.207659  
7294.673196  
7271.747314  
7435.635032  
7450.809073  
7508.517665  
7361.778791  
7255.820169  
7288.638332  
7290.872655  
7181.645573  
7220.356227  
7401.089866  
7463.044495  
7375.412746  
7288.148058  
7341.391549  
7424.912951  
7359.067086  
7331.490474  
7360.400635  
7406.878889  
7382.695147  
7453.597648  
7472.581076  
7510.562404  
7390.100595  
7287.07785  
7239.888759  
7303.94751  
7363.453914  
7317.761741  
7394.493086  
7518.984423  
7471.538783  
7475.841649  
7399.182312  
7307.334603  
7338.728337  
7433.800036  
7468.902017  
7491.304225  
7392.024327  
7370.860988  
7319.063603  
7307.938424  
7428.210406  
7623.711731  
7664.760812  
7506.737645  
7365.778277  
7327.216278  
7322.960092  
7311.48924  
7431.022696  
7415.357967  
7444.427316  
7434.783508  
7392.059387  
7480.303981  
7491.505428  
7434.901694  
7291.855316  
7323.166975  
7303.362148  
7398.016331  
7349.868613  
7484.688943  
7430.135389  
7313.530975  
7332.472735  
7329.771175  
7325.384356  
7313.33544  
7290.062757  
7280.300031  
7331.322619  
7534.887351  
7438.884766  
7385.925873  
7375.629726  
7387.096318  
7333.039119  
7460.680176  
7469.246072  
7479.319632  
7430.608656  
7494.037872  
7505.840816  
7595.66098  
7616.975412  
7470.739502  
7396.075762  
7355.819414  
7297.041142  
7206.075579  
7174.678964  
7326.483141  
7376.305355  
7367.807861  
7358.339338  
7471.589678  
7518.620632  
7515.762425  
7397.821093  
7314.126399  
7332.050786  
7364.910309  
7397.323286  
7350.626151  
7420.715419  
7320.662929  
7262.936397  
7232.443189  
7439.610312  
7496.681497  
7497.717882  
7540.924931  
7445.903251  
7421.175703  
7413.135197  
7437.437744  
7543.64774  
7441.840977  
7356.659991  
7300.817814  
7312.127014  
7251.819641  
7223.069707  
7298.25844  
7428.628544  
7363.300899  
7391.603023  
7302.016623  
7200.590611  
7458.16224  
7619.034982  
7498.22348  
7509.901258  
7367.065748  
7333.940377  
7236.727421  
7250.196546  
7277.291112  
7378.597268  
7390.586121  
7448.535985  
7399.425467  
7307.859318  
7279.376103  
7294.876875  
7329.969042  
7399.671683  
7436.392539  
7501.717028  
7483.635023  
7422.25759  
7414.088423  
7463.451917  
7487.602391  
7431.658465  
7285.735565  
7253.096732  
7421.330279  
7547.963858  
7562.308145  
7527.186663  
7458.764505  
7455.341714  
7393.331499  
7481.367597  
7507.911294  
7501.90019  
7452.602164  
7353.520721  
7247.193263  
7236.928938  
7225.53452  
7259.091941  
7319.345952  
7346.124948  
7370.564815  
7303.257381  
7267.917659  
7250.157606  
7371.313764  
7492.23979  
7461.644087  
7420.560181  
7459.374084  
7539.739057  
7540.296443  
7494.990396  
7369.461326  
7373.290205  
7354.22757  
7376.491163  
7322.439776  
7362.564732  
7531.341322  
7629.695478  
7618.541905  
7443.693181  
7351.269832  
7242.885472  
7243.920384  
7298.16408  
7382.334272  
7475.065731  
7384.155997  
7358.705488  
7299.033787  
7362.121752  
7483.08173  
7652.454777  
7530.358377  
7459.968205  
7341.626417  
7255.989563  
7212.852256  
7230.19788  
7371.421592  
7435.340881  
7418.28513  
7423.80709  
7436.885454  
7375.350704  
7337.915043  
7295.800158  
7303.486533  
7179.100115  
7314.400046  
7299.37534  
7336.227635  
7504.852822  
7669.485033  
7728.818808  
7661.900282  
7557.748439  
7373.484641  
7329.921644  
7278.387517  
7357.677791  
7298.4552  
7397.217525  
7258.456783  
7259.835829  
7383.542315  
7471.371687  
7537.497297  
7441.066075  
7335.890982  
7245.649017  
7176.82217  
7379.672298  
7520.372088  
7496.258811  
7480.434531  
7454.344343  
7398.456491  
7304.166652  
7368.478651  
7317.575727  
7398.408495  
7493.59293  
7615.851942  
7588.223934  
7452.677098  
7341.165131  
7211.645852  
7158.818551  
7236.98979  
7411.199428  
7465.985016  
7394.6649  
7458.470154  
7540.741137  
7519.854405  
7412.073268  
7293.759892  
7255.11887  
7289.668187  
7276.568782  
7257.002603  
7336.461038  
7347.585419  
7355.679169  
7528.786024  
7543.263123  
7537.914246  
7369.200575  
7294.355852  
7246.068447  
7236.295912  
7312.689178  
7412.771467  
7477.998047  
7501.571511  
7522.213252  
7478.660248  
7375.827584  
7263.478498  
7202.875157  
7308.057425  
7486.400107  
7449.219081  
7517.84324  
7581.714709  
7581.073696  
7454.499028  
7433.357313  
7367.903534  
7252.433895  
7213.206648  
7285.578875  
7287.76539  
7373.484183  
7563.383628  
7600.877638  
7583.485718  
7431.892365  
7442.897457  
7399.68702  
7545.928022  
7448.213937  
7389.22753  
7355.077362  
7321.848768  
7357.641257  
7404.616874  
7449.089172  
7317.481859  
7391.874939  
7352.991573  
7267.358573  
7227.582262  
7232.813572  
7296.590371  
7277.464438  
7316.182478  
7399.72631  
7444.373195  
7360.577737  
7403.142574  
7420.572144  
7415.936898  
7337.204093  
7288.825984  
7276.007921  
7297.209778  
7334.23577  
7516.267691  
7608.228293  
7590.054077  
7491.533264  
7520.110718  
7353.827358  
7310.984658  
7367.826508  
7530.895316  
7461.554034  
7375.936685  
7301.037816  
7300.624124  
7357.450557  
7330.12357  
7327.510415  
7262.086077  
7405.083854  
7471.128348  
7563.316384  
7472.504442  
7285.780984  
7306.970912  
7200.143895  
7211.921435  
7244.423859  
7320.139212  
7472.87391  
7479.028826  
7490.236952  
7572.656525  
7559.147779  
7511.23999  
7437.079424  
7412.14005  
7444.230547  
7540.266924  
7470.166007  
7402.266275  
7397.889169  
7332.77904  
7289.449402  
7295.527884  
7330.49438  
7410.575531  
7453.679391  
7446.410444  
7365.294115  
7460.304526  
7423.385062  
7568.724897  
7432.166726  
7511.854183  
7454.902178  
7373.205967  
7345.345795  
7468.567662  
7385.607008  
7309.352365  
7230.41762  
7210.437483  
7213.179217  
7316.866638  
7322.021781  
7377.844256  
7500.555607  
7588.833679  
7619.076743  
7490.232553  
7351.062147  
7322.643406  
7273.447684  
7256.827885  
7342.718336  
7387.543178  
7445.607692  
7529.847246  
7537.95115  
7405.77148  
7359.478162  
7208.017879  
7184.509356  
7299.680808  
7354.987396  
7421.633754  
7349.775487  
7270.217943  
7297.438808  
7289.551784  
7350.417524  
7522.21058  
7606.347299  
7522.75228  
7498.111062  
7408.064484  
7344.50647  
7332.950749  
7366.772906  
7534.83922  
7487.163034  
7434.347181  
7288.861306  
7283.828326  
7327.655613  
7396.98924  
7283.406629  
7277.154606  
7337.306218  
7428.886087  
7440.505075  
7452.167306  
7455.221322  
7397.559636  
7408.80641  
7391.532724  
7457.375898  
7538.220001  
7582.990862  
7637.756274  
7629.394701  
7547.565547  
7344.355355  
7248.325178  
7312.59542  
7205.522566  
7297.77015  
7398.485766  
7453.232387  
7312.269196  
7234.480879  
7244.780884  
7141.133327  
7250.249316  
7275.21671  
7368.10767  
7439.795593  
7564.369659  
7597.123474  
7499.998234  
7472.931274  
7378.147661  
7417.007058  
7393.809875  
7328.960645  
7410.4841  
7475.163932  
7497.976092  
7357.408831  
7261.130702  
7236.663221  
7325.023424  
7537.201756  
7603.689811  
7475.016327  
7391.576961  
7307.03973  
7296.127284  
7322.910745  
7396.755886  
7475.843083  
7414.431444  
7371.58572  
7304.201577  
7376.391105  
7390.270373  
7423.748984  
7472.506435  
7348.401188  
7352.768363  
7356.540867  
7424.248369  
7371.907144  
7327.733521  
7351.059104  
7388.898041  
7394.065792  
7303.569366  
7271.755973  
7356.789699  
7348.8461  
7289.477988  
7230.343432  
7372.367846  
7508.399815  
7529.958121  
7445.317971  
7364.885001  
7271.075038  
7453.111594  
7503.123649  
7458.911678  
7620.412576  
7609.921906  
7441.20561  
7359.54449  
7275.997576  
7327.947305  
7365.780818  
7411.953016  
7537.723062  
7568.309147  
7457.085506  
7375.194441  
7200.589277  
7100.160139  
7134.737998  
7206.657022  
7239.265847  
7348.047137  
7423.676448  
7634.773023  
7813.084342  
7781.703256  
7636.262717  
7426.542206  
7249.633357  
7332.057927  
7387.802085  
7575.963505  
7514.293553  
7451.274785  
7310.26004  
7273.728001  
7144.198822  
7147.463318  
7209.665619  
7211.06992  
7271.045981  
7343.855695  
7347.540501  
7314.167385  
7367.409097  
7432.663731  
7462.058738  
7384.319898  
7315.382525  
7329.088274  
7266.409764  
7317.298619  
7426.454407  
7579.02315  
7760.842041  
7432.019797  
7577.268437  
7437.717695  
7399.019714  
7358.893729  
7293.637094  
7243.165976  
7111.6667  
7107.577881  
7195.530618  
7296.167873  
7413.175476  
7591.334769  
7505.774898  
7492.80542  
7472.566515  
7376.465201  
7340.831033  
7330.427952  
7340.782724  
7459.718301  
7528.047481  
7516.044804  
7564.375689  
7505.195339  
7601.419887  
7597.846715  
7576.528582  
7214.392168  
7148.135489  
7373.57656  
7357.428336  
7356.946721  
7291.312958  
7320.402165  
7339.577013  
7418.652047  
7375.606219  
7387.476218  
7396.028246  
7360.777671  
7357.064043  
7479.749952  
7516.362047  
7553.810734  
7451.251705  
7425.668553  
7376.001474  
7447.689383  
7462.91323  
7477.901808  
7351.016841  
7432.698417  
7564.912519  
7529.805237  
7537.762146  
7442.533591  
7370.908112  
7278.731559  
7279.379098  
7322.740553  
7452.875488  
7414.729475  
7399.876273  
7365.158957  
7381.365688  
7467.697558  
7527.447462  
7382.939545  
7331.78336  
7326.587363  
7276.187291  
7265.292036  
7350.170528  
7435.693311  
7455.403477  
7374.291774  
7314.797799  
7412.689811  
7362.680564  
7332.838205  
7378.357444  
7319.93321  
7241.826338  
7226.293331  
7399.041255  
7450.402283  
7434.12374  
7406.777496  
7366.849827  
7343.345799  
7400.202881  
7430.644714  
7428.694253  
7471.38906  
7429.53118  
7321.220468  
7217.790802  
7220.470101  
7376.456866  
7461.315534  
7549.101558  
7571.732644  
7576.741765  
7399.99881  
7388.374446  
7455.804914  
7548.281028  
7405.404288  
7366.846893  
7369.110168  
7387.485705  
7565.75429  
7513.018267  
7370.723206  
7303.761135  
7373.508497  
7360.300825  
7329.637883  
7267.74244  
7200.814566  
7315.640093  
7427.996246  
7498.621817  
7395.842813  
7302.338196  
7419.000244  
7466.847011  
7489.64182  
7451.42538  
7311.504312  
7170.187914  
7238.897919  
7284.035597  
7501.767155  
7586.639884  
7531.209394  
7360.850115  
7408.224779  
7420.343454  
7379.316541  
7340.149166  
7289.451603  
7343.480168  
7460.613791  
7423.612697  
7330.733102  
7386.129033  
7363.817666  
7387.492183  
7332.727125  
7368.256958  
7356.520835  
7405.546818  
7374.53588  
7398.766279  
7310.741281  
7306.888345  
7401.463165  
7548.761248  
7500.863499  
7396.336195  
7341.986171  
7512.016109  
7598.145211  
7578.502816  
7545.910806  
7377.48567  
7290.490544  
7192.88429  
7212.143084  
7234.318285  
7348.546365  
7453.339835  
7429.855857  
7341.22614  
7362.564872  
7415.464783  
7418.36465  
7436.058241  
7438.946019  
7629.921182  
7707.426806  
7482.870235  
7322.145896  
7361.10022  
7271.624106  
7363.241176  
7323.815007  
7305.474117  
7257.716727  
7354.089216  
7513.562949  
7521.822301  
7364.833335  
7417.051819  
7266.343057  
7404.053013  
7455.885197  
7474.303829  
7415.261854  
7375.748265  
7261.942849  
7213.911469  
7259.472748  
7299.713536  
7301.531934  
7257.670994  
7429.111476  
7282.194101  
7240.765865  
7441.917864  
7591.40135  
7443.049377  
7559.006662  
7432.663901  
7442.406821  
7440.020721  
7379.95282  
7384.186445  
7316.887259  
7304.826207  
7491.980909  
7579.849971  
7613.791635  
7461.896842  
7334.083178  
7293.870039  
7283.886278  
7391.023843  
7541.650473  
7465.397199  
7373.20585  
7326.641628  
7450.790623  
7507.368465  
7629.444436  
7601.787951  
7553.278695  
7543.374756  
7378.909646  
7257.875558  
7268.234423  
7461.316716  
7542.363538  
7423.107505  
7360.453164  
7415.78823  
7376.382573  
7344.362034  
7320.185861  
7242.747981  
7223.564074  
7208.92181  
7293.516384  
7286.760502  
7328.901267  
7216.185076  
7229.206164  
7240.005354  
7279.690574  
7442.497794  
7566.63399  
7596.463431  
7536.82009  
7520.5721  
7450.833017  
7438.432046  
7358.755188  
7472.477962  
7540.467399  
7455.006339  
7254.06754  
7257.216919  
7270.085563  
7405.020595  
7425.413077  
7453.36281  
7400.969025  
7316.629591  
7383.3989  
7406.277514  
7384.487405  
7408.628775  
7378.566428  
7230.246774  
7261.509051  
7343.507577  
7480.052577  
7530.610138  
7482.938424  
7439.17555  
7375.894897  
7507.753448  
7501.517003  
7403.90227  
7300.508859  
7382.487165  
7391.506016  
7445.431994  
7420.40383  
7364.574502  
7356.064314  
7377.213405  
7408.569802  
7313.375746  
7360.917655  
7353.6874  
7454.881182  
7442.11506  
7467.911464  
7551.547494  
7549.794237  
7392.289634  
7282.747332  
7340.873893  
7228.630031  
7240.087049  
7257.27012  
7475.224566  
7589.569637  
7538.57785  
7412.891296  
7283.140394  
7292.13845  
7289.971688  
7385.781006  
7508.643755  
7496.517888  
7369.213514  
7231.458627  
7230.888066  
7235.763593  
7288.550921  
7354.367889  
7391.883449  
7443.983128  
7545.242488  
7691.974997  
7745.433794  
7619.56134  
7502.688655  
7435.580845  
7380.899523  
7281.202436  
7293.13698  
7227.504033  
7320.031839  
7408.937103  
7474.79718  
7358.910174  
7265.281372  
7201.868875  
7144.01307  
7220.282187  
7396.363089  
7574.334412  
7548.136771  
7441.566524  
7297.890603  
7330.006247  
7271.85958  
7249.296919  
7204.967464  
7275.409494  
7266.255336  
7256.050725  
7382.298192  
7470.73441  
7588.279432  
7543.224596  
7542.094674  
7529.260162  
7477.055337  
7393.844613  
7404.561192  
7490.907867  
7609.082502  
7664.403107  
7490.990853  
7371.828905  
7233.865095  
7184.731676  
7232.88402  
7165.716217  
7407.623025  
7478.016841  
7519.045131  
7455.947876  
7477.148564  
7427.05518  
7370.005075  
7397.908112  
7432.348437  
7395.268385  
7360.202388  
7302.318372  
7252.904179  
7151.46364  
7261.295798  
7359.640817  
7371.664512  
7423.161952  
7450.01777  
7383.566184  
7504.565129  
7603.895281  
7552.879639  
7441.090964  
7305.592276  
7227.183411  
7231.098637  
7376.812692  
7443.974723  
7396.233499  
7325.944737  
7344.297865  
7442.683659  
7509.482683  
7405.37354  
7298.779231  
7244.072584  
7293.055808  
7453.215533  
7573.1121  
7535.569707  
7553.054234  
7558.491176  
7504.583989  
7413.092146  
7372.849505  
7369.367227  
7397.400757  
7397.436789  
7417.485094  
7317.786983  
7252.687343  
7225.257965  
7245.023446  
7304.375074  
7407.939117  
7436.342804  
7369.547189  
7295.845215  
7354.088043  
7517.30804  
7620.172891  
7627.666975  
7502.515215  
7346.570177  
7282.917001  
7258.797642  
7288.679622  
7278.814872  
7330.414795  
7359.168134  
7338.490082  
7255.496765  
7186.319153  
7322.04129  
7421.813163  
7471.376574  
7593.205396  
7586.048444  
7615.104087  
7525.82159  
7397.480063  
7350.17644  
7353.795371  
7368.449816  
7453.595564  
7349.706068  
7345.414342  
7317.624359  
7348.453561  
7367.260908  
7525.433323  
7570.422729  
7418.817322  
7288.645351  
7274.925916  
7292.541059  
7255.943268  
7287.862614  
7388.691677  
7503.132394  
7613.705309  
7683.315395  
7674.257978  
7588.998099  
7452.93202  
7418.338654  
7291.263506  
7237.828639  
7265.646528  
7275.63542  
7213.407837  
7253.283879  
7297.110822  
7356.860513  
7318.905583  
7305.715921  
7314.441847  
7298.749673  
7375.824546  
7404.927996  
7377.508445  
7391.72464  
7363.468632  
7295.769322  
7415.008362  
7461.429326  
7464.237401  
7439.035836  
7423.031568  
7329.431641  
7401.16803  
7344.096191  
7351.007403  
7463.399776  
7604.871713  
7588.337463  
7521.715485  
7459.568996  
7282.232744  
7224.409838  
7351.862095  
7424.930564  
7453.101898  
7450.607867  
7362.07646  
7334.569502  
7327.325684  
7315.813119  
7350.842032  
7385.336718  
7336.207799  
7313.036639  
7335.898743  
7375.097377  
7427.630886  
7378.51059  
7378.128823  
7429.295811  
7504.502045  
7602.087468  
7452.383658  
7235.326922  
7234.353694  
7285.443386  
7375.298684  
7484.629333  
7369.690996  
7299.947021  
7278.746081  
7341.725699  
7562.153294  
7651.186833  
7682.990064  
7546.304435  
7481.025216  
7458.27468  
7470.609964  
7417.498173  
7359.305237  
7320.511906  
7235.386143  
7285.383231  
7428.198652  
7449.707929  
7316.37405  
7258.206199  
7213.41636  
7204.152352  
7285.855691  
7540.072192  
7732.248165  
7723.641275  
7523.746617  
7540.127245  
7333.423636  
7231.568713  
7298.591261  
7293.228402  
7391.097456  
7427.759443  
7428.413962  
7422.534668  
7364.576887  
7277.989594  
7290.208474  
7340.023438  
7207.897988  
7253.651869  
7363.926461  
7463.17487  
7501.149475  
7450.176309  
7354.421504  
7374.231934  
7501.401742  
7551.272273  
7410.606001  
7240.136183  
7270.729135  
7432.131975  
7563.926732  
7425.207581  
7430.926396  
7427.740352  
7313.964525  
7437.929034  
7488.52679  
7485.4085  
7389.713706  
7373.656634  
7448.054653  
7532.654502  
7503.38542  
7445.904262  
7372.186048  
7312.675485  
7202.284943  
7173.369625  
7248.814008  
7228.575793  
7357.021729  
7367.768088  
7395.862518  
7393.462215  
7496.399397  
7618.775186  
7671.232374  
7494.357465  
7424.731083  
7249.554914  
7294.714626  
7423.803537  
7158.74057  
7094.158853  
7419.802538  
7463.001548  
7509.058572  
7476.261649  
7373.226676  
7221.47474  
7201.002516  
7314.910522  
7392.721545  
7481.685072  
7442.890747  
7384.480586  
7423.514034  
7446.763075  
7457.344007  
7390.164241  
7485.50977  
7585.910906  
7587.702458  
7502.621142  
7385.759984  
7293.277549  
7404.740862  
7479.871722  
7492.09208  
7419.979797  
7249.72685  
7175.913797  
7196.21429  
7331.910762  
7520.086901  
7570.612959  
7551.741786  
7404.450391  
7347.835506  
7249.387307  
7284.027496  
7293.455963  
7439.97263  
7410.770246  
7497.76862  
7564.667851  
7458.063634  
7391.775164  
7318.456356  
7344.296958  
7381.091535  
7449.972081  
7468.330187  
7502.952846  
7376.670057  
7230.965585  
7200.62071  
7286.981271  
7432.113626  
7391.820047  
7483.759412  
7393.704359  
7375.762299  
7283.675411  
7181.704982  
7315.573848  
7438.038243  
7506.426261  
7436.514688  
7379.741547  
7381.632416  
7328.542563  
7327.907083  
7263.807216  
7231.351371  
7249.314549  
7313.206294  
7386.561994  
7492.347608  
7477.035239  
7430.015629  
7472.391166  
7455.496961  
7489.877559  
7518.204882  
7576.148132  
7616.857548  
7409.13011  
7314.618997  
7318.68709  
7323.01127  
7323.23478  
7332.10611  
7396.233521  
7361.235051  
7378.812587  
7260.409829  
7118.206735  
7184.74649  
7439.887918  
7507.471928  
7615.20343  
7445.70653  
7379.821023  
7474.466902  
7474.139797  
7593.949036  
7472.029763  
7458.816847  
7325.270517  
7290.447906  
7337.013336  
7420.03326  
7460.23284  
7452.021018  
7447.318059  
7356.415615  
7280.355578  
7170.271537  
7259.41755  
7498.398446  
7543.853228  
7636.215589  
7371.650861  
7354.750305  
7251.657192  
7227.96974  
7272.690905  
7347.183977  
7375.755698  
7414.977478  
7365.394819  
7319.680228  
7339.941341  
7414.654768  
7438.66949  
7236.491364  
7267.328962  
7433.505951  
7626.89406  
7638.897387  
7563.772871  
7496.793514  
7477.020229  
7490.852713  
7374.173728  
7461.882207  
7435.921513  
7356.035736  
7367.077432  
7469.829585  
7511.474609  
7369.600813  
7307.570683  
7278.706957  
7307.544534  
7380.26998  
7599.871429  
7638.993155  
7484.984292  
7281.88409  
7231.103555  
7202.317466  
7195.197209  
7323.664699  
7345.410649  
7465.028612  
7502.750955  
7297.696376  
7372.70445  
7232.849064  
7193.149867  
7274.656568  
7408.601161  
7331.77386  
7444.012752  
7386.086142  
7293.273167  
7292.049569  
7359.825239  
7543.485539  
7472.532815  
7357.019928  
7354.187692  
7346.014387  
7391.116856  
7316.356301  
7413.280404  
7416.121102  
7476.905073  
7456.41503  
7415.573133  
7399.147151  
7240.567069  
7226.056601  
7277.584098  
7479.537842  
7500.811454  
7452.398355  
7382.350904  
7460.357867  
