11774.40715  
11749.50537  
11753.67033  
11778.11919  
11814.64208  
11779.12853  
11758.11683  
11773.76286  
11698.94332  
11729.51508  
11731.63208  
11773.49139  
11783.06154  
11854.20137  
11795.16094  
11814.63186  
11761.59449  
11768.56094  
11755.37937  
11717.45505  
11754.12867  
11779.37544  
11866.84762  
11770.03685  
11802.20101  
11784.90276  
11782.6709  
11779.52603  
11711.93356  
11800.56937  
11748.76684  
11809.40519  
11829.93547  
11839.16291  
11797.40618  
11755.03558  
11777.70112  
11755.42451  
11799.64932  
11737.71233  
11768.25434  
11765.86266  
11749.42696  
11743.24897  
11765.34625  
11782.66445  
11779.7793  
11807.79525  
11812.22768  
11816.95838  
11809.44293  
11821.28741  
11790.50618  
11748.31451  
11784.53203  
11763.99115  
11799.8477  
11797.37347  
11709.82714  
11731.58409  
11747.49544  
11777.04727  
11797.90702  
11767.59217  
11741.2371  
11755.67919  
11772.88856  
11754.23711  
11772.39861  
11769.55551  
11792.74568  
11747.92399  
11824.8164  
11757.7277  
11732.56186  
11760.73797  
11738.04381  
11721.68794  
11749.10111  
11776.38074  
11798.4143  
11774.49055  
11761.43028  
11735.33296  
11722.57249  
11743.47811  
11760.40286  
11766.6977  
11776.42944  
11755.21878  
11774.63248  
11773.98339  
11748.59581  
11773.73132  
11752.97732  
11778.20761  
11787.4794  
11840.65355  
11832.05115  
11852.48179  
11781.458  
11753.61345  
11722.17697  
11772.93283  
11797.94182  
11784.98621  
11779.28528  
11747.38389  
11754.96749  
11775.54458  
11758.45474  
11734.53914  
11798.20584  
11792.95041  
11784.40948  
11746.7993  
11774.36439  
11769.95651  
11789.31012  
11766.99158  
11753.00374  
11758.23384  
11746.00258  
11809.56901  
11834.82212  
11797.70283  
11780.59673  
11754.56112  
11669.54982  
11716.46402  
11701.28101  
11777.8896  
11809.48237  
11824.32912  
11805.16939  
11791.73355  
11754.34285  
11772.64855  
11773.58421  
11769.43679  
11806.57812  
11794.77374  
11769.10342  
11768.11952  
11806.62114  
11738.76068  
11710.09322  
11753.95418  
11745.892  
11786.5367  
11821.1222  
11758.82455  
11729.65318  
11733.51193  
11723.39085  
11728.63413  
11793.34255  
11836.22148  
11835.07754  
11799.44394  
11809.72767  
11740.91006  
11755.03093  
11782.89144  
11814.80531  
11807.33399  
11759.77864  
11747.30736  
11749.9035  
11734.0858  
11758.1817  
11788.14687  
11772.65676  
11743.68865  
11732.84938  
11741.85726  
11703.58948  
11711.13268  
11752.26155  
11802.86277  
11838.44402  
11818.82156  
11830.20179  
11772.82441  
11754.12322  
11776.26299  
11734.24873  
11768.71957  
11772.61142  
11754.43789  
11735.86293  
11757.43218  
11749.85532  
11767.90796  
11792.04318  
11802.24813  
11813.03253  
11795.57143  
11728.89185  
11760.33291  
11784.90097  
11790.84562  
11775.26569  
11752.19672  
11773.59513  
11789.78044  
11752.53184  
11753.31501  
11729.17465  
11745.98629  
11770.15677  
11779.79564  
11776.53687  
11801.76749  
11766.49271  
11758.92948  
11698.81491  
11741.50771  
11750.13926  
11784.6394  
11782.57963  
11816.30027  
11776.38079  
11774.52943  
11755.88237  
11787.92489  
11762.15182  
11766.21449  
11842.22561  
11795.67562  
11734.46262  
11723.0141  
11799.83749  
11761.59933  
11766.17171  
11791.69662  
11746.9791  
11774.582  
11790.42043  
11771.65988  
11795.43692  
11743.46775  
11809.30555  
11755.34679  
11755.63356  
11753.12903  
11760.95451  
11770.54744  
11819.74563  
11806.51331  
11800.92875  
11789.92678  
11733.83648  
11719.28442  
11749.37892  
11755.62794  
11734.77526  
11759.85438  
11787.66344  
11773.03212  
11809.96915  
11783.7426  
11782.93226  
11771.19275  
11790.49293  
11764.81298  
11759.50411  
11762.14938  
11772.83314  
11776.75161  
11805.77352  
11789.27733  
11768.3862  
11785.11944  
11769.8395  
11757.44324  
11780.92143  
11787.24797  
11746.87407  
11755.22646  
11773.61353  
11781.86935  
11766.83396  
11718.48985  
11733.03855  
11763.00292  
11735.69736  
11796.1295  
11798.08813  
11817.38332  
11747.10265  
11729.61868  
11758.39133  
11745.91577  
11741.97581  
11826.08403  
11801.54624  
11794.21285  
11734.37213  
11785.99059  
11791.40304  
11764.48963  
11771.69953  
11743.76828  
11771.4315  
11759.58571  
11725.23877  
11746.34686  
11748.94066  
11761.75469  
11764.09092  
11801.78717  
11777.55954  
11796.76225  
11735.43266  
11777.28729  
11790.19509  
11773.03587  
11791.11231  
11781.11188  
11780.26728  
11744.49147  
11768.71958  
11798.02978  
11770.97148  
11797.70298  
11787.48194  
11751.00172  
11798.76311  
11808.67473  
11783.21087  
11743.37909  
11718.97802  
11729.80247  
11701.27081  
11749.66876  
11775.69795  
11787.89499  
11826.39605  
11793.35991  
11735.48702  
11781.06869  
11782.621  
11770.4305  
11783.90744  
11821.02174  
11760.89171  
11776.25864  
11803.65252  
11778.48499  
11768.44715  
11719.79435  
11723.69147  
11729.64209  
11777.94383  
11732.94044  
11812.40338  
11793.7022  
11769.58981  
11750.80438  
11731.52062  
11796.83997  
11790.09528  
11800.52815  
11775.7696  
11790.51815  
11736.59719  
11742.72265  
11795.05161  
11782.48809  
11754.22892  
11766.50418  
11790.11789  
11776.77581  
11790.36117  
11762.1384  
11736.97546  
11786.90121  
11742.18972  
11725.13195  
11736.63518  
11739.83521  
11818.81754  
11808.72153  
11827.87166  
11809.29559  
11783.44564  
11779.69448  
11822.28307  
11843.57491  
11827.23422  
11776.59693  
11789.99031  
11730.96417  
11735.54387  
11755.1782  
11741.43644  
11739.66161  
11745.84565  
11779.8737  
11769.77109  
11798.93838  
11782.78639  
11793.38032  
11764.26074  
11723.98603  
11709.96524  
11775.96721  
11752.10171  
11762.59073  
11770.91905  
11773.5233  
11786.21763  
11792.0428  
11754.76271  
11799.89962  
11763.66309  
11746.44317  
11728.62457  
11770.3396  
11758.65351  
11795.23242  
11789.33398  
11784.96265  
11747.37965  
11718.09576  
11756.12339  
11790.4364  
11753.81747  
11718.11103  
11769.31797  
11850.65432  
11753.11843  
11747.18331  
11788.23481  
11734.29772  
11788.34371  
11820.32451  
11787.73356  
11775.44787  
11793.92359  
11771.165  
11758.20536  
11792.17582  
11824.5143  
11783.53317  
11846.64381  
11819.73487  
11837.39501  
11798.25688  
11769.28736  
11743.53289  
11764.97764  
11754.24655  
11767.17253  
11795.89346  
11797.89753  
11750.10772  
11787.53463  
11776.96518  
11762.10461  
11763.12782  
11743.63318  
11757.25447  
11726.79019  
11776.91993  
11715.69926  
11741.83107  
11768.5334  
11795.40947  
11829.98062  
11818.66621  
11830.98635  
11749.70343  
11716.68564  
11694.79751  
11773.39714  
11780.58208  
11765.34639  
11781.23944  
11759.85834  
11770.36819  
11806.69016  
11790.13912  
11766.71708  
11771.37384  
11758.90114  
11732.91008  
11711.7602  
11767.35057  
11795.71463  
11781.78397  
11793.69051  
11785.78176  
11813.75141  
11776.94178  
11730.92731  
11729.29449  
11749.44085  
11781.6839  
11829.02395  
11837.39678  
11778.05646  
11765.70032  
11813.63859  
11751.68003  
11739.28202  
11797.81272  
11748.48597  
11781.2252  
11760.69295  
11762.31976  
11672.70936  
11893.38721  
11825.38915  
11861.40141  
11787.25186  
11784.2834  
11746.25657  
11734.95168  
11763.81609  
11760.94608  
11743.07548  
11677.55498  
11731.65266  
11686.4128  
11729.75263  
11799.22475  
11767.63866  
11819.64309  
11767.74177  
11789.38019  
11763.9928  
11736.26467  
11754.65042  
11754.37111  
11736.75497  
11795.339  
11717.67441  
11780.64913  
11715.07027  
11735.10866  
11740.78275  
11791.47152  
11772.79123  
11784.1958  
11814.33035  
11794.90746  
11744.32627  
11731.84506  
11762.45966  
11743.24877  
11752.65019  
11767.33189  
11759.24833  
11787.74978  
11836.45693  
11823.83085  
11770.92018  
11749.84968  
11745.16004  
11773.77585  
11771.13541  
11755.74557  
11737.49359  
11776.79278  
11787.80198  
11759.11074  
11762.98381  
11753.85421  
11696.23064  
11747.30308  
11770.30516  
11794.75194  
11823.42135  
11802.03975  
11769.70534  
11802.49101  
11745.54207  
11788.64001  
11813.96804  
11779.38815  
11749.89147  
11803.89231  
11790.88656  
11808.02614  
11806.47271  
11827.54608  
11843.54878  
11814.76796  
11779.23437  
11790.31257  
11758.60058  
11746.12204  
11735.52927  
11748.05082  
11781.99468  
11805.25475  
11843.61044  
11736.77311  
11755.75337  
11767.33662  
11711.38921  
11763.36036  
11724.90853  
11769.8368  
11787.31712  
11780.29799  
11784.08473  
11774.50667  
11781.94442  
11719.682  
11811.55547  
11723.1347  
11733.19737  
11742.61425  
11737.95404  
11802.98888  
11844.74306  
11834.24975  
11781.05325  
11718.46211  
11711.00211  
11714.67249  
11707.38471  
11724.11429  
11757.09143  
11804.44945  
11856.1086  
11757.76473  
11770.83426  
11791.43942  
11784.66433  
11776.92579  
11761.29932  
11786.8095  
11739.21803  
11797.17689  
11788.54774  
11783.76448  
11745.6114  
11765.36918  
11759.16067  
11772.06597  
11794.3533  
11767.14887  
11794.26827  
11793.595  
11737.18643  
11780.74173  
11783.37829  
11750.9867  
11782.95763  
11761.5732  
11783.98156  
11760.63117  
11773.47063  
11792.02054  
11768.38431  
11768.16086  
11738.00469  
11757.2607  
11738.57509  
11816.43365  
11813.15992  
11824.64528  
11780.40593  
11745.46491  
11722.34992  
11743.94419  
11722.44441  
11787.89697  
11752.44802  
11821.96486  
11796.40616  
11792.49575  
11772.02188  
11801.43197  
11766.60582  
11743.93756  
11743.20863  
11729.64446  
11734.96342  
11743.50154  
11820.56782  
11834.66474  
11792.24935  
11711.03074  
11695.42632  
11728.3758  
11744.94282  
11784.21033  
11810.30791  
11884.51089  
11872.10525  
11812.62367  
11757.7533  
11736.46466  
11753.43791  
11756.97462  
11762.57827  
11762.67425  
11715.74664  
11731.86157  
11745.77646  
11734.4357  
11820.09806  
11810.97471  
11826.0478  
11786.64283  
11764.94178  
11745.09163  
11743.11629  
11755.58569  
11749.90574  
11768.89746  
11806.09251  
11795.40041  
11807.16303  
11766.76842  
11810.07697  
11739.96676  
11708.36328  
11756.88962  
11784.97237  
11781.25588  
11786.8839  
11782.39301  
11757.90422  
11722.63763  
11753.65016  
11736.22832  
11731.96434  
11773.26377  
11760.65825  
11769.14958  
11787.62017  
11833.19567  
11841.87622  
11743.99545  
11750.83521  
11771.07955  
11768.64292  
11771.87603  
11805.53264  
11752.6005  
11768.56641  
11790.31439  
11789.04327  
11821.58937  
11818.77758  
11741.86856  
11740.54402  
11713.74428  
11739.24081  
11758.09992  
11752.65689  
11734.92073  
11754.36525  
11759.28537  
11753.0503  
11804.79557  
11798.49705  
11790.49172  
11762.33735  
11763.45067  
11702.94912  
11797.18965  
11787.37457  
11821.65386  
11777.72842  
11769.97319  
11770.89301  
11773.88397  
11805.64762  
11817.2598  
11780.75726  
11788.19905  
11762.69189  
11768.96856  
11775.38604  
11802.85734  
11791.27584  
11778.18367  
11719.61158  
11731.62103  
11733.24285  
11738.35411  
11717.5791  
11772.92418  
11790.33875  
11775.91956  
11775.99478  
11733.88632  
11565.31728  
11919.29615  
11820.32858  
11721.50029  
11778.70033  
11742.82216  
11745.52481  
11776.55923  
11791.11407  
11789.47585  
11821.72552  
11843.09132  
11758.55331  
11776.30797  
11752.4968  
11728.24624  
11716.89643  
11729.32102  
11837.11331  
11744.77758  
11790.19924  
11767.6566  
11796.03511  
11754.8113  
11813.18001  
11819.6738  
11819.69615  
11786.10633  
11747.75564  
11784.25588  
11804.61364  
11853.58153  
11745.23372  
11788.56743  
11722.22899  
11746.47788  
11796.19307  
11803.01586  
11782.30971  
11775.19456  
11730.19379  
11733.35989  
11714.82792  
11738.23867  
11727.07275  
11777.44079  
11824.20714  
11784.80475  
11772.86045  
11746.67537  
11761.23202  
11759.55294  
11758.8364  
11767.08174  
11795.52376  
11829.4876  
11820.77063  
11774.36462  
11757.61534  
11749.7878  
11758.84026  
11756.20018  
11739.80719  
11797.49246  
11806.98684  
11836.29742  
11800.37635  
11753.8073  
11765.48682  
11737.39745  
11689.07278  
11751.97654  
11818.22772  
11822.85924  
11800.10431  
11790.44079  
11720.48691  
11730.9721  
11713.66804  
11768.36139  
11831.65065  
11809.18917  
11787.34591  
11757.69502  
11716.80216  
11724.08762  
11785.57197  
11758.21656  
11781.92708  
11768.90372  
11741.98932  
11729.26675  
11756.86941  
11732.29265  
11787.84896  
11836.8923  
11804.81278  
11781.80309  
11745.6931  
11719.1695  
11723.96334  
11776.75205  
11780.13092  
11837.61577  
11800.88166  
11785.93818  
11755.62461  
11778.37525  
11792.99208  
11769.15629  
11775.79289  
11746.14407  
11763.44396  
11763.8789  
11791.64213  
11762.16652  
11778.72376  
11765.81683  
11770.55803  
11735.28789  
11759.83802  
11799.58462  
11757.49768  
11762.6073  
11790.56024  
11779.40576  
11775.33212  
11713.32095  
11740.66502  
11775.2984  
11841.76962  
11845.52998  
11818.14135  
11798.76482  
11756.833  
11712.42539  
11717.88851  
11731.38182  
11765.15198  
11763.1948  
11805.42392  
11783.38569  
11842.97475  
11816.63384  
11779.85159  
11779.31124  
11731.34734  
11784.5401  
11718.77979  
11703.63955  
11768.63319  
11721.33781  
11767.54209  
11806.6033  
11794.95673  
11785.85019  
11772.55919  
11797.89774  
11772.93152  
11747.60806  
11778.97713  
11789.53008  
11801.33431  
11835.33764  
11826.86855  
11804.30696  
11721.0107  
11735.79742  
11754.45435  
11764.0556  
11806.49801  
11714.05258  
11734.74581  
11772.86386  
11760.97846  
11767.5477  
11727.85658  
11766.77108  
11764.34387  
11731.04646  
11753.15979  
11742.93009  
11774.10279  
11808.02891  
11834.68525  
11761.67507  
11804.83704  
11733.87077  
11757.99355  
11778.06848  
11777.36447  
11736.81801  
11753.50677  
11787.40503  
11763.13443  
11822.67986  
11805.86253  
11786.85003  
11742.35394  
11731.23202  
11734.76723  
11763.86589  
11753.18969  
11757.47722  
11757.72593  
11772.58928  
11814.26933  
11810.97613  
11848.61235  
11823.06421  
11832.65128  
11790.45765  
11765.28781  
11740.83275  
11744.84694  
11716.73935  
11756.30344  
11769.08676  
11790.971  
11744.31021  
11703.58458  
11744.89598  
11693.0552  
11817.07566  
11857.94955  
11796.81938  
11781.23818  
11809.16231  
11728.9407  
11753.65383  
11808.04123  
11746.64692  
11777.59664  
11758.80781  
11769.10903  
11779.91835  
11776.62808  
11779.55032  
11774.04807  
11787.6734  
11738.32106  
11756.84473  
11721.11091  
11730.45287  
11723.02903  
11796.27309  
11819.81025  
11786.03521  
11816.72468  
11755.3923  
11716.62304  
11788.41116  
11788.37212  
11824.60617  
11789.57064  
11786.78084  
11767.0207  
11792.38999  
11789.19802  
11718.50215  
11727.43036  
11729.4985  
11714.98974  
11743.69126  
11769.93645  
11775.02329  
11775.37311  
11806.20237  
11783.46382  
11793.67711  
11748.78496  
11754.44355  
11803.11108  
11825.47738  
11817.55776  
11807.03423  
11797.319  
11760.46861  
11707.34809  
11763.38697  
11731.53665  
11772.50002  
11794.11164  
11782.30093  
11785.23932  
11764.1446  
11730.50716  
11724.58409  
11829.37204  
11789.49804  
11771.8471  
11794.11215  
11754.46797  
11751.91864  
11767.96751  
11757.23486  
11707.44237  
11731.38502  
11741.98426  
11774.39242  
11760.61744  
11773.26541  
11758.52499  
11748.88306  
11742.94193  
11785.84626  
11787.19828  
11819.19492  
11841.30951  
11835.45917  
11824.70845  
11793.0613  
11773.179  
11746.05972  
11755.01325  
11785.01665  
11732.29297  
11790.83909  
11812.41936  
11768.72499  
11770.47832  
11781.5036  
11732.8865  
11771.14204  
11755.18647  
11750.28793  
11743.56937  
11735.63393  
11833.64469  
11808.9051  
11721.0926  
11725.80338  
11720.12842  
11752.78968  
11773.41958  
11806.07015  
11799.36157  
11823.91079  
11799.87882  
11745.4292  
11760.64917  
11782.10124  
11764.80759  
11795.53558  
11764.40028  
11770.27561  
11719.44084  
11715.36332  
11696.18787  
11761.22234  
11785.84221  
11806.57246  
11791.65479  
11744.66489  
11787.54628  
11802.8497  
11755.42329  
11746.40252  
11812.56728  
11790.34191  
11836.92216  
11812.77129  
11761.1892  
11727.20879  
11738.29532  
11730.47042  
11758.8778  
11800.36857  
11846.03826  
11860.74145  
11801.40493  
11787.66347  
11774.45197  
11746.68883  
11724.38435  
11751.46243  
11761.39495  
11804.00914  
11793.05727  
11765.31712  
11773.4075  
11732.93906  
11741.19185  
11733.70152  
11751.17797  
11747.07955  
11753.69112  
11741.13236  
11736.04749  
11770.96151  
11842.62581  
11801.26498  
11824.20963  
11808.18756  
11777.51954  
11735.45279  
11759.63638  
11751.02889  
11790.13677  
11772.24019  
11817.03946  
11804.10281  
11757.06374  
11726.94219  
11694.95807  
11718.04006  
11780.16073  
11763.58077  
11769.68187  
11800.81025  
11759.40966  
11753.02071  
11762.8268  
11776.15984  
11758.98574  
11765.52582  
11808.61445  
11772.94376  
11765.33845  
11754.21592  
11738.18276  
11735.05999  
11728.53637  
11755.34372  
11758.96922  
11786.97531  
11737.96966  
11755.12002  
11797.9003  
11787.42211  
11766.93313  
11788.4529  
11767.63905  
11777.44305  
11779.61083  
11837.83901  
11802.24583  
11786.43389  
11730.13586  
11793.61203  
11775.82808  
11774.86788  
11781.72958  
11754.39526  
11764.85367  
11741.36518  
11749.60318  
11805.6106  
11845.42132  
11847.73481  
11815.3686  
11766.8807  
11738.39155  
11701.0238  
11661.74337  
11736.2146  
11773.50792  
11814.20249  
11730.26725  
11727.09515  
11696.62189  
11756.39954  
11779.67134  
11770.18247  
11833.57467  
11767.32333  
11761.42042  
11765.27059  
11790.5906  
11771.48629  
11813.67687  
11839.16902  
11802.61384  
11768.14254  
11756.89175  
11804.16075  
11771.83423  
11792.93636  
11808.44102  
11813.42861  
11732.01277  
11747.6639  
11740.26446  
11706.59337  
11811.61156  
11830.72401  
11812.21192  
11747.38402  
11718.21022  
11788.85954  
11761.8314  
11754.37957  
11724.49212  
11750.10702  
11787.15585  
11821.41731  
11780.35261  
11755.934  
11753.80858  
11730.18173  
11744.59118  
11774.86605  
11776.67966  
11785.25484  
11789.64397  
11791.65784  
11767.55134  
11744.46094  
11725.94257  
11774.14658  
11799.59315  
11819.06189  
11761.3886  
11737.9837  
11806.52953  
11769.92211  
11809.42624  
11798.20298  
11802.06167  
11799.06084  
11785.70448  
11749.04183  
11679.75548  
11737.68259  
11739.63354  
11787.07653  
11792.11929  
11824.66307  
11789.65095  
11748.57938  
11739.95816  
11767.12563  
11768.53127  
11818.58128  
11815.68133  
11789.91952  
11802.60867  
11760.69544  
11740.14466  
11743.40824  
11781.76644  
11777.73247  
11749.36904  
11786.43909  
11802.2061  
11802.1942  
11787.44759  
11753.20697  
11772.92656  
11753.57167  
11754.95881  
11792.3022  
11786.29009  
11756.25191  
11768.10185  
11809.44231  
11732.48829  
11775.00839  
11759.2229  
11762.03438  
11759.98244  
11741.88162  
11779.90753  
11755.91036  
11748.46164  
11759.04656  
11769.0418  
11749.19088  
11771.59201  
11757.931  
11797.64826  
11755.1944  
11748.04742  
11750.06073  
11732.10038  
11776.81867  
11761.55982  
11781.94898  
11771.29128  
11780.33903  
11761.56998  
11785.50905  
11782.69962  
11766.09428  
11715.11972  
11754.26957  
11808.53528  
11790.76919  
11756.66485  
11735.7072  
11790.09062  
11774.96928  
11775.95256  
11793.72033  
11799.01183  
11798.63563  
11779.15611  
11788.09233  
11748.9564  
11800.3551  
11832.09129  
11770.81166  
11778.98955  
11757.24937  
11766.77895  
11721.30112  
11774.24701  
11777.65495  
11776.17245  
11760.12735  
11819.03448  
11742.41294  
11726.85852  
11745.7938  
11778.36251  
11805.95122  
11809.83187  
11789.03375  
11755.97084  
11715.51523  
11773.03634  
11774.69218  
11797.95639  
11853.84809  
11801.93828  
11841.11913  
11756.66471  
11791.68339  
11740.39713  
11727.61289  
11769.5745  
11792.16962  
11829.1857  
11783.77653  
11688.80993  
11718.25529  
11739.87112  
11729.77884  
11765.55003  
11798.85615  
11856.22047  
11821.42416  
11774.54276  
11777.58005  
11757.55384  
11747.32688  
11695.8834  
11715.66116  
11737.35081  
11755.76559  
11706.61592  
11789.23698  
11839.62019  
11720.33457  
11743.75478  
11721.38496  
11772.21079  
11826.60859  
11802.4837  
11741.71035  
11763.69364  
11800.42662  
11751.52855  
11795.73103  
11795.93417  
11779.60526  
11766.83626  
11750.76992  
11694.91034  
11726.71218  
11750.53653  
11796.3885  
11814.39737  
11794.40104  
11794.21366  
11800.47411  
11788.13222  
11730.72952  
11733.82019  
11804.2073  
11799.7255  
11801.7798  
11817.04681  
11765.68799  
11732.84342  
11724.84451  
11715.99036  
11773.34815  
11805.82496  
11802.37916  
11748.74072  
11760.90468  
11792.67363  
11773.57956  
11775.69616  
11759.49602  
11755.24514  
11806.12435  
11811.18447  
11780.6012  
11806.76549  
11758.8846  
11838.48883  
11793.40184  
11751.13342  
11764.15907  
11764.68287  
11751.03115  
11724.94884  
11741.47215  
11755.11493  
11681.16755  
11765.80593  
11753.77306  
11719.46801  
11750.861  
11716.19083  
11775.91107  
11759.82574  
11778.39744  
11834.44222  
11785.38058  
11820.24485  
11823.20235  
11822.69892  
11784.5934  
11817.85651  
11801.26774  
11801.75792  
11781.84279  
11765.66642  
11774.14908  
11790.43936  
11748.42825  
11765.02802  
11756.93372  
11762.61407  
11750.46218  
11733.96709  
11722.42907  
11776.65642  
11756.67041  
11764.27038  
11757.67348  
11786.25216  
11758.08328  
11739.12548  
11709.17766  
11728.43672  
11742.96582  
11772.28554  
11778.39108  
11787.42942  
11805.41649  
11767.79926  
11742.47531  
11772.7568  
11812.5576  
11758.87394  
11759.95249  
11793.09978  
11779.38527  
11795.85829  
11723.93135  
11758.02942  
11748.27032  
11768.46043  
11819.64517  
11833.24271  
11787.33877  
11820.58937  
11746.52404  
11804.57649  
11796.1331  
11790.75361  
11796.3473  
11768.4304  
11812.3419  
11826.26819  
11795.87543  
11752.88195  
11725.58543  
11745.16263  
11718.37336  
11730.31593  
11751.6683  
11746.51525  
11778.7122  
11768.27433  
11715.31184  
11747.72153  
11742.5237  
11815.02355  
11752.75093  
11735.92712  
11784.20075  
11837.81596  
11835.13115  
11792.28579  
11766.24968  
11729.99212  
11731.26621  
11727.45475  
11729.42918  
11722.44642  
11717.26337  
11754.94078  
11825.53841  
11791.51174  
11785.27395  
11779.30817  
11772.14681  
11744.32878  
11780.21206  
11823.72337  
11815.40261  
11856.30415  
11774.62912  
11810.68429  
11792.04989  
11720.35141  
11702.81123  
11722.80459  
11737.24494  
11750.33219  
11801.63088  
11774.12936  
11789.12325  
11770.69661  
11790.94416  
11792.00786  
11741.55111  
11770.1887  
11756.7944  
11748.13351  
11819.31255  
11773.606  
11791.49394  
11775.31338  
11754.35122  
11739.90713  
11731.39089  
11711.04911  
11761.33792  
11820.18484  
11805.40948  
11775.16725  
11839.73714  
11945.09318  
11755.49654  
11756.31276  
11732.57651  
11720.36233  
11714.04914  
11784.27909  
11801.23592  
11821.39178  
11785.57999  
11775.01173  
11734.80496  
11742.62487  
11749.49561  
11748.90571  
11771.93421  
11808.97314  
11770.30412  
11764.78091  
11787.03499  
11771.69472  
11761.85533  
11754.98305  
11789.73484  
11791.47229  
11786.49887  
11794.60618  
11830.88911  
11817.04738  
11798.84489  
11774.93808  
11746.74053  
11737.65198  
11740.894  
11711.90526  
11756.61435  
11736.15266  
11792.69621  
11786.1316  
11728.38285  
11725.91874  
11761.06842  
11794.15817  
11785.61692  
11822.10059  
11782.51878  
11766.54269  
11735.6102  
11708.4244  
11739.97552  
11764.29767  
11742.15614  
11742.38779  
11787.40941  
11744.83772  
11785.88401  
11814.95158  
11794.01783  
11795.8815  
11762.26523  
11752.39234  
11730.47667  
11711.34552  
11800.64354  
11815.58073  
11827.10135  
11776.36397  
11792.43732  
11760.9227  
11744.62354  
11739.00134  
11795.16366  
11779.32509  
11845.85807  
11820.46857  
11793.59862  
11788.35074  
11738.97313  
11722.4535  
11749.0138  
11759.87812  
11800.41935  
11781.81526  
11757.19982  
11808.03515  
11756.61969  
11777.21595  
11774.44054  
11773.47562  
11757.35755  
11756.73597  
11746.29266  
11724.21065  
11721.71908  
11766.73331  
11787.31292  
11767.93622  
11774.73505  
11782.62588  
11829.6681  
11839.18302  
11813.99293  
11785.89983  
11758.25644  
11788.15983  
11788.55305  
11765.07111  
11788.59623  
11808.66333  
11779.63789  
11736.5598  
11735.71036  
11719.74915  
11737.1272  
11737.66968  
11776.9974  
11770.58727  
11756.98715  
11778.02776  
11752.61567  
11786.50932  
11770.27757  
11730.88094  
11753.27599  
11745.12674  
11770.47432  
11756.32381  
11761.3222  
11754.87102  
11739.67834  
11788.29341  
11799.94451  
11780.39001  
11776.01163  
11729.99976  
11732.84298  
11792.01127  
11798.30503  
11880.62333  
11781.29076  
11765.02879  
11739.13299  
11745.7007  
11772.76437  
11806.70489  
11825.12194  
11828.49086  
11772.84067  
11755.25797  
11750.57538  
11730.51804  
11754.915  
11712.39284  
11744.50975  
11758.05245  
11764.71926  
11772.25983  
11789.51727  
11773.93342  
11797.13751  
11766.27675  
11804.48795  
11758.43946  
11759.13426  
11739.31852  
11714.36266  
11763.58525  
11763.27762  
11817.29515  
11794.27002  
11741.32806  
11797.8807  
11781.6806  
11742.54801  
11775.464  
11779.44634  
11824.51962  
11804.83676  
11779.92628  
11818.15146  
11794.09026  
11754.94191  
11734.76942  
11717.35989  
11693.83711  
11725.75933  
11791.67352  
11790.49654  
11836.37511  
11777.09365  
11755.46742  
11732.6565  
11745.54802  
11768.86251  
11816.91286  
11819.48185  
11803.1817  
11819.7551  
11752.57613  
11714.67058  
11735.09716  
11763.16211  
11893.73424  
11713.78739  
11717.62314  
11689.52015  
11764.65513  
11748.70821  
11774.48186  
11817.46732  
11817.51499  
11795.00866  
11791.60632  
11812.62061  
11762.76857  
11753.39057  
11795.76191  
11856.73076  
11831.34606  
11788.95687  
11729.24822  
11759.3881  
11783.3686  
11802.93722  
11793.8348  
11793.70795  
11745.7185  
11758.87137  
11777.15428  
11734.10395  
11796.33959  
11782.31603  
11799.35393  
11720.9695  
11765.77206  
11774.39175  
11767.83418  
11786.51292  
11745.05308  
11764.88711  
11793.61339  
11782.68127  
11809.13339  
11807.44098  
11740.85787  
11804.53439  
11750.87989  
11745.39541  
11253.9938  
11949.05239  
11615.77739  
11771.73278  
11750.14572  
11789.36965  
11742.31637  
11744.64207  
11754.85179  
11748.6007  
11811.66593  
11828.30019  
11893.25091  
11844.81397  
11849.96667  
11787.00008  
11788.83597  
11765.44863  
11775.44225  
11799.09678  
11778.75678  
11748.15516  
11766.5157  
11768.44954  
11771.80872  
11859.48519  
11796.0162  
11810.38603  
11753.69377  
11720.36504  
11642.22037  
11733.79947  
11772.32408  
11764.63453  
11765.36004  
11800.85044  
11789.68751  
11768.52395  
11751.26897  
11774.64698  
11794.50011  
11823.94065  
11853.49307  
11783.24357  
11803.22032  
11769.8911  
11715.74765  
11715.81059  
11728.69527  
11746.42232  
11805.23261  
11766.5903  
11744.78952  
11757.87806  
11751.33552  
11742.16914  
11760.27627  
11776.51011  
11788.66883  
11777.95517  
11833.04057  
11837.21996  
11734.6909  
11704.23476  
11776.11381  
11821.92713  
11820.44429  
11781.34187  
11798.02943  
11793.77401  
11748.58582  
11767.64026  
11779.28967  
11709.81021  
11752.33575  
11765.21009  
11758.2115  
11747.59819  
11742.55805  
11759.39753  
11742.73481  
11774.25016  
11792.77361  
11836.42853  
11835.46352  
11822.11264  
11780.14499  
11743.63386  
11709.29455  
11712.29283  
11736.55344  
11704.43098  
11732.9257  
11754.21642  
11726.0529  
11714.80401  
11682.91254  
11769.23254  
11816.53176  
11778.11715  
11789.66069  
11713.39846  
11736.54266  
11791.43678  
11795.23311  
11811.88107  
11804.88786  
11780.58571  
11814.36696  
11750.91544  
11758.14347  
11781.14641  
11773.23904  
11821.06933  
11765.26397  
11756.77187  
11836.1188  
11772.7962  
11801.16047  
11818.37019  
11828.99949  
11863.50076  
11776.89965  
11784.4188  
11765.00882  
11748.52725  
11785.08397  
11785.43982  
11771.43277  
11770.75506  
11738.93202  
11746.41171  
11728.40718  
11756.51713  
11763.03892  
11661.07729  
11713.17251  
11744.03248  
11793.60984  
11788.52474  
11766.44984  
11756.94338  
11833.2684  
11814.20794  
11775.58004  
11768.18486  
11753.79041  
11781.06937  
11810.35425  
11787.12386  
11756.17475  
11688.46092  
11754.72995  
11776.00788  
11800.65161  
11858.92833  
11831.56939  
11794.79625  
11800.55905  
11745.88159  
11753.21995  
11716.33827  
11740.05871  
11728.10706  
11753.94915  
11733.09245  
11795.32172  
11769.65501  
11762.80531  
11805.47347  
11744.93789  
11784.35801  
11760.31781  
11728.25812  
11748.40249  
11755.66243  
11757.54501  
11756.49915  
11721.78643  
11751.82713  
11763.8361  
11809.19054  
11775.77307  
11788.00443  
11786.94716  
11751.1494  
11757.39711  
11733.74714  
11743.92542  
11756.59478  
11774.0494  
11766.82481  
11730.87628  
11772.01198  
11816.92587  
11844.50116  
11855.11671  
11756.02915  
11733.85226  
11747.4189  
