9943.205197  
9883.773018  
9902.4412  
9908.143724  
9887.514974  
9868.977082  
9923.277801  
9889.23825  
9832.177615  
9819.907477  
9951.284261  
9968.336257  
9931.282245  
9961.166222  
9924.555113  
9877.376953  
9841.400059  
9848.017109  
9829.024896  
9836.673972  
9864.164282  
9887.072297  
9907.501302  
9937.486447  
9858.977088  
9862.001409  
9809.556021  
9796.418119  
9788.841653  
9846.285513  
9845.685998  
9915.873729  
9957.593944  
9892.103009  
9890.505202  
9904.400879  
9867.662372  
9864.669434  
9856.207106  
9816.597137  
9894.939397  
9906.020032  
9931.817164  
9930.157158  
9877.365072  
9876.126584  
9884.650303  
9886.878218  
9876.547482  
9898.039163  
9878.560816  
9876.498022  
9855.61653  
9861.163174  
9929.148888  
9924.263734  
9951.452956  
9941.123735  
9926.898099  
9939.401398  
9961.118477  
9959.390037  
9871.744591  
9813.685891  
9842.504895  
9818.583834  
9814.423853  
9858.008489  
9896.141864  
9876.081737  
9856.263653  
9897.73415  
9912.968274  
9915.208383  
9888.202812  
9895.708127  
9917.947115  
9935.095678  
9878.008351  
9907.641195  
9875.236535  
9841.864934  
9867.23035  
9808.081487  
9829.271641  
9870.961839  
9877.598808  
9914.808343  
9908.092592  
9936.102376  
9971.900422  
9902.928648  
9889.323555  
9838.447773  
9840.272955  
9876.152638  
9892.652676  
9932.800418  
9969.866424  
9934.649952  
9921.479104  
9953.936586  
9935.881967  
10017.02272  
9995.205041  
9988.517215  
9909.889573  
9888.770088  
9851.145702  
9842.256135  
9837.368483  
9824.408259  
9833.400841  
9837.022837  
9846.656926  
9863.27941  
9882.443347  
9863.546468  
9925.745756  
9879.225811  
9915.526987  
9881.571314  
9896.217335  
9935.06039  
9915.033059  
9889.761356  
9843.947791  
9876.708427  
9921.728797  
9794.895746  
9850.635473  
9953.148012  
9946.871319  
9905.259321  
9882.626891  
9889.262232  
9887.143417  
9916.521822  
9889.409067  
9853.525109  
9863.77638  
9875.626734  
9920.677421  
9912.07999  
9908.375745  
9879.463147  
9910.582338  
9989.077693  
9978.504589  
10004.66978  
9908.03386  
9834.419659  
9833.966246  
9842.180514  
9823.393336  
9890.501008  
9920.174692  
9947.985295  
9912.661383  
9881.904347  
9860.210211  
9890.007556  
9836.576266  
9825.154072  
9878.338473  
9888.248072  
9903.186811  
9894.502548  
9898.874944  
9866.357128  
9889.70469  
9873.172877  
9905.889567  
9907.710393  
9885.775071  
9894.098764  
9888.70407  
9879.291654  
9931.348401  
9980.680827  
9974.281713  
9941.15779  
9860.804706  
9893.792775  
9861.558907  
9806.468406  
9907.455429  
9944.482516  
9941.726706  
9858.804462  
9861.451773  
9812.611472  
9872.406676  
9943.426908  
9967.187882  
9962.268148  
9948.584072  
9939.842911  
9893.331768  
9840.17754  
9846.456593  
9888.078645  
9874.655975  
9868.825809  
9862.175844  
9849.023381  
9833.607272  
9836.689854  
9854.918707  
9870.910864  
9878.572216  
9881.733423  
9908.628324  
9948.829903  
9896.656081  
9919.834617  
9896.528314  
9883.44736  
9865.636788  
9909.071183  
9971.419183  
9943.805151  
9940.924717  
9955.734788  
9965.774433  
9915.080103  
9887.247327  
9883.373009  
9900.629063  
9930.16815  
9952.18176  
9957.932573  
9886.179349  
9831.297751  
9826.18211  
9860.839568  
9863.958978  
9878.466108  
9893.042336  
9917.006341  
9915.491367  
9944.939841  
9897.897818  
9861.70695  
9859.500495  
9850.17826  
9881.150992  
9871.600686  
9932.112987  
9972.162804  
9960.320688  
9941.142453  
9921.97352  
9927.102264  
9888.599785  
9900.809533  
9874.448768  
9920.022273  
9931.510285  
9922.488413  
9905.936079  
9867.932223  
9872.337628  
9852.418031  
9859.152162  
9846.525234  
9845.214118  
9841.73512  
9873.5078  
9904.92483  
9946.882881  
9936.44632  
9850.550362  
9857.412986  
9885.514717  
9907.122759  
9958.163136  
9924.043175  
9908.409599  
9882.216221  
9908.585117  
9906.389968  
9904.740422  
9867.56881  
9888.507731  
9903.418645  
9918.737768  
9898.751803  
9907.587985  
9924.37202  
9898.767134  
9874.495793  
9854.916347  
9880.265024  
9926.729286  
9943.211801  
9974.282126  
9930.670704  
9927.808068  
9913.925374  
9875.994479  
9867.174773  
9887.732898  
9849.028502  
9846.997828  
9889.327161  
9885.512576  
9886.880246  
9862.91539  
9839.181002  
9841.596511  
9877.261738  
9903.949175  
9909.788906  
9992.49769  
10020.53037  
9985.508921  
9927.515187  
9855.011794  
9830.180639  
9837.333189  
9883.725736  
9982.070726  
10017.41787  
9967.123066  
9859.779103  
9799.012702  
9806.791072  
9852.959529  
9887.247383  
9861.179337  
9850.036195  
9840.418676  
9818.362549  
9858.24163  
9898.598508  
9914.436768  
9905.778114  
9891.33277  
9833.7576  
9850.973426  
9843.416385  
9891.226306  
9912.199688  
9944.484218  
9952.258845  
9972.035983  
9964.965701  
9903.317064  
9839.389636  
9888.786039  
9878.599303  
9878.815943  
9877.25405  
9854.563564  
9910.879689  
9911.232353  
9938.843237  
9923.648888  
9900.390638  
9832.658191  
9869.073868  
9889.110652  
9874.045535  
9872.11514  
9869.459729  
9906.872678  
9872.285638  
9857.525666  
9864.246964  
9836.709604  
9877.641107  
9890.925587  
9941.755521  
9949.9767  
9924.371075  
9923.860132  
9911.122991  
9899.441218  
9888.689772  
9857.337039  
9906.404359  
9935.477708  
9884.595497  
9825.732585  
9798.161314  
9826.03977  
9835.316231  
9866.524808  
9912.942971  
9915.778533  
9885.520727  
9830.972218  
9832.981364  
9823.931822  
9830.443998  
9859.440511  
9866.041485  
9849.756792  
9895.078563  
9928.415872  
9890.042449  
9896.531106  
9947.055213  
9945.694004  
9937.526067  
10016.76847  
9993.88141  
10002.5156  
9979.797971  
9942.892284  
9921.190611  
9870.52909  
9842.932179  
9888.893592  
9892.555026  
9852.947835  
9834.867394  
9842.456424  
9839.052572  
9846.895376  
9843.138534  
9898.329083  
9908.093994  
9853.378969  
9840.863795  
9862.497965  
9902.261631  
9880.494097  
9945.454258  
9986.717573  
9949.884384  
9914.704815  
9888.816024  
9877.813946  
9887.091935  
9879.117325  
9877.754595  
9915.922889  
9894.571859  
9881.591008  
9919.323092  
9930.243965  
9921.842974  
9880.215601  
9952.644913  
10020.35656  
9961.160256  
9882.190805  
9810.931002  
9763.174141  
9833.002141  
9890.641589  
9912.559483  
9887.463298  
9911.485834  
9859.512651  
9864.918357  
9841.581756  
9904.869209  
9915.336463  
9893.792975  
9853.976162  
9793.132543  
9815.031588  
9823.355713  
9812.770714  
9856.405298  
9903.139548  
9945.24682  
9955.807235  
9951.005277  
9898.288149  
9890.26314  
9876.639742  
9887.783685  
9889.915784  
9881.492907  
9864.382462  
9862.716165  
9874.075602  
9980.101055  
9972.017409  
10027.63852  
9985.249286  
9938.274126  
9987.626471  
9959.406025  
9925.146641  
9885.159793  
9812.082707  
9785.398137  
9847.602495  
9834.809533  
9825.381855  
9866.357741  
9848.879645  
9807.324982  
9862.850185  
9901.580166  
9936.781319  
9938.092886  
9937.072203  
9967.40963  
9904.084836  
9854.301714  
9830.62264  
9887.240967  
9903.905505  
9899.109181  
9831.937343  
9810.938395  
9807.767891  
9939.778615  
10077.59074  
10069.39069  
9995.524602  
9963.286853  
9906.018755  
9904.508889  
9896.299373  
9870.402488  
9836.463442  
9771.957388  
9793.881636  
9822.489452  
9853.070751  
9858.15332  
9865.291667  
9838.159274  
9841.169171  
9814.754238  
9846.876327  
9875.979304  
9905.800043  
9930.654266  
9880.792787  
9911.296612  
9941.836651  
9972.270339  
9973.514398  
9954.049379  
9920.842936  
9896.651129  
9930.965232  
9908.468619  
9959.209009  
9951.555088  
9866.079734  
9891.857516  
9901.010542  
9936.715019  
9890.786659  
9873.935002  
9901.470002  
9872.424316  
9913.756429  
9900.885799  
9916.923202  
9922.788893  
9929.169747  
9950.984506  
9908.803423  
9895.824532  
9898.49168  
9907.966208  
9924.238494  
9873.238025  
9860.466528  
9855.291097  
9886.754526  
9918.981239  
9982.128712  
9974.593938  
9933.177359  
9884.251684  
9877.890531  
9855.684933  
9856.980938  
9890.796662  
9884.438858  
9882.411108  
9903.978766  
9885.304844  
9838.22752  
9804.942658  
9822.471479  
9897.987762  
9909.561348  
9925.01632  
9851.457438  
9852.209191  
9866.452499  
9837.023544  
9869.447992  
9857.138697  
9916.698486  
9892.511005  
9865.632305  
9882.761763  
9877.744347  
9866.074519  
9865.120011  
9844.290941  
9853.36936  
9885.592961  
9930.987286  
9921.996069  
9919.723195  
9938.113932  
9941.80676  
9903.338216  
9863.050525  
9867.662948  
9845.977783  
9834.584116  
9873.525209  
9942.357572  
9956.454346  
9943.454095  
9886.81769  
9861.022561  
9885.337477  
9909.423158  
9887.887088  
9838.321014  
9828.316444  
9836.235934  
9817.403245  
9869.976224  
9850.379601  
9884.400447  
9942.110921  
9976.398268  
9992.335218  
9988.161671  
9971.195538  
9949.752235  
9894.983949  
9896.007725  
9933.683243  
10005.90035  
10012.57342  
9983.238989  
9959.827186  
9898.020733  
9823.048265  
9867.292111  
9949.888803  
9968.472519  
9923.19478  
9883.315029  
9859.897317  
9819.82686  
9869.625551  
9896.247828  
9907.919615  
9827.027475  
9782.293106  
9815.425913  
9841.928911  
9846.136437  
9837.78458  
9849.765606  
9862.035582  
9848.696032  
9855.352696  
9844.919402  
9843.918238  
9861.371926  
9924.938376  
9954.448123  
9933.417205  
9871.529541  
9850.122609  
9846.850348  
9866.78997  
9862.346191  
9882.79546  
9879.081493  
9895.280192  
9885.638678  
9895.379589  
9925.420391  
9914.56379  
9871.52062  
9931.612749  
9962.420041  
9959.367069  
9902.354267  
9901.296456  
9857.878963  
9905.116724  
9891.30286  
9890.180914  
9900.209235  
9879.96905  
9890.227189  
9908.697629  
9957.558838  
9949.548377  
9880.602389  
9810.567239  
9844.25914  
9846.011431  
9901.191938  
9951.029948  
9960.543695  
9987.368571  
9976.397636  
9967.550293  
9941.389479  
9919.946339  
9863.433268  
9843.964049  
9906.368634  
9909.718756  
9858.952342  
9912.529328  
9923.933444  
9874.376628  
9868.186354  
9818.838717  
9821.699801  
9830.001152  
9884.94145  
9882.279904  
9850.814691  
9821.928579  
9840.718963  
9871.259277  
9874.807473  
9927.884496  
9919.874556  
9920.39398  
9916.056409  
9892.074131  
9918.008019  
9876.239014  
9843.296681  
9873.784173  
9898.578851  
9896.937919  
9908.79228  
9913.917612  
9914.336394  
9926.732966  
9988.871839  
10036.33692  
10000.25041  
9904.025109  
9901.223007  
9872.978503  
9844.22608  
9875.105594  
9834.870668  
9853.951028  
9864.348839  
9828.567859  
9828.516958  
9875.811411  
9900.290709  
9927.469827  
9958.804763  
9996.632562  
9987.938189  
10003.61495  
9924.212183  
9861.309602  
9863.560303  
9891.020257  
9900.318848  
9900.332232  
9898.528032  
9832.780436  
9828.993033  
9838.257374  
9860.706568  
9881.117081  
9882.051958  
9887.211733  
9900.412341  
9875.012439  
9877.698824  
9803.00231  
9832.891201  
9835.846004  
9834.957939  
9858.306503  
9915.786784  
9886.163023  
9832.73969  
9907.606038  
9845.005753  
9864.784881  
9948.928292  
9974.703444  
9946.809921  
9982.636982  
9981.338435  
10021.47018  
9993.41338  
9950.786533  
9920.402388  
9927.112543  
9916.845691  
9918.983029  
9778.341866  
9802.731602  
9811.253869  
9855.327105  
9887.256104  
9831.756091  
9866.084172  
9822.046017  
9811.557592  
9864.126377  
9881.495605  
9930.850893  
9902.084685  
9888.248942  
9895.807993  
9922.764955  
9943.434965  
9996.057924  
9919.827411  
9840.884183  
9822.336313  
9831.265155  
9840.128249  
9892.094814  
9960.174041  
9950.666153  
9924.886493  
9866.498504  
9902.868346  
9950.924204  
9961.877147  
9961.653665  
10031.33741  
10005.08138  
9951.548891  
9816.146522  
9768.834936  
9760.031169  
9856.727746  
9857.437782  
9885.004244  
9866.541817  
9859.669772  
9908.821214  
9893.611654  
9855.778057  
9837.581537  
9835.380102  
9875.822723  
9858.084842  
9853.272386  
9892.23112  
9950.291936  
9931.102101  
9881.467104  
9886.213892  
9914.03125  
9934.904572  
9980.493596  
10014.3919  
9973.087866  
9922.929938  
9858.773106  
9824.954402  
9830.900159  
9840.947967  
9933.022442  
9936.220503  
9912.707006  
9866.910732  
9847.741806  
9854.801495  
9902.506974  
9935.489571  
9928.851537  
9900.693003  
9878.29506  
9908.787573  
9860.526987  
9885.576698  
9855.586319  
9844.623022  
9878.045773  
9826.034042  
9812.335869  
9795.738469  
9898.857297  
9927.594802  
9948.238125  
10001.36461  
9986.165941  
9916.28972  
9877.113231  
9919.104523  
9939.933074  
9951.274057  
9843.674586  
9904.570594  
9828.734425  
9921.59688  
9939.241856  
9907.825909  
9895.239283  
9817.01031  
9820.316657  
9885.947629  
9926.960337  
9930.090539  
9905.700139  
9852.077537  
9877.758432  
9884.842448  
9837.938358  
9867.50395  
9838.076429  
9829.864252  
9915.281751  
10017.14594  
10032.75605  
10009.35819  
9938.656845  
9876.518442  
9842.970033  
9882.882412  
9842.845046  
9843.325045  
9802.919402  
9908.783078  
9901.3553  
9928.167499  
9889.77787  
9891.848489  
9937.381548  
9916.399815  
9864.011443  
9851.30547  
9855.896115  
9835.469451  
9839.441344  
9880.607203  
9948.097218  
10025.96727  
9995.207038  
9915.891295  
9856.394325  
9792.724954  
9868.780349  
9888.456493  
9887.062419  
9943.823874  
9941.37316  
9886.961883  
9813.99826  
9854.058112  
9867.374023  
9891.453757  
9881.412372  
9862.846079  
9868.04126  
9875.535958  
9890.694148  
9925.133263  
9941.580773  
9893.286001  
9901.352113  
9904.414545  
9857.771459  
9862.138071  
9871.36042  
9932.669928  
9903.876734  
9898.182648  
9893.023093  
9915.181215  
9910.368227  
9882.553748  
9912.894394  
9900.502172  
9875.03925  
9905.41323  
9909.572297  
9947.210906  
9997.704283  
9964.982816  
9971.482366  
9866.491493  
9831.946377  
9803.312487  
9839.409249  
9856.121025  
9845.877673  
9900.497026  
9889.456812  
9902.855031  
9968.647148  
9977.263259  
9938.32656  
9874.999336  
9873.063101  
9886.169014  
9847.676132  
9868.760229  
9866.559395  
9907.469489  
9924.801282  
9891.67324  
9843.554925  
9838.199788  
9894.421994  
9932.400835  
9957.69582  
9920.96388  
9884.013553  
9824.453138  
9841.365992  
9835.736679  
9821.720947  
9848.075871  
9865.957244  
9909.604768  
9908.182542  
9911.792418  
9899.085869  
9860.863288  
9850.9064  
9861.759672  
9860.941344  
9872.663825  
9882.354342  
9930.053517  
9915.167537  
9994.623228  
9981.961495  
9958.204953  
9914.145783  
9922.88121  
9924.624042  
9918.054381  
9910.325164  
9956.230312  
9930.443278  
9917.797263  
9869.765857  
9871.553736  
9868.482334  
9847.102865  
9812.284167  
9843.622552  
9875.58543  
9853.747152  
9875.257199  
9893.235352  
9929.415045  
9910.623792  
9924.443766  
9901.235978  
9908.093237  
9875.722957  
9868.971855  
9883.160576  
9900.403208  
9937.4411  
9909.562657  
9868.703588  
9885.272605  
9895.993627  
9840.743064  
9876.6052  
9866.292649  
9875.521103  
9874.257293  
9927.849021  
9885.565567  
9904.075502  
9985.598364  
9956.66743  
9918.076798  
9909.228265  
9874.307561  
9793.458646  
9829.828451  
9871.235402  
9831.247239  
9860.169465  
9853.046693  
9922.947529  
9954.199356  
10029.36734  
9996.950008  
9967.743915  
9893.079183  
9872.105268  
9884.167975  
9936.545542  
10010.25314  
9961.204183  
9911.46162  
9863.436974  
9870.113732  
9849.397824  
9872.951497  
9880.882086  
9889.649815  
9898.700821  
9901.169803  
9860.727408  
9846.460355  
9843.452148  
9857.945012  
9863.656156  
9814.230469  
9812.211989  
9866.524126  
9899.253042  
9867.11397  
9909.225267  
9877.974528  
9909.261669  
9890.545679  
9870.576184  
9837.68447  
9865.010373  
9896.280856  
9920.37562  
9904.076898  
9858.089086  
9898.817552  
9949.130559  
9994.979943  
9998.249693  
9885.500776  
9884.10078  
9893.306904  
9871.461238  
9832.437869  
9829.568729  
9898.019963  
9898.173352  
9924.324519  
9891.640913  
9854.796086  
9876.344245  
9910.909568  
9926.494785  
9922.285413  
9926.93017  
9954.961839  
9928.628312  
9863.800155  
9839.676194  
9866.681778  
9895.277469  
9854.59591  
9850.189447  
9938.037579  
9979.155154  
9979.410983  
9891.909067  
9855.807761  
9871.386825  
9854.489971  
9875.922345  
9887.073781  
9890.973232  
9897.282045  
9912.589875  
9914.334554  
9909.153834  
9945.938815  
9992.632712  
9990.034205  
9972.530167  
9901.484632  
9865.762489  
9839.929443  
9853.486391  
9884.593881  
9890.571734  
9847.752341  
9837.163161  
9861.025478  
9842.193397  
9822.417844  
9839.737486  
9867.097644  
9891.857184  
9903.656738  
9885.523669  
9874.225398  
9835.476951  
9841.970691  
9794.777162  
9805.462365  
9857.710944  
9967.93201  
10012.97231  
9976.329784  
9914.848232  
9929.415196  
9893.084754  
9934.511381  
9931.309595  
9943.025491  
9882.612649  
9888.938483  
9872.299298  
9865.690661  
9864.215808  
9863.820932  
9888.596285  
9940.649946  
9930.096041  
9934.400209  
9944.10473  
9936.503249  
9911.974447  
9858.351732  
9808.980262  
9849.743089  
9878.048622  
9929.341559  
9952.746056  
9947.71927  
9895.025272  
9838.080222  
9855.40856  
9859.160069  
9865.787128  
9903.1523  
9929.841966  
9936.026868  
9865.232222  
9804.137094  
9829.649821  
9903.923972  
9968.507368  
9960.190949  
9866.287748  
9824.911652  
9821.126315  
9834.11171  
9848.163343  
9885.515494  
9954.42252  
9989.919415  
10011.01474  
9849.470277  
9945.2581  
9954.538067  
9966.377429  
9967.769406  
9900.988306  
9859.637351  
9852.700483  
9812.334241  
9848.979354  
9852.369911  
9893.421587  
9927.465263  
9904.072616  
9872.253092  
9807.806841  
9833.134065  
9867.263027  
9874.361791  
9887.254069  
9924.389755  
9872.36243  
9860.546487  
9853.509791  
9902.569618  
9998.932505  
9997.645739  
9988.636969  
9947.609419  
9862.763703  
9853.822366  
9818.105049  
9846.239677  
9824.569292  
9823.00954  
9853.551169  
9884.269882  
9879.105043  
9844.93616  
9905.421199  
9984.516051  
10004.88314  
9992.626997  
9913.40374  
9865.468055  
9832.506592  
9864.930188  
9889.457113  
9895.427453  
9868.158454  
9899.31866  
9936.048021  
9971.153464  
9964.907339  
9913.186461  
9937.037585  
9980.677509  
9965.381247  
9938.049611  
9926.957795  
9888.349033  
9863.634853  
9827.504038  
9791.36437  
9782.327311  
9849.201015  
9925.762939  
9938.686605  
9947.937807  
9901.372358  
9853.158992  
9831.462709  
9862.887601  
9985.938489  
9977.046631  
9883.812613  
9807.382662  
9834.382982  
9858.793958  
9840.519694  
9837.57666  
9885.60237  
9843.346442  
9844.675036  
9923.473645  
9943.161095  
9927.7267  
9878.803435  
9847.127172  
9905.406989  
9945.483023  
9878.872934  
9863.676207  
9890.204972  
9908.389605  
9889.385529  
9936.73055  
9979.242169  
9927.856401  
9909.597544  
9919.593838  
9897.270226  
9857.745443  
9838.757374  
9857.832563  
9918.937444  
9931.268079  
9896.12967  
9860.425418  
9831.274527  
9839.636018  
9913.504977  
9876.728772  
9845.092942  
9842.474678  
9869.230519  
9892.505934  
9894.094921  
9911.298227  
9919.246764  
9984.885254  
9975.483749  
9973.915077  
9862.544409  
9881.336319  
9905.96418  
9986.229386  
9931.216096  
9902.999036  
9845.071508  
9840.171875  
9840.756623  
9852.603184  
9866.849778  
9938.082476  
10003.68624  
10024.84642  
9970.351913  
9875.758989  
9871.107165  
9845.735652  
9848.841822  
9868.266389  
9861.477019  
9871.676088  
9834.074757  
9919.890925  
9939.144212  
9977.439841  
9876.671036  
9810.86827  
9807.633357  
9868.959166  
9891.762432  
9906.603954  
9865.334973  
9856.858974  
9904.809351  
9944.70988  
9917.71614  
9872.295041  
9853.799016  
9840.304274  
9882.07492  
9937.679118  
9951.068998  
9898.452186  
9886.253211  
9889.895564  
9889.159699  
9867.418764  
9929.430226  
9916.089205  
9916.082131  
9828.537472  
9830.334191  
9871.775904  
9869.248998  
9886.036333  
9908.865491  
9951.74389  
10027.90438  
10022.55893  
9947.922213  
9901.908428  
9910.688483  
9843.321045  
9810.533848  
9865.298715  
9859.185484  
9861.895257  
9908.373097  
9926.468118  
9874.688677  
9803.118314  
9861.937337  
9842.479993  
9891.638152  
9940.537961  
9946.225448  
9904.326285  
9883.057148  
9867.588204  
9873.804468  
9891.904128  
9864.578926  
9820.255277  
9908.055633  
9954.591891  
9942.055889  
9858.536815  
9955.243922  
9978.118796  
9918.086044  
9873.047082  
9892.707807  
9841.292743  
9889.313395  
9889.628017  
9882.455704  
9813.205779  
9933.043513  
9986.160019  
10009.77036  
9929.943209  
9829.947028  
9782.800925  
9837.894919  
9869.51267  
9877.785112  
9926.869886  
9838.00241  
9827.608574  
9897.310334  
9923.7497  
9946.904923  
9959.072072  
9941.981727  
9896.220772  
9855.850498  
9822.431954  
9862.497114  
9858.029948  
9847.545285  
9851.344664  
9917.421155  
9936.145627  
9970.596661  
9946.413349  
9952.999286  
9922.24456  
9833.801263  
9823.826892  
9875.010711  
9866.222537  
9876.152926  
9921.599102  
9937.076053  
9938.626027  
9920.481076  
9895.399402  
9897.72039  
9902.612317  
9894.6052  
9900.212258  
9827.991023  
9884.298859  
9879.659731  
9888.10868  
9942.778251  
9969.568547  
9913.176075  
9865.930326  
9847.273951  
9854.584948  
9841.388691  
9861.306146  
9842.644243  
9839.767703  
9911.398193  
9934.750995  
9911.565273  
9904.022668  
9859.611184  
9879.392203  
9822.70874  
9840.353221  
9876.821333  
9854.762839  
9839.33816  
9827.139648  
9876.844514  
9916.180508  
9999.929487  
9993.886011  
9942.156269  
9979.32636  
9951.334316  
9909.929055  
9889.996375  
9960.434113  
9968.605606  
9933.885266  
9899.607453  
9825.848495  
9814.458822  
9857.200972  
9852.592198  
9868.682674  
9878.764191  
9962.649539  
9984.834034  
9944.943441  
9915.926157  
9895.154773  
9886.210249  
9899.628975  
9941.664012  
9967.314766  
9950.524408  
9852.70757  
9812.222562  
9833.908272  
9828.726706  
9875.0744  
9905.586138  
9923.42523  
9903.528026  
9868.330454  
9812.688013  
9870.88526  
9902.38367  
9898.44294  
9903.956587  
9919.094764  
9919.106652  
9881.598595  
9908.424867  
9936.408541  
9876.774514  
9886.506078  
9848.824826  
9849.292631  
9874.874424  
9900.774639  
9891.42786  
9895.726569  
9908.644118  
9933.670542  
9902.707958  
9882.427227  
9892.354073  
9891.250263  
9853.115986  
9843.53731  
9847.7931  
9938.797852  
9982.923108  
9926.484275  
9892.970935  
9838.664964  
9823.084034  
9845.214806  
9821.840194  
9874.172589  
9876.694812  
9903.633689  
9913.411634  
9884.335606  
9917.237906  
9957.830929  
9923.239777  
9891.005215  
9904.786346  
9881.309539  
9877.423972  
9930.948943  
9921.762833  
9858.727545  
9896.53038  
9907.282652  
9908.032946  
9910.53684  
9935.334848  
9939.11335  
9886.30095  
9795.646253  
9774.244335  
9871.506247  
9937.388709  
9966.496807  
9905.183562  
9939.388785  
9975.618809  
9955.81188  
9932.346098  
9903.561611  
9869.485946  
9877.56461  
9827.953676  
9811.92133  
9823.832795  
9875.243571  
9895.980663  
9940.443503  
9953.162929  
9973.411277  
9953.00283  
9925.176032  
9895.836056  
9905.831005  
9848.721385  
9833.368001  
9817.260936  
9866.324238  
9878.80845  
9836.137551  
9853.175969  
9879.663593  
9898.49528  
9882.524358  
9838.081768  
9866.081393  
9906.539751  
9942.127642  
9932.816663  
9941.765412  
9976.488895  
9972.402037  
9940.426432  
9904.819887  
9926.105356  
9891.672432  
9899.536465  
9871.607578  
9835.677102  
9833.931716  
9837.802121  
9838.57631  
9864.269988  
9878.942959  
9835.576134  
9878.317671  
9879.251578  
9910.505171  
9915.936329  
9972.20966  
9905.587866  
9838.158917  
9860.561442  
9837.624618  
9878.927108  
9850.704158  
9863.600417  
9910.239158  
9955.751265  
9957.172294  
9927.809433  
9845.830404  
9799.493252  
9851.825258  
9929.148675  
9934.022743  
9937.291354  
9939.208621  
9931.942978  
9923.972224  
9898.016664  
9872.951691  
9881.557843  
9922.728365  
9949.827843  
9961.632456  
9915.721304  
9924.061179  
9921.105575  
9892.741925  
9795.062769  
9839.114727  
9888.469589  
9869.387608  
9848.656432  
9805.821759  
9843.295905  
9897.248904  
9948.690342  
9946.678723  
9967.141001  
9942.42647  
9908.426814  
9960.49861  
9950.146703  
9949.6054  
9897.758069  
9853.061793  
9818.508902  
9880.603153  
9897.983711  
9877.101775  
9872.649489  
9904.305614  
9897.53197  
9910.78828  
9891.021785  
9902.767321  
9899.949657  
9894.325727  
9901.74893  
9879.531482  
9890.36278  
9865.813351  
9878.767465  
9941.616361  
9906.691907  
9883.176626  
9827.746626  
9857.618884  
9818.38136  
9925.399677  
9921.413436  
9932.983536  
9902.615873  
9848.61623  
9870.515875  
9853.604743  
9854.370205  
9862.023494  
9836.88876  
9855.353879  
9854.96927  
9844.96306  
9832.483423  
9843.710606  
9883.693071  
9943.88213  
9901.760554  
9865.37649  
9889.40923  
9902.502723  
9918.139141  
9902.150215  
9912.552058  
9920.385041  
9940.629789  
9920.684264  
9948.250789  
9909.787792  
9871.034749  
9881.26811  
9836.779654  
9844.116023  
9866.760435  
9820.117375  
9849.09395  
9856.673847  
9940.280173  
9955.94612  
9979.306785  
9972.651361  
9925.948887  
9912.520232  
9923.474096  
9898.859607  
9914.205222  
9924.981852  
9923.158241  
9921.242275  
9961.985251  
10003.61451  
9920.629902  
9885.268805  
9866.059301  
9851.736097  
9805.819768  
9822.732359  
9838.578926  
9852.372527  
9842.561223  
9838.880515  
9884.484281  
9926.417099  
9940.44401  
9907.920642  
9947.474109  
10003.91272  
10046.76054  
9987.260166  
9885.160407  
9831.967667  
9826.698123  
9798.509653  
9894.568028  
9887.760473  
9823.742726  
9862.676971  
9854.221454  
9874.488413  
9841.268561  
9888.901229  
9909.476976  
9917.340845  
9891.708102  
9920.646441  
9934.743602  
9947.721085  
9923.497458  
9881.604148  
9835.148801  
9845.605081  
9828.755121  
9860.485139  
9873.903683  
9899.038217  
9870.81707  
9880.485151  
9903.934814  
9915.385022  
9910.375557  
9928.272098  
9963.370136  
9934.007931  
9933.679562  
9899.241887  
9851.388572  
9873.672094  
9832.568034  
9894.969088  
9899.998698  
9961.184664  
9978.141658  
10003.64554  
10000.56661  
9939.769631  
9855.533741  
9868.129902  
9899.618364  
9865.396472  
9720.47814  
9819.900735  
9832.426845  
9968.254814  
10014.54014  
10020.58295  
9972.094226  
9895.739784  
9860.071577  
9817.395633  
9861.691882  
9822.749361  
9801.362361  
9811.877554  
9817.777694  
9813.439641  
9854.140544  
9863.883457  
9914.858993  
9878.224071  
9928.964049  
9980.647411  
9944.576128  
9984.555652  
9998.542537  
9969.890231  
9886.136506  
9860.442552  
9826.823017  
9800.320976  
9783.142027  
9811.540577  
9847.603203  
9889.113106  
9887.891971  
9880.727445  
9904.55259  
9932.824851  
9941.166128  
9927.565755  
9916.663768  
9879.536784  
9943.797651  
9919.569993  
9862.916761  
9783.743064  
9833.118934  
9901.566857  
9917.277926  
9974.516833  
9936.876546  
9883.470321  
9950.182354  
9948.775115  
9893.804844  
9906.316406  
9922.985226  
9888.727702  
9842.882218  
9825.626177  
9846.491812  
9886.80624  
9858.099159  
9856.527037  
9841.029616  
9856.781075  
9834.19038  
9836.846842  
9851.047582  
9903.288987  
9904.03699  
9974.773581  
9984.177966  
9961.329283  
9894.072184  
9879.609951  
9911.510861  
9929.969852  
9873.441963  
9866.117313  
9940.634885  
9956.837221  
9929.438239  
9953.540102  
9964.330836  
9915.01719  
9871.793839  
9804.301501  
9847.203094  
9892.559376  
9944.389417  
9920.997014  
9847.522323  
9842.902995  
9821.072798  
9781.826629  
9844.402895  
9943.93427  
10035.89595  
10026.9482  
9883.952524  
9849.236147  
9910.287817  
9938.366743  
9952.979705  
9909.628556  
9896.753468  
9896.467824  
9895.930007  
9859.264404  
9832.099803  
9882.321427  
9880.355619  
9860.086213  
9822.576034  
9802.922758  
9804.975066  
9872.394919  
9874.640756  
9859.853559  
9851.099985  
9846.243896  
9882.629426  
9952.562419  
9903.174817  
9955.031231  
9982.382687  
10016.12809  
9998.110953  
9894.331368  
9838.059639  
9857.203394  
9853.868753  
9880.02412  
9936.411202  
9869.586019  
9870.160989  
9879.746814  
9884.765656  
9898.839944  
9937.437262  
9957.287554  
10025.96557  
10026.85525  
9977.896002  
9881.592085  
9908.527137  
9884.509784  
9876.587878  
9899.34795  
9874.593881  
9846.881817  
9833.667969  
9878.56389  
9888.116962  
9927.44033  
9891.148801  
9844.35473  
9830.249393  
9801.44428  
9792.625401  
9828.829433  
9845.595159  
9838.308124  
9919.702693  
9976.390093  
9991.446971  
9976.492901  
9967.733386  
9981.959604  
9975.032389  
9913.384534  
9847.576072  
9850.720453  
9834.514473  
9827.725448  
9921.776962  
9991.94972  
9972.65178  
9963.006673  
9893.847744  
9863.322241  
9844.037253  
9866.383952  
9854.586125  
9894.977815  
9830.198993  
9826.158723  
9841.288981  
9796.173471  
9861.354104  
9843.789476  
9843.356564  
9865.068804  
9899.390756  
9907.919014  
9930.957307  
9986.088592  
9946.818566  
9983.674899  
