8636.017514  
8601.148501  
8445.255902  
8410.168818  
8357.143703  
8487.884553  
8463.555367  
8487.512483  
8462.024711  
8403.314687  
8299.327042  
8441.675739  
8489.277917  
8597.043967  
8571.211553  
8574.191173  
8513.220618  
8524.191895  
8467.561226  
8541.624384  
8570.761294  
8606.924911  
8523.983674  
8428.440642  
8476.163426  
8516.910114  
8561.762101  
8515.20079  
8518.998705  
8442.86154  
8457.415251  
8453.975777  
8512.01726  
8475.962742  
8542.060377  
8459.974864  
8479.939389  
8434.192468  
8535.475119  
8454.006475  
8486.2058  
8453.221234  
8458.625488  
8430.731212  
8484.853049  
8472.256666  
8519.751083  
8472.013969  
8450.981573  
8494.144828  
8501.320886  
8527.393873  
8551.212784  
8559.52176  
8528.017812  
8438.425463  
8451.424677  
8428.375467  
8490.852921  
8485.54524  
8436.189644  
8435.885742  
8491.365808  
8554.082838  
8590.358823  
8497.114873  
8444.760381  
8375.471191  
8434.216648  
8412.330099  
8469.899244  
8420.46909  
8445.001486  
8404.641814  
8431.501783  
8458.561014  
8480.762016  
8536.659562  
8539.060971  
8509.068869  
8424.81475  
8389.060356  
8427.487496  
8460.53919  
8531.294094  
8558.177883  
8657.302331  
8629.992782  
8491.442319  
8478.63657  
8448.688753  
8502.932023  
8419.991487  
8340.469535  
8416.595406  
8461.389882  
8516.739958  
8468.273098  
8489.589801  
8487.788956  
8538.07632  
8571.844599  
8494.235734  
8499.418202  
8552.745117  
8578.675505  
8559.172257  
8522.747835  
8478.501656  
8520.461468  
8521.096298  
8509.407863  
8408.784052  
8450.448858  
8378.679772  
8430.186332  
8458.061354  
8518.967943  
8516.664827  
8566.245648  
8480.031335  
8513.301376  
8411.944315  
8476.266347  
8469.926015  
8520.342731  
8466.645932  
8481.204675  
8449.164296  
8429.016389  
8482.788468  
8590.151176  
8547.2462  
8561.921323  
8535.968156  
8471.388608  
8473.490022  
8490.986392  
8552.037895  
8498.280656  
8550.776834  
8475.458623  
8431.45667  
8427.987963  
8466.38294  
8494.094175  
8537.570907  
8513.057766  
8563.228685  
8493.312542  
8470.494565  
8508.483292  
8490.684507  
8461.659413  
8447.589271  
8433.316725  
8469.988154  
8445.905061  
8561.483314  
8498.724227  
8434.710364  
8419.586511  
8392.892578  
8416.943954  
8524.432766  
8435.501911  
8423.315451  
8432.36413  
8501.301248  
8501.452913  
8509.081479  
8380.146399  
8427.520996  
8475.026282  
8581.335513  
8590.145189  
8500.938753  
8466.537385  
8457.299911  
8528.425633  
8526.72739  
8511.238685  
8439.478494  
8500.85842  
8470.052968  
8496.672873  
8423.974185  
8400.225841  
8464.667353  
8494.732167  
8536.019977  
8523.493037  
8499.916589  
8436.410814  
8407.605108  
8447.859757  
8422.651983  
8519.862963  
8548.516177  
8483.908352  
8521.099716  
8414.911281  
8445.855893  
8469.27382  
8569.601923  
8544.269022  
8558.314793  
8487.478537  
8484.540867  
8439.91402  
8508.68699  
8492.30318  
8490.884468  
8447.456352  
8471.63156  
8447.597401  
8519.358016  
8477.240553  
8475.588995  
8480.361371  
8510.860394  
8464.331946  
8431.058275  
8472.209048  
8525.489789  
8500.763544  
8538.407609  
8468.600798  
8508.13139  
8555.98083  
8521.324749  
8502.176609  
8500.96754  
8490.627144  
8456.952403  
8435.521102  
8489.175739  
8529.557171  
8585.601732  
8483.977688  
8570.457689  
8492.614746  
8456.570843  
8469.665315  
8452.50225  
8428.468984  
8444.161791  
8443.618015  
8432.243376  
8503.799868  
8453.600968  
8440.673828  
8473.428966  
8577.307469  
8498.290145  
8496.299253  
8457.155082  
8477.712636  
8462.652429  
8502.295049  
8519.180494  
8469.631496  
8442.415166  
8397.762632  
8436.332265  
8443.998068  
8489.623832  
8499.829611  
8622.048956  
8539.158798  
8472.775773  
8416.878545  
8471.609163  
8466.059995  
8452.25  
8458.925378  
8472.640731  
8422.303817  
8483.496922  
8510.346128  
8471.060632  
8506.891984  
8470.044497  
8467.539105  
8491.131772  
8459.115362  
8491.847826  
8451.339971  
8536.385403  
8537.744756  
8495.124278  
8462.66039  
8427.568338  
8477.14417  
8454.817998  
8562.682914  
8544.209834  
8535.513927  
8503.202064  
8478.122113  
8461.070334  
8481.856764  
8478.471404  
8514.907205  
8533.433997  
8477.560207  
8512.569845  
8510.666461  
8557.594472  
8497.012356  
8524.462742  
8491.100883  
8516.527662  
8513.286281  
8509.65625  
8557.216797  
8488.156462  
8436.779743  
8436.356191  
8479.492103  
8453.798382  
8422.094599  
8452.786005  
8434.422682  
8431.540379  
8451.102475  
8471.954993  
8535.021357  
8487.838761  
8473.652896  
8452.116827  
8554.906377  
8481.808233  
8505.712721  
8436.979046  
8447.122856  
8485.363472  
8527.942362  
8503.017238  
8520.08564  
8406.721637  
8479.119141  
8521.608101  
8578.964377  
8594.63035  
8487.214207  
8551.324155  
8467.612984  
8461.911027  
8418.503269  
8456.184698  
8394.799656  
8434.544816  
8486.33029  
8534.007197  
8569.442531  
8608.797491  
8593.785581  
8535.193699  
8475.431004  
8486.645465  
8422.959303  
8484.376635  
8520.920155  
8569.490404  
8477.650815  
8479.430239  
8458.433764  
8446.380392  
8535.110712  
8485.950153  
8508.173616  
8463.921726  
8408.130562  
8358.418521  
8443.805855  
8468.621731  
8497.15538  
8527.724057  
8441.372134  
8441.523225  
8427.31802  
8462.166037  
8517.431789  
8447.259532  
8490.709324  
8436.123259  
8497.260636  
8513.281038  
8513.411557  
8335.223102  
8389.612708  
8399.697711  
8447.994332  
8472.459897  
8485.745648  
8457.900858  
8423.383683  
8425.834006  
8406.501274  
8447.816534  
8460.719642  
8518.884065  
8609.278172  
8563.301397  
8492.574474  
8476.995627  
8519.077594  
8501.916228  
8477.950301  
8405.736774  
8468.013375  
8486.369162  
8556.577764  
8466.533415  
8561.803987  
8530.306598  
8505.557065  
8502.72548  
8553.82545  
8517.965693  
8563.042353  
8507.894637  
8566.210258  
8489.508832  
8457.602624  
8439.815727  
8512.805494  
8482.766432  
8475.561948  
8411.9482  
8504.589143  
8512.840268  
8567.928987  
8512.95805  
8463.644149  
8515.347232  
8563.119098  
8521.843304  
8504.587848  
8454.190324  
8444.916228  
8414.488218  
8508.423106  
8478.100522  
8492.463124  
8447.555728  
8458.866784  
8415.910984  
8414.512271  
8431.862241  
8458.835768  
8500.847677  
8512.810419  
8502.856297  
8550.219875  
8577.298467  
8587.994395  
8581.615659  
8430.3346  
8435.750149  
8490.947202  
8505.92007  
8523.633662  
8503.07182  
8509.682405  
8457.351202  
8480.64485  
8491.822711  
8502.315578  
8490.641389  
8535.16523  
8472.360352  
8463.765901  
8468.233059  
8440.096616  
8443.633131  
8518.73809  
8548.82649  
8533.148713  
8525.953592  
8515.141878  
8450.567829  
8422.717858  
8410.61878  
8451.832944  
8515.151707  
8470.246603  
8438.317383  
8461.725756  
8476.842391  
8469.442998  
8478.706649  
8503.523183  
8519.290442  
8473.37897  
8497.721  
8489.131878  
8514.179688  
8520.211468  
8594.772631  
8546.87086  
8548.123705  
8452.403087  
8509.584388  
8456.508322  
8451.055431  
8509.920262  
8418.774817  
8396.122707  
8458.158946  
8475.761061  
8525.717455  
8526.353622  
8531.989215  
8543.765774  
8537.448837  
8531.31543  
8577.779913  
8590.22168  
8517.468177  
8485.382579  
8451.936757  
8391.165464  
8391.13984  
8389.829696  
8522.053817  
8512.694315  
8535.948773  
8470.5549  
8460.995245  
8483.549868  
8516.768173  
8535.221658  
8460.443614  
8433.146909  
8458.054794  
8513.183445  
8521.803414  
8565.424401  
8498.744162  
8517.273268  
8507.093049  
8514.806683  
8435.666483  
8361.976053  
8508.395423  
8422.35118  
8514.329462  
8501.857443  
8438.790209  
8406.831522  
8367.578125  
8441.565833  
8420.65141  
8534.020189  
8571.750382  
8643.408161  
8540.244905  
8485.311969  
8388.21047  
8430.724588  
8497.72894  
8556.138884  
8546.844493  
8470.135721  
8509.364831  
8494.659392  
8557.884596  
8575.611456  
8513.430197  
8467.510551  
8462.441003  
8465.069039  
8420.987708  
8404.455248  
8437.070907  
8476.165358  
8466.302883  
8481.844811  
8446.382494  
8454.441258  
8484.551673  
8504.901176  
8533.216563  
8496.21202  
8496.363918  
8527.709855  
8534.887483  
8574.380159  
8515.397461  
8445.815833  
8469.345788  
8400.573709  
8424.823263  
8416.77503  
8510.300378  
8474.623493  
8501.923892  
8507.151855  
8509.29127  
8491.274945  
8492.25898  
8499.767132  
8489.045049  
8478.923658  
8465.106297  
8470.691279  
8468.071565  
8426.289296  
8466.780422  
8422.123493  
8466.095576  
8428.306768  
8455.267302  
8491.162364  
8529.010594  
8551.091372  
8468.829526  
8477.107422  
8438.977624  
8438.034753  
8495.017238  
8516.928435  
8527.711235  
8521.075726  
8540.239428  
8474.870117  
8464.759957  
8467.525582  
8476.288468  
8509.747898  
8525.805728  
8508.276261  
8552.668818  
8520.032142  
8484.823985  
8460.950641  
8455.444485  
8445.646442  
8497.048234  
8502.088358  
8433.852858  
8458.187861  
8509.718432  
8547.888969  
8548.885509  
8506.423191  
8373.926949  
8414.251677  
8426.410517  
8418.990574  
8431.893066  
8500.1288  
8501.026728  
8440.509341  
8434.89727  
8389.501507  
8491.223505  
8528.413489  
8480.10118  
8491.056895  
8465.33598  
8475.099631  
8514.481212  
8552.475565  
8532.354577  
8515.043499  
8524.133874  
8512.980044  
8493.83339  
8486.920155  
8515.758556  
8507.604344  
8463.08857  
8416.408161  
8383.60515  
8449.36568  
8449.543054  
8473.33114  
8480.66627  
8491.548234  
8489.677034  
8559.03953  
8567.134405  
8511.70788  
8473.26934  
8486.729068  
8488.904997  
8518.666228  
8492.83443  
8521.652768  
8536.318508  
8571.588421  
8561.404828  
8568.759596  
8575.445037  
8536.886655  
8513.480702  
8455.460492  
8407.320907  
8466.421896  
8510.480341  
8544.31526  
8538.793266  
8549.580757  
8513.754925  
8501.53091  
8460.060335  
8481.440324  
8471.33511  
8500.772482  
8546.489024  
8517.324367  
8592.250361  
8541.355448  
8537.430685  
8489.733802  
8495.76433  
8481.813222  
8476.466096  
8498.112581  
8392.916079  
8403.600183  
8465.410029  
8457.581182  
8486.6768  
8442.814135  
8396.113918  
8454.731063  
8405.101626  
8370.480341  
8381.953868  
8407.730957  
8482.858611  
8492.443105  
8494.094451  
8496.729068  
8492.479535  
8492.661961  
8496.336872  
8478.702446  
8480.398374  
8501.781038  
8450.780783  
8508.507218  
8490.806513  
8510.879416  
8528.905358  
8555.555155  
8531.441109  
8490.122368  
8437.066194  
8471.450429  
8488.55076  
8591.56405  
8567.106254  
8542.414869  
8484.245797  
8404.132961  
8412.051715  
8470.990956  
8476.674104  
8562.884468  
8526.254692  
8541.746688  
8511.569845  
8467.384044  
8428.153915  
8407.913192  
8418.732783  
8459.511867  
8505.391559  
8478.377569  
8417.727369  
8420.835279  
8458.121922  
8433.001168  
8450.639606  
8448.631496  
8461.983887  
8495.413107  
8468.302013  
8453.652705  
8474.013502  
8491.268725  
8561.947584  
8527.140625  
8511.673552  
8461.417841  
8488.142621  
8481.204144  
8486.659562  
8443.086489  
8415.203826  
8411.259277  
8450.938901  
8418.939177  
8551.199558  
8626.992357  
8570.823624  
8511.823391  
8492.466733  
8461.617336  
8474.89192  
8466.290506  
8540.773353  
8571.712233  
8538.122283  
8602.403575  
8505.579123  
8478.303456  
8496.155104  
8465.331267  
8515.006454  
8527.16143  
8488.469896  
8514.566597  
8501.81681  
8517.331628  
8526.307914  
8462.936502  
8455.027131  
8492.941831  
8462.171535  
8459.934613  
8435.681386  
8467.771612  
8459.65453  
8506.865744  
8528.808063  
8494.304624  
8455.572159  
8472.364003  
8512.136443  
8575.713888  
8516.001295  
8482.301206  
8434.021697  
8471.381878  
8477.417077  
8420.58806  
8432.366041  
8506.649987  
8522.771527  
8564.642493  
8523.782736  
8483.022758  
8337.86706  
8365.108483  
8482.599057  
8475.425357  
8435.459388  
8448.874002  
8497.24724  
8445.639691  
8464.756942  
8523.917884  
8538.588124  
8570.947881  
8546.82925  
8517.609715  
8458.015646  
8459.458178  
8462.517514  
8438.874066  
8460.588103  
8486.485436  
8516.703656  
8491.088825  
8507.292565  
8413.904764  
8440.430579  
8502.475671  
8448.761952  
8415.400093  
8443.849355  
8460.649032  
8454.538553  
8397.890328  
8467.620053  
8435.14848  
8443.61878  
8491.116126  
8519.437394  
8572.721701  
8602.047151  
8568.045304  
8505.211957  
8508.158649  
8467.184167  
8492.454866  
8475.671005  
8521.409434  
8498.605999  
8515.030995  
8559.737262  
8537.838209  
8464.196098  
8420.807511  
8487.64451  
8499.467073  
8465.344918  
8487.217519  
8459.269128  
8473.479641  
8467.127229  
8497.059103  
8517.331012  
8494.047172  
8513.686799  
8494.543139  
8499.156547  
8527.144319  
8450.158415  
8387.183742  
8419.008895  
8525.224164  
8545.980002  
8565.524626  
8484.424189  
8420.430579  
8419.784562  
8459.596956  
8501.564305  
8512.881135  
8480.699622  
8509.500679  
8500.567404  
8487.111158  
8433.881666  
8484.062585  
8487.176439  
8485.372707  
8467.497877  
8462.855129  
8502.42438  
8476.016941  
8485.23412  
8484.566364  
8468.552692  
8426.45752  
8446.749066  
8468.676991  
8506.687776  
8512.605002  
8557.556534  
8546.301546  
8475.869544  
8466.183403  
8565.271633  
8576.959451  
8497.573136  
8549.462572  
8521.502951  
8525.44631  
8508.394319  
8532.620924  
8529.60256  
8425.792629  
8478.133131  
8444.508322  
8458.711277  
8510.029339  
8486.051864  
8447.846085  
8432.287789  
8413.621221  
8461.341754  
8494.475713  
8511.339016  
8525.395359  
8442.258704  
8394.989279  
8440.600607  
8513.829293  
8487.608505  
8398.873344  
8425.862156  
8486.304199  
8495.422024  
8463.149541  
8434.278724  
8485.163553  
8532.983292  
8515.597104  
8517.268661  
8508.05318  
8515.942107  
8534.41194  
8504.107125  
8507.377229  
8441.808551  
8480.320971  
8477.867973  
8461.425081  
8405.041992  
8417.175144  
8459.909604  
8520.817447  
8527.822903  
8459.043139  
8458.642238  
8460.918011  
8512.297045  
8559.359842  
8577.037343  
8600.826299  
8614.390795  
8528.31785  
8506.030634  
8437.131433  
8453.962997  
8513.66022  
8518.235267  
8498.792247  
8494.272737  
8476.303435  
8453.540103  
8404.745584  
8364.005647  
8519.552756  
8570.029828  
8549.261974  
8469.933403  
8450.565791  
8476.824474  
8470.675314  
8482.023713  
8460.825217  
8432.610415  
8451.107252  
8447.617931  
8434.585258  
8480.362453  
8526.534413  
8492.028639  
8459.829802  
8465.53505  
8449.319973  
8480.956649  
8545.557872  
8522.297703  
8547.265307  
8416.080078  
8440.067914  
8494.445695  
8510.513311  
8426.149605  
8428.158798  
8357.893427  
8365.272206  
8493.037003  
8515.427671  
8577.21047  
8542.020147  
8551.94406  
8474.594111  
8436.696353  
8499.188922  
8515.157842  
8466.753503  
8445.207668  
8450.100183  
8538.313455  
8550.928308  
8572.851796  
8518.013757  
8520.166228  
8503.142111  
8471.396824  
8471.853049  
8459.105469  
8442.229683  
8475.970746  
8469.786366  
8440.171917  
8461.637186  
8442.837041  
8489.004989  
8432.652174  
8521.359736  
8543.258258  
8540.710258  
8514.057957  
8438.061863  
8444.965268  
8543.041886  
8573.246985  
8546.210279  
8570.608674  
8533.425208  
8483.139436  
8462.583135  
8425.784626  
8427.3232  
8414.621752  
8431.651303  
8473.792204  
8512.008195  
8547.639054  
8532.377378  
8516.656951  
8485.386146  
8471.985288  
8495.160284  
8506.555919  
8413.456713  
8457.896994  
8506.304433  
8553.20183  
8555.682447  
8566.096552  
8448.540867  
8413.407227  
8456.85256  
8472.440048  
8510.353006  
8450.159986  
8446.407991  
8509.871794  
8460.528872  
8486.077446  
8526.103112  
8593.260466  
8516.655825  
8495.191321  
8486.851308  
8464.550442  
8459.079335  
8477.425229  
8397.554157  
8421.151601  
8461.088188  
8531.220151  
8481.758683  
8546.131751  
8436.963825  
8453.674762  
8506.759978  
8565.431365  
8510.04265  
8452.419582  
8414.566215  
8503.700195  
8512.741232  
8560.02815  
8508.140434  
8477.780337  
8433.629182  
8453.444442  
8516.905571  
8502.360458  
8492.60825  
8519.654063  
8492.938498  
8474.718899  
8456.957774  
8503.962445  
8544.126805  
8511.662598  
8513.417268  
8432.943933  
8490.056258  
8470.90332  
8523.716287  
8460.03004  
8573.883449  
8562.372049  
8566.988982  
8503.350543  
8506.479747  
8487.270826  
8492.547703  
8466.582541  
8452.32165  
8472.436014  
8468.364406  
8437.303392  
8454.381411  
8439.216478  
8434.894255  
8417.722784  
8500.203083  
8508.200004  
8590.5152  
8484.609991  
8496.949452  
8493.145954  
8555.202085  
8524.603473  
8550.517536  
8499.725352  
8473.206416  
8561.281505  
8527.429921  
8538.42748  
8544.46011  
8407.824877  
8438.562755  
8442.353643  
8385.82199  
8341.125785  
8412.438392  
8362.948476  
8386.57891  
8359.87672  
8344.25121  
8381.286812  
8478.085704  
8474.965183  
8525.886528  
8581.219896  
8584.855129  
8588.715799  
8505.260848  
8464.629203  
8474.576342  
8482.597593  
8456.710789  
8449.324728  
8415.881284  
8485.666844  
8474.803605  
8525.860309  
8573.317213  
8538.08494  
8534.111965  
8484.879288  
8576.159901  
8554.147652  
8547.619841  
8544.236264  
8536.779445  
8470.390519  
8455.87759  
8489.060462  
8502.182872  
8452.187351  
8437.955333  
8460.400624  
8471.735373  
8525.582689  
8493.563795  
8465.255095  
8466.135976  
8449.665952  
8484.201427  
8464.566003  
8469.486498  
8472.226647  
8511.490553  
8496.86757  
8528.59772  
8543.223972  
8529.995032  
8498.527641  
8492.383173  
8438.931174  
8422.921748  
8394.422321  
8478.380477  
8466.916865  
8516.280486  
8458.406271  
8470.463612  
8493.741912  
8568.919561  
8554.285008  
8572.591054  
8432.464419  
8479.30301  
8540.763226  
8544.913319  
8472.324813  
8391.808912  
8449.539338  
8439.76864  
8518.816449  
8510.592901  
8486.310483  
8359.360819  
8381.245733  
8472.41937  
8532.04161  
8499.35946  
8478.99223  
8500.917077  
8483.331118  
8463.794391  
8498.907354  
8473.685717  
8499.515561  
8498.315578  
8498.644616  
8469.5  
8401.682745  
8457.923276  
8449.134108  
8492.365043  
8526.714207  
8512.138269  
8492.909795  
8473.369735  
8461.994714  
8483.796641  
8509.112496  
8598.700832  
8556.519892  
8438.909371  
8414.620245  
8486.737644  
8498.214823  
8478.184485  
8471.592009  
8476.034031  
8428.076469  
8400.794476  
8396.759001  
8499.215056  
8530.043818  
8499.516517  
8491.441406  
8507.627802  
8506.651792  
8488.018449  
8437.674423  
8503.674826  
8464.544349  
8521.472359  
8564.631369  
8536.959048  
8508.690812  
8440.355023  
8407.623323  
8456.350947  
8456.149881  
8420.730278  
8452.276728  
8439.955481  
8527.209876  
8437.912322  
8515.960704  
8555.736986  
8590.748471  
8590.12655  
8517.680813  
8406.528681  
8477.927989  
8555.402556  
8540.230384  
8531.92007  
8515.512441  
8501.469854  
8425.068381  
8465.504458  
8455.038043  
8416.513608  
8373.517578  
8386.08944  
8449.317001  
8494.611201  
8502.855363  
8464.098697  
8492.875594  
8454.096064  
8497.864322  
8512.715268  
8485.664084  
8516.523459  
8513.974206  
8445.06475  
8442.263757  
8479.181407  
8529.599057  
8595.028915  
8624.883874  
8612.374236  
8551.201299  
8502.840608  
8551.019425  
8541.341945  
8583.534626  
8595.827891  
8633.152131  
8515.756687  
8442.970915  
8387.539254  
8506.333347  
8518.188859  
8519.7721  
8519.928647  
8404.712508  
8351.113515  
8436.610054  
8459.627845  
8421.28936  
8429.978558  
8398.740468  
8396.031951  
8445.927373  
8371.165442  
8409.730617  
8402.526028  
8425.61309  
8428.897164  
8485.264224  
8519.719981  
8550.034392  
8547.840587  
8582.833581  
8535.490341  
8526.685802  
8483.990638  
8515.422491  
8498.269446  
8589.364958  
8536.03229  
8489.233632  
8403.810547  
8505.632579  
8519.90884  
8496.369141  
8510.488812  
8434.434549  
8481.192255  
8470.175696  
8457.354259  
8398.859969  
8343.049614  
8410.848208  
8446.762292  
8484.747919  
8507.974397  
8510.497537  
8489.995457  
8510.724015  
8466.324452  
8466.252505  
8437.82165  
8510.70667  
8516.35721  
8550.382812  
8555.89814  
8511.075365  
8403.686821  
8481.466818  
8550.605978  
8558.712317  
8551.280273  
8487.721043  
8441.448454  
8416.754989  
8422.508874  
8448.957944  
8429.274669  
8432.167247  
8497.822011  
8436.321926  
8481.719302  
8519.274499  
8567.13432  
8558.624915  
8643.851902  
8579.098697  
8578.503864  
8472.647376  
8486.363281  
8460.47359  
8438.847996  
8448.954547  
8519.0297  
8576.75242  
8555.550505  
8480.480808  
8469.019234  
8488.802395  
8485.592519  
8460.800887  
8526.80127  
8453.930261  
8390.129203  
8495.3643  
8489.341139  
8468.974716  
8458.298446  
8498.860203  
8520.994799  
8543.651643  
8532.932532  
8479.188498  
8451.384044  
8494.488918  
8523.683764  
8582.94786  
8510.141835  
8462.319378  
8468.557999  
8510.033139  
8553.507749  
8464.536069  
8484.235819  
8476.950132  
8467.66056  
8450.697563  
8455.189453  
8426.308127  
8407.674699  
8491.050229  
8530.519383  
8536.926354  
8502.154063  
8463.334175  
8440.668372  
8430.868015  
8471.638778  
8534.883152  
8512.781292  
8478.841372  
8490.436163  
8435.784498  
8373.171726  
8478.199006  
8445.251953  
8557.620181  
8493.468686  
8523.137207  
8520.98153  
8591.05059  
8596.086596  
8536.618525  
8548.159795  
8480.542841  
8504.254777  
8558.347359  
8465.458029  
8385.993716  
8425.328613  
8376.111264  
8470.358844  
8545.612199  
8499.340205  
8494.231424  
8395.891665  
8430.123365  
8469.397694  
8479.758577  
8458.861073  
8409.915612  
8511.710386  
8460.422427  
8407.350183  
8426.439856  
8517.847126  
8461.109885  
8515.247962  
8518.550208  
8524.376146  
8481.345979  
8460.57269  
8442.986349  
8461.757537  
8462.479237  
8526.092795  
8534.622092  
8535.547936  
8460.205036  
8349.170113  
8452.406717  
8451.951979  
8483.458241  
8503.466202  
8584.700408  
8476.287216  
8472.773735  
8486.997134  
8527.964419  
8513.104513  
8489.375616  
8409.927819  
8462.31664  
8495.337211  
8542.593156  
8455.592391  
8431.767387  
8429.566024  
8454.362071  
8461.752845  
8455.849461  
8483.310313  
8489.149626  
8505.198178  
8541.511273  
8470.933339  
8460.284583  
8441.685674  
8427.664975  
8429.275369  
8489.071841  
8512.73739  
8550.92058  
8547.683169  
8498.942935  
8520.221934  
8500.968495  
8520.354683  
8563.16678  
8540.141644  
8553.287152  
8567.371242  
8485.18198  
8466.471064  
8483.798043  
8483.547873  
8513.22773  
8583.917353  
8498.062182  
8497.180728  
8409.422257  
8507.448667  
8546.002484  
8570.053775  
8554.248174  
8527.966542  
8380.503142  
8452.28989  
8513.053117  
8466.643236  
8514.529955  
8442.582732  
8417.692128  
8475.745797  
8483.422385  
8485.002187  
8484.027153  
8401.63882  
8346.86205  
8378.678775  
8538.852582  
8517.671641  
8504.918606  
8505.838294  
8515.169221  
8579.796196  
8465.114343  
8410.031101  
8337.490956  
8503.348081  
8509.072818  
8587.35377  
8600.18457  
8487.317744  
8352.8819  
8361.467561  
8467.340396  
8507.59288  
8549.441555  
8560.960025  
8541.729195  
8508.243992  
8455.062436  
8473.127972  
8517.167905  
8542.336829  
8527.267939  
8549.515349  
8524.961086  
8507.472741  
8510.162555  
8474.905358  
8427.391028  
8485.062479  
8513.112092  
8463.646633  
8408.739364  
8402.534944  
8393.929815  
8494.993291  
8521.928881  
8566.960513  
8412.633683  
8407.27486  
8433.075259  
8485.470831  
8447.245223  
8481.790612  
8478.598739  
8491.383322  
8527.658331  
8505.73066  
8406.961362  
8406.239895  
8376.295368  
8408.521909  
8441.286642  
8493.67593  
8540.56388  
8558.280061  
8562.561715  
8529.389394  
8566.540082  
8613.086022  
8583.627081  
8625.838421  
8534.84634  
8384.276431  
8402.406356  
8459.996285  
8466.808657  
8406.263757  
8368.666122  
8355.174253  
8383.661557  
8521.044051  
8538.361816  
8612.982443  
8548.202955  
8473.843984  
8450.019977  
8560.726414  
8507.890922  
8460.8781  
8411.402407  
8369.029106  
8403.082753  
8479.859715  
8435.34997  
8460.062691  
8522.834812  
8595.396463  
8536.240298  
8527.970045  
8553.697754  
8557.447648  
8534.498493  
8506.331798  
8441.374554  
8433.888863  
8440.350543  
8455.557936  
8542.264309  
8544.494226  
8511.362453  
8468.437203  
8464.890922  
8516.209048  
8507.596913  
8490.606934  
8475.636146  
8437.161388  
8453.894531  
8480.52123  
8575.066831  
8530.748747  
8539.763842  
8455.477645  
8448.15141  
8448.687564  
8505.826639  
8549.871412  
8470.225798  
8381.441491  
8365.412916  
8446.959154  
8479.330142  
8494.462424  
8502.969132  
8442.917396  
8481.258492  
8525.852539  
8535.40971  
8562.02261  
8602.131942  
8506.331394  
8438.058169  
8512.135445  
8501.481339  
8572.9116  
8526.001295  
8520.124745  
8435.143937  
8401.479874  
8400.326554  
8431.702255  
8462.321671  
8367.836872  
8417.256029  
8398.507643  
8456.095937  
8514.730639  
8424.852157  
8489.169837  
8471.516686  
8590.854492  
8520.822075  
8521.46582  
8473.589122  
8396.482337  
8481.297193  
8496.874597  
8560.697839  
8507.085173  
8621.014627  
8515.206564  
8512.285623  
8478.215799  
8459.927649  
8423.93888  
8551.155104  
8567.608717  
8524.425251  
8399.905804  
8353.760615  
8435.30957  
8498.719111  
8514.400391  
8564.705779  
8438.132473  
8411.197244  
8415.463549  
8495.437075  
8457.945058  
8488.126486  
8489.935611  
8535.078231  
8543.764224  
8495.188519  
8387.423892  
8429.228112  
8457.448688  
8547.751996  
8541.418521  
8583.743928  
8519.000934  
8489.953656  
8501.237135  
8459.716372  
8494.900497  
8451.314326  
8547.918839  
8473.855766  
8459.001444  
8422.164699  
8488.218538  
8483.482252  
8498.134532  
8438.792162  
8483.323072  
8530.054539  
8540.711872  
8488.048828  
8545.378354  
8453.957328  
8442.234863  
8535.68595  
8525.33167  
8452.965884  
8517.398119  
8494.270954  
8525.572605  
8470.182341  
8520.669221  
8540.493716  
8603.595385  
8548.375785  
8497.72151  
8440.046557  
8379.945843  
8417.340014  
8392.245712  
8463.390519  
8478.388587  
8446.105405  
8407.320886  
8462.238812  
8452.090948  
8550.933488  
8510.658055  
8491.812054  
8626.343092  
8588.440026  
8618.999915  
8515.779445  
8428.115192  
8421.03522  
8356.120245  
8417.655401  
8495.211001  
8600.889245  
8520.05059  
8533.702318  
8485.604598  
8472.048467  
8386.102964  
8414.93871  
8461.418139  
8464.866381  
8448.229853  
8372.470385  
8421.359757  
8491.326554  
8518.963803  
8523.658946  
8533.054751  
8386.521654  
8442.198115  
8476.244884  
8583.241572  
8494.701044  
8473.926354  
8416.025518  
8412.98395  
8488.781972  
8500.177055  
8524.093304  
8499.856806  
8469.496667  
8434.85653  
8523.581989  
8549.12551  
8662.882282  
8596.855363  
8514.878651  
8451.07925  
8456.247856  
8488.179284  
8566.075153  
8537.188795  
8496.971531  
8446.253312  
8450.400391  
8535.258195  
8591.261485  
8560.563753  
8552.919816  
8330.648671  
8390.772758  
8433.970385  
8430.860649  
8508.094896  
8566.855087  
8555.422767  
8613.235797  
8543.741296  
8510.571671  
8452.683105  
8357.5152  
8441.037449  
8450.267387  
8436.633004  
8284.397355  
8251.91816  
8306.26312  
8411.278066  
8549.754607  
8586.831819  
8572.840566  
8490.754649  
8501.492655  
8521.300399  
8545.549423  
8607.46824  
8563.806067  
8539.318381  
8580.508088  
8581.659052  
8592.025178  
8637.432532  
8678.381878  
8669.386103  
8533.111307  
8431.106254  
8471.086405  
8552.907099  
8545.369502  
8525.006687  
8451.8194  
8424.761761  
8426.01329  
8414.924614  
8409.242739  
8352.140498  
8381.916928  
8353.048085  
8414.423807  
8409.844854  
8520.855936  
8523.506645  
8521.603537  
8518.724843  
8563.273416  
8550.235076  
8563.666844  
8539.005732  
8472.914466  
8550.297236  
8493.866912  
8548.178435  
8446.227836  
8527.550675  
8492.974822  
8535.054624  
8578.985118  
8680.834069  
8549.435037  
8483.094302  
8464.545325  
8524.294986  
8373.865638  
8346.49068  
8380.735352  
8356.974482  
8276.488642  
8281.653405  
8346.424338  
8392.550102  
8466.135233  
8473.367209  
8552.16695  
8585.61188  
8608.440345  
8506.574941  
8454.645784  
8417.626486  
8496.881114  
8475.338888  
8517.066491  
8373.44009  
8339.34012  
8424.539105  
8495.259383  
8484.24828  
8473.775008  
8440.593516  
8418.686863  
8518.063604  
8474.241296  
8557.43319  
8580.432553  
8563.06025  
8511.459069  
8463.171047  
8498.571968  
8477.531823  
8429.322223  
8480.096276  
8538.682851  
8528.03142  
8473.643491  
8431.763672  
8446.082328  
8465.416589  
8485.373917  
8485.009978  
8521.092646  
8495.630392  
8529.475076  
8518.821608  
8473.737878  
8522.311651  
8563.242081  
8434.733271  
8435.170665  
8424.483908  
8517.354471  
8466.820058  
8388.866869  
8453.670198  
8457.09617  
8485.964568  
8496.597571  
8503.367357  
8473.314963  
8445.886018  
8460.93145  
8522.937649  
8537.382494  
8474.961553  
8494.146782  
8502.221319  
8508.716818  
8502.26537  
8462.793712  
8441.447351  
8454.778023  
8456.857358  
8494.488961  
8503.086681  
8464.209749  
8478.752717  
8494.38001  
8511.341202  
8434.44355  
8393.769998  
8343.095279  
8419.076766  
8502.998302  
8564.662131  
8547.143958  
8543.420686  
8486.978218  
8507.02002  
8519.269489  
8503.491232  
8462.891665  
8485.347295  
8550.139733  
8548.96962  
8559.782057  
8559.1844  
8513.597317  
8528.876826  
8586.371115  
8615.527492  
8508.527323  
8534.832647  
8396.32182  
8445.772164  
8464.450577  
8493.553117  
8527.972762  
8374.382367  
8243.035422  
8388.481445  
8490.702233  
8526.086489  
8576.76847  
8561.872007  
8477.123408  
8468.865765  
8433.780613  
8469.139924  
8509.397164  
8594.326363  
8521.772567  
8477.711893  
8491.886995  
8525.918181  
8539.654637  
8509.988515  
8466.899648  
8405.149987  
8361.422809  
8422.365149  
8437.452064  
8362.71962  
8416.272482  
8500.240892  
8520.878269  
8485.019892  
8476.760296  
8459.284392  
8474.784286  
8440.220109  
8555.040358  
8521.548467  
8518.742209  
8513.72773  
8473.240617  
8380.176822  
8455.109948  
8408.599588  
8560.442553  
8476.411133  
8472.125764  
8405.255138  
8395.181025  
8464.240659  
8505.938901  
8529.637016  
8497.049592  
8504.951108  
8488.64744  
8544.654318  
8495.845639  
8495.383577  
8544.533691  
8543.983972  
8508.853579  
8399.443126  
8389.928308  
8516.791101  
8535.091669  
8532.202276  
8503.545134  
8584.733568  
8404.532354  
8429.703316  
8436.282651  
8501.464865  
8417.261804  
8502.266559  
8574.177989  
8559.134638  
8513.527471  
8348.267663  
8332.810016  
8385.519616  
8443.01019  
8517.689856  
8469.946268  
8522.511124  
8447.908246  
8568.055791  
8486.572159  
8629.847465  
8657.113069  
8525.878609  
8588.605915  
8561.192404  
8579.756178  
8410.884129  
8445.207626  
8448.950599  
8440.499788  
8432.099355  
8402.791822  
8340.472614  
8319.293308  
8367.200917  
8503.943869  
8576.261358  
8527.504543  
8517.714738  
8508.043584  
8500.310186  
8497.654467  
8525.595788  
8502.930091  
8553.257048  
8535.161855  
8470.280507  
8544.819994  
8518.5076  
8445.33719  
8387.276303  
8403.518427  
8470.726584  
8477.13623  
8624.024966  
8572.833899  
8522.461065  
8443.590523  
8405.815854  
8507.645508  
8531.876868  
8515.090374  
8490.296472  
8518.071247  
8429.675442  
8410.187627  
8469.122389  
8422.884808  
8559.265816  
8437.084664  
8378.495627  
8311.416907  
8424.049847  
8519.868419  
8445.996455  
8510.789084  
8487.081925  
8510.516453  
8422.343262  
8523.654615  
8459.771845  
8550.097975  
8556.277959  
8530.710959  
8472.549083  
8508.295729  
8551.053499  
8554.686566  
8547.255371  
8544.305197  
8592.528193  
8449.396803  
8422.160262  
8454.40315  
8528.782099  
8541.367612  
8598.45701  
8554.682638  
8538.10411  
8554.160453  
8555.45011  
8456.528299  
8476.772121  
8419.678838  
8389.507006  
8316.63122  
8371.515731  
8375.160538  
8382.453932  
8369.666653  
8438.553308  
8439.747898  
8487.326809  
8536.571947  
8538.685016  
8430.83961  
8417.320864  
8488.608186  
8520.361901  
8561.271123  
8550.47272  
8537.778278  
8500.531016  
8548.240022  
8516.824877  
8546.286112  
8508.395635  
8474.146803  
8470.497898  
8456.9192  
8489.792226  
8509.31095  
8472.083581  
8508.737156  
8546.716266  
8539.142599  
8489.376783  
8525.041844  
8446.830545  
8414.581776  
8456.905189  
8449.224482  
8466.911366  
8485.127781  
8413.097274  
8439.579271  
8448.760042  
8531.325684  
8574.385424  
8625.675314  
8550.732486  
8513.319187  
8493.44043  
8450.646654  
8415.772694  
8486.208496  
8501.333263  
8445.469896  
8474.372283  
8483.523501  
8546.1029  
8478.107825  
8441.401325  
8364.176333  
8345.296599  
8380.191173  
8419.426227  
8441.367336  
8501.455949  
8515.814432  
8512.412683  
8563.141559  
8534.003779  
8474.015731  
8410.115999  
8472.769637  
8642.011018  
8468.743058  
8596.731233  
8524.788468  
8494.209154  
8621.37517  
8625.219429  
8496.122856  
8360.224928  
8313.137886  
8322.991381  
8341.087233  
8444.877739  
8503.03556  
8482.879607  
8520.302586  
8490.921535  
8390.233674  
8455.990319  
8492.430898  
8505.795686  
8508.076193  
8613.004586  
8635.467391  
8613.15574  
8538.065684  
8538.944081  
8483.694272  
8455.329208  
8472.729832  
8396.387801  
8448.644446  
8513.621709  
8563.553711  
8505.893831  
8543.379947  
8590.64935  
8567.392748  
8439.540379  
8360.71582  
8307.701278  
8374.896697  
8398.978176  
8402.99068  
8433.519616  
8558.413128  
8524.716139  
8598.93215  
8554.408649  
8474.031059  
8508.575514  
8549.350013  
8515.787683  
8507.108823  
8576.80628  
8427.615977  
8513.593899  
8586.888948  
8646.584706  
8732.893958  
8661.251422  
8583.628694  
8494.190302  
8488.898501  
8449.278299  
8375.126571  
8408.433339  
8400.418393  
8455.25484  
8499.014797  
8452.227433  
8523.19009  
8504.887016  
8448.61154  
8420.082498  
8464.800123  
8480.737538  
8526.471149  
8453.794476  
8450.502208  
8441.124469  
8535.144022  
