9920.346655  
9866.330148  
9839.528555  
9802.686472  
9834.196479  
9852.637048  
9867.884157  
9863.485385  
9855.787299  
9847.704227  
9855.19973  
9849.100903  
9885.456136  
9895.598476  
9909.809301  
9810.708646  
9780.96714  
9819.776469  
9829.340104  
9865.258419  
9865.123338  
9863.722989  
9816.063142  
9838.285149  
9859.5756  
9871.247758  
9844.552391  
9865.547278  
9843.690595  
9861.578127  
9877.527183  
9845.638569  
9842.877119  
9832.98108  
9853.864115  
9879.653145  
9892.500595  
9821.721198  
9839.255842  
9825.130678  
9863.230525  
9876.807021  
9857.470058  
9847.577379  
9878.200427  
9869.961667  
9865.127183  
9843.783763  
9835.935686  
9844.298863  
9846.316414  
9837.627634  
9810.808054  
9841.477381  
9848.605292  
9863.992895  
9847.115859  
9840.496155  
9855.071624  
9849.10597  
9865.467908  
9873.839617  
9924.914548  
9924.09532  
9883.709156  
9839.155418  
9817.494128  
9789.807574  
9844.563766  
9846.900097  
9864.725544  
9857.650268  
9838.666231  
9806.533863  
9842.516308  
9848.493379  
9876.175021  
9903.677305  
9884.335163  
9831.557726  
9827.710055  
9803.373456  
9840.040988  
9816.350421  
9909.166161  
9840.392024  
9856.979016  
9826.785078  
9868.006966  
9834.122763  
9836.997325  
9868.925049  
9838.941895  
9803.800046  
9852.519221  
9878.665274  
9898.14712  
9845.653753  
9830.052756  
9817.509211  
9860.210854  
9850.494579  
9859.200618  
9861.314397  
9825.556148  
9861.465896  
9908.502223  
9888.222428  
9839.626428  
9834.551718  
9803.936886  
9841.252239  
9901.824835  
9858.099341  
9839.848728  
9850.482973  
9890.153492  
9868.05236  
9901.045792  
9862.135524  
9858.743348  
9852.724347  
9853.129761  
9845.366299  
9902.753545  
9884.463337  
9858.376331  
9836.0184  
9827.969359  
9809.98181  
9880.261438  
9906.473197  
9889.252301  
9897.360039  
9847.269037  
9848.799687  
9825.477999  
9848.784471  
9851.119356  
9897.062406  
9887.707888  
9862.684091  
9821.554977  
9823.901391  
9842.755189  
9848.852279  
9851.970475  
9850.555628  
9856.761465  
9841.214764  
9892.025805  
9856.012718  
9840.041236  
9828.731235  
9845.01939  
9854.148388  
9873.163987  
9853.159026  
9877.513397  
9874.072498  
9816.421276  
9848.390278  
9834.080835  
9844.60999  
9850.154799  
9880.694179  
9885.222538  
9880.595915  
9843.268611  
9833.31437  
9859.404691  
9821.652268  
9862.313184  
9882.939179  
9869.686077  
9865.830885  
9851.340709  
9827.851331  
9821.085401  
9891.307854  
9879.27761  
9876.939431  
9838.985737  
9837.024171  
9827.280437  
9860.339472  
9851.089219  
9860.276815  
9883.92585  
9884.561201  
9842.244419  
9810.615597  
9834.443921  
9852.909001  
9883.298196  
9865.050951  
9807.541331  
9883.635436  
9857.211621  
9846.00259  
9854.027151  
9819.177721  
9813.503265  
9863.348366  
9865.909703  
9872.593343  
9868.302862  
9884.503427  
9831.029534  
9807.80875  
9868.236886  
9868.070667  
9879.766336  
9837.508461  
9830.969132  
9832.141963  
9851.375639  
9858.352733  
9888.711634  
9886.278264  
9842.398565  
9808.242411  
9796.467126  
9841.668389  
9869.125549  
9887.100424  
9877.79677  
9890.075697  
9846.339423  
9797.726902  
9792.572837  
9809.594459  
9838.846715  
9874.923386  
9852.187023  
9893.734134  
9869.432392  
9841.824103  
9869.022272  
9863.197737  
9908.688083  
9865.095407  
9860.170561  
9839.53208  
9869.756752  
9874.929142  
9832.007721  
9848.586466  
9853.706294  
9851.028669  
9859.315005  
9845.289446  
9844.684434  
9866.07249  
9831.474796  
9847.81768  
9837.265474  
9807.173614  
9806.663709  
9845.356399  
9884.335175  
9871.512986  
9871.676122  
9823.972218  
9826.138743  
9835.337992  
9876.756827  
9882.142  
9869.185672  
9856.347404  
9828.978161  
9862.271141  
9853.475087  
9840.507402  
9880.151794  
9886.609358  
9888.766078  
9851.193142  
9828.26566  
9826.743165  
9822.732829  
9832.591176  
9870.989509  
9854.014903  
9846.306836  
9842.82982  
9852.36763  
9826.918582  
9905.379422  
9903.680159  
9844.792596  
9811.302082  
9797.516854  
9783.913822  
9827.669557  
9870.851555  
9944.477711  
9934.93373  
9871.745664  
9800.287219  
9789.437207  
9850.029774  
9848.525738  
9852.821034  
9860.285673  
9833.425023  
9845.106607  
9827.803837  
9914.384418  
9847.338775  
9839.17998  
9866.808848  
9867.313327  
9878.561925  
9882.220601  
9901.603247  
9836.871676  
9818.705311  
9839.036605  
9854.344212  
9880.728813  
9877.54475  
9824.376088  
9815.165363  
9838.842216  
9836.144195  
9860.436659  
9850.144952  
9828.911747  
9848.206497  
9874.884948  
9876.702787  
9866.307203  
9843.427003  
9840.486367  
9857.097531  
9849.330377  
9833.503716  
9808.638847  
9844.061624  
9867.024836  
9857.331676  
9897.282853  
9929.956526  
9886.07927  
9889.04374  
9846.884627  
9799.025654  
9828.866148  
9879.193489  
9890.798001  
9874.467111  
9859.584888  
9840.496263  
9795.871871  
9841.613274  
9855.420052  
9885.891591  
9864.511874  
9921.013573  
9869.660278  
9856.954047  
9869.941866  
9904.767993  
9869.697007  
9853.640202  
9812.005273  
9844.895623  
9807.917975  
9872.429348  
9893.410611  
9881.089367  
9828.36288  
9791.386283  
9830.190895  
9804.702425  
9828.335264  
9786.78595  
9841.613259  
9831.8245  
9861.241645  
9870.125061  
9843.486562  
9822.153557  
9817.292812  
9833.59477  
9824.24733  
9814.435396  
9856.862453  
9855.778298  
9847.850124  
9852.280831  
9917.449481  
9863.827309  
9838.568839  
9850.264519  
9860.009223  
9824.637683  
9816.992961  
9836.361223  
9898.243934  
9890.895081  
9906.351357  
9889.195981  
9868.974181  
9839.376838  
9816.837418  
9842.80741  
9816.908927  
9819.291351  
9846.211915  
9888.272614  
9872.041709  
9892.302162  
9786.722677  
9812.968962  
9850.721297  
9837.873071  
9901.477247  
9913.836501  
9943.260692  
9888.856006  
9839.062255  
9835.125897  
9877.534945  
9883.526236  
9844.203414  
9873.485411  
9836.384717  
9789.784926  
9814.229121  
9826.874743  
9861.784001  
9872.374352  
9841.979289  
9868.322461  
9897.91489  
9872.541154  
9833.429429  
9873.107821  
9824.88491  
9798.277165  
9847.75197  
9870.23107  
9851.212452  
9827.495949  
9835.804585  
9841.825746  
9859.91748  
9846.384509  
9892.069225  
9851.979442  
9865.168044  
9826.470248  
9840.461802  
9849.307345  
9889.097864  
9902.043889  
9855.352095  
9832.615529  
9863.249816  
9858.739729  
9815.193459  
9866.933768  
9896.113861  
9879.64149  
9843.294916  
9881.997227  
9824.398535  
9843.240684  
9818.279233  
9868.128113  
9888.368248  
9876.580208  
9854.963361  
9770.037238  
9787.184516  
9818.6825  
9845.926138  
9853.311151  
9897.627371  
9910.005835  
9890.78173  
9833.67863  
9803.171305  
9816.925703  
9885.976771  
9896.497412  
9906.146045  
9856.70245  
9835.085205  
9832.818771  
9891.276016  
9879.791713  
9873.467688  
9845.187976  
9858.576577  
9845.773566  
9853.187506  
9872.841806  
9912.571909  
9930.371895  
9820.691166  
9873.667288  
9797.918017  
9821.799854  
9824.974823  
9838.910365  
9829.202546  
9826.892768  
9871.003894  
9885.817944  
9894.034355  
9896.525239  
9834.690406  
9878.057382  
9867.613876  
9804.039889  
9844.73044  
9854.359187  
9848.29181  
9819.087633  
9879.945326  
9820.408521  
9801.47204  
9809.828582  
9872.481275  
9896.20642  
9837.904709  
9879.172962  
9824.985802  
9830.696845  
9814.178309  
9814.145334  
9829.041089  
9839.292383  
9857.753711  
9816.783166  
9836.878207  
9836.83125  
9850.020792  
9873.613275  
9864.859673  
9848.300098  
9841.606619  
9794.568157  
9806.601389  
9890.144848  
9937.304172  
9865.036039  
9895.450365  
9816.838715  
9810.046879  
9851.063833  
9843.267103  
9881.948127  
9942.209483  
9887.322911  
9854.855995  
9823.583604  
9801.886874  
9835.822474  
9848.753604  
9873.048122  
9901.775661  
9854.937198  
9875.782516  
9837.361028  
9818.022319  
9813.882889  
9857.946121  
9859.403695  
9876.24713  
9871.257643  
9868.338906  
9867.065289  
9841.662672  
9803.088795  
9812.063284  
9871.509346  
9924.691268  
9882.28651  
9853.953972  
9795.773878  
9855.145668  
9840.447706  
9863.846847  
9861.017693  
9842.999399  
9855.134498  
9910.474858  
9903.234413  
9897.279256  
9848.398699  
9789.945694  
9781.448815  
9841.56514  
9888.714796  
9890.601692  
9867.422352  
9833.592796  
9844.662932  
9867.750763  
9877.868885  
9858.288424  
9851.285424  
9857.396901  
9858.682416  
9852.858258  
9837.178924  
9828.051969  
9814.542206  
9843.446558  
9868.21351  
9922.156017  
9904.421775  
9883.862782  
9839.548005  
9799.961042  
9849.384388  
9846.262246  
9871.269313  
9851.461881  
9851.537404  
9839.899661  
9886.596036  
9905.936458  
9872.733134  
9890.38946  
9836.855946  
9856.094967  
9835.404119  
9823.849142  
9849.027805  
9850.126717  
9839.727041  
9833.354046  
9844.523337  
9837.904104  
9886.247255  
9875.001519  
9846.697871  
9815.475766  
9845.166255  
9890.338792  
9868.300288  
9833.762213  
9827.7614  
9813.629141  
9793.646625  
9783.219847  
9827.073875  
9880.681788  
9852.391767  
9833.29233  
9830.372395  
9860.832369  
9860.774257  
9880.682758  
9880.689412  
9823.40887  
9857.97872  
9812.253325  
9835.724468  
9868.218209  
9878.41605  
9869.384437  
9880.096053  
9893.403463  
9855.821609  
9856.961796  
9857.762808  
9836.018337  
9845.515397  
9858.829574  
9860.587899  
9857.141211  
9868.331109  
9833.582627  
9847.100351  
9837.211193  
9849.407607  
9838.467266  
9892.739466  
9916.780753  
9864.245539  
9862.873231  
9881.251186  
9934.574209  
9908.786569  
9843.730685  
9788.146902  
9843.46293  
9811.980896  
9866.997871  
9890.922686  
9914.296105  
9879.185949  
9828.616561  
9809.611606  
9828.260202  
9835.467684  
9876.638737  
9829.960057  
9830.698197  
9812.134822  
9815.100968  
9845.369681  
9855.544832  
9867.64155  
9870.165432  
9841.460032  
9862.905368  
9822.159297  
9849.220441  
9884.655873  
9846.730601  
9860.19281  
9836.395017  
9847.555359  
9862.764648  
9892.129177  
9869.171318  
9832.521207  
9841.998803  
9847.269986  
9843.767733  
9865.619034  
9826.695811  
9818.187888  
9828.055353  
9843.546929  
9913.977857  
9880.476055  
9837.217959  
9842.523261  
9862.28761  
9863.440904  
9844.759802  
9841.598842  
9865.069775  
9828.348726  
9820.360318  
9868.377023  
9857.421481  
9893.478122  
9841.05606  
9858.373301  
9854.949183  
9837.574439  
9818.063775  
9831.668152  
9836.131346  
9833.430968  
9911.955485  
9947.811649  
9930.730796  
9913.025574  
9852.500994  
9825.579227  
9786.451323  
9830.784563  
9830.644289  
9878.675901  
9881.791723  
9821.746224  
9829.589433  
9821.860551  
9796.656759  
9853.646346  
9837.656719  
9872.548931  
9898.920887  
9874.261675  
9829.258743  
9789.046624  
9860.501532  
9886.478099  
9887.163461  
9865.944736  
9832.82024  
9821.806416  
9787.493032  
9795.096277  
9840.112306  
9842.049247  
9854.556613  
9859.647675  
9886.010824  
9872.759181  
9901.980686  
9917.046674  
9811.234314  
9798.788473  
9797.210481  
9838.814137  
9857.612594  
9881.510013  
9905.345196  
9906.110485  
9896.885781  
9847.074338  
9808.679945  
9813.259172  
9840.528124  
9865.627837  
9918.289553  
9888.551636  
9915.246798  
9896.347438  
9842.808399  
9802.483142  
9809.758669  
9839.163448  
9869.077721  
9857.026078  
9822.795494  
9834.687192  
9805.784113  
9845.130142  
9863.561334  
9840.871606  
9823.043021  
9873.790843  
9905.741404  
9919.996335  
9856.556869  
9821.934779  
9779.364  
9796.170561  
9829.660737  
9871.506522  
9841.706768  
9885.239203  
9918.284501  
9880.678621  
9877.361262  
9873.579983  
9805.087017  
9816.712036  
9827.870801  
9832.284427  
9836.21528  
9851.40817  
9895.704837  
9942.333756  
9884.933984  
9832.057214  
9818.008586  
9797.403654  
9840.386328  
9834.51649  
9817.305356  
9827.978809  
9831.745757  
9839.400127  
9885.019862  
9884.008899  
9831.944093  
9905.774075  
9922.440237  
9875.705486  
9860.279885  
9844.949123  
9860.393727  
9840.871331  
9844.39516  
9902.691847  
9894.514833  
9861.947506  
9833.067222  
9792.065444  
9821.556383  
9857.526977  
9852.469793  
9854.697437  
9853.66589  
9845.486026  
9844.937932  
9866.789836  
9828.383278  
9825.948992  
9818.71736  
9865.853446  
9908.314564  
9925.770234  
9915.070567  
9890.647685  
9831.624382  
9821.751209  
9832.449941  
9853.88661  
9835.789561  
9875.384423  
9876.982191  
9872.729835  
9864.172799  
9855.800667  
9890.685315  
9904.924485  
9855.699757  
9847.095423  
9763.70198  
9804.681559  
9835.632179  
9850.436249  
9862.207045  
9863.649142  
9820.72449  
9833.908183  
9828.990148  
9863.241981  
9884.588188  
9869.852666  
9839.138453  
9809.874543  
9819.52357  
9877.204732  
9887.072951  
9875.808514  
9867.263324  
9888.118199  
9828.477086  
9831.212624  
9864.756597  
9881.173715  
9835.193089  
9835.42096  
9805.768781  
9840.644121  
9847.91262  
9845.733456  
9833.432248  
9862.485111  
9893.345398  
9912.278647  
9927.592705  
9876.368051  
9877.133253  
9839.725337  
9839.488346  
9836.606644  
9828.708292  
9847.757174  
9864.069447  
9873.739985  
9863.717865  
9883.328412  
9824.37809  
9822.735421  
9860.429901  
9842.374511  
9809.902786  
9851.767576  
9873.446435  
9820.45546  
9843.373444  
9845.86626  
9889.267953  
9879.600881  
9860.549979  
9879.853546  
9863.005025  
9814.036395  
9849.843496  
9860.3944  
9872.405444  
9835.828271  
9795.924082  
9815.264451  
9828.312963  
9868.6972  
9864.026748  
9893.45108  
9885.348111  
9860.494812  
9839.073472  
9789.570757  
9803.82351  
9846.206136  
9883.969729  
9850.093876  
9857.171539  
9890.690281  
9864.737669  
9850.219312  
9822.819131  
9854.821402  
9838.819323  
9881.349551  
9881.179723  
9870.658262  
9831.448877  
9852.605492  
9836.226099  
9870.081729  
9859.29256  
9866.461883  
9863.016624  
9867.549415  
9872.746266  
9855.05162  
9885.951479  
9890.345741  
9855.365623  
9860.288221  
9828.106736  
9872.257772  
9874.32155  
9869.406665  
9871.095978  
9867.869486  
9839.348597  
9821.636369  
9843.276547  
9852.267123  
9823.538365  
9835.794144  
9825.809403  
9862.070683  
9878.778726  
9888.464381  
9869.595419  
9843.728547  
9790.760183  
9852.837108  
9850.690826  
9905.562049  
9853.64986  
9873.599314  
9809.438345  
9801.156983  
9854.875882  
9871.96099  
9880.208676  
9874.860511  
9866.700823  
9778.34852  
9833.790773  
9850.531802  
9877.423484  
9842.178594  
9842.263184  
9837.831767  
9801.772752  
9850.77441  
9884.171012  
9897.459523  
9829.166989  
9799.257633  
9837.771738  
9840.648401  
9862.524521  
9868.047  
9846.171135  
9851.413384  
9858.091243  
9846.325105  
9869.179973  
9835.02491  
9837.7412  
9834.504531  
9832.646889  
9861.138416  
9912.776034  
9889.110085  
9916.004987  
9902.866889  
9867.887489  
9884.230023  
9891.6094  
9829.655724  
9829.515904  
9839.889664  
9835.192044  
9813.810383  
9805.22215  
9819.193385  
9881.314658  
9877.277652  
9820.794128  
9815.122943  
9806.191104  
9811.25731  
9838.685329  
9904.413294  
9859.661092  
9858.100078  
9839.121928  
9807.559059  
9863.655313  
9890.872814  
9909.826083  
9855.148743  
9854.300128  
9842.43709  
9838.270078  
9872.982554  
9872.204227  
9900.844821  
9852.597799  
9858.439  
9865.949818  
9893.683539  
9832.202412  
9841.774457  
9835.08074  
9806.508041  
9841.180626  
9871.852663  
9863.441251  
9866.72392  
9839.086061  
9839.762188  
9849.238258  
9874.026975  
9876.408782  
9852.519721  
9830.933051  
9829.577761  
9825.733174  
9814.555381  
9862.225775  
9834.8851  
9867.220521  
9856.140116  
9840.505272  
9854.041229  
9837.675222  
9806.884621  
9856.478682  
9875.262531  
9897.394089  
9866.297356  
9825.294798  
9843.343897  
9839.835038  
9887.666537  
9859.006251  
9871.56223  
9893.986474  
9873.38396  
9878.200149  
9830.287317  
9830.149957  
9835.717742  
9851.502788  
9840.259229  
9866.818083  
9878.911905  
9863.718798  
9859.646547  
9843.922493  
9823.521171  
9816.633709  
9846.897882  
9882.608594  
9889.071623  
9879.733889  
9859.591833  
9864.113501  
9819.373281  
9853.612663  
9881.661299  
9859.73448  
9814.460034  
9799.98493  
9823.326042  
9836.538608  
9836.832308  
9818.904178  
9865.389722  
9865.491282  
9853.67009  
9851.807204  
9856.657777  
9847.863292  
9876.265531  
9823.221361  
9854.469726  
9853.17869  
9799.092377  
9855.193851  
9928.184524  
9866.397388  
9881.928286  
9832.008396  
9848.567589  
9833.652208  
9858.821797  
9908.051301  
9925.059576  
9879.658603  
9896.01017  
9827.849339  
9792.086658  
9857.751403  
9914.619954  
9847.586201  
9902.134755  
9833.653624  
9824.785222  
9829.179786  
9857.606648  
9814.221086  
9787.42873  
9753.058617  
9815.097753  
9861.571519  
9870.52274  
9833.749612  
9865.062178  
9857.973836  
9866.776415  
9825.356485  
9827.211621  
9825.623183  
9856.820642  
9889.3529  
9889.146715  
9886.3868  
9849.623403  
9854.265596  
9879.177484  
9909.301754  
9883.337174  
9824.269009  
9827.272862  
9839.402222  
9875.39176  
9862.817563  
9848.8025  
9845.316761  
9830.170287  
9836.577415  
9843.199025  
9864.757175  
9881.052931  
9894.086267  
9861.884292  
9856.176176  
9872.999384  
9851.797273  
9877.543019  
9824.05315  
9808.306588  
9901.729227  
9845.974333  
9846.63484  
9824.468767  
9863.759692  
9862.564851  
9797.530435  
9773.274834  
9838.57679  
9839.913396  
9923.3426  
9903.168125  
9862.270859  
9906.645445  
9867.25676  
9895.599426  
9836.941019  
9836.707241  
9817.883374  
9849.203563  
9827.861576  
9833.902307  
9846.243924  
9842.198846  
9860.933447  
9868.457819  
9858.879141  
9850.733822  
9868.095888  
9850.864808  
9876.983474  
9860.247429  
9865.126312  
9843.792492  
9839.848928  
9832.004038  
9839.076191  
9897.129823  
9887.550022  
9890.587886  
9851.82359  
9861.598945  
9817.670954  
9838.839929  
9842.828271  
9836.67274  
9863.63493  
9818.09807  
9869.644901  
9879.68771  
9838.202065  
9837.211525  
9827.877007  
9843.714861  
9850.002034  
9884.253829  
9870.831077  
9875.182162  
9896.072322  
9840.400789  
9828.792315  
9861.253147  
9856.74948  
9825.274853  
9859.649544  
9837.891303  
9832.739557  
9875.542097  
9856.706275  
9827.101251  
9839.96688  
9836.637143  
9819.139749  
9800.589913  
9833.386843  
9853.991655  
9891.195512  
9892.29297  
9855.573488  
9858.470395  
9855.657279  
9848.10479  
9835.533598  
9884.504548  
9871.732258  
9892.517289  
9859.530295  
9866.509074  
9879.072873  
9854.265035  
9784.246802  
9807.552279  
9864.70914  
9856.515322  
9879.64398  
9859.032202  
9826.943282  
9858.061176  
9829.932538  
9859.167937  
9870.320379  
9840.450191  
9846.33555  
9862.475418  
9828.48909  
9859.641992  
9839.205374  
9886.327236  
9845.917319  
9853.24937  
9860.419761  
9833.433524  
9819.000411  
9842.423958  
9878.273499  
9859.738005  
9832.943935  
9852.821172  
9844.060461  
9842.884674  
9889.595808  
9886.717414  
9886.526728  
9891.767875  
9886.748508  
9890.406957  
9850.781323  
9821.686798  
9811.03728  
9884.671523  
9884.910858  
9890.395255  
9865.847625  
9829.061488  
9846.365681  
9884.985725  
9861.905076  
9877.79356  
9868.96014  
9853.068806  
9826.164113  
9830.252693  
9822.498524  
9825.456524  
9840.143678  
9886.348091  
9897.38367  
9870.139887  
9840.55967  
9844.246588  
9889.279917  
9838.317431  
9871.811412  
9850.59918  
9879.281067  
9856.31023  
9835.9844  
9862.907951  
9893.4977  
9858.180796  
9813.265235  
9841.819134  
9882.370565  
9852.999681  
9837.271129  
9851.335749  
9804.22332  
9842.372397  
9857.214185  
9863.492772  
9922.00335  
9912.94009  
9838.876823  
9802.258072  
9846.895799  
9894.486422  
9865.021252  
9884.717439  
9785.88511  
9820.528354  
9782.807699  
9789.125311  
9822.228922  
9860.873817  
9879.07432  
9862.266584  
9829.403752  
9805.558032  
9832.210489  
9859.168193  
9822.085481  
9816.080434  
9838.594523  
9861.622492  
9924.830708  
9853.628287  
9865.456408  
9822.246968  
9783.332273  
9864.102155  
9860.588153  
9882.338018  
9828.44233  
9842.059168  
9848.070723  
9858.739472  
9884.00443  
9899.432569  
9838.897109  
9847.208126  
9837.040571  
9845.187346  
9906.512871  
9905.604283  
9856.870109  
9871.838013  
9884.283809  
9868.36404  
9895.394044  
9883.820829  
9836.365541  
9814.459914  
9779.036223  
9787.386426  
9884.524749  
9892.388765  
9860.933137  
9871.875291  
9835.419624  
9826.38161  
9813.653383  
9862.778708  
9859.881247  
9844.163534  
9860.48225  
9844.363392  
9842.59949  
9852.842581  
9870.687302  
9863.580504  
9907.187272  
9887.626788  
9863.992632  
9826.052991  
9799.985761  
9842.784224  
9831.023108  
9811.870044  
9808.890689  
9838.703233  
9871.271848  
9852.136696  
9870.459836  
9914.185369  
9841.951053  
9905.524495  
9842.049555  
9841.034555  
9807.807242  
9769.740006  
9860.647746  
9864.438984  
9861.132169  
9874.514065  
9838.076528  
9845.269657  
9835.955697  
9885.92579  
9856.507075  
9879.062669  
9838.119356  
9857.583922  
9831.294455  
9814.423565  
9832.416896  
9868.188267  
9904.317519  
9845.360292  
9850.862393  
9861.266182  
9885.083381  
9852.566098  
9864.897637  
9807.986865  
9827.143376  
9860.004975  
9864.954976  
9863.618426  
9842.409893  
9806.246977  
9825.973602  
9844.109977  
9894.001148  
9920.129407  
9841.888103  
9855.257195  
9859.050684  
9834.411187  
9842.451837  
9872.892794  
9875.575937  
9828.284405  
9841.766044  
9901.859203  
9900.715683  
9853.630806  
9827.700809  
9856.180969  
9838.178562  
9816.581512  
9831.675398  
9833.199604  
9877.086721  
9888.389479  
9862.551681  
9840.189051  
9835.319854  
9843.683759  
9808.003792  
9861.163173  
9868.032922  
9882.13356  
9824.540694  
9886.597658  
9849.323255  
9842.084685  
9835.656073  
9865.405556  
9844.380798  
9856.197924  
9890.109038  
9902.913094  
9875.981048  
9863.087675  
9825.039744  
9824.677051  
9864.21595  
9855.131503  
9840.225232  
9834.518457  
9859.343908  
9871.646277  
9874.973496  
9841.860487  
9822.991397  
9860.201884  
9832.55355  
9827.683073  
9828.469504  
9896.355666  
9896.932151  
9924.707725  
9909.595636  
9865.077046  
9809.984617  
9786.710436  
9810.166215  
9811.440564  
9841.799168  
9897.723316  
9873.689794  
9892.409731  
9841.27547  
9839.806645  
9873.207197  
9838.978205  
9841.349458  
9855.186082  
9876.145815  
9855.965334  
9834.395235  
9840.880099  
9828.53909  
9820.112973  
9847.378586  
9873.116976  
9840.167728  
9892.36914  
9867.272826  
9870.05726  
9870.635994  
9855.008674  
9890.772367  
9887.729547  
9865.802246  
9837.213314  
9822.464737  
9865.658909  
9855.426196  
9822.197284  
9814.678295  
9792.048191  
9865.422841  
9872.61176  
9898.537504  
9906.482692  
9859.688907  
9885.328472  
9856.431021  
9809.362458  
9812.93663  
9881.914779  
9881.941057  
9870.078449  
9836.4918  
9822.903438  
9840.253161  
9836.984906  
9883.105404  
9897.322984  
9866.829263  
9798.835391  
9836.600079  
9873.432469  
9875.662866  
9872.558585  
9863.912484  
9867.909135  
9835.851924  
9829.109687  
9788.80956  
9823.507662  
9867.058865  
9845.690061  
9905.527034  
9956.123484  
9846.93195  
9767.653267  
9790.912327  
9855.74453  
9821.329179  
9844.918983  
9863.86177  
9829.060904  
9843.004427  
9840.366717  
9827.043847  
9877.450884  
9849.554021  
9842.113767  
9862.127894  
9848.136279  
9867.584306  
9856.122247  
9859.173927  
9867.24065  
9894.556129  
9894.229356  
9908.349214  
9924.856849  
9877.660928  
9828.108409  
9808.599106  
9853.663989  
9894.133931  
9908.931815  
9838.670054  
9819.699048  
9843.936219  
9783.298655  
9794.088506  
9801.963185  
9823.469359  
9855.731937  
9807.164954  
9882.644211  
9824.218204  
9861.164085  
9785.181189  
9847.620557  
9883.102534  
9849.982912  
9871.225192  
9877.349207  
9862.616884  
9819.096047  
9840.176644  
9866.533352  
9835.497448  
9911.124168  
9853.360542  
9869.482422  
9908.17793  
9864.883634  
9804.812282  
9847.010928  
9889.519695  
9866.945794  
9930.366231  
9933.016423  
9866.637013  
9799.469753  
9776.195098  
9751.064305  
9846.309243  
9886.41455  
9876.242837  
9871.120011  
9817.198771  
9840.16945  
9852.132788  
9874.080242  
9848.222575  
9851.999363  
9804.574716  
9853.997484  
9827.05329  
9837.74463  
9886.616779  
9867.412218  
9836.562402  
9876.423626  
9910.364252  
9883.145026  
9834.45736  
9817.832503  
9799.251084  
9846.594425  
9856.017384  
9883.761963  
9911.503618  
9847.318642  
9821.60694  
9826.891068  
9816.391461  
9861.524494  
9877.448172  
9876.661707  
9870.955694  
9870.806127  
9839.807832  
9847.990207  
9866.094433  
9852.919076  
9823.773978  
9836.399246  
9849.218297  
9850.978551  
9890.142123  
9905.248088  
9874.584655  
9908.018152  
9846.838477  
9848.152007  
9825.485574  
9880.288993  
9863.254059  
9848.909536  
9859.10326  
9852.180545  
9814.75428  
9818.834673  
9874.985507  
9832.347273  
9824.712397  
9845.124715  
9833.92573  
9877.753646  
9857.877391  
9846.296559  
9840.371918  
9890.40574  
9900.195974  
9872.44259  
9847.103701  
9839.619149  
9791.107935  
9827.143856  
9881.752225  
9842.026431  
9832.266163  
9778.061408  
9845.114124  
9850.991923  
9831.231215  
9895.106575  
9886.634781  
9904.498319  
9842.795257  
9819.576874  
9851.98926  
9859.532711  
9805.461304  
9810.401032  
9843.074543  
9880.566494  
9893.483425  
9890.614011  
9896.848491  
9838.995942  
9819.271293  
9838.180216  
9834.414572  
9848.062143  
9840.304248  
9879.422834  
9830.041855  
9830.472883  
9806.7512  
9828.673626  
9830.597058  
9852.672292  
9895.225888  
9885.072284  
9889.448502  
9863.208384  
9832.561079  
9818.299145  
9857.737221  
9879.063741  
9879.761042  
9881.592149  
9835.588665  
9891.500492  
9878.111892  
9822.565524  
9835.829798  
9846.887247  
9864.76939  
9847.764444  
9892.503913  
9850.422139  
9841.994127  
9849.536596  
9894.286296  
9895.047617  
9870.716877  
9829.439714  
9861.558183  
9798.607593  
9851.188502  
9848.958129  
9830.447025  
9889.279161  
9911.416952  
9848.011575  
9811.395455  
9832.247149  
9813.665506  
9817.619692  
9830.800203  
9860.749848  
9862.739337  
9841.400556  
9872.374426  
9825.250557  
9865.801167  
9886.291398  
9910.786787  
9914.113346  
9857.355254  
9814.671957  
9853.001362  
9881.188257  
9864.903257  
9846.550884  
9868.234337  
9848.164399  
9839.7663  
9835.415967  
9819.910647  
9806.125283  
9819.694606  
9837.00809  
9841.19146  
9847.776566  
9873.402122  
9893.932939  
9902.004912  
9876.397974  
9840.906908  
9900.672592  
9855.61346  
9844.798525  
9823.086552  
9842.98367  
9847.60825  
9860.700764  
9858.532032  
9883.20617  
9873.701583  
9896.074971  
9879.972511  
9832.712309  
9813.174113  
9819.163447  
9852.993728  
9876.056536  
9879.244805  
9876.04163  
9850.199098  
9862.10625  
9828.645117  
9842.358434  
9904.489353  
9923.208541  
9881.098004  
9864.916897  
9791.349812  
9801.691756  
9816.020092  
9809.486738  
9859.156574  
9829.642691  
9799.129422  
9799.075967  
9773.624007  
9846.217639  
9897.741768  
9893.812823  
9900.49287  
9817.831486  
9825.677498  
9845.702111  
9871.971323  
9834.479771  
9876.457882  
9871.626762  
9905.360866  
9892.071511  
9898.754365  
9836.473509  
9837.495126  
9884.781914  
9905.073764  
9825.587809  
9820.519293  
9881.509932  
9910.267454  
9913.152643  
9872.226043  
9842.959133  
9857.374941  
9863.198001  
9840.59179  
9862.249319  
9857.588455  
9813.784674  
9855.094992  
9798.050215  
9824.288782  
9844.300836  
9862.246848  
9839.966688  
9829.30803  
9852.870037  
9925.857139  
9913.88662  
9876.336472  
9883.020723  
9853.888747  
9840.249194  
9840.020887  
9862.227619  
9838.941507  
9868.760583  
9800.666513  
9832.970366  
9883.158096  
9902.330562  
9851.072944  
9866.841861  
9799.71958  
9792.777047  
9846.881448  
9835.691255  
9875.530077  
9768.473142  
9785.95608  
9772.796792  
9830.615348  
9853.932478  
9862.45418  
9873.284171  
9931.509227  
9855.32579  
9825.820807  
9812.505763  
9810.428562  
9855.214682  
9905.215441  
9846.646964  
9841.413239  
9770.173334  
9811.443162  
9869.328409  
9884.516494  
9889.872436  
9878.22794  
9885.72519  
9877.452756  
9835.548431  
9830.071905  
9842.269059  
9894.575032  
9879.66662  
9886.623083  
9857.011712  
9834.253628  
9831.141708  
9860.091684  
9894.366367  
9869.437059  
9859.099177  
9831.886262  
9838.134177  
9862.403802  
9867.214661  
9866.681018  
9858.257417  
9845.45983  
9902.85693  
9847.392533  
9862.696461  
9905.974467  
9865.024674  
9900.10109  
9842.997974  
9833.317949  
9817.275168  
9822.946222  
9856.121406  
9830.523142  
9819.61066  
9806.298841  
9807.231464  
9814.017703  
9870.547889  
9886.834739  
9860.336523  
9824.871523  
9818.113436  
9806.620242  
9810.850482  
9837.008712  
9885.980403  
9821.46614  
9825.240589  
9823.029513  
9865.987531  
9868.455677  
9887.214928  
9866.746678  
9842.563897  
9895.960188  
9926.888825  
9866.921624  
9845.530822  
9779.89733  
9826.954971  
9895.607087  
9959.088249  
9924.659024  
9894.764741  
9816.808458  
9813.47006  
9852.943208  
9845.260441  
9818.58814  
9826.805332  
9852.884348  
9844.619774  
9846.275225  
9866.734442  
9858.51611  
9839.961959  
9863.486849  
9876.017189  
9885.337609  
9887.696973  
9867.757103  
9869.096438  
9844.746418  
9855.196447  
9858.651448  
9846.254135  
9864.05288  
9872.239497  
9864.257443  
9847.934375  
9873.102441  
9844.333285  
9801.224769  
9809.752068  
9826.815851  
9870.553098  
9899.694273  
9851.204278  
9836.698808  
9827.986199  
9829.794955  
9838.026217  
9860.097401  
9874.736286  
9892.734601  
9880.949765  
9805.937608  
9825.406011  
9830.584129  
9851.241127  
9835.787732  
9831.29245  
9834.314807  
9874.527929  
9872.664544  
9848.755866  
9856.858921  
9854.589427  
9853.360276  
9835.359567  
9874.040035  
9847.690553  
9859.425396  
9843.205812  
9845.10334  
9827.274869  
9861.282777  
9861.467744  
9883.747988  
9836.988818  
9817.836143  
9847.279541  
9891.303934  
9909.691802  
9902.669485  
9843.392067  
9814.419691  
9876.66353  
9836.230933  
9881.199103  
9883.874831  
9849.92797  
9843.145636  
9858.805646  
9823.468943  
9851.330705  
9858.172045  
9827.936711  
9826.756496  
9926.000723  
9874.922488  
9831.837683  
9789.468691  
9828.560937  
9852.547923  
9903.073043  
9942.915133  
9957.764078  
9886.756264  
9811.030945  
9777.518442  
9851.306302  
9901.820522  
9859.237019  
9855.203678  
9860.921118  
9863.734339  
9862.278959  
9838.820553  
9843.171356  
9869.488271  
9788.594709  
9919.808743  
9842.214534  
9840.363247  
9795.618979  
9769.727103  
9846.425694  
9863.761378  
9858.770626  
9805.452814  
9794.376591  
9836.62032  
9848.728348  
9847.043418  
9889.38949  
9867.735172  
9837.875461  
9803.220856  
9862.307126  
9819.947895  
9897.95652  
9866.253525  
9909.436255  
9884.120788  
9868.718249  
9859.308134  
9837.701153  
9842.773498  
9840.030412  
9832.681584  
9854.148002  
9867.936248  
9907.386632  
9893.347705  
9847.239105  
9797.092156  
9827.721442  
9850.916818  
9852.530826  
9879.06076  
9856.223633  
9863.484142  
9797.811953  
9802.266143  
9806.189997  
9861.335734  
9912.854399  
9918.232181  
9871.271577  
9805.763895  
9833.061846  
9853.837737  
9888.960863  
9863.473821  
9854.972236  
9851.822165  
9760.653251  
9822.799666  
9855.533723  
9866.648544  
9822.574055  
9866.419354  
9887.982864  
9848.826899  
9844.213159  
9863.292049  
9858.248386  
9911.60987  
9891.141387  
9858.761162  
9794.066607  
9825.886364  
9823.935296  
9878.253011  
9887.561137  
9845.362305  
9822.007894  
9865.583772  
9884.744514  
9851.438336  
9898.565044  
9818.962451  
9816.709582  
9787.013979  
9823.138177  
9776.341299  
9803.575954  
9823.595986  
9855.480175  
9853.334808  
9916.303969  
9893.66102  
9905.678302  
9877.858901  
9857.58708  
9833.091004  
9829.34984  
9831.128073  
9893.717685  
9882.135888  
9853.379402  
9858.022499  
9834.986192  
9889.672766  
9865.238445  
9864.488568  
9827.486659  
9835.155857  
9868.955249  
9901.935769  
9880.372462  
9844.707134  
9844.801071  
9835.318334  
9896.06792  
9935.705708  
9909.426741  
9859.78679  
9858.076325  
9833.316871  
9850.551572  
9826.347847  
9792.243296  
9856.069509  
9837.146799  
9887.589019  
9877.252966  
9888.21363  
9867.623318  
9837.900761  
9834.594995  
9805.997815  
9808.894288  
9836.298064  
9841.540923  
9872.007907  
9866.484804  
9895.465808  
9887.205494  
9875.501713  
9865.984277  
9789.655227  
9832.998747  
9870.170359  
9857.583359  
9866.752438  
9856.06016  
9822.477654  
9813.980327  
9851.801145  
9847.639001  
9836.271177  
9809.184926  
9852.047338  
9885.632716  
9829.119776  
9840.831426  
9838.007285  
9856.766864  
9891.033705  
9902.458858  
9833.894803  
9813.915054  
9807.730555  
9838.38843  
9830.28126  
9856.217981  
9870.322418  
9865.348682  
9874.443423  
9873.771092  
9844.981383  
9811.653662  
9819.274534  
9848.305337  
9872.22513  
9905.789213  
9875.285989  
9847.165013  
9843.482491  
9876.29733  
9890.453495  
9825.529214  
9858.752839  
9821.362577  
9851.554254  
9870.119851  
9901.591161  
9866.077586  
9813.222741  
9807.465877  
9869.473219  
9854.521424  
9867.899506  
9830.866165  
9861.839453  
9826.286677  
9873.836381  
9876.170378  
9882.358429  
9874.010056  
9854.029145  
9871.539882  
9882.267585  
9882.555042  
9844.759269  
9814.279947  
9821.908561  
9863.565917  
9867.208784  
9906.202737  
9839.338911  
9862.490376  
9887.676198  
9840.279883  
9866.798957  
9841.359518  
9871.832859  
9844.224018  
9810.121913  
9841.197214  
9836.372411  
9828.331189  
9861.175238  
9847.616666  
9845.947471  
9825.644019  
9845.009504  
9834.280088  
9860.169886  
9858.227326  
9900.868129  
9880.537302  
9827.076281  
9843.614013  
9865.968392  
