11300.98915  
11379.51058  
11333.20664  
11386.00673  
11390.23289  
11356.58836  
11289.13508  
11321.04311  
11266.97864  
11262.86339  
11267.67192  
11306.28075  
11307.63908  
11328.82337  
11316.27556  
11256.30637  
11294.96313  
11299.88329  
11346.79341  
11377.63461  
11376.34269  
11331.50128  
11324.0247  
11340.45943  
11358.22927  
11335.58074  
11364.86783  
11306.5318  
11324.63916  
11352.03342  
11354.78892  
11256.65326  
11249.63869  
11296.16798  
11303.8715  
11293.49214  
11291.77704  
11294.13478  
11284.23156  
11275.46669  
11290.90551  
11360.354  
11315.69579  
11289.00625  
11331.10254  
11386.65217  
11381.76479  
11339.58811  
11268.55428  
11323.34761  
11358.60163  
11353.88321  
11284.55516  
11304.88966  
11286.57234  
11301.86133  
11352.79261  
11325.05573  
11305.81608  
11311.99168  
11294.90822  
11328.94564  
11352.74266  
11422.72097  
11382.50017  
11309.69389  
11264.91102  
11290.42969  
11316.78246  
11258.51112  
11273.0385  
11286.7709  
11302.17139  
11235.36383  
11246.59803  
11317.72532  
11330.07926  
11350.01778  
11341.07526  
11317.3865  
11368.29311  
11331.31155  
11373.25121  
11336.39475  
11386.4721  
11444.82049  
11403.92969  
11405.90616  
11292.04221  
11286.11626  
11288.29991  
11255.64992  
11240.52747  
11263.73765  
11305.96848  
11359.55485  
11343.95875  
11310.36131  
11255.9863  
11284.77741  
11329.63458  
11384.10745  
11333.91923  
11290.02555  
11307.59907  
11405.89407  
11411.90962  
11385.30957  
11312.89096  
11261.0548  
11310.20727  
11387.13677  
11317.48798  
11293.89414  
11291.91264  
11284.63673  
11273.3761  
11353.23965  
11331.94909  
11286.76607  
11181.34159  
11245.72929  
11282.77824  
11333.30926  
11355.71992  
11417.94169  
11311.86331  
11227.13848  
11259.77966  
11339.82301  
11414.59838  
11408.41948  
11446.50444  
11388.05029  
11297.03977  
11310.64327  
11273.32625  
11318.188  
11370.66372  
11340.64628  
11305.45957  
11270.50523  
11315.27621  
11317.43651  
11317.11193  
11358.20856  
11320.36722  
11292.94912  
11326.60222  
11372.67314  
11421.69018  
11389.27615  
11328.70909  
11252.95462  
11265.47176  
11279.07121  
11307.7316  
11345.94878  
11320.26506  
11305.69963  
11302.58926  
11322.48145  
11312.39639  
11319.76907  
11313.41203  
11328.68493  
11336.99869  
11281.71626  
11207.25378  
11275.99825  
11301.34159  
11291.0527  
11312.09025  
11373.54371  
11415.96102  
11373.13395  
11352.48176  
11320.51594  
11376.09046  
11372.9165  
11280.70012  
11285.37524  
11274.69216  
11365.04511  
11370.84373  
11353.50846  
11285.86034  
11254.31815  
11297.9584  
11319.74587  
11345.20873  
11335.15718  
11387.0754  
11408.15209  
11341.8702  
11309.86667  
11226.18424  
11263.01199  
11326.00778  
11346.40896  
11266.14127  
11248.54927  
11288.02251  
11309.21188  
11341.17309  
11314.91022  
11291.55004  
11333.65636  
11374.88111  
11388.13477  
11386.11301  
11309.87894  
11219.37886  
11272.85657  
11323.87275  
11300.91498  
11303.56373  
11321.17167  
11339.55058  
11370.28169  
11339.4398  
11300.30708  
11292.16633  
11334.43731  
11404.02424  
11357.58452  
11252.28234  
11222.16318  
11289.90157  
11400.19089  
11414.56844  
11270.09774  
11212.55336  
11257.69304  
11326.06751  
11317.93167  
11373.95815  
11393.88462  
11390.27185  
11336.88399  
11310.17205  
11302.59581  
11317.16324  
11320.20516  
11338.3031  
11304.56724  
11304.85356  
11299.46122  
11314.38721  
11312.04612  
11274.6018  
11324.9519  
11391.97159  
11405.00189  
11324.123  
11268.77095  
11255.83042  
11272.08753  
11334.14431  
11361.28645  
11334.04719  
11250.619  
11315.95435  
11303.63759  
11354.45829  
11405.61013  
11389.89058  
11389.81376  
11304.85052  
11308.57337  
11295.67458  
11356.60611  
11304.23967  
11330.20898  
11337.49833  
11295.85528  
11237.92454  
11237.20826  
11264.04284  
11309.58948  
11301.99556  
11282.24578  
11320.02457  
11296.43865  
11282.45821  
11275.7916  
11279.46478  
11308.15006  
11328.41364  
11355.66994  
11332.70616  
11330.75427  
11295.0264  
11332.78621  
11358.86286  
11415.63146  
11360.68503  
11277.5114  
11267.44011  
11277.15341  
11300.49044  
11376.32904  
11309.76764  
11310.40044  
11308.74614  
11353.60082  
11374.41699  
11414.91411  
11401.96546  
11310.05322  
11292.66929  
11318.07723  
11369.44875  
11397.76252  
11400.88097  
11316.55146  
11277.10753  
11268.54287  
11350.13683  
11349.10545  
11266.50228  
11277.12456  
11308.4742  
11332.0984  
11305.65823  
11330.15983  
11391.40538  
11350.76911  
11299.9066  
11231.56532  
11373.50161  
11427.96287  
11382.47453  
11266.1866  
11283.60454  
11305.08348  
11394.92893  
11368.32986  
11257.02221  
11255.97933  
11309.9894  
11362.97807  
11398.74438  
11399.00047  
11370.02292  
11322.38998  
11248.96415  
11218.88196  
11278.50088  
11304.03525  
11284.0041  
11279.12991  
11255.92028  
11321.92386  
11339.67621  
11385.61338  
11355.92433  
11359.48856  
11374.02114  
11329.24557  
11259.67512  
11299.18838  
11343.59161  
11355.3363  
11355.75351  
11367.78656  
11274.62525  
11285.26759  
11345.29361  
11381.99071  
11389.11467  
11376.3004  
11309.74956  
11287.93769  
11268.48145  
11337.41973  
11296.57595  
11243.5705  
11228.06196  
11309.37366  
11367.51714  
11402.91205  
11324.19484  
11249.53312  
11236.16713  
11351.08786  
11365.276  
11421.05106  
11343.36205  
11313.53864  
11291.69971  
11241.24846  
11252.74896  
11306.89527  
11265.7915  
11239.21754  
11249.60355  
11270.314  
11262.32236  
11222.10673  
11295.20305  
11335.48105  
11364.74082  
11327.48896  
11301.61832  
11323.84857  
11404.74768  
11402.13762  
11381.65444  
11291.88133  
11262.09364  
11305.12344  
11372.24209  
11354.33534  
11312.44698  
11317.8529  
11375.76572  
11336.57486  
11326.09156  
11376.26205  
11395.20464  
11323.95511  
11271.12264  
11306.51213  
11347.9  
11289.28624  
11332.30403  
11368.11903  
11370.03423  
11345.74189  
11348.23171  
11353.32349  
11360.36092  
11307.49031  
11228.17887  
11259.6106  
11342.55651  
11393.24524  
11360.19799  
11345.87754  
11272.55184  
11291.01744  
11297.3139  
11348.92219  
11345.85487  
11365.79116  
11375.29643  
11361.40886  
11272.61834  
11231.27908  
11307.02698  
11385.01629  
11356.68548  
11310.31083  
11245.55275  
11266.37807  
11326.77221  
11369.03857  
11412.04339  
11351.06371  
11329.47737  
11326.59158  
11328.95987  
11297.5304  
11242.88319  
11316.39568  
11332.09991  
11355.55251  
11248.74989  
11280.3546  
11312.41491  
11357.61385  
11329.05746  
11270.14316  
11286.47269  
11325.28982  
11343.01819  
11336.87544  
11316.41299  
11339.42331  
11368.0092  
11350.38581  
11274.94115  
11219.28103  
11275.04667  
11293.13385  
11302.88467  
11267.66987  
11234.99124  
11286.4066  
11344.01419  
11344.11253  
11328.41244  
11318.87569  
11278.98277  
11305.43284  
11326.86516  
11371.25539  
11450.94339  
11437.77111  
11406.66225  
11279.24828  
11261.48942  
11334.14667  
11404.42347  
11349.97434  
11329.32635  
11333.76331  
11380.69941  
11386.41239  
11310.09986  
11271.13434  
11326.04067  
11332.26832  
11344.40086  
11299.12365  
11281.51065  
11308.00222  
11358.41315  
11344.70407  
11315.50914  
11371.87366  
11336.58134  
11250.32824  
11229.1746  
11269.21695  
11351.96897  
11314.88225  
11346.01008  
11262.28486  
11333.66189  
11320.26786  
11378.99493  
11305.57153  
11279.12917  
11262.75539  
11347.91457  
11375.44862  
11317.73299  
11325.61352  
11334.86884  
11447.82819  
11388.16093  
11263.07546  
11211.17175  
11333.72047  
11360.86342  
11352.22379  
11219.65562  
11226.86826  
11302.7654  
11339.24542  
11312.22458  
11274.80861  
11255.64263  
11347.49954  
11387.95205  
11414.97122  
11339.41802  
11259.61845  
11258.90025  
11315.11167  
11341.65482  
11427.67947  
11383.43484  
11304.61059  
11236.74422  
11335.8286  
11371.57353  
11354.13377  
11337.71423  
11323.50335  
11325.42967  
11379.23502  
11320.14552  
11240.11005  
11235.56242  
11347.79703  
11396.09835  
11331.78379  
11348.50762  
11335.71817  
11239.09951  
11332.51514  
11318.72344  
11339.0642  
11263.79363  
11254.8096  
11287.58428  
11343.31074  
11371.75578  
11349.44827  
11257.24378  
11251.36563  
11323.2532  
11356.94437  
11357.90026  
11369.75789  
11297.18415  
11275.8609  
11304.4656  
11347.37864  
11355.96792  
11345.18615  
11282.81003  
11261.46195  
11289.57524  
11354.97261  
11377.81067  
11333.95516  
11255.49872  
11262.21295  
11353.38925  
11387.64436  
11342.24112  
11335.78736  
11323.38214  
11386.39959  
11385.08033  
11307.64874  
11230.03569  
11241.29261  
11291.11153  
11346.65852  
11356.09723  
11385.50222  
11358.05439  
11271.76583  
11233.77854  
11306.26386  
11317.29647  
11307.14338  
11259.57814  
11358.34173  
11372.22141  
11335.49107  
11285.24894  
11336.56578  
11339.88521  
11413.15233  
11346.6103  
11292.88867  
11267.18564  
11348.93279  
11343.982  
11330.11363  
11323.77841  
11325.86886  
11341.08907  
11274.0041  
11294.14493  
11339.75967  
11320.80588  
11311.95232  
11274.1434  
11258.84125  
11342.1391  
11388.6066  
11364.07176  
11323.99957  
11259.31752  
11292.59298  
11280.13193  
11305.61075  
11300.37939  
11347.97187  
11337.95876  
11351.7199  
11378.01418  
11366.97674  
11369.34704  
11239.24688  
11263.6338  
11308.67885  
11289.63193  
11286.03787  
11291.11331  
11351.52522  
11370.72907  
11385.33038  
11317.47127  
11277.07981  
11311.78892  
11355.10415  
11378.58463  
11343.03223  
11348.96918  
11367.63305  
11317.81121  
11258.53968  
11231.06248  
11324.45634  
11288.27364  
11363.67139  
11363.31661  
11371.04024  
11334.76689  
11286.9487  
11235.00261  
11272.62927  
11362.29172  
11372.63058  
11391.49869  
11447.96725  
11349.2303  
11279.7692  
11235.29867  
11333.88254  
11409.72592  
11406.90428  
11327.40104  
11214.43055  
11278.17493  
11365.29448  
11377.86257  
11331.74309  
11237.20054  
11298.33535  
11325.85279  
11381.70517  
11351.51211  
11288.1232  
11257.81776  
11270.64677  
11310.04486  
11354.17739  
11308.78467  
11309.52446  
11337.41479  
11365.56576  
11387.56919  
11340.52136  
11280.68558  
11265.45141  
11330.24946  
11359.30245  
11385.88546  
11305.26419  
11210.04521  
11234.89672  
11294.43147  
11316.15787  
11338.95418  
11315.84526  
11294.41888  
11346.1155  
11343.91737  
11310.89004  
11318.31927  
11347.65883  
11245.56499  
11204.01496  
11269.35089  
11355.2512  
11408.96933  
11441.84058  
11419.62092  
11345.22702  
11265.67882  
11314.94213  
11300.37257  
11291.76309  
11353.30804  
11349.02536  
11343.60725  
11285.06584  
11313.37114  
11319.25513  
11363.92433  
11349.39757  
11335.50666  
11347.3756  
11343.53342  
11238.77445  
11251.43114  
11272.8504  
11313.05007  
11279.44268  
11309.46506  
11284.93457  
11295.44556  
11287.02142  
11297.14796  
11306.21029  
11317.13925  
11315.6542  
11373.9377  
11355.03805  
11397.63094  
11320.07608  
11308.05333  
11290.62084  
11248.00217  
11290.86635  
11302.29845  
11278.83299  
11301.08307  
11333.50057  
11379.15833  
11382.82356  
11332.44582  
11303.01485  
11311.40409  
11331.08343  
11356.7546  
11412.74557  
11386.58825  
11368.60393  
11411.8802  
11354.92808  
11295.99641  
11259.52744  
11295.34953  
11325.06417  
11323.35925  
11312.53016  
11299.72796  
11318.361  
11340.58742  
11304.98409  
11277.60648  
11285.28645  
11336.53139  
11352.54624  
11390.56697  
11321.23159  
11262.15502  
11242.31532  
11319.7346  
11375.43284  
11417.15474  
11398.87689  
11378.58055  
11373.00504  
11305.79676  
11294.84274  
11345.44399  
11319.3412  
11282.36316  
11290.75014  
11281.14059  
11304.62338  
11300.08572  
11384.51128  
11390.91959  
11369.88288  
11293.38117  
11239.27988  
11252.34607  
11290.10999  
11326.82962  
11304.72511  
11256.46141  
11274.74899  
11345.03125  
11352.32712  
11274.72625  
11237.45026  
11270.46727  
11358.85536  
11380.87275  
11379.59819  
11307.40657  
11285.10648  
11343.37906  
11355.41017  
11329.69813  
11257.45273  
11295.10892  
11337.36714  
11333.15181  
11327.74984  
11293.17178  
11302.37858  
11321.51747  
11321.40494  
11327.17725  
11303.66732  
11288.52208  
11340.34416  
11339.49255  
11326.67747  
11365.65022  
11369.07118  
11358.33592  
11303.87533  
11283.79963  
11320.24523  
11381.5789  
11353.33724  
11302.9206  
11243.27916  
11282.55214  
11346.49269  
11318.46073  
11271.61605  
11303.46201  
11354.36374  
11408.70489  
11359.01677  
11255.65704  
11203.5112  
11292.14729  
11349.77051  
11359.24475  
11342.57042  
11297.08346  
11331.9412  
11341.04004  
11336.91529  
11297.25559  
11315.69645  
11328.67729  
11324.40086  
11310.5217  
11282.46903  
11282.77267  
11336.64773  
11385.62127  
11390.64237  
11352.11534  
11270.17107  
11261.99077  
11353.02996  
11450.73628  
11355.3973  
11261.87117  
11236.62489  
11290.0693  
11400.05897  
11417.96984  
11362.7627  
11314.66509  
11252.99581  
11317.10226  
11347.30951  
11298.03465  
11301.96606  
11319.42758  
11332.04257  
11354.0066  
11343.13754  
11347.04264  
11284.25718  
11320.08575  
11303.28023  
11292.15379  
11272.67498  
11268.90846  
11289.98918  
11341.59249  
11398.20728  
11386.46656  
11280.24841  
11279.9235  
11353.73565  
11373.13382  
11441.02158  
11409.84008  
11348.28289  
11228.98639  
11255.28571  
11277.27886  
11352.53057  
11359.53426  
11319.87083  
11259.24606  
11250.95572  
11267.61645  
11268.22406  
11332.68912  
11348.56956  
11325.74939  
11262.29372  
11297.98612  
11343.80377  
11316.26726  
11309.46669  
11318.31463  
11303.50052  
11359.63741  
11372.48888  
11333.98592  
11275.37642  
11303.92039  
11323.14159  
11368.36007  
11336.83142  
11335.771  
11332.26955  
11290.60485  
11317.48667  
11295.11626  
11322.52867  
11322.60618  
11323.28572  
11319.1628  
11314.84966  
11343.50512  
11358.10175  
11325.61796  
11307.24698  
11331.94953  
11306.88043  
11270.49197  
11339.86838  
11331.10843  
11377.10634  
11337.85591  
11335.85925  
11330.90083  
11367.85867  
11281.92942  
11295.43221  
11337.63908  
11374.54533  
11319.87497  
11308.14148  
11285.31811  
11278.75997  
11327.96198  
11375.02605  
11307.19656  
11302.00906  
11302.84539  
11363.1494  
11385.15554  
11356.57471  
11262.85618  
11321.27966  
11363.27983  
11345.83072  
11316.11807  
11305.96432  
11364.30609  
11346.35695  
11326.44426  
11301.58313  
11305.39048  
11291.97292  
11341.17266  
11383.68468  
11351.29354  
11315.42024  
11282.97341  
11281.66715  
11268.77555  
11326.77421  
11296.27311  
11257.24978  
11254.96732  
11309.33833  
11324.97445  
11314.34091  
11325.31026  
11309.87686  
11369.12086  
11361.2908  
11303.10301  
11275.16252  
11266.8735  
11324.09046  
11310.43585  
11278.2675  
11307.18145  
11387.1761  
11378.10944  
11410.24565  
11359.06694  
11301.00277  
11292.54051  
11329.45785  
11320.62385  
11279.78401  
11233.66187  
11236.75484  
11284.55507  
11336.62303  
11326.30497  
11358.20829  
11280.80707  
11312.18983  
11345.4923  
11313.03741  
11359.51425  
11326.53177  
11327.21369  
11341.29338  
11376.3745  
11349.72935  
11421.98489  
11394.89359  
11322.28848  
11267.61739  
11265.85821  
11307.77004  
11327.25421  
11314.95439  
11303.38316  
11312.15293  
11327.01079  
11334.05425  
11327.92485  
11359.93117  
11307.91857  
11268.74564  
11276.9717  
11294.9361  
11306.44019  
11332.60052  
11348.66783  
11325.95935  
11337.31222  
11349.17413  
11305.03942  
11286.83789  
11276.65727  
11247.67899  
11316.69482  
11361.12216  
11324.20112  
11290.54133  
11282.92652  
11353.4813  
11356.21177  
11309.89968  
11288.89489  
11290.76178  
11343.46256  
11384.83655  
11344.3022  
11297.71528  
11239.57036  
11309.73122  
11353.28418  
11348.79413  
11352.74556  
11319.74368  
11289.11508  
11334.69512  
11379.00446  
11335.43405  
11272.89504  
11284.49509  
11330.40571  
11353.00228  
11400.07157  
11377.3368  
11347.61638  
11340.80302  
11325.72458  
11328.75118  
11292.49475  
11303.88913  
11360.38988  
11372.19056  
11346.38565  
11341.64837  
11344.8535  
11331.35835  
11286.60033  
11268.32669  
11317.94756  
11352.33772  
11306.51997  
11263.40409  
11262.9665  
11332.72741  
11342.31278  
11291.88425  
11274.9221  
11334.1712  
11322.59859  
11282.21933  
11314.74929  
11352.36679  
11324.45913  
11301.04606  
11279.31494  
11292.94133  
11347.68923  
11307.29954  
11314.59199  
11275.74044  
11317.42701  
11359.62194  
11352.93615  
11295.25008  
11266.92375  
11291.37716  
11352.72311  
11347.93092  
11326.4957  
11341.97663  
11344.33624  
11378.44755  
11363.09567  
11337.11908  
11291.6422  
11281.0081  
11311.74685  
11400.91222  
11432.9409  
11371.60786  
11248.7646  
11225.68145  
11278.72642  
11359.75276  
11377.63177  
11320.18862  
11250.18813  
11287.36402  
11332.54393  
11377.34939  
11328.31677  
11261.01018  
11267.13426  
11353.53418  
11411.98256  
11338.31459  
11280.14585  
11263.70377  
11300.03738  
11300.13645  
11333.03007  
11310.70922  
11315.29325  
11317.75846  
11306.54341  
11352.96333  
11295.1526  
11214.41003  
11317.16568  
11344.71404  
11367.44199  
11358.46903  
11403.6786  
11376.67106  
11339.3377  
11290.16737  
11286.66902  
11333.18731  
11317.57143  
11330.78147  
11311.03946  
11263.86843  
11337.48327  
11363.03112  
11375.44449  
11332.67451  
11270.9561  
11282.84961  
11292.84939  
11339.91694  
11328.67444  
11328.87568  
11292.75888  
11351.13894  
11342.04035  
11302.05173  
11237.80899  
11299.64589  
11360.20245  
11374.44605  
11340.23779  
11302.9314  
11335.29602  
11364.6543  
11352.41706  
11381.59326  
11310.93529  
11245.27941  
11279.69152  
11307.72017  
11379.0803  
11333.33674  
11299.53197  
11300.5765  
11347.30206  
11337.56277  
11345.14126  
11342.73392  
11324.04814  
11301.48537  
11292.59862  
11304.85758  
11316.81159  
11307.35928  
11333.50953  
11304.54461  
11278.95591  
11255.17588  
11365.58819  
11402.90927  
11365.73604  
11319.11273  
11257.09611  
11245.53147  
11298.6216  
11348.69642  
11370.97815  
11260.04624  
11258.22551  
11354.98971  
11361.81749  
11357.7245  
11299.08042  
11318.13138  
11342.60323  
11299.05421  
11330.73997  
11309.14902  
11304.45131  
11292.5439  
11308.25565  
11340.78851  
11306.99502  
11232.40006  
11230.06121  
11338.52949  
11350.96522  
11400.38574  
11366.58923  
11350.51418  
11345.88796  
11326.39033  
11257.52738  
11287.18845  
11318.33041  
11340.17107  
11373.33562  
11391.36158  
11382.85621  
11340.64702  
11272.34381  
11247.63417  
11330.10317  
11364.44338  
11364.20977  
11284.74636  
11257.37231  
11261.25734  
11339.28142  
11373.14066  
11445.51687  
11339.15521  
11305.18863  
11246.78991  
11302.37435  
11323.21776  
11304.36282  
11324.46275  
11313.45869  
11380.15776  
11343.6465  
11308.43416  
11308.32773  
11248.92153  
11292.00754  
11299.59254  
11262.36482  
11269.96996  
11317.08862  
11346.41672  
11330.04517  
11324.16433  
11306.38582  
11324.47377  
11339.97259  
11397.11804  
11400.82205  
11352.51375  
11281.36662  
11313.99271  
11349.90823  
11349.61208  
11328.60934  
11244.99356  
11287.209  
11325.97823  
11372.68837  
11312.67482  
11279.7251  
11290.79317  
11331.96434  
11361.10887  
11306.02876  
11345.01158  
11356.57496  
11341.74064  
11321.38442  
11276.78601  
11296.50819  
11317.17017  
11316.14159  
11347.60139  
11324.46636  
11396.158  
11318.34655  
11293.82334  
11252.78347  
11308.30284  
11350.63502  
11369.68419  
11266.21667  
11262.00435  
11277.78082  
11386.30436  
11406.6442  
11311.05184  
11314.00808  
11312.12632  
11292.95325  
11364.05888  
11354.30341  
11368.46689  
11454.2081  
11465.22926  
11392.84334  
11330.96417  
11274.09591  
11257.0541  
11266.98313  
11411.43808  
11369.94758  
11279.29513  
11242.98433  
11238.4372  
11260.40398  
11269.65776  
11263.06217  
11227.53998  
11296.50617  
11293.14143  
11316.17332  
11346.94419  
11396.719  
11410.43742  
11362.94448  
11295.95363  
11266.71733  
11245.46443  
11318.81381  
11359.09051  
11299.82233  
11280.03494  
11338.63412  
11329.38368  
11340.20957  
11370.7568  
11355.03728  
11385.65597  
11344.06752  
11292.93301  
11234.44349  
11290.14332  
11350.1923  
11370.87253  
11317.91307  
11275.37125  
11279.30195  
11324.28182  
11419.44048  
11429.01013  
11393.46653  
11290.28314  
11183.85081  
11320.40491  
11334.43468  
11348.05696  
11270.3626  
11270.22625  
11318.37187  
11326.78029  
11307.63483  
11315.1235  
11321.08356  
11352.484  
11405.35038  
11400.92888  
11300.54979  
11276.42696  
11275.0005  
11355.06327  
11373.68862  
11369.90696  
11296.90864  
11253.36202  
11338.36333  
11344.24931  
11280.05861  
11281.88278  
11303.85827  
11322.10413  
11398.14981  
11356.0898  
11355.12676  
11264.61115  
11234.91124  
11284.92558  
11310.57461  
11325.49258  
11244.34877  
11266.24844  
11298.71947  
11263.71217  
11236.37998  
11287.46705  
11321.08641  
11338.76837  
11352.98282  
11340.46528  
11361.85526  
11371.30692  
11407.41832  
11403.92233  
11297.19391  
11232.36917  
11294.83884  
11363.7136  
11326.63432  
11266.42288  
11252.82718  
11306.40354  
11389.40305  
11330.75658  
11327.14617  
11315.67408  
11386.5736  
11441.65568  
11448.90209  
11381.85692  
11261.64507  
11253.50606  
11310.84829  
11304.12536  
11286.62388  
11263.93355  
11297.74041  
11345.75786  
11352.8687  
11368.71804  
11379.04343  
11375.09093  
11343.80705  
11265.77328  
11238.22081  
11288.97371  
11378.49077  
11356.0525  
11326.00513  
11271.12081  
11269.01183  
11329.45958  
11390.33564  
11349.89752  
11307.69345  
11333.19541  
11322.77697  
11276.03747  
11234.31052  
11258.06694  
11330.32371  
11328.04706  
11360.59893  
11333.07045  
11331.30568  
11296.55358  
11257.52041  
11316.13407  
11327.72773  
11389.92332  
11382.2468  
11322.78147  
11287.6589  
11298.75142  
11314.47439  
11335.54888  
11342.94298  
11318.11761  
11318.09808  
11352.58608  
11395.17447  
11313.13877  
11181.64956  
11222.21434  
11334.16961  
11365.51698  
11356.64741  
11282.24468  
11257.23707  
11335.89411  
11382.83868  
11383.11241  
11385.66395  
11382.01485  
11365.75945  
11322.12624  
11321.39551  
11324.65935  
11281.91929  
11242.88459  
11272.14754  
11344.97549  
11375.97247  
11368.02662  
11295.39935  
11287.08736  
11312.01293  
11318.88905  
11313.46982  
11345.62032  
11373.13382  
11295.5299  
11239.92844  
11250.00165  
11361.31502  
11382.57096  
11317.62116  
11290.27668  
11318.23282  
11357.88272  
11369.25603  
11408.54609  
11332.45777  
11254.17748  
11223.0823  
11265.16943  
11356.84619  
11351.99633  
11306.4665  
11283.8332  
11279.125  
11307.78843  
11260.39326  
11290.62146  
11288.71502  
11322.67257  
11407.46949  
11439.70689  
11418.30281  
11356.20223  
11198.45002  
11280.3881  
11325.16658  
11300.162  
11270.39092  
11320.82981  
11348.28991  
11395.5729  
11387.93833  
11341.37864  
11264.53416  
11208.2875  
11271.39155  
11319.70049  
11353.96859  
11323.27079  
11328.15085  
11329.72913  
11406.3646  
11392.28319  
11322.5393  
11290.08803  
11357.34076  
11312.66545  
11288.42703  
11330.59775  
11335.2067  
11341.84468  
11306.09482  
11298.68016  
11331.46993  
11358.54221  
11355.53585  
11321.69801  
11321.84181  
11289.34002  
11351.70593  
11355.84832  
11372.53264  
11360.78281  
11298.25898  
11291.78468  
11347.83814  
11375.58159  
11350.83622  
11272.69245  
11300.62672  
11311.82261  
11318.43867  
11297.01279  
11311.57439  
11303.94405  
11341.678  
11310.63738  
11276.60415  
11283.82129  
11361.72913  
11411.71087  
11400.28331  
11338.17095  
11238.00272  
11302.7999  
11349.54598  
11282.80129  
11188.10136  
11268.041  
11314.76485  
11306.35041  
11287.34687  
11298.96409  
11307.9925  
11320.36651  
11279.99584  
11327.37423  
11294.57954  
11290.80683  
11322.51824  
11315.34017  
11255.12324  
11278.69243  
11381.6141  
11392.84101  
11375.66299  
11366.12711  
11344.74888  
11391.48252  
11368.17147  
11375.75611  
11317.11312  
11275.51742  
11330.61284  
11307.26372  
11320.52671  
11311.99739  
11289.12089  
11295.11558  
11294.92347  
11341.21741  
11333.51882  
11332.43016  
11366.77208  
11359.58658  
11289.14855  
11309.81737  
11343.9888  
11292.46035  
11290.9656  
11335.31746  
11292.75491  
11289.34071  
11329.16465  
11338.43778  
11365.32586  
11365.78456  
11383.92354  
11340.30318  
11208.59375  
11292.7806  
11313.75811  
11306.02048  
11199.00035  
11251.47174  
11282.13576  
11366.14722  
11362.27916  
11340.37365  
11305.8408  
11290.71829  
11327.97012  
11391.8931  
11404.23619  
11434.54766  
11368.38944  
11266.18782  
11208.39644  
11308.99416  
11385.58085  
11336.48277  
11304.50736  
11279.37305  
11322.81039  
11313.59265  
11299.45346  
11282.85128  
11317.62128  
11348.63788  
11292.53593  
11289.30856  
11285.70175  
11290.65438  
11308.16762  
11348.65033  
11334.21612  
11362.25261  
11368.0686  
11327.14793  
11307.52325  
11294.11451  
11263.02103  
11371.18544  
11407.87402  
11405.3245  
11340.02117  
11339.15841  
11293.72223  
11288.01369  
11285.96363  
11308.12728  
11327.75115  
11272.11144  
11249.80996  
11344.7925  
11334.90176  
11305.69908  
11321.08537  
11299.14974  
11265.34315  
11313.39151  
11344.80801  
11372.39009  
11328.76304  
11272.49614  
11240.9699  
11336.00882  
11369.43616  
11307.09567  
11322.70919  
11349.81841  
11408.96691  
11337.73967  
11290.49258  
11299.81083  
11363.56201  
11402.33378  
11268.01681  
11234.23319  
11290.75869  
11330.36683  
11364.19621  
11351.66003  
11290.95434  
11233.74025  
11260.05779  
11316.31385  
11298.03226  
11280.00704  
11380.08518  
11435.70306  
11406.97129  
11339.83339  
11233.68637  
11265.21503  
11361.48645  
11349.83335  
11271.61683  
11314.26092  
11306.61875  
11339.23633  
11356.76033  
11375.79117  
11356.93923  
11343.12842  
11360.94613  
11386.75942  
11374.7082  
11353.15833  
11325.82512  
11246.18841  
11240.81682  
11317.03495  
11346.28692  
11351.14817  
11288.06337  
11283.71988  
11327.32885  
11348.07423  
11297.30801  
11262.33192  
11321.45251  
11328.57433  
11348.76479  
11354.98529  
11319.40263  
11323.89871  
11332.18437  
11320.42441  
11326.24023  
11302.06921  
11304.78026  
11337.08827  
11280.86909  
11289.73148  
11256.71458  
11279.22888  
11330.86166  
11341.91953  
11325.93936  
11312.33386  
11308.65638  
11303.44349  
11328.68605  
11327.95253  
11382.86078  
11318.45533  
11333.96339  
11340.39352  
11338.12098  
11308.78355  
11339.83403  
11321.08231  
11301.96492  
11270.42646  
11289.29395  
11317.93084  
11336.10318  
11351.54076  
11317.78155  
11314.73163  
11380.56637  
11392.61999  
11359.18863  
11358.64749  
11331.25677  
11298.50035  
11246.34312  
11304.72237  
11373.72735  
11389.10819  
11286.21929  
11272.42408  
11336.51885  
11346.34766  
11371.91917  
11339.5379  
11275.7818  
11258.30368  
11275.6761  
11332.84709  
11331.56574  
11329.47762  
11332.69297  
11345.4085  
11375.71733  
11367.59006  
11334.182  
11209.8492  
11251.84282  
11335.90965  
11347.01205  
11306.07674  
11245.32893  
11241.85827  
11358.26922  
11408.47436  
11364.91636  
11304.89059  
11326.53213  
11373.30587  
11372.78053  
11350.0037  
11376.35164  
11372.60315  
11420.04985  
11407.23289  
11381.96097  
11298.53914  
11376.93947  
11344.63639  
11311.60402  
11288.97984  
11277.39956  
11328.94205  
11336.71247  
11273.94676  
11232.38503  
11286.87152  
11296.18577  
11316.82275  
11266.88182  
11223.06723  
11285.54102  
11282.53965  
11359.64508  
11383.75172  
11294.08472  
11247.34712  
11269.38722  
11338.14351  
11381.9845  
11347.06346  
11384.7366  
11396.30379  
11328.12817  
11276.17685  
11274.01366  
11304.06294  
11346.88822  
11361.42296  
11279.23491  
11374.13363  
11399.91669  
11459.61533  
11461.25657  
11402.90069  
11253.46425  
11276.98163  
11323.41354  
11265.87757  
11207.46335  
11183.63343  
11261.45628  
11273.14051  
11221.62788  
11241.16699  
11316.85988  
11327.59384  
11277.71888  
11315.09857  
11392.85563  
11366.11723  
11346.73403  
11240.04738  
11340.19063  
11381.85881  
11347.78098  
11280.83839  
11249.92854  
11276.43114  
11279.08321  
11309.60906  
11323.16309  
11356.50438  
11311.59411  
11258.94785  
11243.39688  
11310.50417  
11336.91568  
11339.66931  
11298.44134  
11289.05284  
11356.98841  
11349.63569  
11353.32668  
11289.38146  
11313.38284  
11369.89767  
11398.23074  
11371.13317  
11338.31727  
11246.57449  
11291.95634  
11364.16986  
11383.43298  
11380.76389  
11365.22114  
11312.58184  
11288.39311  
11259.73852  
11288.36202  
11307.0161  
11323.63536  
11340.96656  
11372.20338  
11351.04344  
11274.22196  
11249.42684  
11266.60484  
11328.0227  
11308.51655  
11276.46692  
11295.32929  
11325.26115  
11336.17921  
11327.92074  
11292.36665  
11289.317  
11360.12376  
11374.15379  
11360.81834  
11305.94457  
11294.22592  
11317.53301  
11356.38938  
11352.75895  
11350.62216  
11353.38716  
11322.66178  
11256.70943  
11302.93099  
11349.22956  
11340.26945  
11263.40534  
11245.21532  
11324.2935  
11384.01912  
11414.37352  
11309.04068  
11286.10114  
11293.41211  
11289.65556  
11233.13907  
11275.02659  
11312.64366  
11307.98776  
11300.1655  
11294.60159  
11315.97826  
11394.28949  
11397.20114  
11349.16151  
11322.39458  
11335.18471  
11332.86872  
11344.16298  
11315.99833  
11357.0448  
11337.94492  
11289.47244  
11313.2821  
11312.56543  
11370.3447  
11359.51299  
11298.4816  
11329.99609  
11340.99263  
11412.72644  
11341.06712  
11297.83498  
11305.29987  
11332.57874  
11315.3707  
11313.08469  
11301.52002  
11303.3363  
11340.99332  
11375.75358  
11312.78738  
11254.30952  
11274.9611  
11325.80932  
11291.03001  
11253.03166  
11252.36638  
11287.58658  
11298.75884  
11378.79067  
11446.06154  
11389.55837  
11303.60426  
11273.96733  
11309.00416  
11291.30289  
11322.50502  
11348.58539  
11331.67766  
11322.51674  
11331.34613  
11327.78032  
11323.91126  
11300.72875  
11319.52582  
11326.43133  
11277.77317  
11269.21988  
11307.04828  
11336.67485  
11373.50192  
11347.8102  
11298.83535  
11312.752  
11325.7509  
11344.23576  
11349.90318  
11325.41816  
11363.67959  
11373.70209  
11358.82753  
11328.50502  
11269.54829  
11321.41468  
11313.11084  
11370.22878  
11315.90902  
11269.39554  
11297.24181  
11340.85559  
11342.67821  
11354.2073  
11347.0465  
11324.15891  
11265.19988  
11294.60183  
11350.40926  
11322.40245  
11333.01262  
11308.80995  
11319.20898  
11342.29327  
11294.65414  
11308.02054  
11317.97414  
11296.03805  
11283.17057  
11309.15661  
11343.46017  
11352.80399  
11405.20563  
11287.47825  
11234.6  
11297.39349  
11319.63855  
11314.96573  
11306.60068  
11327.64437  
11290.01293  
11274.31056  
11293.9664  
11324.99301  
11337.18818  
11321.06614  
11316.33737  
11305.52489  
11283.64759  
11271.23132  
11325.55203  
11355.0287  
11362.51175  
11320.93542  
11289.87612  
11367.67195  
11413.99442  
11394.94263  
11382.45856  
11278.52774  
11311.89116  
11331.3223  
11367.08839  
11352.43385  
11318.54935  
11313.59651  
11325.46384  
11302.20454  
11280.67773  
11311.37272  
11357.67011  
11324.97885  
11282.48548  
11280.30406  
11252.90055  
11287.0269  
11344.72526  
11332.03388  
11303.16049  
11335.13862  
11343.14144  
11272.60901  
11295.60345  
11331.58395  
11373.0339  
11372.79492  
11316.40255  
11234.39924  
11298.23192  
11308.80325  
11325.31864  
11312.64626  
11336.70209  
11348.73949  
11345.52741  
11387.09407  
11344.78902  
11334.64036  
11362.26574  
11402.64875  
11311.01711  
11286.94864  
11241.68117  
11285.26736  
11329.11968  
11382.97867  
11336.17334  
11262.80892  
11329.29031  
11311.50899  
11322.05581  
11355.16378  
11281.91052  
11291.90631  
11290.47127  
11214.49498  
11207.98398  
11277.49803  
11317.84328  
11341.13585  
11362.26761  
11359.35111  
11336.80018  
11286.4757  
11300.29138  
11334.67795  
11343.79311  
11354.08862  
11367.24239  
11390.40223  
11328.29823  
11316.47705  
11382.95716  
11327.06793  
11275.77528  
11275.78057  
11321.50512  
11367.34126  
11361.32041  
11315.90064  
11281.71938  
11288.56463  
11337.36985  
11347.70572  
11298.83387  
11237.02159  
11243.11572  
11346.6098  
11358.25836  
11319.04267  
11258.40449  
11302.56452  
11364.58608  
11364.82351  
11390.04691  
11387.22568  
11376.02563  
11321.72199  
11334.33682  
11339.0765  
11299.38015  
11281.87417  
11286.61134  
11299.19985  
11372.0433  
11364.15242  
11352.86919  
11338.58953  
11341.80716  
11319.39097  
11296.8471  
11262.3487  
11240.6222  
11252.1239  
11319.582  
11352.39259  
11296.72733  
11252.82042  
11292.30032  
11319.18402  
11360.76626  
11338.59095  
11340.16162  
11327.20268  
11404.97015  
11417.23825  
11381.82349  
11311.27526  
11276.07107  
11353.96499  
11386.44522  
11320.91403  
11302.69676  
11239.43693  
11241.51082  
11242.30132  
11310.87018  
11384.91696  
11398.49449  
11297.85923  
11242.66631  
11342.4481  
11386.58332  
11329.48575  
11265.01507  
11258.43852  
11321.01104  
11397.51805  
11425.13562  
11359.09616  
11258.32129  
11251.6536  
11347.87889  
11401.8371  
11355.29618  
11301.32362  
11253.19303  
11342.05001  
11377.94734  
11327.62936  
11289.44749  
11265.75441  
11287.80946  
11282.08151  
11303.69912  
11349.79949  
11361.60519  
11356.71461  
11311.66288  
11237.42282  
11312.42468  
11407.34052  
11333.20483  
11303.78019  
11243.93978  
11323.37899  
11423.99715  
11363.13768  
11357.04697  
11374.53835  
11362.84  
11393.88234  
11384.37776  
11376.5447  
11397.82427  
11355.84337  
11314.98182  
11305.12771  
11301.23718  
11267.91164  
11242.36023  
11272.99003  
11261.15562  
11322.34268  
11371.17025  
11338.43211  
11320.63787  
11301.87913  
11272.78243  
11284.68197  
11338.81661  
11354.85991  
11331.23371  
11316.84786  
11280.04265  
11313.32434  
11353.38308  
