10703.58738  
10650.57949  
10584.78304  
10532.65046  
10572.36264  
10559.87359  
10535.23193  
10525.8366  
10459.11194  
10429.96637  
10371.65465  
10353.78979  
10419.90326  
10495.10858  
10564.43317  
10585.27071  
10623.1245  
10674.97999  
10732.30727  
10738.38328  
10750.55089  
10750.37971  
10702.7386  
10664.99048  
10622.06511  
10631.85665  
10610.64319  
10611.27167  
10575.22728  
10536.15095  
10538.56588  
10539.54891  
10505.69375  
10534.85102  
10524.71417  
10526.13957  
10561.87339  
10548.59443  
10599.94535  
10591.65833  
10562.20977  
10526.09679  
10487.65243  
10485.34916  
10420.75533  
10484.65525  
10539.73142  
10597.91168  
10634.84825  
10659.82559  
10676.1804  
10595.23515  
10580.63184  
10562.17542  
10606.17795  
10581.87942  
10608.62424  
10675.72801  
10717.06555  
10706.71677  
10623.49534  
10557.61509  
10597.38163  
10561.31356  
10446.48856  
10388.12326  
10362.97691  
10468.62498  
10541.81149  
10559.44485  
10454.72482  
10473.87938  
10474.56453  
10470.37586  
10496.76591  
10511.14872  
10523.49531  
10526.9487  
10480.94317  
10474.04547  
10460.23775  
10564.05706  
10630.97283  
10719.21253  
10723.11478  
10699.97506  
10661.5129  
10621.58818  
10560.59567  
10485.17901  
10465.71776  
10496.05052  
10451.56493  
10469.94455  
10518.7657  
10515.50926  
10547.03152  
10554.77195  
10573.50422  
10576.94075  
10624.20403  
10628.20255  
10654.15968  
10663.45906  
10607.51209  
10519.85295  
10481.06629  
10511.44779  
10547.59262  
10571.41832  
10534.96967  
10553.35193  
10568.7863  
10584.31887  
10593.09138  
10637.77458  
10672.63338  
10665.59196  
10650.5318  
10568.25704  
10514.75232  
10485.52138  
10456.94156  
10479.30531  
10439.07955  
10544.83451  
10548.07904  
10573.06528  
10548.36584  
10508.07773  
10560.32785  
10598.19545  
10679.78619  
10732.43544  
10637.11566  
10583.60961  
10605.60997  
10547.01366  
10534.28313  
10466.94645  
10430.02305  
10472.37514  
10451.49419  
10507.21675  
10485.38304  
10519.39498  
10563.9454  
10591.9969  
10612.42451  
10542.93072  
10541.98118  
10480.182  
10469.36521  
10513.22021  
10527.8706  
10496.14989  
10436.87447  
10444.17922  
10489.3685  
10533.80706  
10589.81657  
10617.10876  
10594.28469  
10582.80782  
10564.65707  
10594.48021  
10558.42807  
10629.70591  
10646.69804  
10766.64121  
10826.35785  
10749.044  
10683.06908  
10567.12108  
10436.65762  
10395.33268  
10317.8119  
10430.52981  
10542.63353  
10550.90356  
10594.00302  
10561.10141  
10543.15429  
10536.25283  
10552.29747  
10620.87369  
10663.33953  
10671.96238  
10653.09298  
10625.22489  
10549.31272  
10472.41196  
10502.75324  
10510.38941  
10475.20962  
10504.99399  
10522.89031  
10577.48714  
10600.97885  
10612.58067  
10601.24966  
10629.67173  
10665.75048  
10647.89644  
10626.007  
10512.31146  
10381.5949  
10370.57967  
10384.50297  
10375.32559  
10442.45356  
10584.61371  
10635.66919  
10645.38945  
10613.70281  
10637.99869  
10603.49508  
10622.77857  
10619.00858  
10635.60962  
10647.19863  
10608.34685  
10520.23622  
10509.60348  
10492.88108  
10517.48146  
10535.98545  
10478.25172  
10437.84957  
10447.90518  
10525.22452  
10549.76264  
10582.70692  
10552.74008  
10541.79565  
10554.47727  
10586.23831  
10656.63339  
10672.12285  
10659.60553  
10632.38799  
10620.96694  
10527.59277  
10395.67616  
10435.17511  
10436.0504  
10437.05431  
10473.71328  
10518.38934  
10554.81962  
10605.72986  
10687.80039  
10666.11584  
10707.83464  
10624.58397  
10544.45037  
10517.99764  
10505.28217  
10541.79477  
10596.98591  
10623.01965  
10639.35461  
10654.28575  
10648.08876  
10590.06158  
10599.41575  
10553.93095  
10552.1745  
10607.15725  
10633.26811  
10633.71916  
10545.59133  
10468.37301  
10449.87828  
10428.42287  
10464.42376  
10506.15209  
10524.48115  
10537.81317  
10527.16568  
10501.83292  
10527.22267  
10578.75998  
10692.32931  
10751.86421  
10696.13269  
10626.35724  
10579.74344  
10545.06139  
10509.17933  
10453.49056  
10384.46501  
10390.5296  
10372.21999  
10428.89038  
10459.5362  
10476.52755  
10566.4048  
10556.18498  
10603.34013  
10586.40098  
10618.85884  
10650.17999  
10634.63019  
10602.21447  
10610.5489  
10579.76318  
10579.56362  
10562.89109  
10585.01502  
10600.94236  
10591.92107  
10577.24717  
10572.64602  
10629.01888  
10529.15469  
10462.47637  
10483.58088  
10551.77935  
10533.6524  
10509.8698  
10543.07971  
10561.87397  
10657.73385  
10653.60211  
10648.89779  
10692.02497  
10614.23048  
10583.96155  
10484.83911  
10391.4805  
10377.0281  
10460.00398  
10568.78015  
10639.53375  
10709.32756  
10661.8722  
10613.68032  
10507.28173  
10492.59092  
10539.06117  
10539.85208  
10535.77394  
10567.87458  
10543.35002  
10475.47335  
10417.09904  
10514.49589  
10531.04441  
10605.61499  
10543.99382  
10613.76902  
10698.23789  
10649.19173  
10695.98222  
10707.9129  
10656.0517  
10708.02166  
10617.84676  
10596.171  
10555.95844  
10563.6848  
10435.16004  
10337.3946  
10326.21544  
10390.21782  
10408.98025  
10376.43023  
10403.07552  
10432.19586  
10489.38869  
10509.55875  
10542.43224  
10581.74271  
10576.93208  
10569.50481  
10607.88016  
10670.89099  
10682.28611  
10647.69374  
10559.4082  
10502.10122  
10485.21971  
10531.38498  
10568.93723  
10600.80027  
10589.29624  
10568.36248  
10557.38919  
10492.69141  
10511.33274  
10597.36985  
10646.37404  
10661.41319  
10736.89871  
10665.87519  
10634.97372  
10594.69519  
10532.48406  
10596.08641  
10602.90902  
10607.90178  
10696.5832  
10665.88514  
10560.92952  
10527.99551  
10504.08815  
10469.16584  
10487.58294  
10485.97264  
10546.641  
10515.33135  
10422.60356  
10385.91601  
10413.7456  
10428.87482  
10512.32976  
10569.37349  
10604.14936  
10710.20653  
10654.68799  
10590.12285  
10554.147  
10593.04084  
10593.31016  
10615.20957  
10609.96931  
10673.88949  
10699.62353  
10659.45422  
10609.63187  
10485.44763  
10398.5687  
10319.25596  
10307.19855  
10352.20407  
10382.55812  
10422.74835  
10437.01875  
10491.37733  
10423.72986  
10562.92906  
10590.02946  
10617.40546  
10622.49023  
10649.22346  
10677.51247  
10666.72119  
10645.68562  
10576.69931  
10598.3984  
10524.17053  
10515.47084  
10585.2703  
10683.98016  
10711.57229  
10704.23571  
10650.58795  
10598.52048  
10605.42144  
10530.77226  
10444.96847  
10474.40153  
10455.12664  
10430.52159  
10443.74867  
10461.57097  
10516.5709  
10523.88876  
10639.04011  
10677.68802  
10768.86519  
10740.52505  
10650.8626  
10558.02251  
10518.92249  
10548.05053  
10565.76451  
10588.63823  
10606.44697  
10591.7471  
10620.17099  
10576.54902  
10518.13146  
10557.35587  
10605.05219  
10640.48477  
10575.64402  
10454.04659  
10404.21846  
10451.84281  
10462.51366  
10483.07651  
10492.05119  
10516.0754  
10589.9827  
10594.62437  
10607.46102  
10633.55175  
10616.41652  
10691.70011  
10670.4202  
10644.15308  
10607.50309  
10632.02572  
10672.5047  
10649.97632  
10649.09164  
10567.78437  
10477.02162  
10454.1494  
10509.3783  
10472.01548  
10407.46377  
10568.8766  
10510.45163  
10531.5116  
10522.37216  
10541.09327  
10544.4036  
10544.04684  
10497.85845  
10512.62005  
10487.75862  
10551.31044  
10556.62653  
10581.11185  
10574.42816  
10545.36416  
10543.88533  
10516.87015  
10545.21829  
10474.6  
10487.28716  
10579.19153  
10597.98954  
10603.00167  
10605.30876  
10627.84291  
10673.9001  
10665.91244  
10716.85923  
10731.91509  
10769.10654  
10721.1153  
10618.47483  
10407.31648  
10414.09866  
10488.51659  
10528.92848  
10493.53696  
10526.55141  
10584.10477  
10578.83807  
10585.49084  
10548.91234  
10569.29947  
10541.15867  
10582.47276  
10601.0993  
10573.89187  
10492.12144  
10375.66304  
10398.75902  
10382.47212  
10496.53847  
10532.14609  
10530.25467  
10518.67802  
10506.61157  
10567.97515  
10628.42286  
10640.21167  
10620.29193  
10613.83796  
10600.66659  
10604.28837  
10534.58644  
10526.01994  
10524.82199  
10429.73665  
10511.87962  
10503.23574  
10545.02398  
10564.28279  
10517.91963  
10521.04878  
10489.02333  
10548.62018  
10629.26436  
10641.78838  
10728.01625  
10774.27877  
10825.71824  
10712.18413  
10568.74472  
10393.39049  
10330.65581  
10383.26815  
10419.77444  
10500.4575  
10505.84232  
10554.01082  
10628.3222  
10676.35302  
10656.95722  
10659.70559  
10598.06952  
10558.75809  
10546.91756  
10548.33468  
10485.74914  
10577.92395  
10607.36212  
10591.94258  
10593.67119  
10605.6702  
10587.26231  
10588.1159  
10627.90609  
10666.14069  
10663.48996  
10642.09833  
10613.50548  
10643.77255  
10493.74176  
10404.21676  
10370.97636  
10236.90543  
10277.69152  
10395.96471  
10417.12055  
10495.72869  
10554.49105  
10554.07047  
10494.19146  
10533.95857  
10529.14307  
10514.21329  
10464.12852  
10458.87153  
10468.57057  
10521.87964  
10556.56966  
10513.95642  
10547.63555  
10594.77675  
10550.84256  
10554.29342  
10529.82841  
10534.02347  
10565.55027  
10585.09906  
10579.14153  
10606.86137  
10632.78221  
10636.23611  
10669.84584  
10606.42011  
10593.3745  
10646.34108  
10743.24779  
10872.33396  
10811.8454  
10667.63945  
10513.90238  
10525.08027  
10547.76288  
10569.70417  
10466.75747  
10467.38602  
10490.61245  
10510.34071  
10575.97612  
10636.05817  
10624.81803  
10578.32689  
10507.91556  
10426.62145  
10366.19984  
10410.06874  
10485.48453  
10513.97919  
10566.07641  
10601.85814  
10578.47379  
10605.24854  
10659.35649  
10631.15673  
10623.01407  
10526.95967  
10505.37616  
10527.20767  
10560.61606  
10587.89769  
10555.11359  
10592.90317  
10604.0906  
10695.88762  
10772.45269  
10763.35115  
10696.80328  
10621.75072  
10552.23661  
10563.37774  
10605.96846  
10559.9734  
10503.82747  
10449.33561  
10506.31884  
10487.72262  
10426.37481  
10449.64643  
10460.82583  
10453.59941  
10472.81678  
10622.02318  
10577.47555  
10526.25836  
10513.94631  
10484.29732  
10511.09141  
10588.76438  
10655.53534  
10622.15454  
10631.20905  
10529.82747  
10574.88018  
10504.34923  
10585.90632  
10628.64934  
10632.85716  
10648.1005  
10512.24003  
10490.58191  
10540.07548  
10551.41402  
10571.69528  
10568.67873  
10561.59502  
10602.313  
10662.97439  
10698.83442  
10656.29382  
10597.81956  
10504.15686  
10499.71977  
10614.7099  
10581.15075  
10586.95603  
10517.54547  
10503.5139  
10487.72394  
10528.12864  
10610.54063  
10625.82318  
10615.7348  
10658.56175  
10638.28162  
10659.9927  
10616.92184  
10618.19655  
10561.93799  
10533.97902  
10526.46809  
10525.33172  
10553.12404  
10560.11653  
10528.31838  
10552.66455  
10591.5863  
10568.70128  
10475.34187  
10424.48516  
10383.50335  
10375.53872  
10396.08064  
10479.16773  
10513.43413  
10572.45763  
10559.77261  
10536.46061  
10507.66651  
10441.35429  
10416.10284  
10406.7408  
10494.87549  
10585.55349  
10574.85313  
10651.7541  
10608.89448  
10469.09332  
10353.29986  
10391.6093  
10428.14065  
10515.85997  
10550.50661  
10632.75907  
10710.73324  
10801.6179  
10699.58391  
10715.17019  
10663.22838  
10587.39627  
10489.98711  
10472.18745  
10521.95274  
10554.91485  
10584.58255  
10537.53393  
10549.0307  
10568.36309  
10638.63594  
10591.64925  
10657.8761  
10623.15425  
10609.2712  
10589.3818  
10630.14822  
10657.7661  
10628.40285  
10705.99439  
10676.33297  
10595.15652  
10583.40694  
10489.76839  
10498.91369  
10466.20572  
10493.45645  
10470.60172  
10531.95324  
10515.72845  
10526.20664  
10521.77834  
10456.16512  
10361.61191  
10331.19221  
10471.67431  
10591.1233  
10659.26837  
10709.0025  
10674.23081  
10618.65481  
10599.43227  
10625.31364  
10609.63117  
10750.50363  
10822.52463  
10807.76151  
10748.41997  
10597.96353  
10536.15663  
10421.5814  
10408.17046  
10423.39487  
10390.6325  
10441.86942  
10442.49503  
10478.53817  
10531.82204  
10591.71728  
10609.5776  
10566.48524  
10521.9811  
10482.322  
10515.14701  
10524.10672  
10580.7427  
10597.69782  
10575.78432  
10514.71406  
10504.98381  
10486.31851  
10517.07694  
10513.90853  
10541.45639  
10573.0205  
10605.86407  
10621.45604  
10582.83236  
10555.92715  
10558.72574  
10502.96913  
10505.82079  
10483.35721  
10525.45917  
10539.63014  
10596.07799  
10592.79261  
10601.09061  
10577.0811  
10625.31321  
10641.37745  
10620.73873  
10685.73413  
10657.48371  
10650.66534  
10525.74712  
10457.84303  
10456.16562  
10458.70999  
10520.89658  
10570.90576  
10639.71033  
10548.03947  
10483.7091  
10487.61971  
10505.35385  
10553.85714  
10541.96535  
10563.28714  
10559.69913  
10555.77859  
10637.16507  
10713.76401  
10730.09245  
10651.94214  
10550.02327  
10478.01526  
10447.5731  
10487.41743  
10549.0056  
10554.57586  
10488.04006  
10436.58767  
10371.57681  
10419.37254  
10577.1414  
10648.23952  
10628.94295  
10581.37891  
10533.82047  
10500.83162  
10535.19258  
10657.0946  
10724.42029  
10715.47476  
10709.97618  
10604.68221  
10591.88373  
10599.65158  
10638.50081  
10582.44764  
10509.97955  
10433.12496  
10447.31086  
10498.65206  
10587.39779  
10584.68516  
10559.43489  
10415.95191  
10444.89689  
10625.35032  
10535.03936  
10686.53444  
10720.1251  
10683.30322  
10553.58195  
10431.20122  
10436.10151  
10503.46154  
10498.54981  
10517.27174  
10439.45275  
10395.31279  
10509.56089  
10515.99308  
10357.75149  
10441.0147  
10704.01905  
10734.1126  
10781.12299  
10710.27819  
10614.69545  
10411.45123  
10445.19632  
10419.1301  
10454.66913  
10475.98164  
10488.10974  
10451.60118  
10454.27921  
10487.31195  
10508.90317  
10571.30172  
10548.34018  
10561.3193  
10573.53086  
10594.13344  
10614.1619  
10545.17852  
10547.6971  
10536.8767  
10472.07657  
10471.42843  
10587.65583  
10625.60321  
10607.30033  
10641.8198  
10621.19671  
10611.77852  
10660.22876  
10679.87339  
10705.63658  
10707.71694  
10622.48013  
10471.45747  
10563.15746  
10619.26236  
10558.85574  
10536.65925  
10575.70071  
10605.26382  
10543.72678  
10510.55563  
10538.78067  
10494.38422  
10526.6275  
10545.09735  
10570.60721  
10596.28515  
10621.4521  
10605.55018  
10621.75361  
10612.65066  
10551.44659  
10456.22286  
10371.73892  
10508.44078  
10558.24241  
10622.98963  
10611.61393  
10647.74426  
10660.15586  
10633.59301  
10663.9719  
10624.6698  
10537.79195  
10546.33067  
10511.22806  
10441.97432  
10410.12072  
10393.6617  
10426.97926  
10507.38901  
10583.40451  
10618.16471  
10669.24037  
10694.26049  
10702.75253  
10555.51626  
10452.4335  
10424.01284  
10389.50793  
10495.2229  
10532.21453  
10512.60862  
10548.90181  
10552.88756  
10552.06885  
10562.1763  
10557.50588  
10556.09322  
10545.72027  
10583.7093  
10649.24711  
10629.41932  
10579.5335  
10570.02011  
10625.28627  
10586.87259  
10572.80128  
10554.3564  
10573.3193  
10580.67793  
10576.83402  
10529.78681  
10528.2177  
10497.41263  
10467.91162  
10539.66546  
10571.10355  
10631.23217  
10638.975  
10584.43581  
10434.27471  
10429.04194  
10540.9156  
10572.58221  
10617.71959  
10631.41557  
10684.06674  
10674.8319  
10671.13696  
10569.40639  
10395.40877  
10404.90148  
10512.09399  
10503.39111  
10524.54078  
10547.30074  
10538.0117  
10633.22784  
10654.32555  
10640.79764  
10608.74135  
10522.67362  
10474.04662  
10503.34973  
10587.16127  
10630.47253  
10667.53024  
10598.42944  
10547.50511  
10469.07922  
10522.17718  
10591.14502  
10635.94969  
10596.54545  
10492.7383  
10449.49343  
10584.92953  
10591.35465  
10573.27417  
10522.63071  
10495.92686  
10500.85225  
10538.8063  
10600.86064  
10613.5904  
10593.933  
10537.12601  
10465.7602  
10430.10403  
10443.93158  
10498.29712  
10460.59333  
10515.22584  
10514.37189  
10570.60153  
10553.87528  
10516.54885  
10577.89079  
10607.75421  
10593.91924  
10569.27486  
10528.71945  
10514.44775  
10561.46788  
10665.03381  
10672.92956  
10637.64533  
10610.10835  
10555.01373  
10582.83876  
10631.0967  
10591.09745  
10633.62072  
10619.25665  
10631.46468  
10654.8614  
10643.30072  
10591.1278  
10649.8763  
10607.88975  
10551.69654  
10586.05048  
10607.20989  
10573.90535  
10635.35762  
10655.13411  
10570.84525  
10584.42427  
10554.88085  
10534.56554  
10475.94145  
10380.90721  
10377.54126  
10455.49632  
10459.83576  
10554.61546  
10510.90125  
10522.45078  
10546.70665  
10590.65317  
10522.94509  
10494.08754  
10461.04291  
10391.6494  
10426.79552  
10439.65923  
10463.3683  
10519.45329  
10564.09456  
10597.27616  
10622.61679  
10578.5777  
10536.08095  
10593.27609  
10603.28075  
10562.19759  
10497.91655  
10491.18977  
10424.36298  
10487.3613  
10458.72918  
10520.97657  
10532.71667  
10546.09424  
10575.41337  
10644.51156  
10694.60412  
10668.91753  
10658.97197  
10667.76532  
10641.48117  
10616.30088  
10625.27353  
10657.02603  
10654.58603  
10622.58181  
10552.19104  
10568.70059  
10502.05968  
10501.50961  
10497.3934  
10502.62212  
10571.17207  
10559.42279  
10593.46324  
10592.27017  
10630.2288  
10650.71993  
10673.24085  
10630.41287  
10595.92816  
10527.17793  
10459.99907  
10502.34899  
10523.45067  
10532.30149  
10473.53673  
10458.15678  
10471.43863  
10486.46923  
10503.51796  
10543.81736  
10584.0917  
10622.93009  
10671.62044  
10673.16944  
10614.05422  
10657.81605  
10641.25163  
10647.27686  
10593.40294  
10514.75078  
10549.0839  
10533.42436  
10465.86105  
10404.80065  
10481.88887  
10557.7495  
10615.60253  
10485.76053  
10518.55765  
10492.45082  
10581.05387  
10613.26316  
10608.10182  
10598.72305  
10567.18638  
10571.25466  
10634.03842  
10603.60922  
10627.45134  
10585.96617  
10538.56529  
10540.19421  
10546.22536  
10516.42658  
10506.88723  
10531.65332  
10529.9679  
10560.63704  
10533.0258  
10501.55969  
10566.54776  
10595.35804  
10634.24849  
10665.64625  
10611.68207  
10545.11423  
10458.32927  
10501.56547  
10569.94949  
10568.50674  
10546.13714  
10508.9939  
10476.17243  
10465.90002  
10581.40421  
10595.68524  
10580.95409  
10604.34228  
10600.39651  
10556.72201  
10495.20491  
10478.96639  
10543.73419  
10575.0288  
10612.29543  
10571.77914  
10556.05875  
10513.5741  
10546.78845  
10558.67435  
10568.78466  
10561.84391  
10572.1323  
10634.60973  
10629.92751  
10599.06808  
10541.84062  
10476.15873  
10520.75269  
10576.36855  
10619.24351  
10603.09068  
10544.16142  
10472.07785  
10379.09017  
10305.64321  
10408.50879  
10500.35818  
10535.61892  
10530.22368  
10544.59792  
10582.09887  
10601.50978  
10560.6539  
10664.06176  
10677.85117  
10668.33148  
10664.50082  
10614.9552  
10643.14756  
10656.35108  
10593.39931  
10521.17419  
10404.65697  
10360.08648  
10382.04256  
10514.13363  
10511.48339  
10545.93759  
10552.04383  
10546.82185  
10502.15947  
10530.36252  
10496.20921  
10558.49798  
10556.85424  
10557.96472  
10585.5334  
10639.58143  
10689.63749  
10774.97245  
10741.35772  
10654.67808  
10587.66512  
10560.67773  
10520.35203  
10504.14343  
10537.57742  
10571.9009  
10507.4487  
10492.35792  
10548.34371  
10626.18339  
10523.87207  
10573.26813  
10582.18296  
10560.36955  
10564.17604  
10577.58353  
10570.07328  
10541.11455  
10533.02765  
10536.18122  
10577.32464  
10621.32554  
10602.16249  
10561.67576  
10558.04605  
10565.68428  
10567.05516  
10575.35342  
10536.9719  
10513.57169  
10509.92309  
10515.32237  
10463.05411  
10427.67863  
10411.58185  
10479.95276  
10609.16842  
10681.22607  
10657.73455  
10569.41151  
10511.75979  
10511.7076  
10527.4319  
10517.91023  
10559.95569  
10607.59024  
10604.51011  
10656.11113  
10678.69528  
10665.28835  
10618.88568  
10556.26298  
10562.23376  
10579.32286  
10620.91054  
10660.10756  
10621.94011  
10545.12887  
10442.37844  
10409.57713  
10481.88423  
10589.18632  
10589.29714  
10552.28764  
10550.51039  
10550.28017  
10515.84316  
10492.40455  
10468.02816  
10519.03563  
10565.42022  
10680.66599  
10722.85314  
10702.07668  
10627.33902  
10568.27777  
10476.9179  
10439.61349  
10380.69315  
10425.81411  
10488.45802  
10535.62784  
10568.85238  
10558.63466  
10583.19142  
10606.38103  
10661.68023  
10647.49792  
10505.52359  
10498.84566  
10504.94922  
10526.89123  
10561.36895  
10517.23392  
10625.3107  
10664.16898  
10647.90309  
10626.65306  
10578.829  
10518.07855  
10504.75305  
10509.55811  
10490.83493  
10502.32102  
10485.63334  
10542.80635  
10582.41438  
10582.57438  
10639.36844  
10696.23936  
10693.66783  
10671.68715  
10662.17975  
10547.40661  
10491.3356  
10431.71008  
10485.06397  
10428.70554  
10357.58358  
10412.59167  
10354.76194  
10334.7731  
10363.15034  
10535.32033  
10610.12256  
10605.53021  
10653.09949  
10709.73308  
10680.94405  
10608.57826  
10604.65116  
10627.86402  
10676.04976  
10712.79453  
10716.13693  
10706.61507  
10591.21177  
10467.84737  
10376.64678  
10470.2331  
10567.14221  
10606.16763  
10517.07952  
10431.22553  
10464.37165  
10487.33388  
10420.59104  
10535.34975  
10459.96829  
10535.66634  
10546.92973  
10583.74276  
10566.67932  
10572.40626  
10604.27869  
10583.48743  
10608.87435  
10591.98194  
10596.46052  
10610.89794  
10674.89956  
10662.14173  
10667.18361  
10588.24904  
10493.39888  
10534.40549  
10585.37485  
10568.72585  
10530.09365  
10522.40686  
10561.78424  
10483.26217  
10484.47019  
10506.99059  
10571.3775  
10669.12276  
10702.75898  
10661.87807  
10552.43607  
10493.82476  
10511.29167  
10567.58623  
10580.02677  
10594.4394  
10585.10099  
10557.27202  
10609.16579  
10605.10235  
10566.87795  
10442.27849  
10485.63318  
10551.84232  
10617.57359  
10585.89638  
10613.66845  
10669.27348  
10629.20624  
10616.85096  
10673.89705  
10675.36736  
10599.37424  
10475.60034  
10483.09941  
10440.56918  
10644.35969  
10501.09044  
10544.69853  
10571.8973  
10621.94112  
10588.61398  
10636.57189  
10506.07124  
10451.60971  
10410.74437  
10448.4651  
10501.19454  
10529.22591  
10505.17888  
10533.60767  
10489.88995  
10461.02893  
10414.64033  
10421.29596  
10437.62274  
10485.31676  
10510.51264  
10522.54379  
10546.92091  
10581.05452  
10570.41302  
10596.41892  
10607.80443  
10558.27868  
10586.30964  
10589.15775  
10560.69396  
10524.65877  
10486.57334  
10521.16758  
10569.54292  
10599.25941  
10617.56235  
10647.94092  
10626.35551  
10614.80165  
10548.50091  
10525.17304  
10560.28724  
10638.56434  
10686.53057  
10661.14257  
10629.41348  
10596.02563  
10589.29477  
10596.03026  
10604.81505  
10592.03363  
10702.10677  
10603.83965  
10538.96956  
10412.88035  
10450.12402  
10421.70232  
10427.92665  
10436.70486  
10484.9584  
10603.45827  
10625.40247  
10586.17981  
10534.27311  
10605.94218  
10670.17878  
10640.85911  
10556.25838  
10493.09681  
10500.27918  
10560.57108  
10548.7643  
10560.4535  
10622.22354  
10641.38554  
10589.44699  
10567.27206  
10536.62698  
10599.56408  
10589.78677  
10537.57089  
10498.67124  
10593.18806  
10565.31989  
10539.61184  
10501.26143  
10473.57788  
10451.44951  
10473.82611  
10538.53106  
10597.02017  
10641.10805  
10663.36551  
10705.61803  
10729.14831  
10607.63433  
10582.8909  
10560.29633  
10582.50688  
10615.47553  
10669.06434  
10689.12612  
10632.13483  
10513.34039  
10374.41228  
10345.86652  
10326.80804  
10406.47092  
10518.554  
10527.868  
10573.14477  
10626.49647  
10692.98216  
10695.74047  
10633.85328  
10482.13675  
10365.0658  
10343.57066  
10422.12226  
10524.24312  
10536.58837  
10547.74101  
10617.44168  
10618.21649  
10665.8593  
10681.05292  
10717.39725  
10640.80757  
10517.81493  
10492.76259  
10526.56855  
10536.17057  
10581.47308  
10630.97063  
10614.6606  
10486.34353  
10389.35191  
10481.59553  
10572.2697  
10608.53131  
10658.22203  
10679.37153  
10658.01648  
10541.99384  
10334.72553  
10233.40244  
10272.2369  
10388.43377  
10417.00946  
10473.33192  
10516.74165  
10553.59207  
10585.04513  
10639.09559  
10609.5132  
10599.69002  
10574.05072  
10604.51107  
10668.56036  
10675.44417  
10699.35168  
10687.87016  
10706.16566  
10655.02516  
10651.65483  
10628.30301  
10685.96252  
10632.17068  
10600.83198  
10693.6613  
10666.94104  
10600.5753  
10625.88468  
10558.26354  
10580.25649  
10631.77285  
10529.35057  
10368.70341  
10272.46756  
10318.15617  
10343.52952  
10404.3315  
10418.84465  
10489.772  
10534.00677  
10537.62101  
10538.29983  
10589.39364  
10602.64123  
10630.48126  
10590.36577  
10608.64205  
10683.25139  
10680.6138  
10724.83453  
10752.65689  
10707.41939  
10597.9097  
10501.55829  
10545.71807  
10542.7193  
10485.28559  
10495.21607  
10441.06205  
10423.8007  
10533.27367  
10590.6911  
10645.71159  
10642.9296  
10634.1155  
10642.71722  
10646.98742  
10664.66519  
10660.75185  
10604.63888  
10243.47922  
10404.91716  
10393.56962  
10476.98315  
10546.61683  
10645.69342  
10692.43826  
10536.95782  
10444.23533  
10416.15219  
10405.234  
10382.97518  
10363.24693  
10405.82524  
10467.68507  
10540.16385  
10556.01734  
10551.92191  
10559.0326  
10563.33587  
10576.39708  
10592.75732  
10553.69331  
10595.21271  
10603.02664  
10616.39845  
10569.596  
10557.88614  
10559.12219  
10564.88327  
10537.7909  
10595.00455  
10655.25643  
10651.14121  
10504.75195  
10408.78924  
10421.23821  
10489.13661  
10624.45503  
10695.28752  
10686.87655  
10659.80597  
10604.62048  
10634.2305  
10598.35697  
10568.7407  
10566.14032  
10556.06309  
10585.01601  
10580.13869  
10646.22443  
10690.75418  
10700.47869  
10630.73129  
10593.88779  
10591.4604  
10586.40723  
10566.37229  
10567.26529  
10567.15302  
10603.47386  
10690.09854  
10721.93008  
10704.05552  
10643.84618  
10664.8612  
10616.67262  
10546.55269  
10429.44364  
10331.03857  
10425.31648  
10461.03729  
10413.88766  
10527.55492  
10625.66837  
10556.09343  
10459.66241  
10436.11691  
10402.96663  
10430.3749  
10456.4805  
10548.25586  
10515.09171  
10399.00559  
10398.41959  
10444.44287  
10490.77992  
10454.48607  
10519.62963  
10578.42314  
10663.33935  
10739.75802  
10684.41393  
10611.14559  
10469.38484  
10449.09322  
10548.56918  
10562.55452  
10589.23829  
10595.57383  
10561.83769  
10526.79314  
10524.58098  
10502.95463  
10424.82443  
10492.99333  
10636.81006  
10607.5855  
10633.46477  
10716.18447  
10656.61017  
10570.23903  
10609.63035  
10656.87693  
10656.23805  
10635.9023  
10657.2067  
10681.07578  
10672.88776  
10647.79358  
10628.07968  
10509.16122  
10445.73971  
10470.64742  
10569.46924  
10550.26691  
10579.31381  
10605.03513  
10577.75237  
10523.56927  
10547.84703  
10505.21207  
10479.46047  
10526.03129  
10592.01212  
10617.78214  
10591.17645  
10647.70291  
10668.55215  
10598.28633  
10541.34967  
10508.81131  
10380.5613  
10344.67457  
10428.75951  
10523.02369  
10590.40949  
10550.2188  
10577.62349  
10555.23551  
10500.83577  
10518.60496  
10745.48872  
10634.67238  
10532.49501  
10505.74846  
10497.52113  
10540.62559  
10630.7618  
10649.67619  
10534.60958  
10531.63703  
10531.06218  
10511.27601  
10462.54782  
10405.48348  
10420.34636  
10526.65259  
10530.56414  
10607.98824  
10635.15592  
10642.53044  
10649.0548  
10647.89427  
10630.46966  
10534.47784  
10435.05823  
10364.23388  
10518.82083  
10561.73156  
10652.99522  
10570.23915  
10514.55202  
10480.07419  
10498.89734  
10495.52093  
10561.35194  
10634.4173  
10639.93029  
10629.35511  
10517.7812  
10482.83792  
10554.40839  
10555.75899  
10554.98376  
10563.9371  
10577.38701  
10600.92365  
10629.95403  
10666.82227  
10627.641  
10701.47354  
10717.51718  
10605.07892  
10475.76657  
10414.27914  
10298.63675  
10390.30628  
10422.5232  
10459.21645  
10476.25492  
10498.97256  
10560.56687  
10583.60393  
10632.09834  
10703.41737  
10698.64343  
10652.44899  
10580.16462  
10562.8123  
10592.02197  
10595.37209  
10596.99373  
10613.48718  
10645.25345  
10671.5664  
10610.84516  
10602.64755  
10574.01397  
10561.93685  
10634.92639  
10730.26186  
10730.86199  
10686.23244  
10566.98566  
10455.9709  
10456.32233  
10446.84862  
10436.30821  
10483.88839  
10581.62161  
10603.77215  
10611.03828  
10606.96295  
10555.01571  
10583.66293  
10556.31489  
10601.50816  
10567.81522  
10504.65171  
10412.03658  
10376.04797  
10464.44955  
10494.4133  
10434.23596  
10371.86913  
10372.51479  
10393.84517  
10342.64223  
10354.04535  
10459.43976  
10495.98611  
10538.48017  
10596.91523  
10664.0875  
10707.93166  
10749.93962  
10714.56612  
10709.87951  
10697.79301  
10655.44383  
10562.33299  
10499.50719  
10493.5851  
10570.76042  
10568.09839  
10544.06567  
10514.23569  
10550.34897  
10550.49134  
10596.61621  
10604.05757  
10634.12274  
10625.26247  
10640.79798  
10638.67997  
10583.26752  
10489.91071  
10414.76168  
10460.51072  
10481.61583  
10484.13894  
10495.55228  
10475.39502  
10536.88542  
10540.58699  
10609.58447  
10619.95748  
10658.67311  
10719.2034  
10725.20116  
10659.03247  
10635.50648  
10540.41814  
10482.32837  
10510.25221  
10506.39659  
10552.5118  
10607.65843  
10589.07309  
10536.37933  
10530.39873  
10536.42724  
10564.20564  
10560.09356  
10462.6856  
10563.65744  
10553.84707  
10496.66916  
10499.45596  
10465.00146  
10453.68698  
10531.95666  
10550.67183  
10599.87219  
10634.94643  
10621.44767  
10583.59886  
10548.06415  
10634.7555  
10617.20715  
10546.63796  
10608.85896  
10582.53617  
10560.68284  
10529.19702  
10485.57678  
10591.50698  
10618.45526  
10637.49554  
10652.11799  
10615.6163  
10558.51306  
10577.00509  
10630.37792  
10621.0051  
10627.59435  
10606.42956  
10576.10358  
10520.85675  
10418.65739  
10556.80949  
10537.21005  
10567.92701  
10571.68152  
10685.83398  
10701.38732  
10559.42194  
10456.71474  
10483.8692  
10411.19656  
10414.73304  
10396.89547  
10414.1051  
10509.07973  
10544.0925  
10529.3625  
10503.29179  
10451.66074  
10490.02099  
10479.3863  
10449.85797  
10461.50766  
10502.72989  
10499.0723  
10423.58272  
10517.64744  
10583.92124  
10608.19728  
10632.35436  
10650.87532  
10672.55842  
10659.45299  
10665.98668  
10594.46439  
10583.69111  
10665.8741  
10683.73752  
10677.363  
10641.99755  
10619.89235  
10546.11513  
10602.19954  
10550.73947  
10511.63812  
10528.71802  
10514.12937  
10521.62039  
10540.24989  
10539.16344  
10539.15872  
10620.01631  
10641.134  
10696.0471  
10631.74112  
10518.67273  
10424.50924  
10400.46365  
10429.14171  
10503.33074  
10512.88279  
10568.48779  
10580.8422  
10624.42858  
10631.85258  
10649.34053  
10601.51413  
10587.86654  
10560.85504  
10481.87571  
10427.8877  
10433.71446  
10446.32552  
10532.52872  
10565.7235  
10582.92312  
10640.95173  
10678.53707  
10737.25337  
10670.41538  
10575.6483  
10557.50007  
10486.1809  
10472.55561  
10460.83815  
10491.84278  
10539.66275  
10570.074  
10548.17353  
10500.56849  
10469.80212  
10546.00146  
10551.83746  
10530.99885  
10502.60693  
10545.75543  
10588.73771  
10618.07584  
10656.39348  
10667.72478  
10706.76305  
10693.13625  
10629.13472  
10573.19915  
10536.28956  
10480.26206  
10444.23774  
10445.24311  
10532.06461  
10566.4847  
10538.82798  
10511.36506  
10510.5098  
10534.22816  
10443.2612  
10482.04968  
10467.18752  
10617.32674  
10687.58932  
10709.27082  
10690.58993  
10647.44578  
10576.52259  
10556.30377  
10550.2086  
10458.69412  
10447.61683  
10527.81134  
10543.16824  
10612.58604  
10615.19174  
10647.08437  
10559.12519  
10581.11126  
10591.4824  
10561.23169  
10554.20203  
10598.31251  
10586.25564  
10560.96601  
10566.5859  
10560.63953  
10582.14509  
10536.70036  
10509.70957  
10636.85942  
10624.60022  
10664.18824  
10604.01272  
10519.25976  
10497.38658  
10479.07269  
10436.17346  
10401.99619  
10447.22668  
10543.80853  
10602.0182  
10604.16109  
10592.42241  
10562.78876  
10553.04598  
10559.23674  
10586.87547  
10590.73991  
10625.69979  
10550.50727  
10540.02506  
10600.99215  
10615.41876  
10653.9812  
10582.77033  
10495.73097  
10441.81657  
10367.15529  
10415.77385  
10474.00712  
10525.993  
10579.11866  
10572.74487  
10578.59667  
10610.02226  
10624.35087  
10620.76098  
10578.50683  
10584.1679  
10610.27482  
10565.99146  
10593.61311  
10531.22512  
10712.80259  
10678.62456  
10645.10473  
10634.55123  
10581.96733  
10433.39091  
10377.21408  
10420.03412  
10327.93134  
10356.25442  
10407.59015  
10455.04708  
10469.80798  
10535.36304  
10572.73625  
10582.93077  
10588.88472  
10599.54579  
10619.45164  
10647.58381  
10662.28201  
10681.2981  
10694.75316  
10592.12485  
10585.66102  
10581.90203  
10578.0019  
10584.91537  
10531.22287  
10557.46204  
10562.73974  
10530.08887  
10497.681  
10458.7918  
10600.78895  
10617.4676  
10588.04221  
10544.44869  
10501.50236  
10561.92084  
10553.69919  
10558.07636  
10650.02761  
10697.65836  
10746.02523  
10687.75516  
10600.117  
10557.50069  
10423.2787  
10324.26151  
10468.18578  
10521.28432  
10486.90733  
10482.95387  
10490.15271  
10539.85782  
10571.01708  
10540.27857  
10519.03579  
10602.04083  
10627.73069  
10697.67998  
10611.10441  
10638.32574  
10599.13058  
10603.47992  
10615.01616  
10542.97356  
10445.6636  
10527.12244  
10561.08453  
10610.60534  
10558.58453  
10577.31535  
10650.69023  
10694.71992  
10647.02856  
10493.21515  
10411.14667  
10320.49598  
10366.18606  
10400.09675  
10349.8513  
10381.97626  
10475.0762  
10570.51035  
10622.46914  
10634.85449  
10627.0071  
10577.07029  
10558.34059  
10572.67154  
10642.9991  
10645.62339  
10558.45634  
10574.74959  
10610.21003  
10658.27153  
10685.06924  
10723.29488  
10675.04238  
10643.28732  
10651.45581  
10592.15328  
10555.55925  
10587.98924  
10543.11452  
10617.01782  
10536.18285  
10602.42393  
10627.75755  
10604.72286  
10577.0384  
10511.83926  
10528.04867  
10464.29724  
10343.85758  
10274.38254  
10434.06489  
10494.36076  
10420.76872  
10601.74557  
10604.66481  
10680.63269  
10650.94806  
10659.51603  
10564.6526  
10509.58506  
10531.32189  
10488.94161  
10445.58075  
10450.8496  
10452.76222  
10460.09354  
10486.81988  
10565.59228  
10647.9053  
10690.09802  
10757.98361  
10691.37413  
10664.0523  
10634.7534  
10556.92941  
10510.12469  
10557.21442  
10613.11466  
10597.85022  
10503.94896  
10455.71577  
10540.61621  
10575.56627  
10545.09395  
10536.36854  
10578.28157  
10584.17786  
10569.13188  
10510.70345  
10446.92481  
10441.33369  
10441.26735  
10476.39335  
10554.42797  
10595.76734  
10652.54912  
10658.44059  
10620.49231  
10581.08028  
10557.13638  
10498.38738  
10431.79762  
10488.50273  
10517.33377  
10547.27513  
10583.87191  
10606.64234  
10519.53672  
10488.91229  
10544.61506  
10560.55507  
10485.60916  
10435.43094  
10436.82055  
10566.69765  
10648.15893  
10642.21666  
10641.19987  
10559.20632  
10601.55798  
10555.37061  
10561.01782  
10642.85599  
10696.85501  
10718.67256  
10686.66961  
10646.76705  
10612.45326  
10590.30364  
10548.86934  
10610.04715  
10650.33744  
10645.18783  
10618.41426  
10645.30005  
10588.13073  
10476.42363  
10459.88112  
10508.86417  
10461.40191  
10440.39379  
10416.81457  
10519.11823  
10551.08198  
10526.91609  
10514.95968  
10499.67027  
10514.25014  
10553.45749  
10628.61307  
10618.30744  
10513.70982  
10448.99593  
10464.06982  
10515.76943  
10512.12377  
10486.21705  
10485.41445  
10542.36139  
10571.44816  
10531.78981  
10494.49206  
10536.36827  
10616.24868  
10638.31892  
10616.73576  
10567.61965  
10603.28886  
10605.19544  
10530.77407  
10525.50629  
10514.45599  
10551.27553  
10485.91446  
10446.33889  
10533.61329  
10564.60095  
10625.81014  
10643.72453  
10640.24395  
10641.43852  
10610.42146  
10571.2704  
10573.50539  
10527.17326  
10395.32801  
10365.67606  
10506.73751  
10506.41639  
10553.25636  
10631.74498  
10622.6586  
10653.55362  
10655.00947  
10613.05881  
10533.82057  
10583.81034  
10566.69085  
10593.55441  
10679.44124  
10700.02459  
10693.12354  
10630.44384  
10453.63078  
10358.44801  
10463.33066  
10516.31246  
10505.45326  
10565.85522  
10589.39677  
10607.79876  
10643.47963  
10622.35468  
10654.47295  
10583.09659  
10494.84106  
10453.1854  
10420.40959  
