11159.59231  
11082.71997  
11118.3363  
11140.33972  
11125.56393  
11229.03563  
11244.5689  
11184.11859  
11174.02162  
11157.14521  
11142.93244  
11144.40063  
11184.20768  
11216.28499  
11197.10866  
11188.26789  
11177.51413  
11186.79066  
11207.54579  
11181.44338  
11194.30151  
11185.39982  
11221.84128  
11177.2074  
11169.22834  
11165.05514  
11182.66784  
11195.7549  
11183.77637  
11181.16798  
11225.64959  
11226.20447  
11199.23871  
11175.07464  
11156.93929  
11173.0926  
11109.2179  
11153.66299  
11195.97731  
11228.11152  
11198.00534  
11170.35067  
11180.13164  
11125.56163  
11115.38023  
11101.40448  
11180.12845  
11138.77892  
11147.05894  
11204.38099  
11144.45605  
11162.50465  
11138.12076  
11161.60521  
11185.85054  
11168.55329  
11255.87999  
11241.64129  
11262.60146  
11252.56702  
11178.56999  
11193.0007  
11202.70384  
11163.02742  
11164.36502  
11133.29729  
11132.82444  
11124.87228  
11088.54737  
11151.21125  
11211.34729  
11133.85309  
11154.79402  
11167.21033  
11136.95738  
11189.38184  
11168.68696  
11188.29751  
11180.54118  
11211.46838  
11158.09511  
11175.18093  
11154.57111  
11166.97325  
11131.28977  
11139.25447  
11169.71823  
11223.95243  
11229.42728  
11193.85089  
11200.51039  
11145.90131  
11145.55956  
11156.60191  
11142.34621  
11123.92045  
11170.77666  
11174.91218  
11154.28422  
11164.23368  
11174.11861  
11164.14651  
11211.42452  
11246.08313  
11207.28149  
11137.11441  
11157.42994  
11149.50796  
11158.35829  
11177.30586  
11162.39163  
11185.93005  
11195.19  
11217.68622  
11181.96124  
11212.02936  
11147.77198  
11198.82987  
11229.50368  
11266.21455  
11236.48991  
11209.41574  
11207.4145  
11205.83981  
11192.76046  
11145.52966  
11149.48287  
11159.30059  
11121.80046  
11141.67594  
11132.20112  
11189.57048  
11241.21787  
11232.27737  
11236.733  
11157.80075  
11202.42918  
11205.85294  
11134.99308  
11100.30046  
11130.0058  
11134.20304  
11092.74066  
11096.08749  
11129.54183  
11105.45429  
11121.60095  
11149.46495  
11203.77542  
11141.90159  
11129.51671  
11142.9338  
11145.66901  
11178.88546  
11195.83829  
11156.43798  
11146.3871  
11205.01642  
11211.74447  
11242.99774  
11210.86188  
11185.25775  
11160.54989  
11124.74173  
11132.13719  
11162.42438  
11160.4784  
11179.35505  
11184.97126  
11198.19238  
11272.59327  
11283.732  
11241.09943  
11193.1376  
11163.68992  
11193.46361  
11207.22677  
11188.99531  
11228.50445  
11216.39263  
11189.21924  
11206.61812  
11145.42839  
11145.28166  
11142.8055  
11163.43343  
11187.40112  
11193.12391  
11170.7591  
11180.54983  
11110.50824  
11128.21964  
11166.40741  
11092.81234  
11147.17769  
11144.41292  
11149.69315  
11157.02417  
11118.47051  
11166.01607  
11188.78885  
11216.22848  
11203.78779  
11247.03804  
11197.321  
11134.02048  
11096.94056  
11117.91164  
11202.49824  
11133.5243  
11217.35007  
11189.90099  
11198.13129  
11229.47386  
11170.64267  
11177.27515  
11182.4455  
11188.47088  
11192.96542  
11213.20281  
11173.10188  
11153.92175  
11183.87352  
11119.49098  
11100.44868  
11152.22577  
11153.06028  
11158.50566  
11208.90408  
11190.31278  
11154.53447  
11159.00601  
11162.59119  
11084.51639  
11181.26342  
11140.81684  
11143.23656  
11179.8195  
11212.25211  
11256.15414  
11210.75917  
11232.76697  
11174.89908  
11164.20873  
11157.05191  
11123.63905  
11115.68336  
11129.57301  
11156.6168  
11120.04917  
11188.65712  
11232.08858  
11206.20513  
11200.25297  
11169.47131  
11187.27292  
11155.84628  
11151.38791  
11139.40755  
11122.49704  
11206.56042  
11177.03825  
11168.8653  
11165.05077  
11161.53849  
11146.50218  
11120.14791  
11148.65558  
11118.56633  
11119.99782  
11194.57826  
11164.51196  
11156.85473  
11168.47445  
11125.38047  
11168.61925  
11168.47625  
11197.1137  
11182.37062  
11175.83825  
11178.10648  
11165.87154  
11221.57923  
11276.03786  
11254.15923  
11259.76316  
11211.25333  
11179.28399  
11133.94216  
11198.24759  
11204.98362  
11224.27628  
11155.94743  
11144.41522  
11143.9146  
11145.72719  
11190.93413  
11183.84826  
11199.14427  
11196.30958  
11158.53062  
11129.87226  
11112.20802  
11136.12949  
11108.1303  
11182.99404  
11137.59072  
11151.39388  
11147.57966  
11209.37311  
11187.10687  
11181.01583  
11176.04536  
11125.24188  
11210.29804  
11179.79357  
11156.06295  
11153.77033  
11184.83995  
11168.40721  
11184.59949  
11133.2187  
11138.26361  
11194.79685  
11194.55887  
11212.67882  
11195.29118  
11216.51337  
11203.12502  
11174.11369  
11146.73377  
11100.32928  
11141.86076  
11166.59872  
11127.0397  
11239.31633  
11189.7008  
11157.7185  
11133.91694  
11185.78697  
11160.31465  
11179.99669  
11180.74215  
11143.88847  
11178.32653  
11235.91998  
11162.92503  
11238.28058  
11179.32125  
11149.49352  
11184.42803  
11164.88963  
11129.84267  
11162.44044  
11172.96898  
11214.1182  
11265.63789  
11253.32187  
11224.09778  
11188.72481  
11225.58083  
11216.97597  
11226.96913  
11178.89591  
11131.23741  
11072.35869  
11093.84048  
11140.51598  
11111.93567  
11093.94564  
11122.19532  
11109.27635  
11146.72948  
11151.98051  
11118.68022  
11156.82139  
11142.41143  
11200.7173  
11216.3967  
11181.59139  
11161.27106  
11121.25108  
11148.01449  
11205.3532  
11170.92195  
11207.22875  
11279.23683  
11213.01664  
11193.95294  
11163.33815  
11202.6252  
11199.21683  
11146.93913  
11172.80001  
11175.23007  
11153.22077  
11168.38994  
11168.10022  
11149.00503  
11127.03709  
11169.72407  
11254.04554  
11249.20669  
11264.73295  
11222.89405  
11222.22581  
11171.46769  
11131.45717  
11134.1138  
11116.73526  
11137.61578  
11169.53969  
11152.9348  
11152.38355  
11155.54822  
11109.52765  
11111.94002  
11128.37645  
11215.81768  
11184.21418  
11199.19063  
11163.75705  
11111.01178  
11128.82035  
11162.25803  
11130.21974  
11164.69131  
11162.63949  
11177.77702  
11232.73404  
11266.62319  
11260.46419  
11187.24344  
11168.86338  
11166.20684  
11160.7045  
11147.7623  
11085.50298  
11151.17267  
11145.70334  
11125.24404  
11155.4052  
11141.99564  
11161.5276  
11157.64084  
11163.75659  
11187.76367  
11200.35157  
11185.22242  
11139.69661  
11114.14972  
11167.73945  
11134.80863  
11197.4185  
11224.81789  
11219.51055  
11197.93372  
11174.44812  
11173.01152  
11197.15551  
11219.00988  
11220.67646  
11193.02863  
11233.15183  
11196.6746  
11204.71449  
11207.85502  
11155.14739  
11152.43451  
11141.47551  
11169.59649  
11199.2859  
11139.27027  
11190.76769  
11147.81318  
11191.22224  
11143.81553  
11167.83796  
11145.47165  
11129.3858  
11186.26699  
11157.33915  
11157.75579  
11137.733  
11160.6719  
11244.02755  
11243.32256  
11228.73587  
11203.60988  
11124.83703  
11183.52196  
11131.74288  
11137.50043  
11118.08836  
11137.17246  
11147.98533  
11162.93295  
11181.6292  
11160.06325  
11178.37881  
11115.63598  
11144.51248  
11132.33025  
11180.54338  
11214.09024  
11192.60361  
11206.71685  
11150.77795  
11135.06584  
11130.00507  
11157.14822  
11194.65181  
11169.43733  
11183.59041  
11175.1714  
11148.07978  
11124.82256  
11173.83775  
11202.29218  
11084.82488  
11082.80885  
11065.3293  
11141.1382  
11170.34482  
11219.87794  
11252.54061  
11175.97102  
11162.62005  
11150.15279  
11165.13435  
11149.87358  
11182.17054  
11241.70708  
11249.71905  
11263.7101  
11223.52963  
11252.39266  
11181.53368  
11162.59178  
11181.81926  
11164.84358  
11188.34381  
11250.58069  
11232.12143  
11198.32015  
11200.85136  
11171.53382  
11135.92673  
11167.79503  
11174.312  
11165.76902  
11153.82649  
11159.31689  
11135.52963  
11144.52204  
11153.85598  
11138.47504  
11177.21231  
11132.9429  
11164.5265  
11142.18241  
11144.06575  
11177.64209  
11202.39987  
11147.25622  
11134.62958  
11146.0139  
11162.68865  
11126.01744  
11111.3801  
11118.23166  
11145.87796  
11188.50558  
11200.35672  
11178.1794  
11205.86241  
11184.0452  
11181.63246  
11146.15098  
11180.8092  
11168.67579  
11156.64414  
11148.68258  
11196.18901  
11154.46665  
11116.38804  
11147.65777  
11155.78566  
11205.74882  
11205.4172  
11205.95859  
11232.45112  
11275.30107  
11272.25772  
11252.98834  
11247.12853  
11191.09917  
11130.63576  
11157.90526  
11160.62911  
11167.73997  
11119.48998  
11218.80405  
11172.95077  
11177.52327  
11176.54441  
11199.0269  
11177.92907  
11150.13162  
11157.96645  
11156.67953  
11194.27817  
11176.3878  
11142.06912  
11163.21793  
11176.8722  
11151.87698  
11152.35575  
11151.32833  
11147.76121  
11212.96452  
11185.10935  
11242.23962  
11222.33053  
11194.15201  
11171.9131  
11162.24863  
11203.88693  
11098.98946  
11112.78315  
11075.06586  
11106.96422  
11136.78445  
11097.94885  
11119.38694  
11093.67076  
11194.89626  
11189.7789  
11148.58841  
11160.583  
11154.16899  
11090.39083  
11163.57239  
11178.47056  
11202.15914  
11230.88759  
11222.62765  
11164.0815  
11114.08337  
11161.77726  
11176.82094  
11158.89939  
11169.57502  
11200.06584  
11205.64353  
11228.67045  
11226.89433  
11224.35784  
11192.06239  
11171.40964  
11187.4849  
11253.74521  
11262.0802  
11305.90349  
11221.48866  
11237.36087  
11166.88454  
11140.38413  
11149.08082  
11131.56178  
11140.40994  
11119.56396  
11110.4831  
11185.30461  
11200.55025  
11221.06622  
11170.85935  
11194.67166  
11156.11834  
11142.04929  
11150.54379  
11107.11022  
11109.29965  
11145.05835  
11187.57967  
11187.40167  
11160.94647  
11159.23024  
11132.98688  
11160.52977  
11190.58644  
11181.79993  
11173.33144  
11171.87794  
11190.20433  
11187.55245  
11177.00616  
11187.63856  
11132.37356  
11183.36479  
11192.13148  
11206.76961  
11141.64315  
11107.33292  
11125.10001  
11158.34353  
11210.65702  
11214.19434  
11149.22723  
11145.6891  
11163.26086  
11182.62223  
11242.19915  
11154.09699  
11141.05169  
11191.00451  
11181.01  
11177.25614  
11188.62557  
11118.17389  
11093.25525  
11143.44655  
11101.21702  
11142.74131  
11172.63971  
11169.81769  
11167.60586  
11148.95349  
11208.69297  
11168.26943  
11168.11023  
11138.66884  
11136.85165  
11148.33866  
11157.62655  
11194.00081  
11192.44676  
11163.50101  
11186.95612  
11127.09307  
11167.10468  
11228.44789  
11268.93408  
11266.25161  
11183.9242  
11188.84402  
11247.88718  
11227.80592  
11194.8027  
11092.44084  
11106.23627  
11149.85799  
11141.16554  
11170.28247  
11221.42791  
11177.0618  
11222.85714  
11232.10811  
11173.65167  
11136.74608  
11188.55079  
11143.72451  
11130.89526  
11159.32195  
11112.25655  
11177.14355  
11208.08824  
11223.2685  
11183.74854  
11158.0046  
11160.26088  
11154.74171  
11142.32709  
11177.312  
11151.95158  
11149.86649  
11138.07633  
11094.44515  
11095.94568  
11147.87924  
11161.26735  
11179.13546  
11163.14835  
11179.52362  
11227.20817  
11213.62847  
11211.8757  
11237.16529  
11203.24249  
11202.14218  
11160.00649  
11175.34573  
11167.04781  
11147.71138  
11119.8321  
11128.10401  
11194.07692  
11184.9081  
11177.50578  
11202.30797  
11215.85862  
11214.68587  
11144.47277  
11188.44028  
11137.74437  
11145.09716  
11146.13169  
11175.13139  
11190.4064  
11180.92091  
11192.46101  
11154.8649  
11183.14853  
11134.18236  
11141.85147  
11193.07259  
11252.3182  
11166.67552  
11172.5176  
11112.35904  
11141.25384  
11139.8083  
11109.12739  
11108.70572  
11117.89601  
11171.18345  
11147.72255  
11131.52284  
11137.15846  
11068.34988  
11148.27912  
11190.38309  
11163.0032  
11187.1182  
11244.60363  
11207.36358  
11208.97771  
11213.61892  
11195.43136  
11209.00568  
11253.13227  
11207.46884  
11192.21294  
11155.62504  
11165.20192  
11166.91306  
11094.8759  
11200.73345  
11259.26678  
11264.3527  
11246.77433  
11198.26091  
11117.21598  
11160.42564  
11099.74501  
11081.27453  
11125.6133  
11143.47785  
11181.01294  
11144.25848  
11156.01044  
11173.89739  
11227.78962  
11217.99751  
11214.39783  
11196.60357  
11160.93166  
11133.8768  
11164.90149  
11187.74553  
11213.79869  
11161.191  
11105.02669  
11126.96123  
11148.75693  
11171.60159  
11182.44422  
11188.86145  
11191.5246  
11205.72916  
11205.46636  
11094.91181  
11141.56734  
11144.61362  
11175.90032  
11160.81579  
11199.71009  
11238.35186  
11200.56054  
11163.3117  
11171.99669  
11232.52614  
11168.69507  
11193.29612  
11147.70993  
11149.45149  
11123.29745  
11116.79964  
11112.49204  
11117.3905  
11149.49233  
11183.73661  
11182.87203  
11224.31048  
11172.28231  
11154.12485  
11138.76993  
11193.7443  
11178.23252  
11214.03734  
11205.2877  
11158.69909  
11162.15636  
11173.31177  
11178.23808  
11258.52294  
11167.41359  
11166.20879  
11166.59436  
11144.67299  
11170.42346  
11194.00423  
11185.1571  
11200.74038  
11178.82277  
11173.2636  
11241.30863  
11285.76881  
11267.42841  
11256.25843  
11188.83536  
11168.57912  
11159.76773  
11110.32161  
11119.76512  
11174.23023  
11168.81115  
11167.12511  
11145.4711  
11164.28821  
11187.07417  
11194.37998  
11217.28352  
11201.0066  
11164.84564  
11205.50547  
11215.70894  
11215.65572  
11251.7941  
11243.85972  
11229.39128  
11197.035  
11139.00121  
11168.78128  
11181.17327  
11218.09284  
11159.17872  
11065.36529  
11009.8102  
10946.75222  
11025.79086  
11130.23565  
11131.99846  
11189.94158  
11169.95946  
11180.05272  
11155.17771  
11016.85817  
11131.28559  
11136.1147  
11185.06819  
11232.91657  
11203.56998  
11091.23969  
11113.58942  
11148.91083  
11133.43126  
11104.07245  
11159.88455  
11094.64787  
11087.9355  
11067.96082  
11106.32038  
11122.38488  
11140.38198  
11215.19649  
11212.76468  
11197.93583  
11183.90959  
11200.64158  
11190.15513  
11250.97253  
11221.13958  
11278.92705  
11288.82911  
11212.79548  
11231.88991  
11245.9965  
11219.80997  
11222.08745  
11215.37747  
11168.71159  
11191.64563  
11162.71726  
11178.9516  
11160.06718  
11244.67282  
11201.33982  
11190.32984  
11217.31333  
11238.767  
11223.22041  
11158.43585  
11170.41671  
11150.97933  
11162.2705  
11174.90051  
11156.68155  
11193.22465  
11142.75997  
11180.0496  
11181.74118  
11145.2613  
11135.08775  
11169.94339  
11168.25939  
11202.23155  
11196.52532  
11179.76157  
11166.22498  
11158.12184  
11182.66882  
11200.11908  
11201.40706  
11182.44676  
11136.1568  
11198.55302  
11231.20858  
11152.26855  
11132.33583  
11122.49652  
11111.32366  
11146.75423  
11131.26108  
11160.94514  
11164.06579  
11223.2616  
11222.81693  
11172.3739  
11168.45269  
11196.3805  
11181.37117  
11209.18774  
11178.88494  
11162.62023  
11166.31161  
11205.53706  
11192.77925  
11136.23774  
11137.73508  
11140.41122  
11106.85568  
11176.68362  
11143.85596  
11166.46838  
11117.34028  
11157.41497  
11154.53975  
11162.76158  
11122.76741  
11159.80858  
11198.756  
11200.75665  
11222.71639  
11176.04239  
11229.00487  
11227.33687  
11224.88189  
11149.69941  
11126.03676  
11192.11557  
11213.23885  
11184.94826  
11180.12358  
11162.53198  
11156.7977  
11162.49894  
11168.91739  
11141.21278  
11183.05382  
11161.23242  
11211.83107  
11194.53861  
11145.87251  
11194.18673  
11139.84182  
11137.72309  
11147.89948  
11143.65618  
11158.45958  
11211.76567  
11194.20956  
11222.89082  
11196.76361  
11166.48377  
11167.02873  
11203.61763  
11155.11924  
11121.7903  
11148.26207  
11134.72316  
11166.98998  
11198.09703  
11185.87719  
11174.42213  
11169.99623  
11120.90665  
11163.48685  
11140.49345  
11135.14113  
11167.65577  
11175.73419  
11233.05925  
11227.13811  
11214.7805  
11109.31228  
11136.80213  
11182.96072  
11194.09942  
11199.41929  
11191.60539  
11247.49621  
11262.1841  
11216.18981  
11194.23876  
11177.90869  
11125.82865  
11137.45784  
11135.87923  
11092.48922  
11155.26838  
11159.73761  
11208.52156  
11214.52847  
11182.96633  
11178.6341  
11102.7064  
11085.89231  
11164.00817  
11170.57013  
11201.44754  
11227.83713  
11194.40482  
11182.49329  
11178.79447  
11191.246  
11190.34136  
11195.22603  
11176.28139  
11156.52133  
11206.60562  
11213.16336  
11154.02034  
11113.96378  
11131.36025  
11131.78325  
11165.48556  
11171.53062  
11177.22443  
11155.1025  
11268.33426  
11255.45754  
11198.13202  
11185.18275  
11205.25609  
11246.21919  
11216.92976  
11209.04714  
11194.6805  
11236.29822  
11172.07654  
11207.65788  
11165.82616  
11111.78541  
11094.13749  
11110.96293  
11029.12264  
11123.68295  
11036.19251  
10968.63127  
11080.38245  
11062.7176  
11107.35167  
11181.54668  
11166.80977  
11138.08777  
11147.50357  
11188.43543  
11213.61123  
11224.58591  
11156.34659  
11174.8339  
11135.48468  
11202.1685  
11136.01678  
11176.39594  
11156.15942  
11207.00794  
11241.26536  
11167.64178  
11172.35551  
11194.48123  
11172.74737  
11180.23056  
11223.25258  
11194.408  
11176.83804  
11159.8533  
11159.34222  
11182.04821  
11193.11293  
11222.08138  
11203.0887  
11206.96856  
11176.92252  
11169.38854  
11161.96216  
11155.31268  
11109.81063  
11185.70258  
11165.95624  
11160.71783  
11184.01451  
11148.46363  
11179.43562  
11152.17726  
11195.08956  
11217.46069  
11243.57224  
11247.25289  
11185.39611  
11170.48615  
11131.44358  
11205.56953  
11187.91219  
11235.90086  
11182.16997  
11151.58917  
11179.41123  
11183.06097  
11173.05435  
11164.994  
11122.45656  
11126.36314  
11184.73274  
11186.64113  
11246.8837  
11279.8926  
11248.00508  
11227.71916  
11176.14386  
11134.54802  
11137.78255  
11166.33885  
11092.188  
11097.06331  
11176.30711  
11168.87595  
11173.20487  
11205.99041  
11188.5878  
11160.94213  
11039.89865  
11044.2551  
11155.43254  
11166.60793  
11126.80025  
11169.15453  
11211.6524  
11170.14382  
11201.43779  
11174.72814  
11194.99594  
11182.49624  
11173.14908  
11145.44627  
11188.33142  
11154.36702  
11167.92731  
11145.24274  
11192.83899  
11193.68646  
11188.07065  
11229.10894  
11194.60469  
11188.5745  
11199.47056  
11117.20893  
11182.15819  
11157.47572  
11191.15299  
11170.07211  
11209.36442  
11129.86265  
11087.95073  
11099.34732  
11109.08579  
11112.78537  
11139.87222  
11173.54544  
11170.19521  
11198.02538  
11128.42991  
11179.66841  
11169.37006  
11187.07539  
11222.19649  
11189.17105  
11158.47256  
11132.29269  
11167.16267  
11206.31588  
11180.89795  
11189.62259  
11213.29025  
11159.55812  
11148.32669  
11227.87326  
11274.11366  
11233.502  
11281.38153  
11216.65783  
11197.63921  
11214.33422  
11146.2855  
11145.2735  
11118.06003  
11101.57738  
11160.78008  
11154.17009  
11162.60178  
11104.07288  
11153.10138  
11148.28768  
11178.96484  
11200.47742  
11206.5764  
11202.6083  
11187.60225  
11218.45138  
11138.05567  
11163.32896  
11182.56818  
11132.79556  
11180.34163  
11173.23898  
11193.59092  
11183.30602  
11110.29544  
11129.9199  
11157.09889  
11122.62437  
11121.22623  
11123.16798  
11164.02748  
11168.92281  
11207.7346  
11198.55582  
11217.51449  
11147.46604  
11204.55115  
11246.82568  
11170.26107  
11196.52667  
11179.46041  
11148.18997  
11179.62561  
11235.14535  
11235.44387  
11235.38746  
11235.3349  
11166.5516  
11149.05686  
11139.89753  
11162.73488  
11142.2255  
11135.99673  
11130.39265  
11121.35621  
11136.82467  
11111.48004  
11160.84532  
11155.47691  
11173.64582  
11172.97923  
11200.57889  
11151.2468  
11194.84597  
11150.93463  
11168.84865  
11177.99807  
11149.0473  
11161.43379  
11095.89552  
11173.37709  
11164.23973  
11201.28923  
11231.04421  
11260.3458  
11179.94459  
11207.93942  
11239.2051  
11251.16583  
11183.54184  
11166.11198  
11113.1805  
11106.50238  
11139.98792  
11255.84442  
11278.34284  
11247.91714  
11230.15247  
11174.27989  
11167.11698  
11151.76315  
11170.01894  
11173.07187  
11186.636  
11083.43871  
11135.4239  
11156.09438  
11142.92052  
11174.94255  
11156.3911  
11101.42275  
11127.77938  
11119.12776  
11120.41005  
11178.00423  
11164.02966  
11204.44983  
11171.33444  
11186.21931  
11211.83175  
11221.52484  
11229.33958  
11180.02404  
11150.52909  
11148.17764  
11146.75236  
11155.24063  
11162.67418  
11196.79914  
11196.96462  
11096.04851  
11182.3432  
11165.56413  
11211.79899  
11234.21171  
11208.27142  
11142.87656  
11179.14632  
11165.64552  
11147.30608  
11132.70738  
11255.91057  
11280.96938  
11284.94131  
11299.88066  
11163.78212  
11119.22114  
11034.40029  
11022.38565  
11075.17071  
11090.97386  
11138.6537  
11152.21913  
11154.52328  
11176.28288  
11144.18316  
11150.00201  
11190.63216  
11175.21189  
11146.8783  
11144.35062  
11088.77641  
11120.75809  
11153.33095  
11133.41213  
11124.58615  
11144.4436  
11129.50434  
11254.40118  
11301.18612  
11244.60009  
11205.8226  
11188.45212  
11102.20286  
11048.89858  
11129.12793  
11136.37791  
11164.55065  
11195.42987  
11199.78152  
11265.12113  
11263.335  
11228.88582  
11265.88164  
11245.21405  
11282.40038  
11247.56766  
11249.72523  
11237.53821  
11173.92695  
11111.68009  
11145.64796  
11149.86592  
11140.23712  
11176.43748  
11170.3904  
11154.91113  
11148.32638  
11158.19775  
11167.5416  
11176.62734  
11206.31703  
11141.2432  
11184.35197  
11213.12443  
11245.53544  
11229.95296  
11189.56654  
11184.72668  
11170.79328  
11196.27705  
11130.77319  
11185.74297  
11138.10574  
11128.52369  
11135.20472  
11124.89111  
11110.59685  
11143.06148  
11184.38132  
11147.52701  
11152.41883  
11148.05387  
11219.4748  
11272.09225  
11224.56627  
11222.27937  
11174.7612  
11167.21584  
11147.25989  
11153.20156  
11087.10739  
11116.23826  
11136.99703  
11160.60133  
11184.38315  
11199.3004  
11191.44486  
11246.65774  
11209.55034  
11260.24575  
11184.59688  
11189.92966  
11200.68841  
11209.80183  
11166.10809  
11164.68399  
11225.14423  
11165.71754  
11152.95488  
11023.11196  
11075.83045  
11183.70547  
11208.92674  
11198.13011  
11191.33606  
11105.06919  
11130.31456  
11090.39783  
11098.4993  
11100.24183  
11135.29962  
11135.43191  
11112.50492  
11134.17975  
11135.29969  
11130.76076  
11148.03278  
11193.44086  
11182.1035  
11222.67754  
11257.48753  
11204.35924  
11214.9321  
11165.24619  
11190.23641  
11120.85879  
11187.69797  
11134.51398  
11181.77646  
11166.34465  
11184.32699  
11166.47247  
11171.97655  
11170.93313  
11155.07391  
11144.43356  
11139.40711  
11151.81912  
11173.43801  
11119.35661  
11123.96715  
11183.45616  
11168.54288  
11270.68716  
11271.42947  
11245.92329  
11185.86364  
11145.9616  
11101.24079  
11160.64366  
11200.94778  
11171.57699  
11214.43408  
11310.82484  
11274.50051  
11223.92048  
11212.72446  
11171.03341  
11140.63428  
11101.38604  
11127.64059  
11143.14468  
11206.0642  
11169.50032  
11154.97211  
11100.19859  
11172.7971  
11195.87231  
11188.92053  
11153.96551  
11140.62582  
11150.97943  
11106.36968  
11092.33756  
11135.99926  
11215.96175  
11200.58493  
11193.43135  
11210.38589  
11213.03319  
11144.6497  
11083.8285  
11137.05173  
11198.4456  
11166.60381  
11173.56835  
11180.76789  
11160.77713  
11162.64667  
11163.90461  
11154.29148  
11159.72346  
11165.80093  
11198.96518  
11135.79355  
11161.24454  
11201.40783  
11170.77738  
11230.68419  
11142.93261  
11189.16455  
11170.32148  
11204.02749  
11153.80094  
11178.15324  
11120.71187  
11117.22525  
11129.5336  
11188.34836  
11177.52376  
11198.58301  
11176.74309  
11156.61847  
11190.75784  
11182.07318  
11206.87924  
11208.32564  
11208.90465  
11136.82214  
11181.79943  
11191.78114  
11189.20331  
11217.42951  
11222.05652  
11168.78517  
11165.67806  
11179.73947  
11177.08279  
11203.42559  
11166.83537  
11205.68662  
11228.94749  
11204.62739  
11179.98793  
11189.07326  
11203.47396  
11168.73373  
11191.12741  
11156.09693  
11187.3248  
11194.88086  
11168.34454  
11137.27842  
11123.10967  
11176.64213  
11156.21412  
11147.41923  
11158.11118  
11132.62692  
11145.42826  
11120.24482  
11138.43061  
11148.41742  
11176.61967  
11173.99749  
11127.51916  
11162.03226  
11116.1353  
11110.51961  
11208.42924  
11182.18104  
11181.39627  
11136.07991  
11195.44669  
11153.51002  
11159.344  
11132.68367  
11145.18247  
11164.16158  
11141.19217  
11215.5862  
11165.26097  
11163.47463  
11182.16681  
11209.47312  
11138.91716  
11207.2215  
11291.12321  
11281.05682  
11242.60835  
11208.8109  
11204.05663  
11167.98047  
11184.81206  
11122.04348  
11150.34307  
11098.5854  
11112.84321  
11137.0367  
11147.78145  
11121.47599  
11170.05099  
11148.5191  
11198.97276  
11233.05618  
11235.4662  
11230.22927  
11202.20039  
11226.23894  
11183.55265  
11240.22468  
11245.57503  
11264.53308  
11220.56538  
11200.48935  
11197.12681  
11158.15827  
11202.52689  
11163.3881  
11165.11236  
11170.38052  
11106.82955  
11106.81395  
11179.50052  
11089.52466  
11062.9561  
11032.42806  
11157.99202  
11119.08994  
11171.53307  
11238.60998  
11223.6204  
11236.58119  
11159.04328  
11097.95411  
11039.60475  
11115.95626  
11099.67561  
11136.06583  
11099.78826  
11106.93483  
11147.68551  
11157.62644  
11168.80237  
11202.32508  
11233.38667  
11222.02218  
11194.88069  
11238.98528  
11239.71718  
11185.57168  
11196.70347  
11145.46075  
11103.73254  
11120.46129  
11147.48031  
11172.41552  
11192.30476  
11185.87232  
11162.50391  
11177.20838  
11157.24614  
11193.99784  
11183.02423  
11244.29348  
11306.77842  
11320.48072  
11247.59629  
11226.54487  
11149.68167  
11069.61843  
11129.1018  
11126.13874  
11062.75591  
11225.44913  
11159.63446  
11147.01076  
11224.51793  
11234.99693  
11198.22846  
11209.75056  
11167.29499  
11143.81346  
11134.49808  
11183.77725  
11189.30881  
11082.91772  
11201.65612  
11207.73082  
11199.17087  
11244.24116  
11277.78664  
11177.89117  
11241.57414  
11221.11839  
11218.43703  
11235.99617  
11207.6246  
11218.16486  
11065.91187  
11118.70914  
11173.81529  
11155.27749  
11058.5734  
11034.82733  
11114.18115  
11110.52763  
11076.29263  
11119.73955  
11138.04854  
11082.1729  
11114.71414  
11152.21384  
11137.68347  
11145.61981  
11215.16633  
11186.47962  
11178.24072  
11220.07933  
11217.34469  
11161.6138  
11140.92952  
11151.26345  
11168.25199  
11196.06062  
11185.4263  
11146.31628  
11147.51298  
11212.9169  
11163.9405  
11228.7306  
11220.92874  
11206.1602  
11215.40349  
11209.39887  
11188.53761  
11123.05017  
11123.99587  
11144.88387  
11134.27842  
11181.63301  
11142.43509  
11163.4258  
11150.87098  
11182.66008  
11147.1586  
11192.4747  
11201.67323  
11183.82261  
11138.00204  
11196.31862  
11236.39287  
11252.58659  
11238.87232  
11193.81278  
11209.3198  
11201.23402  
11165.29602  
11204.12495  
11122.63601  
11189.14276  
11183.34776  
11044.89667  
11102.61878  
11140.37704  
11147.49094  
11189.02128  
11175.68971  
11153.67458  
11097.4058  
11139.37375  
11218.2543  
11206.12674  
11236.4312  
11227.49153  
11230.70062  
11200.12494  
11109.92774  
10999.07634  
11239.29019  
11198.45087  
11170.12705  
11150.80715  
11182.08399  
11160.66621  
11163.56525  
11173.9485  
11219.75147  
11175.90907  
11129.16145  
11082.51133  
11108.56635  
11095.55945  
11141.07259  
11183.21465  
11179.51664  
11176.70664  
11208.29584  
11168.26427  
11112.24916  
11149.08285  
11155.50423  
11189.73866  
11194.6733  
11182.84977  
11220.56093  
11255.5193  
11217.73773  
11212.9925  
11160.6882  
11128.296  
11116.5315  
11174.2086  
11190.83925  
11222.3602  
11243.71057  
11194.85542  
11189.22557  
11188.41088  
11202.3359  
11201.62535  
11182.12459  
11178.63613  
11177.67697  
11179.70534  
11184.3644  
11176.28622  
11135.50098  
11154.054  
11188.21864  
11161.51167  
11167.81327  
11178.05017  
11161.68909  
11154.74201  
11180.69155  
11152.56242  
11141.45404  
11106.74063  
11157.45595  
11145.90702  
11129.49276  
11193.80784  
11236.04276  
11237.32241  
11232.45768  
11194.98996  
11160.07542  
11199.433  
11176.34295  
11149.86656  
11167.5407  
11188.23449  
11178.56926  
11160.35499  
11191.74861  
11184.08255  
11148.16706  
11159.10594  
11149.05352  
11126.16117  
11102.6211  
11143.68056  
11145.95514  
11185.74593  
11222.34199  
11265.02349  
11210.03754  
11155.20342  
11140.05999  
11151.2434  
11131.37652  
11115.87429  
11143.14503  
11226.62177  
11225.35869  
11194.89979  
11178.80718  
11177.81321  
11205.11792  
11176.87154  
11181.03145  
11152.74202  
11167.04399  
11137.49493  
11142.46586  
11104.85628  
11111.842  
11144.70079  
11155.6286  
11143.25051  
11132.42855  
11148.56434  
11202.49904  
11262.1259  
11193.84601  
11242.49789  
11245.23384  
11213.87185  
11206.12641  
11179.69667  
11150.36718  
11064.26008  
11181.17217  
11203.6435  
11190.75266  
11148.42106  
11146.76724  
11131.16197  
11160.87743  
11186.79869  
11192.41269  
11192.09521  
11252.40546  
11189.47701  
11210.48672  
11153.18471  
11167.28021  
11132.65175  
11120.63498  
11123.84013  
11106.53277  
11156.39304  
11147.36798  
11196.51833  
11182.96882  
11184.72599  
11160.03764  
11172.06035  
11150.22468  
11190.98407  
11189.34936  
11215.10207  
11288.71807  
11250.20392  
11287.60607  
11239.75775  
11184.86119  
11171.02278  
11116.51493  
11158.19511  
11147.99381  
11136.66009  
11179.01542  
11175.7063  
11143.42659  
11152.08668  
11108.02876  
11127.92612  
11131.22685  
11147.77549  
11185.86858  
11167.84084  
11241.12712  
11214.67274  
11204.40746  
11176.89962  
11199.95186  
11155.46866  
11138.74879  
11111.35849  
11133.50429  
11152.77732  
11134.44884  
11166.30967  
11185.71341  
11225.68439  
11218.2483  
11196.4979  
11198.21019  
11191.59641  
11235.79966  
11221.31437  
11211.39832  
11215.8455  
11195.9461  
11193.22563  
11181.14982  
11204.72652  
11193.67542  
11198.52639  
11115.62224  
11179.87418  
11202.77501  
11129.88272  
11096.79548  
11029.87023  
11023.49426  
11082.32687  
11114.51352  
11180.17544  
11174.31827  
11201.82609  
11109.74047  
11112.52408  
11084.80888  
11126.50775  
11180.83461  
11237.00459  
11223.07347  
11170.21531  
11159.90532  
11153.25707  
11172.35406  
11124.2526  
11129.67369  
11111.21317  
11155.52974  
11182.12708  
11256.16805  
11241.30994  
11224.76256  
11199.89763  
11206.29868  
11167.44642  
11148.40542  
11161.52342  
11162.70896  
11166.84314  
11137.67295  
11201.02911  
11176.467  
11202.86052  
11143.56147  
11191.66585  
11135.51043  
11149.76278  
11159.70792  
11148.92966  
11169.35496  
11190.76319  
11210.38619  
11201.37086  
11184.63697  
11212.48  
11222.40478  
11198.20386  
11250.93188  
11158.43084  
11143.97616  
11242.33485  
11195.73246  
11198.05216  
11142.68312  
11131.83812  
11096.09202  
11136.08714  
11149.34877  
11093.25581  
11135.35132  
11162.34497  
11156.94017  
11227.5296  
11314.76393  
11333.16061  
11281.46439  
11177.29602  
11159.92459  
11127.16216  
11179.12103  
11199.89045  
11178.42932  
11125.99756  
11143.72789  
11090.05683  
11109.87458  
11148.34763  
11205.198  
11204.36433  
11192.62518  
11184.28415  
11145.88937  
11152.6942  
11129.84213  
11169.52911  
11182.20774  
11151.75078  
11205.74031  
11146.12177  
11209.29693  
11184.62458  
11205.46594  
11196.95339  
11169.35729  
11145.39806  
11152.63717  
11173.20389  
11129.62007  
11162.26486  
11205.15196  
11168.18036  
11079.03821  
11195.35553  
11189.50861  
11173.45737  
11170.43601  
11186.26128  
11151.87671  
11119.76939  
11129.12836  
11259.09673  
11272.03675  
11213.47873  
11189.22886  
11165.53913  
11173.00377  
11167.61221  
11191.90291  
11268.37514  
11168.56075  
11184.50534  
11117.83003  
11147.32477  
11170.07055  
11128.80971  
11136.03754  
11182.83154  
11215.02225  
11180.01276  
11136.96618  
11145.72414  
11163.65854  
11120.00028  
11130.81214  
11197.66689  
11200.81122  
11162.01391  
11160.00659  
11074.19668  
11131.12675  
11139.94585  
11147.26378  
11154.18552  
11198.61891  
11235.11867  
11210.68563  
11235.22588  
11221.45335  
11178.08536  
11147.02644  
11087.98749  
11148.01307  
11164.97511  
11175.18247  
11151.16955  
11202.17662  
11237.91094  
11213.72555  
11210.34718  
11188.68907  
11153.12798  
11147.93821  
11182.81141  
11176.95646  
11203.26441  
11142.5843  
11180.45026  
11139.04155  
11163.42701  
11178.37632  
11170.40864  
11234.42556  
11247.85254  
11197.59232  
11167.9475  
11044.5556  
11176.3205  
11170.79112  
11170.15897  
11192.21652  
11181.68727  
11183.7253  
11129.37095  
11159.74761  
11145.21382  
11126.33192  
11157.68488  
11132.75684  
11160.22284  
11131.24112  
11160.42324  
11152.47705  
11186.73074  
11151.91191  
11168.32747  
11142.90507  
11131.21895  
11088.33303  
11179.78648  
11186.56379  
11203.61226  
11190.72153  
11195.2429  
11156.97982  
11140.26708  
11119.93798  
11203.59778  
11207.59838  
11251.79094  
11212.07931  
11286.01233  
11195.10929  
11181.38471  
11167.26061  
11110.33618  
11084.09727  
11146.63239  
11143.25171  
11193.45415  
11209.86756  
11174.78256  
11190.80186  
11196.54693  
11226.50588  
11182.1093  
11199.00698  
11182.18574  
11177.72788  
11170.41138  
11163.74685  
11154.39218  
11184.01552  
11143.63126  
11143.23312  
11095.41913  
11151.43198  
11167.88634  
11173.35976  
11136.63275  
11167.13749  
11238.34373  
11255.16642  
11210.02133  
11175.96297  
11142.25618  
11112.49666  
11096.81847  
11117.32581  
11130.57544  
11252.64842  
11199.98061  
11237.19849  
11236.78519  
11181.77074  
11145.18811  
11154.52418  
11206.31018  
11163.78401  
11126.77212  
11184.58353  
11184.81958  
11135.55341  
11151.22426  
11155.68767  
11112.34723  
11121.9482  
11168.01181  
11190.31815  
11213.57032  
11255.75408  
11270.77317  
11210.85607  
11147.16689  
11037.15171  
11144.6576  
11207.96469  
11180.37815  
11166.53766  
11229.07476  
11208.73615  
11247.45899  
11176.86669  
11124.40513  
11190.75522  
11104.41321  
11136.61952  
11191.09891  
11167.23411  
11160.92602  
11149.85268  
11120.83318  
11168.93664  
11165.50638  
11130.88088  
11202.61243  
11173.51254  
11072.87735  
11113.11862  
11173.0498  
11204.96251  
11226.55389  
11196.73593  
11265.6955  
11199.18003  
11203.41154  
11255.07355  
11140.03841  
11161.802  
11178.2713  
11149.34818  
11172.15406  
11135.76047  
11145.73194  
11200.21932  
11250.0895  
11230.65206  
11135.72329  
11158.33433  
11134.65952  
11134.23464  
11160.47599  
11158.78643  
11184.43879  
11188.81307  
11196.49696  
11154.58691  
11188.05445  
11154.78418  
11181.92124  
11276.72725  
11223.29584  
11213.14764  
11172.7244  
11138.397  
11150.48898  
11142.9027  
11178.14572  
11233.19729  
11207.17517  
11156.6625  
11116.65162  
11149.58834  
11064.8319  
11108.80658  
11184.4062  
11220.61757  
11194.4063  
11185.40202  
11158.01017  
11165.82914  
11181.53601  
11175.56062  
11140.53563  
11173.4415  
11101.80783  
11121.49989  
11157.23078  
11178.24964  
11221.11652  
11258.23789  
11258.38701  
11187.07259  
11163.21654  
11175.15561  
11140.35151  
11141.44756  
11111.08565  
11131.06824  
11192.37193  
11179.84574  
11167.38384  
11141.90646  
11127.68747  
11122.92911  
11191.68807  
11215.72965  
11238.40906  
11285.54803  
11255.77335  
11229.22871  
11157.17601  
11169.56198  
11149.24757  
11101.38386  
11114.38827  
11152.06522  
11151.15524  
11145.99024  
11171.81598  
11143.25212  
11193.60631  
11189.9577  
11133.48198  
11176.23547  
11186.89597  
11214.96903  
11157.57635  
11117.09304  
11151.04054  
11176.18092  
11202.58989  
11226.0903  
11199.28536  
11169.46093  
11168.73437  
11129.87281  
11192.1641  
11214.08078  
11157.43651  
11125.93519  
11146.7424  
11159.95766  
11175.64583  
11207.1189  
11181.3893  
11187.69959  
11217.07321  
11185.07663  
11160.30162  
11182.94015  
11185.80299  
11172.14061  
11189.63448  
11183.3053  
11192.08423  
11193.24496  
11149.81563  
11153.8219  
11147.30943  
11158.63379  
11164.49078  
11154.96921  
11097.50686  
11130.79878  
11222.21488  
11192.70119  
11177.93284  
11172.89231  
11155.88461  
11193.6828  
11226.90141  
11199.5574  
11188.78759  
11200.88871  
11178.43638  
11140.25812  
11181.07098  
11146.34722  
11196.07383  
11202.97461  
11209.55388  
11178.38213  
11122.29173  
11150.52897  
11105.7476  
11126.1531  
11132.03471  
11170.62693  
11228.19965  
11214.06241  
11168.80051  
