10432.41046  
10417.76641  
10402.06479  
10367.33177  
10427.4351  
10423.50447  
10389.62846  
10429.04883  
10444.5474  
10397.83252  
10416.54594  
10420.22341  
10455.99023  
10490.71928  
10482.49339  
10464.77276  
10528.48216  
10529.86005  
10520.87421  
10531.68446  
10565.10603  
10555.92845  
10541.0053  
10518.81449  
10486.73114  
10491.84405  
10505.13394  
10533.76262  
10502.93949  
10459.28388  
10397.06423  
10380.82696  
10367.22968  
10391.00458  
10384.74189  
10407.68784  
10489.92717  
10514.47299  
10531.56626  
10475.12898  
10411.94937  
10345.06832  
10308.72048  
10283.53636  
10333.88428  
10409.87245  
10427.09488  
10457.98171  
10453.67792  
10471.12109  
10510.50864  
10514.82054  
10528.63785  
10488.75451  
10535.38893  
10518.62541  
10513.35243  
10477.15561  
10521.2447  
10486.5314  
10472.40388  
10479.6691  
10445.77438  
10393.25008  
10349.25488  
10341.07531  
10329.65531  
10384.93006  
10437.19047  
10432.86828  
10358.22217  
10388.32343  
10452.75928  
10424.06442  
10419.38097  
10415.94212  
10441.94343  
10418.28302  
10351.90148  
10397.08688  
10414.87827  
10480.11858  
10481.86486  
10510.06596  
10541.47206  
10522.51904  
10521.89014  
10518.89205  
10407.2737  
10366.84131  
10407.77133  
10350.94054  
10333.25068  
10384.48719  
10432.60201  
10472.31825  
10488.92383  
10543.40204  
10515.44723  
10494.07433  
10481.95861  
10468.9627  
10486.34875  
10471.1798  
10441.93596  
10417.11422  
10388.65028  
10379.97172  
10431.17852  
10444.4218  
10442.44595  
10522.74452  
10472.82948  
10480.88037  
10522.72904  
10496.14528  
10500.54376  
10480.85194  
10453.7491  
10424.67721  
10436.78989  
10449.72292  
10397.77464  
10371.94148  
10374.75616  
10422.25793  
10438.12301  
10431.55596  
10467.82114  
10493.64603  
10457.16271  
10496.75079  
10507.69877  
10463.55037  
10411.90595  
10439.41402  
10438.2257  
10411.81073  
10393.57963  
10395.01142  
10413.56712  
10386.17289  
10393.88488  
10414.41155  
10445.10483  
10435.51104  
10450.96041  
10481.71357  
10505.90497  
10465.99715  
10426.99008  
10417.26551  
10390.03929  
10416.9378  
10430.0622  
10336.88225  
10327.30908  
10387.8504  
10437.83635  
10463.14209  
10486.15373  
10499.69715  
10492.49489  
10494.4209  
10462.6265  
10468.26814  
10506.91868  
10508.69753  
10566.54597  
10588.24624  
10481.73175  
10488.02415  
10464.60667  
10382.72514  
10319.78839  
10313.86606  
10328.08361  
10384.43427  
10461.314  
10494.47089  
10499.89878  
10476.14814  
10522.36065  
10494.4351  
10540.15317  
10494.22386  
10499.6173  
10480.04808  
10416.40028  
10440.57283  
10411.43615  
10348.94689  
10396.37981  
10446.59116  
10453.40941  
10422.97303  
10448.66091  
10447.59627  
10478.8774  
10450.52178  
10489.44884  
10449.89953  
10438.84458  
10457.24538  
10453.58815  
10436.01991  
10464.05529  
10453.07918  
10443.90651  
10374.04184  
10323.36324  
10471.55886  
10474.1863  
10453.05022  
10493.2494  
10454.22991  
10413.49042  
10471.98009  
10439.6377  
10480.55717  
10477.23021  
10392.39986  
10350.37098  
10400.27821  
10402.12909  
10409.55536  
10419.33819  
10400.08019  
10418.13052  
10452.43006  
10423.60509  
10448.00856  
10473.74001  
10478.07407  
10511.29612  
10502.87568  
10580.21312  
10476.85663  
10465.68885  
10448.41985  
10447.93318  
10463.85261  
10373.3329  
10352.75804  
10359.98449  
10410.37894  
10401.30435  
10461.5465  
10439.05315  
10459.08413  
10471.7805  
10505.9088  
10477.04477  
10491.2731  
10519.53538  
10433.43573  
10450.29676  
10460.87402  
10454.69929  
10459.14949  
10468.59814  
10516.44546  
10483.45684  
10468.91064  
10400.75597  
10377.15032  
10367.56303  
10381.32989  
10430.43697  
10431.77648  
10446.49365  
10450.6407  
10406.73216  
10420.64408  
10402.0631  
10458.63957  
10492.463  
10463.77201  
10473.40294  
10454.2959  
10461.35859  
10483.36662  
10505.49576  
10531.3143  
10506.91282  
10441.08567  
10381.7971  
10379.84443  
10418.73077  
10411.85645  
10439.85566  
10481.08154  
10432.43885  
10374.5539  
10350.23445  
10365.56107  
10364.24114  
10423.20722  
10414.5462  
10415.6069  
10484.24636  
10506.51052  
10504.39194  
10517.02381  
10542.90114  
10472.73663  
10546.133  
10528.36005  
10501.64216  
10467.52855  
10417.87894  
10397.03268  
10429.75875  
10441.99917  
10432.93412  
10383.39596  
10339.57181  
10412.3987  
10449.7044  
10483.76435  
10496.63841  
10507.82906  
10470.71571  
10544.45654  
10538.13247  
10507.22893  
10484.59709  
10449.90385  
10420.04714  
10371.22551  
10325.13217  
10339.58999  
10394.76484  
10436.45279  
10504.04041  
10529.41463  
10508.49331  
10409.48152  
10361.33526  
10389.07715  
10400.29639  
10467.88627  
10439.01172  
10447.26739  
10408.21146  
10375.97187  
10394.6395  
10402.21101  
10418.89325  
10458.07959  
10488.15663  
10508.49339  
10485.7678  
10493.95117  
10532.2983  
10466.30799  
10495.56419  
10498.24932  
10459.89483  
10413.47833  
10438.96158  
10462.44539  
10442.61798  
10411.50162  
10429.91402  
10448.48445  
10448.77348  
10413.4345  
10382.39998  
10386.38277  
10389.32343  
10380.55288  
10406.83158  
10451.50732  
10434.52122  
10497.34428  
10529.54004  
10511.1792  
10495.319  
10476.71976  
10378.87049  
10376.6063  
10375.85581  
10430.36065  
10463.38375  
10458.02096  
10476.03786  
10457.1872  
10413.44099  
10468.89446  
10470.93904  
10459.22713  
10500.00762  
10481.5989  
10501.46191  
10477.34792  
10409.35509  
10394.58162  
10385.90505  
10382.13555  
10458.11952  
10471.79229  
10517.07985  
10491.72634  
10498.96713  
10432.50143  
10387.75714  
10377.94114  
10352.56704  
10367.63424  
10425.9606  
10471.59319  
10430.32978  
10388.88465  
10388.49497  
10389.50612  
10392.94978  
10477.22145  
10526.90914  
10516.01822  
10500.25162  
10482.40246  
10461.57865  
10445.03001  
10466.95339  
10451.93818  
10453.78748  
10476.0418  
10503.89089  
10483.48625  
10431.61437  
10403.48483  
10323.63097  
10391.26341  
10448.97773  
10460.20038  
10497.57839  
10495.70234  
10514.41384  
10436.98858  
10372.68457  
10349.18089  
10383.26799  
10421.94779  
10483.41132  
10486.40396  
10475.55942  
10441.48524  
10436.64423  
10403.34116  
10352.21943  
10362.94629  
10423.57215  
10501.12323  
10496.82895  
10489.30146  
10487.49129  
10472.27115  
10469.0438  
10468.78512  
10472.56299  
10467.59942  
10437.40418  
10377.03696  
10357.04195  
10375.1197  
10412.79256  
10454.63477  
10493.40325  
10561.34679  
10543.29887  
10549.71886  
10584.64198  
10507.59285  
10445.28151  
10414.73843  
10361.13108  
10390.08999  
10401.72555  
10451.15865  
10423.35746  
10450.24816  
10414.69719  
10461.9209  
10454.77024  
10491.30123  
10496.47097  
10436.57302  
10329.88067  
10340.67195  
10412.54793  
10431.86621  
10398.44295  
10398.05484  
10416.67773  
10441.27002  
10462.86674  
10453.85562  
10476.68431  
10449.62846  
10474.7992  
10478.39787  
10464.40385  
10496.83943  
10526.98088  
10530.29541  
10484.17706  
10479.79094  
10434.49437  
10428.16891  
10415.98862  
10368.43705  
10324.79019  
10359.02152  
10392.03129  
10450.3448  
10478.84187  
10512.22938  
10424.32328  
10414.97822  
10406.73099  
10409.08853  
10383.62151  
10378.03722  
10449.61636  
10420.91455  
10474.72187  
10441.13247  
10433.81096  
10414.24696  
10452.14956  
10416.19332  
10390.43198  
10425.7082  
10449.01991  
10496.73591  
10480.11888  
10519.80702  
10533.56062  
10503.96548  
10533.58748  
10512.57403  
10539.50575  
10577.70271  
10509.14844  
10422.30206  
10309.59574  
10356.05912  
10372.11452  
10385.12391  
10416.67161  
10463.92499  
10498.03839  
10471.5542  
10489.85859  
10483.23531  
10475.64438  
10448.83684  
10417.21687  
10463.7349  
10434.58154  
10415.0053  
10379.12879  
10366.84503  
10427.59037  
10399.41849  
10443.97555  
10416.60198  
10451.97281  
10452.45444  
10435.81374  
10513.66414  
10436.38157  
10434.97945  
10413.77171  
10411.57527  
10430.30717  
10446.4766  
10413.36591  
10493.22874  
10462.53748  
10455.899  
10493.20331  
10451.07456  
10474.84484  
10462.19712  
10415.09071  
10367.92665  
10427.34221  
10481.7023  
10514.77903  
10490.52415  
10544.23276  
10540.1878  
10523.09026  
10449.88623  
10377.15317  
10340.76848  
10395.9698  
10403.96071  
10433.71713  
10453.75376  
10467.52396  
10522.03456  
10522.50267  
10439.78005  
10461.77648  
10420.09123  
10440.25856  
10428.69974  
10353.26664  
10361.32302  
10417.46852  
10490.86347  
10495.84698  
10525.97491  
10491.77498  
10475.92533  
10451.75973  
10458.72788  
10525.89378  
10510.39344  
10433.45801  
10477.88018  
10457.65606  
10358.12365  
10299.8954  
10269.66808  
10268.92326  
10322.85359  
10393.58132  
10427.28553  
10464.21229  
10490.7755  
10494.63368  
10446.29575  
10455.13766  
10410.01228  
10382.4049  
10393.13135  
10388.2524  
10438.61753  
10429.48779  
10481.55416  
10408.41846  
10443.18727  
10469.40107  
10436.44501  
10479.17526  
10441.14652  
10501.56453  
10511.24399  
10513.64247  
10504.9446  
10464.3347  
10458.30724  
10481.00823  
10470.72536  
10449.79135  
10441.25023  
10476.79669  
10516.37827  
10565.49632  
10523.57166  
10444.82257  
10436.66113  
10428.83966  
10406.02764  
10439.54267  
10386.47191  
10416.37692  
10431.28456  
10480.87357  
10464.83695  
10470.18374  
10399.0498  
10432.60246  
10418.37267  
10420.98888  
10378.94358  
10376.42556  
10409.11809  
10427.29105  
10406.02235  
10420.53681  
10434.62267  
10510.55732  
10501.63018  
10465.76656  
10422.48054  
10391.45947  
10445.65865  
10455.55288  
10464.20872  
10478.59983  
10476.68397  
10532.54458  
10550.55705  
10579.55262  
10561.30262  
10519.61741  
10506.37564  
10409.64532  
10381.69899  
10458.77528  
10442.17619  
10428.5862  
10415.07027  
10450.56656  
10417.32715  
10428.72837  
10348.66425  
10383.75612  
10361.76848  
10320.2583  
10364.61929  
10434.16282  
10457.91801  
10432.97078  
10394.70429  
10393.6253  
10465.96466  
10473.79984  
10469.67518  
10458.96405  
10435.43397  
10409.51927  
10341.90475  
10347.97529  
10449.40572  
10459.13931  
10487.49035  
10462.32309  
10428.41448  
10470.26878  
10466.56231  
10496.74808  
10466.8916  
10406.36433  
10456.43848  
10487.32587  
10507.99669  
10546.85584  
10493.14442  
10433.09585  
10407.81073  
10436.01927  
10416.75146  
10452.82354  
10412.15745  
10427.64201  
10437.92229  
10483.57598  
10487.98483  
10572.18292  
10529.13574  
10513.86118  
10515.0207  
10483.3895  
10430.11572  
10451.72713  
10461.52877  
10437.13431  
10390.07212  
10372.70181  
10419.02866  
10406.4052  
10431.2082  
10433.66714  
10480.63679  
10498.20001  
10444.16778  
10366.15633  
10361.35592  
10383.94467  
10416.49035  
10428.82403  
10441.30506  
10465.94415  
10485.61531  
10513.32061  
10461.72134  
10474.71034  
10418.65155  
10420.02344  
10380.75026  
10409.62954  
10385.61185  
10409.95485  
10432.62906  
10331.78001  
10318.13909  
10343.51803  
10339.19621  
10388.31273  
10463.95312  
10499.75492  
10518.65103  
10565.87609  
10484.92627  
10443.45902  
10437.25  
10452.10577  
10401.76716  
10353.38495  
10395.98039  
10422.08117  
10483.81934  
10494.05574  
10432.83545  
10408.26574  
10466.71402  
10468.96537  
10519.97799  
10585.85367  
10582.11937  
10584.54992  
10610.56592  
10584.23077  
10559.87737  
10505.65651  
10490.84751  
10407.00406  
10399.29184  
10378.0388  
10360.07591  
10354.01656  
10333.74482  
10340.68968  
10334.22874  
10328.61824  
10398.58939  
10464.14994  
10494.31524  
10449.78613  
10364.41613  
10402.41891  
10460.49733  
10510.36253  
10506.27205  
10545.15411  
10503.87857  
10524.93513  
10539.50026  
10516.80315  
10519.50447  
10505.29823  
10613.69419  
10464.53264  
10393.37924  
10352.89047  
10355.55476  
10338.25815  
10351.39938  
10359.25319  
10353.27558  
10363.26292  
10365.61005  
10419.0024  
10498.70684  
10502.02231  
10463.92518  
10413.90388  
10368.67935  
10393.62271  
10416.12376  
10462.08425  
10427.26769  
10411.35393  
10435.82632  
10428.46526  
10424.93164  
10445.28095  
10446.49185  
10441.67394  
10473.42882  
10475.23941  
10461.67864  
10438.29872  
10428.23111  
10397.8842  
10425.67477  
10386.32985  
10387.95936  
10439.59476  
10422.37455  
10494.72299  
10503.35645  
10472.63371  
10494.979  
10502.11933  
10485.98051  
10487.03681  
10482.79834  
10476.15944  
10440.3578  
10407.79173  
10426.00793  
10399.30334  
10422.2912  
10435.0486  
10408.85243  
10443.95594  
10489.57613  
10480.07043  
10489.71071  
10520.24403  
10497.29334  
10492.03001  
10440.76743  
10486.74865  
10453.40174  
10468.12568  
10470.60168  
10523.71004  
10476.2642  
10441.40542  
10384.09319  
10472.43059  
10432.69246  
10467.43915  
10454.53245  
10415.76232  
10393.25665  
10328.11497  
10414.06907  
10413.29023  
10478.94385  
10507.97743  
10503.81152  
10445.97311  
10433.94914  
10441.74151  
10457.05754  
10513.94787  
10521.11058  
10559.00071  
10487.59255  
10442.89062  
10427.18235  
10456.15621  
10404.17533  
10436.7743  
10429.37387  
10378.72213  
10427.80908  
10455.32272  
10506.14633  
10480.55134  
10414.27532  
10360.05405  
10442.69009  
10486.8018  
10446.51044  
10507.76292  
10555.81355  
10497.72112  
10362.66669  
10315.9236  
10359.70151  
10384.9126  
10444.99455  
10443.8747  
10365.39588  
10364.22949  
10369.28392  
10346.67278  
10307.4899  
10343.03305  
10446.60547  
10495.44317  
10532.04165  
10492.02584  
10333.62688  
10310.47589  
10403.03955  
10407.37282  
10426.85938  
10445.78347  
10391.24624  
10375.37492  
10392.34845  
10441.48629  
10490.02209  
10521.40122  
10503.72701  
10494.81261  
10465.79992  
10479.85062  
10501.35806  
10485.81517  
10479.33308  
10420.36016  
10398.85468  
10433.42762  
10474.46079  
10489.59424  
10484.43303  
10488.87752  
10493.61621  
10496.32482  
10527.60705  
10517.41493  
10536.02024  
10519.14386  
10429.00507  
10369.75785  
10396.52731  
10411.98163  
10436.80416  
10440.39307  
10435.85295  
10464.56205  
10482.91846  
10466.8747  
10482.19081  
10488.62939  
10462.39153  
10470.60596  
10463.35014  
10480.82948  
10464.7518  
10467.22258  
10466.46804  
10428.68134  
10359.04338  
10321.12996  
10358.94738  
10382.95617  
10468.64577  
10534.74583  
10476.05236  
10473.80551  
10496.74553  
10449.76176  
10472.69993  
10467.07749  
10413.44445  
10417.5915  
10419.9162  
10399.00657  
10398.95853  
10430.19512  
10446.8516  
10477.38398  
10523.99091  
10511.57279  
10534.6576  
10558.846  
10472.87271  
10415.79766  
10342.9479  
10302.13078  
10368.86013  
10397.93682  
10427.8851  
10484.74733  
10476.40847  
10441.10126  
10443.82005  
10438.88011  
10425.80811  
10399.27453  
10428.54214  
10394.61873  
10448.628  
10476.29902  
10394.75721  
10447.9582  
10420.24429  
10394.62793  
10389.6327  
10455.0524  
10473.27731  
10505.57452  
10505.19452  
10463.87083  
10510.2713  
10480.04796  
10469.77073  
10467.04496  
10453.23156  
10508.44862  
10519.21285  
10401.87391  
10325.93457  
10357.4366  
10456.91421  
10452.54691  
10467.60156  
10485.17755  
10499.45823  
10517.31911  
10517.08229  
10358.72318  
10310.77633  
10385.46312  
10399.55593  
10440.4055  
10436.50158  
10420.28159  
10477.49365  
10489.21105  
10496.37425  
10514.59803  
10423.10802  
10333.66433  
10319.14386  
10410.52994  
10436.92003  
10485.23475  
10480.96841  
10504.37301  
10455.87474  
10458.00943  
10472.16372  
10483.72964  
10503.38766  
10448.12519  
10352.70219  
10359.60817  
10453.30011  
10473.16515  
10482.34082  
10421.87169  
10426.59082  
10454.34829  
10445.89908  
10452.29624  
10477.06644  
10460.37707  
10378.90546  
10352.10089  
10354.39821  
10401.01285  
10457.34225  
10463.74906  
10493.98843  
10457.2814  
10480.44802  
10476.0021  
10481.76882  
10460.47814  
10461.10092  
10409.58834  
10402.34582  
10423.87109  
10466.41166  
10488.4117  
10510.05852  
10492.46958  
10487.91237  
10435.53264  
10452.34398  
10454.09991  
10478.06997  
10535.28801  
10496.50113  
10461.09998  
10485.05694  
10477.96274  
10494.29364  
10461.71811  
10475.70887  
10491.7485  
10475.29259  
10472.36133  
10400.37549  
10422.27167  
10499.32279  
10486.21143  
10454.83316  
10459.9858  
10477.59431  
10469.06239  
10384.71965  
10402.07685  
10416.72029  
10409.41804  
10389.4941  
10486.75192  
10462.60686  
10409.09751  
10427.29503  
10360.32418  
10336.40253  
10325.23201  
10337.31836  
10361.06858  
10337.38135  
10356.09029  
10391.79935  
10418.98899  
10490.52201  
10522.35438  
10509.19261  
10518.07839  
10512.14528  
10448.78223  
10401.19144  
10367.61948  
10388.57636  
10410.95136  
10358.00199  
10365.88018  
10372.79932  
10406.06858  
10457.99125  
10477.56058  
10505.12973  
10519.15865  
10527.01367  
10454.12782  
10450.02486  
10434.78057  
10459.23272  
10455.98719  
10460.39814  
10534.92631  
10504.72179  
10459.64325  
10433.09953  
10394.4224  
10397.89998  
10424.96255  
10435.98899  
10419.82478  
10421.45876  
10462.0575  
10459.79282  
10443.31795  
10465.95271  
10500.05837  
10483.91012  
10470.68397  
10471.32677  
10405.73084  
10391.62774  
10383.69321  
10396.61306  
10422.93866  
10461.02186  
10427.84473  
10430.30491  
10457.46203  
10478.45508  
10487.34262  
10467.95057  
10516.15366  
10538.55439  
10503.34274  
10490.98663  
10466.40907  
10473.59769  
10455.77332  
10464.38743  
10419.46499  
10467.1505  
10374.57005  
10370.22187  
10395.61219  
10398.67879  
10423.30551  
10427.90028  
10405.97581  
10472.94858  
10459.44471  
10455.07828  
10517.40415  
10486.34544  
10436.28542  
10398.83947  
10451.16958  
10424.22555  
10444.18585  
10417.87695  
10405.25838  
10381.20219  
10421.52764  
10479.36948  
10513.68055  
10441.7885  
10457.15264  
10465.63007  
10438.60975  
10446.73486  
10495.9609  
10485.40471  
10472.70628  
10459.04973  
10469.12917  
10506.51337  
10462.89551  
10393.55018  
10436.16072  
10429.27655  
10447.10566  
10399.24106  
10391.09274  
10433.11636  
10438.49527  
10437.43942  
10450.3285  
10462.80957  
10438.15546  
10463.53906  
10495.79935  
10491.0053  
10468.23171  
10453.40524  
10484.74624  
10464.75642  
10482.86339  
10427.41459  
10409.68063  
10438.3457  
10412.81254  
10383.92097  
10450.01983  
10450.58068  
10500.24651  
10527.82595  
10513.45489  
10454.36227  
10390.59555  
10391.36373  
10439.84461  
10445.42942  
10487.93111  
10476.79999  
10421.74354  
10413.12695  
10400.49662  
10394.16121  
10400.19186  
10467.10149  
10433.48347  
10428.78208  
10386.38477  
10440.99084  
10365.41579  
10483.72296  
10443.82839  
10446.68773  
10496.8125  
10482.50376  
10560.84649  
10495.27156  
10495.18063  
10428.90914  
10374.26784  
10347.6262  
10341.67383  
10357.62316  
10427.62064  
10418.86591  
10372.5181  
10464.32456  
10399.45666  
10403.84691  
10444.19847  
10435.4588  
10442.15107  
10414.50034  
10460.31851  
10477.36903  
10527.5027  
10565.41849  
10532.24955  
10463.92184  
10448.6656  
10421.8051  
10482.96845  
10470.12504  
10430.57767  
10392.30273  
10390.90689  
10424.42954  
10503.47221  
10484.09281  
10464.10276  
10443.32328  
10440.89262  
10478.02558  
10463.7749  
10439.78948  
10401.60303  
10413.19569  
10429.9443  
10491.95572  
10516.16962  
10513.19854  
10555.49775  
10482.70771  
10409.64232  
10421.31509  
10423.94084  
10498.84292  
10487.74831  
10419.01363  
10330.55206  
10366.07433  
10393.78238  
10371.85344  
10368.55146  
10433.11974  
10478.46706  
10537.81866  
10507.97837  
10398.48667  
10349.42762  
10359.01645  
10421.17698  
10436.09229  
10445.39904  
10406.81614  
10465.57553  
10492.2589  
10512.846  
10521.69381  
10492.61031  
10442.95846  
10439.60569  
10415.27464  
10469.40587  
10502.18461  
10536.93472  
10428.06904  
10421.44066  
10457.6037  
10499.88169  
10566.4203  
10477.64784  
10450.97874  
10452.11535  
10425.41541  
10383.96661  
10362.08718  
10403.04451  
10445.87027  
10483.30296  
10513.99823  
10518.93461  
10432.17653  
10369.20515  
10370.56825  
10381.66023  
10388.77032  
10395.20189  
10429.30281  
10453.58969  
10486.1564  
10493.95132  
10481.30405  
10418.15159  
10462.71676  
10495.42082  
10453.90283  
10458.37196  
10463.16042  
10439.4893  
10475.10671  
10414.58485  
10442.70624  
10475.21518  
10476.6081  
10454.4831  
10451.5178  
10428.39389  
10385.61313  
10418.94516  
10417.80972  
10445.37677  
10423.6881  
10395.30247  
10431.41801  
10447.73156  
10444.46529  
10445.6321  
10497.58872  
10463.85209  
10417.93547  
10397.41418  
10411.53831  
10427.03117  
10474.75736  
10451.29905  
10395.54139  
10389.70083  
10379.27873  
10397.84642  
10452.18558  
10483.17826  
10541.53985  
10510.37354  
10461.15539  
10479.75394  
10473.19805  
10454.86407  
10411.5672  
10418.11587  
10428.30961  
10477.10836  
10523.97187  
10503.40039  
10439.1179  
10433.47957  
10449.15918  
10464.92255  
10518.80273  
10501.3981  
10468.88071  
10398.03099  
10331.77663  
10384.55788  
10433.29556  
10503.287  
10472.81712  
10403.10306  
10386.94775  
10419.93975  
10414.40907  
10393.96931  
10408.01931  
10406.84777  
10436.40903  
10434.26818  
10491.56667  
10430.30296  
10446.47915  
10475.17345  
10443.26953  
10494.53538  
10481.5006  
10509.38435  
10437.02133  
10430.67465  
10429.99177  
10424.13202  
10430.10614  
10416.89881  
10403.75905  
10379.61219  
10463.64303  
10511.91046  
10575.35968  
10535.57166  
10508.93754  
10500.07963  
10437.74947  
10406.63924  
10457.15497  
10438.34469  
10453.16031  
10436.28151  
10490.39832  
10501.50357  
10484.94351  
10472.81483  
10378.85712  
10442.79312  
10335.5518  
10411.32557  
10401.7669  
10501.63972  
10473.40246  
10511.18018  
10472.23272  
10490.1905  
10470.10536  
10464.56937  
10377.43495  
10415.53151  
10385.22825  
10420.88101  
10425.52246  
10459.00725  
10462.62237  
10466.00913  
10461.84679  
10409.22318  
10397.12369  
10331.524  
10328.75838  
10363.43885  
10373.73171  
10384.98453  
10402.59048  
10412.1407  
10447.62902  
10407.84645  
10424.95624  
10417.00338  
10435.86336  
10438.64314  
10350.11174  
10380.60787  
10396.43021  
10459.60524  
10463.75034  
10497.13758  
10524.91617  
10558.13142  
10546.39765  
10515.05589  
10488.61137  
10414.20324  
10493.0628  
10466.69986  
10454.58981  
10463.53936  
10497.67405  
10486.37406  
10458.19933  
10402.90227  
10367.42837  
10405.21916  
10455.29778  
10513.68127  
10532.28779  
10498.22713  
10454.17792  
10440.25721  
10439.31847  
10422.97142  
10439.33451  
10466.35306  
10510.37004  
10475.3205  
10419.25826  
10359.04  
10361.86028  
10367.29008  
10380.98956  
10352.80672  
10430.48708  
10455.34867  
10442.54068  
10437.91883  
10446.0773  
10460.88383  
10527.29098  
10465.74621  
10389.79458  
10362.10468  
10432.34251  
10441.20448  
10466.39878  
10503.69603  
10523.67097  
10505.95128  
10490.65554  
10406.40062  
10469.70974  
10488.76172  
10484.21849  
10402.56381  
10391.98171  
10474.63582  
10426.93784  
10392.99613  
10431.57332  
10423.47701  
10375.38518  
10409.7334  
10436.90817  
10447.54421  
10500.60483  
10504.44137  
10454.27776  
10440.96792  
10363.12752  
10401.25049  
10448.12718  
10476.03726  
10527.67398  
10545.06483  
10553.88717  
10500.79973  
10396.29496  
10367.24057  
10326.81224  
10316.64938  
10335.97619  
10402.15914  
10451.51931  
10485.11903  
10498.48111  
10523.226  
10512.7177  
10500.26641  
10439.5065  
10488.79751  
10445.0604  
10385.27573  
10450.31261  
10456.99207  
10463.47258  
10450.87864  
10442.67518  
10501.11441  
10513.41917  
10592.53452  
10483.08706  
10389.67601  
10403.45305  
10411.27085  
10459.90595  
10494.16951  
10488.08571  
10462.17909  
10448.87744  
10386.0616  
10458.81596  
10428.08853  
10459.88157  
10478.7817  
10492.891  
10404.98599  
10331.41553  
10369.47476  
10317.41973  
10334.4929  
10369.40103  
10372.16925  
10384.32561  
10417.82257  
10472.55548  
10452.4864  
10466.32335  
10451.30461  
10455.9502  
10421.27941  
10456.43033  
10545.6297  
10529.79988  
10529.30694  
10491.95159  
10485.76889  
10487.25541  
10467.45744  
10484.70872  
10496.49031  
10478.46507  
10446.55672  
10470.79789  
10476.95913  
10449.58507  
10414.22953  
10436.90186  
10446.59435  
10447.95053  
10414.73779  
10411.65092  
10458.64555  
10445.82317  
10418.41339  
10377.10442  
10409.26146  
10433.26825  
10450.702  
10436.79819  
10428.19678  
10438.18393  
10442.15272  
10418.4233  
10383.06366  
10379.68566  
10441.63619  
10472.16478  
10481.22649  
10493.52678  
10522.06333  
10462.57542  
10428.06265  
10439.40309  
10438.82069  
10459.72818  
10446.36298  
10433.78035  
10417.28117  
10413.42191  
10481.1736  
10536.30247  
10499.89979  
10522.71721  
10483.55574  
10498.73407  
10515.59848  
10530.86538  
10524.8347  
10415.4307  
10341.51855  
10350.1958  
10431.31539  
10436.85562  
10501.43611  
10464.68739  
10345.51307  
10311.72236  
10334.28362  
10382.3901  
10355.41692  
10344.01089  
10319.66925  
10414.84161  
10405.51078  
10410.80874  
10423.64949  
10448.70023  
10460.06588  
10492.18604  
10436.67901  
10429.18975  
10441.61193  
10427.69629  
10434.28208  
10432.76055  
10431.30123  
10424.91384  
10449.81088  
10483.61805  
10524.12785  
10546.16436  
10515.0945  
10485.16031  
10517.10333  
10540.71943  
10508.31656  
10552.76656  
10513.4671  
10487.58661  
10451.58207  
10391.06246  
10404.03403  
10446.36907  
10431.27513  
10459.70031  
10452.24463  
10383.117  
10374.73058  
10445.53042  
10492.08203  
10456.72814  
10472.65201  
10482.44678  
10492.57005  
10442.60799  
10418.49264  
10405.20177  
10426.27332  
10448.95414  
10486.92849  
10559.38796  
10499.90058  
10491.95091  
10493.95583  
10469.18021  
10479.69558  
10367.79334  
10346.25255  
10422.59638  
10430.49373  
10396.22416  
10449.75924  
10409.04143  
10425.46451  
10397.46424  
10363.69482  
10367.52851  
10377.30319  
10375.57305  
10392.47945  
10428.88484  
10361.46308  
10348.42218  
10396.75049  
10434.51209  
10487.25785  
10479.24346  
10532.73817  
10511.36328  
10494.26589  
10454.28039  
10341.06445  
10336.57433  
10396.63604  
10436.71079  
10453.41714  
10415.31828  
10398.13969  
10433.21372  
10450.26401  
10425.90813  
10404.40343  
10434.9437  
10424.25109  
10502.50924  
10479.1484  
10529.35881  
10503.90287  
10473.74395  
10495.17206  
10491.17003  
10486.36786  
10498.25563  
10473.78482  
10468.66988  
10468.71304  
10454.46954  
10499.39588  
10424.67248  
10441.55747  
10442.48317  
10451.90948  
10482.12827  
10472.55176  
10498.50868  
10454.4979  
10385.33736  
10399.02701  
10379.04849  
10434.0752  
10471.24884  
10500.4837  
10492.96022  
10493.319  
10397.5705  
10444.51649  
10420.57148  
10405.19235  
10428.92875  
10469.57429  
10456.58842  
10456.03824  
10418.95489  
10454.79346  
10423.31258  
10398.33034  
10402.28955  
10444.89104  
10448.51487  
10443.33181  
10478.85881  
10484.63758  
10462.75823  
10456.86899  
10466.98261  
10429.05533  
10531.9662  
10555.36197  
10453.34529  
10368.3193  
10375.37658  
10335.23152  
10322.32685  
10340.67368  
10413.63646  
10461.40445  
10465.41354  
10476.04594  
10428.63232  
10462.6706  
10467.00853  
10512.7909  
10542.06058  
10488.10566  
10433.63154  
10445.55533  
10438.19614  
10443.36306  
10489.31967  
10461.75406  
10443.63627  
10412.60126  
10438.66395  
10489.89742  
10516.76675  
10550.41602  
10554.70519  
10490.08939  
10374.83872  
10360.56209  
10360.14393  
10409.98663  
10405.08102  
10466.06817  
10416.24906  
10382.06945  
10481.5003  
10514.90463  
10537.64949  
10541.79665  
10435.93746  
10388.78384  
10375.14288  
10267.9867  
10353.10652  
10368.07681  
10398.49283  
10366.25267  
10394.2882  
10424.16181  
10435.85885  
10482.01281  
10502.67413  
10511.69422  
10548.9988  
10500.53527  
10421.88184  
10424.15813  
10478.65869  
10457.65159  
10473.8762  
10525.3018  
10508.41252  
10521.36448  
10438.66436  
10399.07441  
10452.936  
10415.59458  
10469.98073  
10497.96954  
10553.10851  
10486.79376  
10395.17845  
10361.75086  
10374.30292  
10397.90565  
10398.46901  
10464.47284  
10466.70241  
10481.25886  
10448.122  
10465.37921  
10482.96094  
10489.95628  
10528.39742  
10455.4434  
10442.88991  
10423.92214  
10399.3149  
10366.63247  
10373.43168  
10357.98456  
10357.52633  
10388.16643  
10425.68975  
10393.75676  
10376.98392  
10454.17435  
10478.61366  
10532.48734  
10530.30525  
10475.73351  
10462.08278  
10464.7675  
10453.52148  
10464.68968  
10455.32531  
10495.79537  
10476.31404  
10451.64701  
10416.96274  
10466.05285  
10487.01352  
10445.58819  
10402.32662  
10372.56693  
10366.03985  
10398.13375  
10427.04105  
10445.81205  
10476.88863  
10494.97198  
10503.34589  
10488.65223  
10422.15644  
10405.04132  
10393.83181  
10389.92191  
10408.11227  
10397.86298  
10389.48163  
10460.44674  
10471.65745  
10483.97679  
10493.86907  
10468.19941  
10431.05886  
10464.61681  
10476.88728  
10470.67638  
10438.87477  
10473.14844  
10436.7595  
10475.16838  
10425.20805  
10433.70038  
10482.27997  
10458.37169  
10362.98066  
10418.42924  
10468.51315  
10489.74474  
10512.80758  
10416.59769  
10446.19385  
10392.52855  
10335.53861  
10382.40723  
10429.58428  
10406.36076  
10420.20805  
10486.0764  
10481.19651  
10508.28839  
10508.85062  
10520.54958  
10495.6739  
10445.08868  
10439.49981  
10459.47769  
10412.85934  
10406.28234  
10360.18078  
10382.79909  
10425.81295  
10506.38728  
10507.14896  
10477.7571  
10482.98937  
10447.44798  
10514.95714  
10463.45666  
10500.97025  
10523.91647  
10484.21413  
10462.61103  
10480.78531  
10419.7343  
10403.38676  
10441.35787  
10499.56242  
10449.84142  
10399.73006  
10471.95147  
10465.04973  
10425.51435  
10391.35885  
10369.53403  
10344.50995  
10346.15328  
10289.89427  
10394.98332  
10440.32043  
10452.08515  
10410.15261  
10394.77351  
10380.46086  
10412.08023  
10387.7201  
10389.75368  
10447.69062  
10440.9858  
10467.66861  
10463.45857  
10469.14344  
10467.10536  
10473.16643  
10480.96011  
10473.04549  
10488.3374  
10548.27783  
10555.1819  
10482.34758  
10450.32824  
10460.63424  
10497.4043  
10519.56205  
10420.41556  
10389.97972  
10401.79458  
10395.21691  
10466.93555  
10452.49489  
10460.6309  
10465.18239  
10433.67973  
10411.92728  
10390.32227  
10474.27738  
10458.29395  
10437.17864  
10437.38007  
10447.76213  
10417.28087  
10424.46037  
10451.35821  
10431.08823  
10437.4846  
10443.32272  
10466.17879  
10514.61685  
10542.32366  
10499.65294  
10488.91151  
10456.8937  
10433.65944  
10434.35543  
10415.26292  
10385.78542  
10422.60889  
10399.6828  
10423.56866  
10447.35577  
10494.21255  
10394.97337  
10480.95226  
10553.63567  
10530.43656  
10454.34882  
10392.32677  
10345.22754  
10343.41782  
10359.52524  
10414.99996  
10439.02749  
10434.56107  
10480.13724  
10485.34901  
10490.35468  
10499.83267  
10381.7186  
10368.83252  
10352.76822  
10420.84307  
10468.55288  
10466.65918  
10427.62782  
10470.3815  
10471.18033  
10487.53166  
10473.28429  
10472.24523  
10477.17326  
10485.91474  
10433.71308  
10418.50421  
10454.06111  
10482.40137  
10453.41188  
10445.59518  
10465.01916  
10444.03613  
10357.79177  
10421.33733  
10449.32587  
10404.50627  
10464.7257  
10458.71713  
10448.24335  
10467.89209  
10445.89746  
10440.99906  
10397.27539  
10386.04026  
10376.91121  
10397.10652  
10467.71785  
10439.07215  
10452.96131  
10436.79195  
10454.24966  
10491.0524  
10472.60152  
10435.28365  
10472.21338  
10479.67623  
10483.09138  
10482.48479  
10427.01255  
10406.23122  
10413.024  
10455.8679  
10498.6656  
10547.37196  
10493.46988  
10505.15937  
10476.59236  
10441.65283  
10397.39108  
10350.87917  
10393.12939  
10407.86407  
10483.56088  
10515.59653  
10506.57305  
10557.82775  
10542.11516  
10484.80067  
10404.06182  
10356.59664  
10390.89709  
10397.72784  
10451.87166  
10398.46131  
10421.38424  
10450.40385  
10493.58951  
10481.51566  
10529.01912  
10493.75777  
10440.85243  
10474.0181  
10427.5492  
10410.53809  
10421.57433  
10436.14318  
10421.83489  
10428.71943  
10523.3599  
10506.67334  
10527.91895  
10421.4751  
10354.89953  
10356.18562  
10396.36644  
10412.18213  
10420.0468  
10385.50436  
10420.6795  
10425.40355  
10541.15967  
10448.4796  
10441.73576  
10345.81735  
10360.97303  
10355.0889  
10394.44174  
10416.39735  
10342.35558  
10374.25071  
10419.62692  
10412.27948  
10459.52948  
10442.97927  
10435.36846  
10501.38882  
10535.45286  
10534.89183  
10557.94794  
10529.4633  
10449.68735  
10375.70346  
10405.77967  
10468.04252  
10476.20974  
10486.9197  
10467.96635  
10466.50642  
10439.27261  
10411.20508  
10433.59108  
10488.49733  
10446.58305  
10451.8688  
10421.23791  
10415.97067  
10453.73246  
10466.26777  
10508.85269  
10564.14551  
10584.23216  
10565.56468  
10515.94851  
10441.47266  
10426.80653  
10410.34274  
10365.98573  
10418.32313  
10405.28647  
10341.73265  
10402.92747  
10432.2565  
10482.69084  
10480.21368  
10441.7805  
10382.63608  
10397.39216  
10426.11711  
10510.96353  
10509.07373  
10455.02922  
10465.97607  
10416.21259  
10421.78805  
10366.23471  
10431.09803  
10441.04793  
10489.22833  
10469.40137  
10423.91372  
10489.33293  
10472.5219  
10481.87406  
10443.72183  
10398.19907  
10348.15283  
10376.7601  
10385.55416  
10419.66203  
10350.19069  
10336.53797  
10387.86779  
10443.46398  
10437.96567  
10518.19828  
10571.24305  
10529.234  
10481.32951  
10504.99132  
10429.14006  
10395.1229  
10384.22976  
10433.96037  
10475.65302  
10500.42424  
10508.37947  
10482.51063  
10457.8495  
10482.18051  
10484.13416  
10454.24639  
10445.2947  
10409.49211  
10484.91508  
10484.17747  
10482.67567  
10443.09356  
10451.07339  
10467.468  
10460.12669  
10467.57433  
10448.70339  
10353.95279  
10313.57366  
10376.51664  
10415.75372  
10444.53042  
10486.69404  
10480.73922  
10469.08444  
10504.58241  
10473.87624  
10450.69997  
10446.42274  
10435.69505  
10439.63912  
10442.46402  
10388.48355  
10367.0332  
10411.54443  
10409.95192  
10398.59683  
10461.48498  
10495.86182  
10535.8987  
10572.6413  
10533.15869  
10459.36674  
10360.59059  
10298.06303  
10405.85953  
10459.06239  
10470.4917  
10468.28531  
10451.6656  
10450.69227  
10424.42334  
10487.80555  
10471.6549  
10519.64134  
10472.57369  
10452.61152  
10432.93908  
10460.15708  
10419.1537  
10398.52877  
10388.45312  
10431.86249  
10414.06299  
10434.45147  
10470.15415  
10422.35427  
10438.53523  
10450.33451  
10452.50045  
10355.87924  
10383.21777  
10398.24253  
10400.85731  
10388.88428  
10381.47112  
10393.09014  
10424.31348  
10471.89337  
10440.27997  
10385.90681  
10422.73081  
10451.29034  
10450.67882  
10492.03441  
10528.46856  
10492.67003  
10507.23422  
10439.62485  
10421.24489  
10440.73359  
10458.77411  
10493.86366  
10546.4822  
10544.27291  
10491.27671  
10542.9698  
10484.32114  
10449.27558  
10431.17901  
10433.08049  
10430.30153  
10444.61982  
10399.29564  
10469.18427  
10533.04008  
10546.43063  
10499.33425  
10432.77528  
10402.23347  
10350.01499  
10294.95489  
10355.2725  
10397.66331  
10411.56795  
10376.02975  
10414.47991  
10457.66481  
10475.45572  
10495.37399  
10469.14168  
10405.08853  
10401.85513  
10405.39292  
10411.90174  
10475.27757  
10512.73644  
10563.09116  
10488.25883  
10407.21176  
10381.76803  
10410.9603  
10435.42413  
10490.25676  
10496.74016  
10436.26067  
10450.38477  
10497.98036  
10474.58808  
10485.21154  
10464.55724  
10515.60795  
10486.27009  
10384.09777  
10370.10772  
10405.31761  
10436.10029  
10440.16733  
10495.69272  
10544.8261  
10519.82873  
10504.31667  
10495.72442  
10451.63751  
10367.40448  
10343.00466  
10365.2909  
10409.38552  
10455.60273  
10483.45451  
10470.50665  
10524.77772  
10503.73839  
10491.58721  
10461.75049  
10442.75875  
10445.58072  
10419.6182  
10473.99335  
10520.61463  
10451.28444  
10426.07061  
10360.62417  
10325.64953  
10339.50905  
10418.67529  
10421.15625  
10402.03151  
10407.46436  
10376.35678  
10488.63255  
10488.55878  
10549.72863  
10530.35746  
10482.35727  
10505.05991  
10416.23017  
10382.04537  
