10611.45089  
10456.27419  
10408.90214  
10379.20744  
10338.01556  
10240.30021  
10233.9471  
10212.14417  
10214.47129  
10181.94698  
10174.99697  
10174.75366  
10275.21187  
10352.85111  
10346.96954  
10300.29454  
10281.29606  
10273.52022  
10266.51664  
10290.61975  
10365.9103  
10395.03379  
10373.79018  
10429.32304  
10408.51925  
10386.7089  
10401.63859  
10435.93953  
10399.75975  
10331.90558  
10263.83079  
10172.47327  
10173.94657  
10186.28011  
10201.38841  
10236.00382  
10304.4871  
10285.61926  
10283.59873  
10360.96069  
10388.52468  
10353.10431  
10259.01843  
10225.23566  
10257.53156  
10268.02232  
10295.08862  
10304.1827  
10392.14758  
10347.27305  
10386.7525  
10398.35356  
10360.54793  
10326.70831  
10315.90306  
10333.56535  
10418.27102  
10409.16498  
10415.77504  
10309.25393  
10239.25421  
10169.8103  
10299.83972  
10401.77018  
10471.3479  
10506.91215  
10480.51101  
10381.94051  
10330.04116  
10237.25677  
10150.04346  
10129.29932  
10151.75177  
10183.23716  
10214.76986  
10144.85763  
10170.97921  
10172.31287  
10218.37559  
10252.47888  
10304.85036  
10329.47359  
10325.93058  
10294.2962  
10292.08215  
10360.32052  
10419.25771  
10445.39553  
10500.99601  
10517.11668  
10452.20825  
10446.16587  
10464.04468  
10460.60856  
10420.2462  
10401.36548  
10431.53707  
10414.93325  
10428.29071  
10454.909  
10310.96356  
10176.88987  
10119.49198  
10149.25806  
10236.3421  
10321.15609  
10318.92769  
10359.94126  
10367.83781  
10323.86517  
10356.56915  
10391.06498  
10359.80786  
10353.53721  
10318.22587  
10287.0104  
10293.13273  
10289.9858  
10352.40879  
10414.72192  
10389.16791  
10352.91687  
10295.76021  
10220.28373  
10218.37543  
10129.43536  
10136.00942  
10196.02185  
10261.30147  
10351.95608  
10396.93583  
10360.06962  
10392.41726  
10373.38534  
10392.93575  
10451.36729  
10473.04649  
10487.56447  
10514.63656  
10473.75043  
10477.85394  
10377.31421  
10282.43998  
10201.64569  
10201.71468  
10151.86784  
10233.71387  
10216.22927  
10224.19828  
10256.76799  
10237.03381  
10314.12323  
10350.91449  
10393.69733  
10405.35575  
10394.63253  
10368.09056  
10317.66659  
10349.58128  
10290.39895  
10370.52222  
10363.48751  
10317.62329  
10308.94975  
10226.57524  
10175.71098  
10322.20542  
10201.25706  
10185.3103  
10218.10508  
10265.95178  
10288.67578  
10321.33248  
10285.30882  
10337.94558  
10394.59408  
10406.84894  
10443.47384  
10456.89663  
10401.99353  
10352.33022  
10326.08993  
10289.41762  
10257.00423  
10353.56415  
10329.13706  
10296.92269  
10374.80931  
10351.61216  
10371.96631  
10345.995  
10379.18866  
10380.42816  
10326.90334  
10227.26992  
10158.9589  
10135.1557  
10170.04657  
10235.09094  
10255.77543  
10270.38916  
10250.25981  
10360.50285  
10344.45388  
10365.05129  
10349.97257  
10374.81571  
10336.95052  
10323.34056  
10342.63118  
10291.08427  
10256.58653  
10193.75081  
10187.73204  
10253.11393  
10291.13987  
10389.05365  
10409.27053  
10498.41298  
10510.02187  
10454.93795  
10476.84692  
10430.94381  
10326.46611  
10302.00667  
10248.12002  
10205.62512  
10226.40106  
10315.76117  
10323.27714  
10384.90588  
10400.08907  
10310.87907  
10283.75342  
10322.17043  
10301.0012  
10275.4802  
10292.53717  
10341.16093  
10321.6826  
10284.50704  
10280.6332  
10319.54502  
10276.76642  
10311.32635  
10319.06468  
10377.1252  
10341.73201  
10346.20571  
10370.42847  
10335.42379  
10359.29736  
10362.57058  
10398.8468  
10412.48185  
10393.55627  
10395.08333  
10337.88082  
10308.75757  
10373.7805  
10383.61033  
10344.50427  
10277.4423  
10202.44712  
10198.37343  
10162.67501  
10130.00696  
10131.51681  
10215.74445  
10270.8917  
10336.15511  
10381.56335  
10411.9244  
10472.07794  
10398.86591  
10371.15363  
10285.39823  
10310.64258  
10256.76133  
10257.0828  
10278.48364  
10237.00035  
10214.0271  
10260.01019  
10265.84043  
10253.51721  
10345.97603  
10366.46271  
10401.05196  
10503.3618  
10493.18652  
10575.6672  
10525.86021  
10498.47992  
10347.28805  
10290.53886  
10242.24874  
10240.85836  
10245.63293  
10146.59123  
10153.4185  
10186.99416  
10233.24933  
10269.71688  
10278.65411  
10425.14225  
10427.83079  
10463.32076  
10416.89119  
10345.46108  
10333.73692  
10281.1861  
10327.14191  
10356.28239  
10301.45787  
10302.89437  
10302.77041  
10300.14122  
10366.71379  
10384.92369  
10347.73204  
10306.12315  
10284.58049  
10279.03184  
10300.19002  
10333.43807  
10368.39905  
10294.5461  
10292.39528  
10257.11249  
10319.50934  
10241.75669  
10316.99711  
10293.20424  
10350.14016  
10317.99986  
10369.6214  
10328.33407  
10375.80017  
10301.40979  
10229.23442  
10214.03705  
10281.93184  
10290.41172  
10345.73971  
10366.08791  
10407.62144  
10412.49626  
10396.58116  
10483.45896  
10389.69157  
10319.63593  
10186.50549  
10283.57025  
10260.46552  
10326.64398  
10313.78717  
10332.47559  
10351.82725  
10381.31248  
10406.25631  
10361.11755  
10372.22536  
10305.66311  
10269.51489  
10106.21431  
10110.66349  
10027.09983  
10170.16376  
10266.11312  
10352.40261  
10454.59163  
10434.55357  
10483.66103  
10494.23897  
10444.66408  
10289.49359  
10209.32774  
10184.01139  
10130.19836  
10194.56337  
10293.47469  
10289.74821  
10403.10921  
10405.66484  
10394.27207  
10453.61843  
10428.72575  
10412.77244  
10361.54061  
10273.49809  
10291.40564  
10221.08032  
10248.06897  
10324.61747  
10272.19568  
10315.84049  
10296.77877  
10307.24817  
10321.91241  
10376.55019  
10409.78178  
10430.66388  
10409.68852  
10373.54006  
10332.5059  
10310.73739  
10381.98435  
10420.51499  
10469.02102  
10474.78046  
10463.90151  
10437.42222  
10389.80035  
10349.33716  
10381.13186  
10363.59192  
10364.29858  
10357.1933  
10336.26483  
10415.78717  
10427.01023  
10436.94253  
10459.27545  
10498.57194  
10504.91439  
10514.59623  
10460.83179  
10380.50779  
10185.74731  
10170.06657  
10185.17006  
10246.56986  
10285.02917  
10272.58962  
10317.79386  
10360.25673  
8754.514567  
10389.58466  
10140.6472  
10022.14372  
9966.429362  
10154.61088  
10265.6664  
10459.09192  
10534.05351  
10482.98653  
10400.76794  
10301.2396  
10328.8312  
10367.59857  
10384.01455  
10431.80461  
10382.30794  
10390.89492  
10272.757  
10219.2191  
10237.53235  
10230.12256  
10224.81028  
10199.72382  
10141.74441  
10141.94527  
10196.5966  
10241.5765  
10289.63645  
10307.04354  
10399.47925  
10381.88228  
10369.58899  
10374.79604  
10407.37449  
10376.89585  
10420.67558  
10509.88232  
10468.48539  
10528.93697  
10479.66217  
10456.20256  
10395.70032  
10338.09068  
10308.26424  
10302.11519  
10358.99485  
10304.26497  
10357.85752  
10384.58822  
10293.92613  
10253.18435  
10186.22575  
10229.94615  
10209.08938  
10302.00403  
10292.56698  
10340.19405  
10370.08042  
10371.89388  
10461.18868  
10393.18899  
10353.98027  
10252.44169  
10150.82243  
10174.42672  
10183.44008  
10256.78809  
10256.47931  
10288.56252  
10315.50655  
10330.28607  
10317.04653  
10282.6094  
10289.0189  
10282.25785  
10337.75677  
10272.73574  
10288.83289  
10272.39062  
10323.65442  
10328.35433  
10365.13926  
10405.49788  
10460.84481  
10496.74465  
10450.82477  
10379.6472  
10258.96269  
10213.5447  
10293.29474  
10251.33447  
10335.53914  
10407.14199  
10287.73698  
10299.0872  
10241.34969  
10272.90009  
10331.0802  
10385.13527  
10403.30436  
10427.37732  
10491.03558  
10398.26516  
10287.64781  
10225.77905  
10282.74807  
10280.70304  
10313.44332  
10266.49025  
10278.75149  
10265.64714  
10303.9752  
10354.39119  
10398.01351  
10436.01436  
10462.23934  
10453.12809  
10433.64937  
10572.77743  
10084.81748  
10517.68974  
10384.12777  
10377.14805  
10406.82349  
10409.02315  
10445.12154  
10439.80359  
10477.9152  
10487.4021  
10469.62457  
10483.54386  
10461.40076  
10425.76931  
10476.53239  
9178.94873  
10531.69826  
9520.177389  
10222.98594  
9786.720032  
9793.510111  
9853.61613  
10170.56413  
10361.93996  
10402.84157  
10497.57029  
10288.99129  
10193.85824  
10243.00891  
10330.25608  
10397.74087  
10464.38951  
10422.06415  
10346.72793  
10284.62573  
10200.99266  
10224.61806  
10236.58769  
10236.24754  
10248.73273  
10297.94226  
10344.02981  
10475.7061  
10637.9965  
10546.68953  
10527.46745  
10467.70931  
10423.66508  
10321.25216  
10342.31171  
10329.08388  
10324.9645  
10334.25576  
10290.65334  
10295.74432  
10270.1711  
10241.49087  
10197.55786  
10261.03375  
10320.7642  
10294.4376  
10329.82086  
10277.86778  
10351.71088  
10364.60227  
10341.64156  
10412.90393  
10402.42643  
10445.86159  
10417.53719  
10447.33329  
10371.01206  
10352.67338  
10373.25657  
10371.49095  
10386.29399  
10307.98649  
10250.27053  
10160.24782  
10221.6141  
10196.79207  
10264.64105  
10286.81411  
10333.05115  
10261.49453  
10301.54714  
10334.08162  
10366.39716  
10385.78774  
10474.49738  
10455.41958  
10427.90723  
10385.40914  
10342.74888  
10280.70587  
10329.3232  
10322.2275  
10403.83232  
10374.14742  
10376.29187  
10327.83415  
10310.31234  
10234.59703  
10196.99333  
10210.96771  
10293.53949  
10328.19838  
10357.88727  
10387.98777  
10400.62531  
10355.50151  
10358.179  
10337.45205  
10353.0246  
10283.98258  
10322.07631  
10296.0154  
10295.56415  
10307.90436  
10311.71006  
10343.90755  
10323.12783  
10311.17224  
10323.15729  
10400.17767  
10376.88391  
10446.9338  
10444.81427  
10437.46954  
10360.68878  
10257.93178  
10165.24866  
10087.09973  
10156.55001  
10188.03147  
10124.2974  
10161.07951  
10173.83675  
10243.44564  
10260.08407  
10344.78825  
10420.75763  
10465.82072  
10443.45821  
10483.55865  
10465.59111  
10406.96006  
10425.39408  
10387.46608  
10335.25336  
10293.468  
10264.45408  
10324.86336  
10291.22894  
10207.13135  
10316.75405  
10351.36084  
10412.63635  
10404.00863  
10430.29832  
10386.86902  
10428.7865  
10400.30528  
10292.7405  
10172.00816  
10199.16551  
10360.96885  
10370.4835  
10400.31136  
10425.16768  
10364.75653  
10346.8257  
10327.91154  
10343.59054  
10309.27726  
10330.97727  
10260.46942  
10190.71694  
10182.27043  
10171.2216  
10213.8067  
10255.33641  
10292.84385  
10289.86068  
10335.22477  
10319.28503  
10372.35311  
10351.2396  
10363.78544  
10359.7054  
10362.67696  
10364.98639  
10345.07829  
10379.75393  
10354.30017  
10405.72011  
10399.69574  
10390.34841  
10350.87266  
10313.05581  
10180.65147  
10133.76284  
10146.26591  
10153.60665  
10269.66954  
10301.84515  
10371.55845  
10306.77549  
10291.32092  
10289.29171  
10292.00423  
10287.59629  
10344.23267  
10376.8363  
10377.81726  
10366.08036  
10306.46914  
10374.26174  
10431.68669  
10425.15125  
10384.15464  
10292.51536  
10291.3254  
10319.90731  
10402.52242  
10371.24632  
10425.71025  
10406.29228  
10400.6  
10255.05786  
10221.52059  
10196.2298  
10250.36255  
10331.72766  
10375.72786  
10304.36202  
10308.68463  
10297.35805  
10159.0835  
10157.63568  
10279.32611  
10252.67647  
10221.78271  
10307.45587  
10336.067  
10410.59469  
10458.40094  
10483.2266  
10454.37728  
10421.25822  
10365.54303  
10308.61853  
10204.4118  
10132.46771  
10126.08026  
10153.75153  
10109.41964  
10072.61174  
10065.31946  
10038.67291  
10137.95813  
10158.10791  
10151.77958  
10162.54441  
10253.55243  
10266.41866  
10270.36015  
10378.23116  
10381.07365  
10413.46299  
10365.78699  
10412.5757  
10413.79561  
10455.91754  
10448.9563  
10397.17778  
10410.934  
10497.8101  
10435.30196  
10496.74048  
10459.79034  
10348.28925  
10205.24827  
10108.49843  
10152.86983  
10162.64225  
10318.80355  
10302.64612  
10459.15149  
9814.756978  
10790.78278  
10301.1736  
10195.87227  
10254.30406  
10354.32747  
10332.83203  
10400.10787  
10383.83022  
10474.45428  
10482.43717  
10505.93947  
10402.99172  
10382.21718  
10335.37496  
10463.50881  
10432.2288  
10463.73037  
10433.38971  
10475.38584  
10431.06533  
10364.65778  
10350.49003  
10386.52482  
10418.23057  
10401.46576  
10490.51247  
10491.69057  
10455.4541  
10506.07477  
10479.5706  
10498.95591  
10515.31561  
10501.23661  
10455.0528  
10358.97776  
10237.11841  
10203.83148  
10263.07686  
10299.64842  
10354.65774  
10420.87734  
10426.40778  
10477.52993  
10504.947  
10398.16785  
10321.51347  
10361.3311  
10313.85817  
10272.37673  
10238.59635  
10275.36328  
10209.59082  
10266.68475  
10262.43298  
10303.33779  
10327.72207  
10354.29065  
10377.00049  
10384.7226  
10357.64744  
10404.01105  
10284.11255  
10274.44377  
10281.43276  
10239.39417  
10314.51442  
10224.7652  
10190.15635  
10133.70744  
10193.41536  
10314.51512  
10421.87303  
10465.10573  
10462.44059  
10429.13137  
10353.78007  
10333.63574  
10406.00177  
10345.09808  
10397.97011  
10355.19727  
10285.52085  
10210.28467  
10083.10002  
10067.85982  
10194.09511  
10210.11875  
10288.90017  
10306.20605  
10346.48423  
10369.24251  
10355.63005  
10368.77325  
10327.32872  
10287.97656  
10270.86082  
10278.00482  
10296.59648  
10261.42537  
10679.97748  
10472.21106  
10283.23969  
10318.19775  
10308.82847  
10170.52305  
10026.50822  
10152.71887  
10076.49522  
10161.51296  
10251.32713  
10299.46187  
10261.41577  
10283.05013  
10253.88084  
10315.83449  
10365.18005  
10412.37368  
10353.68992  
10322.20062  
10185.37415  
10111.74467  
10159.87494  
10234.86351  
10278.02441  
10369.30094  
10430.15389  
10399.22188  
10449.10382  
10415.18233  
10355.21393  
10262.10293  
10204.77153  
10194.328  
10231.91292  
10346.49353  
10334.60547  
10402.67208  
10361.21753  
10369.71208  
10370.76434  
10297.29183  
10299.30638  
10269.44741  
10195.94655  
10231.06158  
10312.19293  
10384.64299  
10403.91579  
10410.83156  
10383.02777  
10313.78971  
10334.17228  
10246.42381  
10269.20376  
10223.1523  
10243.78546  
10286.99731  
10289.51799  
10300.69145  
10341.0966  
10205.61178  
10176.08061  
10151.69977  
10230.57849  
10257.45335  
10317.48494  
10386.46413  
10354.62992  
10386.11753  
10377.19836  
10321.31964  
10298.29858  
10309.23879  
10351.25572  
10363.96161  
10306.37246  
10336.52771  
10331.62665  
10388.41864  
10374.63507  
10373.41829  
10302.12417  
10412.46922  
10151.36841  
10203.44342  
10140.99111  
10226.88273  
10215.91119  
10302.60311  
10290.85752  
10302.71875  
10280.38479  
10230.05573  
10112.90043  
10149.10746  
10171.291  
10228.9788  
10277.19415  
10334.6  
10308.76314  
10286.07815  
10261.49845  
10211.82404  
10249.56594  
10249.39799  
10218.0685  
10260.83523  
10322.07564  
10258.57371  
10259.71307  
10186.98008  
10262.19749  
10277.34544  
10341.17383  
10342.50602  
10348.98944  
10332.205  
10273.31484  
10254.2702  
10287.461  
10370.95884  
10333.63424  
10308.46281  
10319.11694  
10056.71202  
10394.70026  
10372.56936  
10402.22044  
10449.52926  
10494.41587  
10507.1189  
10417.09515  
10367.02614  
10278.07056  
10241.66347  
10233.62797  
10305.84082  
10336.48303  
10307.48964  
9789.428792  
10463.70469  
10580.03709  
10559.73081  
10580.73071  
10500.57737  
9760.146851  
10405.80766  
10217.32133  
9986.244019  
10257.00675  
10242.39889  
10293.87651  
10274.76493  
10312.8537  
10338.83191  
10349.46863  
10404.86127  
10427.65137  
10482.78292  
10470.08834  
10452.22524  
10434.12337  
10476.79449  
10486.18768  
10466.83748  
10419.40535  
10380.81923  
10321.35061  
10276.28296  
10285.06675  
10401.60498  
10467.98757  
10401.00653  
10352.89132  
10263.90466  
10289.79742  
10269.35972  
10296.5215  
10294.29624  
10301.44786  
10367.55219  
10413.88261  
10367.27277  
10423.45937  
10467.46021  
10456.85958  
10478.04889  
10375.75909  
10294.56209  
10188.60221  
10220.21906  
10285.92379  
10387.85295  
10368.58291  
10423.53153  
10427.10354  
10382.67049  
10494.98686  
10435.96853  
10427.89307  
10443.09951  
10407.35732  
10378.34601  
10259.4621  
10294.01105  
10264.00891  
10234.54578  
10238.59222  
10162.51835  
10183.05902  
10228.84538  
10285.97459  
10359.82157  
10379.43217  
10404.78243  
10376.20959  
10417.14939  
10437.80035  
10428.79504  
10428.62781  
10352.3323  
10305.88521  
10207.39994  
10204.85834  
10222.16384  
10260.94952  
10351.09721  
10288.07589  
10200.34692  
10136.26219  
10206.47343  
10252.87864  
10372.1793  
10369.96458  
10334.21633  
10358.32418  
10364.07717  
10363.99978  
10341.44582  
10312.92525  
10325.13554  
10284.57161  
10341.9739  
10342.89911  
10380.92818  
10365.93536  
10389.37746  
10430.52032  
10431.01444  
10460.71741  
10486.11715  
10501.86747  
10409.89429  
10301.38082  
10318.07947  
10285.79551  
10321.06608  
10353.66103  
10402.78691  
10401.33146  
10447.67975  
10418.05684  
10420.17519  
10412.22886  
10361.14927  
10432.03219  
10362.46124  
10329.60763  
10328.96285  
10290.33217  
10337.95133  
10271.83518  
10301.41606  
10241.72424  
10309.02299  
10311.32633  
10432.459  
10526.80033  
10271.63314  
10332.39335  
10404.40389  
10434.72695  
10541.42647  
10511.43949  
10437.61857  
10231.37181  
10065.84658  
9784.167236  
9590.644633  
9910.373393  
10081.36165  
10174.01257  
10325.3505  
10317.60545  
10352.95608  
10307.81635  
10334.24656  
10364.94145  
10388.54993  
10362.94104  
10315.19714  
10377.60158  
10365.86184  
10368.117  
10369.5257  
10399.65186  
10472.18919  
10427.42281  
10352.94145  
10335.50704  
10323.96753  
10349.82619  
10088.46865  
10407.82607  
10359.84167  
10374.14124  
10476.29681  
10479.52256  
10412.35545  
10319.64508  
10330.99398  
10361.33  
10390.8067  
10427.97601  
10450.0021  
10427.92002  
10447.54895  
10375.23041  
10383.03202  
10398.03316  
10330.67102  
10086.28691  
9763.696696  
9889.964396  
9799.686869  
10016.89451  
10054.74703  
10148.19704  
10254.65204  
10318.10337  
10265.18144  
10200.61269  
10139.58297  
10119.73865  
10183.74255  
10343.64799  
10467.93038  
10443.48328  
10494.25482  
10473.76147  
10468.03992  
10350.6925  
10284.99851  
10255.66441  
10344.05743  
10335.56319  
10350.27287  
10419.07703  
10411.58378  
10403.55489  
10421.09991  
10384.85002  
10406.7006  
10342.64567  
10367.22302  
10353.46761  
10300.69682  
10272.75179  
10281.10925  
10301.50151  
10308.6697  
10389.09082  
10419.54749  
10425.24837  
10401.33539  
10342.46041  
10311.46564  
10286.16976  
10256.30703  
10226.93235  
10279.18014  
10320.69928  
10331.05986  
10368.53729  
10390.5517  
10494.3421  
10456.81539  
10462.29747  
10448.22105  
10410.70455  
10325.21234  
10203.97331  
10205.26546  
10131.3877  
10198.14258  
10223.41675  
10289.00472  
10289.45079  
10339.16774  
10314.77207  
10372.61263  
10378.99009  
10334.79085  
10277.97227  
10253.8857  
10235.80609  
10298.70024  
10296.08191  
10393.05025  
10425.24929  
10414.13171  
10382.29429  
10389.06592  
10352.48969  
10396.60793  
10440.61603  
10413.83057  
10413.25852  
10335.85726  
10319.47752  
10353.25627  
10369.76349  
10413.38999  
10405.68781  
10276.91526  
10147.94198  
10073.41982  
10132.45217  
10168.93667  
10195.52889  
10261.03371  
10301.28835  
10371.79016  
10324.38346  
10402.66115  
10395.52452  
10356.8299  
10319.7026  
10306.49892  
10315.82487  
10304.50462  
10211.76784  
10208.13275  
10274.25289  
10323.34587  
10350.58274  
10334.03811  
10412.98564  
10476.07808  
10460.27142  
10447.88743  
10428.90399  
10385.97921  
10307.44708  
10319.56919  
10344.92969  
10347.43921  
10369.80908  
10355.60655  
10357.66187  
10378.41115  
10406.58643  
10348.9255  
10265.61477  
10269.90204  
10061.76402  
10119.15342  
10141.38942  
10206.34542  
10326.04431  
10342.02423  
10365.30076  
10273.51103  
10192.76046  
10133.53485  
10115.92017  
10193.29742  
10225.91785  
10206.04614  
10505.89764  
10360.67175  
10358.2876  
10310.74135  
10396.30308  
10403.85986  
10445.47253  
10411.64417  
10515.91734  
10523.13125  
10439.14565  
10412.55339  
10365.42662  
10323.00309  
10305.28776  
10378.95876  
10408.12996  
10465.11123  
10445.07111  
10398.10685  
10402.94834  
10293.12331  
10121.36804  
10238.1874  
10347.19045  
10433.12368  
10330.59141  
10341.15599  
10391.15658  
10511.49162  
10179.63778  
10340.13552  
10124.90727  
10224.2264  
10287.84511  
10329.13584  
10351.81927  
10382.00409  
10362.37  
10352.17102  
10362.43374  
10325.85561  
10314.64889  
10334.4625  
10331.09369  
10278.64683  
10424.04631  
10373.34703  
10402.90656  
10464.23285  
10535.69344  
10939.30931  
9134.700409  
10245.22972  
10111.14889  
10059.66551  
10594.51449  
10620.67503  
10502.86351  
10417.36412  
10389.81232  
10273.04006  
10027.13251  
9818.531555  
9873.886393  
10088.21254  
10118.50338  
10317.70721  
10142.76357  
10184.35559  
10160.58217  
10226.29899  
10292.82473  
10282.61013  
10412.70107  
10441.43809  
10413.78743  
10309.12752  
10241.42568  
10250.45577  
10312.03569  
10286.39695  
10280.23645  
10282.5273  
10236.83704  
10262.06917  
10295.34017  
10324.31207  
10349.77425  
10350.04399  
10373.84312  
10422.27179  
10412.35427  
10498.58789  
10514.03432  
10429.13544  
10395.28145  
10381.74312  
10311.12223  
10310.99221  
10328.23665  
10376.44562  
10381.9729  
10415.7337  
10326.58539  
10247.65607  
10246.21462  
10207.2418  
10228.31095  
10271.32646  
10302.03894  
10351.82172  
10448.75116  
10488.62093  
10461.19649  
10472.3717  
10470.20953  
10391.60024  
10385.5271  
10481.51312  
10203.83313  
10110.94857  
10211.5958  
10182.01518  
10250.23916  
10191.56258  
10352.88214  
10316.80548  
10189.55988  
10346.50203  
10294.07941  
10170.36979  
10175.02517  
10165.77244  
10282.97839  
10353.19267  
10349.24945  
10428.77531  
10387.70577  
10285.80894  
10186.06118  
10210.01683  
10304.78172  
10280.36633  
10297.84322  
10395.00157  
10381.94177  
10382.03249  
10406.64594  
10417.71926  
10288.46281  
10254.07758  
10228.08  
10300.90682  
10352.71588  
10293.64956  
10299.63131  
10303.93089  
10290.16974  
10331.34202  
10415.92354  
10422.61792  
10383.56372  
10351.34491  
10350.64343  
10342.69348  
10366.06889  
10405.63369  
10471.21958  
10502.95805  
10481.31858  
10519.59534  
10458.43123  
10517.21195  
10435.63434  
10368.96263  
10320.82141  
10362.88794  
10333.50354  
10394.07168  
10322.79525  
10325.25214  
10374.37028  
10395.09139  
10271.38304  
10157.41604  
10096.22414  
10151.5659  
10115.36043  
10121.44792  
10155.16248  
10067.48806  
10106.69499  
10176.00031  
10269.72068  
10356.04803  
10428.57332  
10534.98659  
10517.01703  
10466.86845  
10651.56622  
10484.00456  
10367.77171  
10339.07861  
10212.82324  
10336.57247  
10337.73692  
10368.8973  
10301.48733  
10311.46509  
10384.87309  
10323.98452  
10278.3905  
10112.28845  
10107.08986  
10402.76164  
10514.53947  
9920.132772  
10239.33988  
10184.64726  
10202.74544  
10498.29126  
10215.84241  
10431.18455  
10127.30441  
10269.65586  
10341.77924  
10221.80416  
10070.36353  
10053.98037  
10084.40354  
10271.16319  
10303.72437  
10409.33234  
10502.69458  
10564.46643  
10524.42466  
10555.00637  
10599.09969  
10608.76628  
10630.88951  
10602.74461  
10485.5367  
10473.13422  
10376.64801  
10433.12492  
10439.56594  
10414.43693  
10364.22788  
10541.69057  
10400.82764  
10331.90271  
10295.01839  
10216.41107  
10122.56504  
10080.56366  
10209.57941  
10217.63153  
10271.9007  
10377.74416  
10385.73079  
10384.53109  
10392.76892  
10425.22314  
10309.03953  
10278.08476  
10152.72577  
10274.0577  
10238.63951  
10249.4329  
9971.392049  
10122.04254  
10111.32558  
10086.41921  
10062.58608  
10063.01416  
10123.06773  
10198.24898  
10277.12917  
10347.99969  
10407.88468  
10394.09583  
10404.56938  
10410.77122  
10465.2051  
10405.19381  
10410.32945  
10433.65143  
10498.58972  
10418.96708  
10264.63757  
10252.02067  
10244.79895  
10288.14925  
10317.06014  
10320.50201  
10344.06777  
10378.8488  
10355.93597  
10357.13965  
10405.95624  
9552.93339  
10545.36377  
10403.08626  
10388.65387  
10278.24697  
10219.43073  
10235.48779  
10210.85704  
10193.18964  
10194.49854  
10199.50873  
10261.98334  
10200.12461  
10273.28054  
10338.18113  
10439.11515  
10428.93754  
10381.9767  
10393.58148  
10082.05965  
10367.91789  
10381.80839  
10382.00586  
10315.08449  
10249.96985  
10253.62421  
10295.02574  
10293.75726  
10264.18671  
10335.78884  
10274.82013  
10418.36908  
10385.95994  
10325.24613  
10348.44735  
10416.62917  
10433.99648  
10449.99495  
10443.88017  
10418.54209  
10332.86788  
10245.68081  
10244.60099  
10243.62673  
10326.84853  
10382.6639  
10415.52897  
10433.03404  
10380.02399  
10331.39679  
10303.58555  
10341.41101  
10447.45898  
10457.44609  
10365.1613  
10282.8668  
10302.77887  
10388.40116  
10328.05471  
10373.51082  
10320.84558  
10286.5967  
10324.25112  
10294.4045  
10322.23714  
10313.34196  
10304.40057  
10420.83472  
10363.48474  
10390.52858  
10504.37061  
10502.24268  
10495.30599  
10504.07699  
10497.70119  
10530.58197  
10440.81779  
10441.85358  
10452.01227  
10407.16789  
10648.47927  
10227.57926  
10318.91667  
9866.661458  
10149.81958  
10113.45308  
10261.25248  
10275.73619  
10436.33175  
10419.72034  
10317.22099  
9934.436849  
9996.133362  
10124.49699  
10148.58832  
10281.64205  
10248.2407  
10400.86184  
10309.8362  
10308.5095  
10318.4974  
10349.31167  
10408.4927  
10439.54466  
10534.87968  
10483.43247  
10437.69047  
10330.6748  
10231.19305  
10099.95616  
9975.098979  
9997.609049  
10065.06348  
10060.36188  
10169.43414  
10183.27083  
10252.25087  
10378.2407  
10370.31453  
10439.68217  
10363.6334  
10372.15721  
10305.0752  
10335.76933  
10320.47911  
10338.74178  
10421.59003  
10461.13967  
10456.39022  
10500.18559  
10522.88354  
10581.68005  
10696.14549  
10478.85152  
9775.393209  
10669.53927  
10398.62551  
10295.89394  
10189.24082  
10167.74573  
10315.56032  
10543.85624  
10377.84194  
10222.39746  
9982.537903  
9898.259725  
9939.458577  
9981.879028  
10038.1228  
9870.18811  
9963.241089  
10042.66547  
10156.37549  
10229.30729  
10312.0165  
10430.7761  
10744.68837  
10652.49719  
10598.04696  
10553.48069  
10517.11515  
10472.81081  
10444.86847  
10403.91947  
10380.31797  
10408.66325  
10392.84745  
10499.1298  
10483.74483  
10541.58024  
10639.65733  
10618.93821  
10686.12109  
10675.4491  
10687.43093  
10632.56321  
10384.70636  
9970.382528  
9761.360107  
9920.796285  
10301.58081  
10126.11182  
10133.6403  
10509.50592  
10103.41909  
10248.57501  
10373.84104  
10380.68134  
10373.80953  
10562.67877  
10407.72833  
10285.61597  
10252.40127  
10193.04983  
10292.44035  
10282.54171  
10362.91644  
10367.4987  
10461.77846  
10369.56344  
10390.18001  
10467.3634  
10411.94999  
10501.81364  
10503.88967  
10534.85213  
10537.34764  
10470.57178  
10437.60026  
10400.62423  
10344.44906  
10477.27108  
10130.99746  
10406.4397  
9781.990723  
9836.552673  
10034.29777  
10193.02464  
10235.27983  
10317.89034  
10330.2231  
10269.83828  
10160.45862  
10141.94224  
10134.4503  
10203.64891  
10186.90013  
10271.18634  
10302.21688  
10373.27795  
10381.22262  
10446.29738  
10469.98106  
10444.30499  
10390.10722  
10343.76656  
10349.77419  
10402.8819  
10439.02008  
10423.98366  
10389.56222  
10378.24302  
10338.12838  
10339.34617  
10415.76383  
10361.84235  
10430.72697  
10275.94027  
10234.01162  
10236.0497  
10191.15812  
10293.35895  
10239.25073  
10261.89512  
10351.07965  
10446.66353  
10328.16563  
10256.96029  
10400.54637  
9812.721273  
10357.7206  
10335.44958  
10325.35048  
10307.8938  
10352.52828  
10309.76892  
10380.05904  
10333.5532  
10290.65656  
10268.93807  
10191.38485  
10205.40845  
10246.07316  
10329.05249  
10353.65784  
10363.86015  
10443.74369  
10332.10075  
10349.09914  
10307.5919  
10254.96415  
10216.13635  
10203.26607  
10206.60478  
10275.61582  
10321.82385  
10339.14884  
10363.34493  
10408.21655  
10378.13717  
10228.92175  
10157.3987  
10084.15059  
10158.44781  
10186.83982  
10340.53723  
10320.11735  
10456.85559  
10465.9424  
10429.47481  
10408.2193  
10453.93132  
10402.25913  
10418.875  
10441.63023  
10480.87592  
10375.44277  
10247.19678  
10141.3536  
10140.428  
10235.63281  
10297.82857  
10350.55587  
10295.50598  
10367.25956  
10381.02325  
10446.25989  
10403.45974  
10351.11945  
10433.46999  
10282.8031  
10543.16168  
10302.24941  
10343.89648  
10370.80589  
10406.93034  
10353.13961  
10359.93697  
10174.66345  
10093.43235  
10167.19135  
10230.65249  
10346.7796  
10389.42198  
10427.29315  
10425.11501  
10510.05271  
10426.71531  
10443.67116  
10349.7089  
10293.41746  
10314.6229  
10308.59117  
10243.30143  
10237.34556  
10232.67269  
10329.2785  
10407.04887  
10408.54769  
10381.72929  
10355.19645  
10285.86096  
10251.19708  
10192.38641  
10110.66722  
10182.5745  
10281.07367  
10228.50405  
10292.10476  
10208.30282  
10225.65737  
10165.39384  
10272.40102  
10370.42977  
10453.58995  
10352.31374  
10291.67275  
10225.07257  
10267.92828  
10285.428  
10279.79421  
10325.76615  
10290.91075  
10396.9186  
10380.85223  
10396.11357  
10414.06759  
10394.35042  
10390.54926  
10421.83533  
10355.56659  
10303.71924  
10421.23476  
10417.23151  
10436.72758  
10427.30251  
10457.29639  
10439.70526  
10379.70667  
10229.90556  
10311.33138  
10287.92985  
10301.72911  
10253.6969  
10285.27496  
10282.01467  
10295.03337  
10161.45005  
10133.57576  
10051.02144  
10020.3479  
10080.97257  
10158.87327  
10401.1495  
10093.73879  
10413.38515  
10478.08219  
10464.13084  
10494.94899  
10554.58262  
10535.09833  
10525.73708  
10368.86715  
10142.55969  
10033.23964  
10037.87701  
10127.06844  
10164.48747  
10246.47937  
10288.59918  
10362.43514  
10416.62107  
10433.01176  
10444.9055  
10465.50307  
10540.98269  
10450.34237  
10283.69078  
10082.25175  
10406.66659  
10126.41091  
9953.727661  
10096.45178  
10232.82438  
10229.66217  
10401.4844  
10034.76497  
10215.2982  
10335.14268  
10376.54476  
10427.29311  
10425.84507  
10417.06114  
10397.9128  
10389.08791  
10374.62299  
10385.12671  
10527.64742  
10432.72998  
10463.03811  
10520.05957  
10488.98794  
10458.62937  
10471.86263  
10404.2003  
10408.52865  
10393.21735  
10347.51166  
10276.93471  
10124.34928  
10349.44139  
10238.75623  
10434.49731  
10387.55573  
10471.38377  
10543.50374  
10518.1191  
10409.98643  
10501.16825  
10499.05579  
10441.45652  
10526.90999  
10530.33948  
10422.93758  
10377.45825  
10221.30922  
10220.10527  
10202.07576  
10149.07037  
10151.57481  
10120.84676  
10076.264  
10068.17385  
10148.33712  
10180.69381  
10197.21552  
10145.63428  
10263.38306  
10407.78396  
10483.65253  
10439.01178  
10351.72555  
9776.009583  
9737.826965  
9878.175212  
10012.19157  
10070.68866  
10179.15859  
10253.15436  
10342.63767  
10275.93268  
10247.2914  
10223.1922  
10046.89412  
10312.30155  
10445.46425  
10462.54883  
10549.401  
10599.56632  
10569.36816  
10563.09918  
10485.64524  
10472.69126  
10445.86578  
10392.26518  
10365.54466  
10404.49609  
10351.75358  
10372.58024  
10410.12069  
10445.72524  
10397.24894  
10433.34137  
10441.64689  
10401.53076  
10421.83024  
10394.89943  
10358.77146  
10301.71594  
10306.20138  
10187.16744  
10166.60834  
10234.84625  
10191.87937  
10216.42316  
10204.39482  
10214.79649  
10260.30503  
10311.08022  
10399.97642  
10400.36259  
10394.57208  
10439.61959  
10419.97756  
10398.64018  
10428.06944  
10432.71165  
10451.76607  
10398.02155  
10410.61165  
10400.62221  
10291.7998  
10237.75492  
10197.45107  
10204.00637  
10130.35791  
10172.84125  
10257.59381  
10272.7488  
10322.74689  
10318.41168  
10218.14795  
10251.02389  
10319.18728  
10470.87941  
10441.09233  
10414.92218  
10509.68127  
10514.78392  
10557.8607  
10467.49831  
10342.1226  
10149.94568  
9997.828227  
10011.85315  
9954.085347  
9962.956482  
10044.87903  
10159.93384  
10189.09361  
10249.72007  
10321.74064  
10334.18211  
10405.68197  
10469.65369  
10506.30861  
10482.34253  
10473.79258  
10361.11749  
10337.60394  
10232.44712  
10332.26984  
10369.39948  
10442.70526  
10432.76676  
10517.16538  
10514.09521  
10584.33232  
10435.93463  
10510.47205  
10536.09705  
10495.60183  
10383.64211  
10262.88792  
10301.61816  
10225.40444  
10156.91066  
10208.34987  
10151.51219  
10182.10022  
10221.02448  
10231.6381  
10336.25614  
10220.99447  
10302.50102  
10319.88218  
10557.15796  
10289.15617  
10229.93093  
10164.80754  
10194.66274  
10280.64158  
10332.50352  
10403.01746  
10333.30516  
10428.80627  
10338.63904  
10333.50079  
10035.08419  
10199.94061  
10116.58592  
10111.13346  
10174.29338  
10160.84271  
10242.49819  
10265.19145  
10332.84349  
10372.47866  
10403.54004  
10494.01333  
10506.51477  
10545.79956  
10398.12679  
10278.89461  
10246.54274  
10263.02938  
10441.28815  
