11927.58551  
11960.46287  
11985.2803  
12051.82713  
12064.45146  
12047.29677  
12005.72495  
11991.79568  
12011.97963  
11973.29035  
11964.594  
11998.64273  
11987.37011  
12052.5663  
12059.8515  
12028.54713  
11983.79279  
11976.63281  
11960.39737  
11984.97423  
11965.78349  
11968.8489  
11957.92103  
11933.92064  
11944.57467  
11898.53673  
11962.22419  
12006.90325  
11978.83489  
12031.73009  
12053.78698  
12031.39003  
12028.25298  
11997.49254  
11963.98036  
11960.3948  
11966.66504  
11967.54157  
12022.72043  
12044.92983  
12031.35154  
12026.95681  
11991.27769  
11997.41305  
12026.5097  
11974.42358  
12042.19426  
11986.52275  
11999.02098  
12038.07651  
12004.04983  
12006.07006  
11945.9943  
11894.15291  
11950.61639  
11971.73205  
11964.99537  
11921.27978  
11986.38556  
11995.05538  
12004.10747  
12061.42237  
12064.91958  
12081.29447  
12080.12042  
12072.77641  
12042.6169  
12009.47047  
12019.13018  
11992.7895  
11962.73305  
11959.43377  
11919.03455  
11947.63741  
11964.43892  
11946.05303  
11969.62953  
11978.54978  
11977.42963  
11998.2517  
12007.79805  
11975.07204  
11982.73846  
12001.28337  
12023.54722  
12038.15558  
12035.13514  
12035.06426  
12020.68309  
12002.96408  
12006.03491  
11996.78422  
11961.46437  
11988.68402  
12027.15054  
11987.55729  
11980.75446  
12038.14539  
12041.6634  
12039.11243  
12064.44577  
12022.79656  
12012.63985  
11969.3936  
11927.32601  
11987.8944  
12024.50829  
11974.06655  
11963.75353  
11972.38498  
11966.16327  
11996.01207  
11998.81179  
12030.19681  
11956.66976  
11984.08071  
11951.5346  
12012.76352  
12014.80012  
11984.79466  
12021.45336  
12032.86516  
12045.61475  
11967.02602  
11940.38385  
11971.99025  
11958.74502  
11953.73152  
11939.68815  
12008.52644  
11991.45158  
12015.48841  
11954.09239  
11968.2441  
12015.07488  
12020.66755  
12071.20874  
12038.40147  
12077.50011  
12054.96512  
12042.25145  
12038.73986  
12019.2163  
12061.42087  
12028.13946  
11967.4632  
11973.45903  
11916.02099  
11979.97692  
11957.22644  
11960.79427  
12011.16602  
11962.72263  
11966.22065  
11981.77319  
11966.87576  
11994.30466  
11999.13125  
12034.6485  
11998.00239  
11984.74642  
12011.47552  
11981.46703  
12025.68626  
12011.41465  
12008.37176  
11991.82235  
12013.30235  
11963.46799  
11906.58742  
11937.61814  
11981.00838  
11984.39823  
11975.42569  
11991.49598  
12022.62613  
12012.43141  
12002.56027  
12004.16897  
12030.85136  
12056.50156  
12025.90037  
12023.51204  
11974.86614  
11950.13986  
11987.66537  
11996.61607  
12030.49517  
12015.55526  
11996.02722  
12020.34796  
12024.82944  
12068.89646  
12045.50039  
12004.65539  
11967.95097  
11910.93368  
11879.78048  
11925.33717  
11928.65827  
11955.81647  
11977.08327  
12001.77296  
11961.35323  
12012.24483  
12045.59781  
12019.82356  
12022.93194  
12056.69028  
12034.20115  
12015.77265  
11950.50673  
11972.12661  
11942.26831  
11969.94583  
11968.97788  
11960.00504  
12009.86974  
12030.18121  
12070.53826  
12033.75663  
12082.24794  
12093.6871  
12058.84961  
12059.5934  
11982.13655  
12003.15935  
11958.61939  
11964.79814  
11919.64609  
11978.88246  
11985.64108  
11941.5993  
11951.00168  
11971.72795  
11958.87198  
11941.78828  
11964.96872  
12069.78558  
12035.04424  
12039.10145  
12010.07971  
11971.03343  
11973.74944  
12024.18046  
11969.34875  
11977.95709  
11959.8771  
11974.64466  
11997.67357  
11944.46228  
11970.79349  
11993.58645  
11985.8424  
12021.80567  
12009.73609  
12028.98251  
12069.81968  
12037.30937  
12067.79783  
12096.00754  
12033.10736  
12065.56484  
11971.73943  
12009.06591  
11978.32196  
12036.38582  
11963.00154  
11925.95829  
11965.65028  
11938.76868  
11984.59366  
11967.52914  
11975.19895  
11991.17584  
11993.88152  
11996.10022  
12042.12696  
12065.19336  
12088.64355  
12027.16918  
12000.32304  
11907.45181  
11958.1738  
11907.14177  
11921.8253  
11982.8885  
12006.79554  
12061.19724  
12050.67241  
12075.79471  
12011.81022  
12044.34959  
12010.15773  
11992.68981  
11953.60495  
11990.66835  
12094.93806  
12053.9121  
12031.01268  
11955.25175  
11920.36322  
11902.89189  
11916.20021  
11895.7091  
11981.75778  
12004.64927  
11990.00555  
12016.84553  
12040.95643  
12037.00105  
12030.6687  
12027.03016  
12042.83631  
12064.10292  
11991.78378  
11983.35513  
11933.18007  
11926.71867  
11991.19294  
11996.49662  
12030.37464  
12015.95795  
12007.19321  
12035.74726  
12018.67307  
12096.79656  
12020.4476  
11991.5369  
11950.32924  
11942.95052  
11919.5681  
11945.57487  
11964.1543  
11987.82993  
12019.77946  
11999.26407  
11991.78021  
12032.64355  
11989.3476  
11982.35819  
11949.83896  
11964.47031  
11991.48399  
12001.76327  
12005.68105  
12026.75713  
12078.9342  
12037.00981  
12057.34577  
12017.01622  
11986.54403  
11984.99948  
11884.01457  
11944.07546  
11937.60736  
11950.25387  
11999.5702  
11962.36949  
12009.01909  
12027.33801  
12063.12547  
12051.76633  
12061.53925  
12019.03662  
11980.24643  
12003.04831  
11978.7058  
11976.00706  
11953.77517  
11964.77091  
11938.34548  
11984.39448  
12007.51798  
12049.8934  
11991.09826  
12022.39215  
12037.45384  
12044.42921  
11983.68042  
11959.71765  
11971.73631  
11940.72183  
11986.70398  
11977.06982  
11998.49172  
11998.59279  
12024.23514  
12033.36598  
12054.09663  
12050.11576  
12003.53528  
11989.40621  
11964.57044  
11958.17213  
11959.25297  
11963.95735  
11961.30973  
12055.21269  
12006.60938  
12037.43562  
12119.77789  
12110.39861  
12096.22724  
12080.91851  
12005.17351  
11955.08056  
11965.26148  
11983.30605  
11994.9807  
12011.37242  
12017.76061  
12037.60285  
12032.00216  
11966.26089  
11888.4508  
11929.9067  
11945.39075  
11997.67973  
11991.4098  
11994.25782  
12041.7639  
11999.04884  
12063.85905  
12054.58729  
12053.24644  
12098.95031  
12102.34022  
12106.04526  
12070.63589  
12032.44471  
11975.43537  
12006.40344  
11991.13425  
12039.31937  
12018.78868  
12008.15941  
11876.30309  
11550.20115  
11739.88481  
11857.10733  
12041.53472  
11988.15488  
12032.96128  
12037.60979  
12010.65841  
11977.68382  
12029.92323  
12022.28537  
12048.52174  
12024.41692  
11992.82708  
12035.68284  
11944.68339  
11969.58159  
12008.60537  
11999.94926  
12004.62241  
12023.40647  
11960.43739  
11933.22105  
11912.04852  
11932.41217  
11943.8238  
11989.39583  
11974.07125  
11975.55444  
12018.01055  
11989.83524  
12005.60858  
12001.1318  
11979.58535  
11978.28351  
12011.61881  
11984.68974  
12007.30392  
12019.54709  
12021.5222  
12017.86562  
12064.29912  
12026.31447  
11999.95608  
12010.08523  
11971.38435  
12045.37976  
12040.91811  
12051.37538  
11991.90164  
11980.92399  
11935.65226  
11930.5636  
11929.62343  
11972.74646  
11961.12224  
11970.57896  
11975.3554  
12014.77813  
12046.3488  
12046.77467  
12057.7679  
12041.11741  
12005.06704  
11986.98136  
11995.46674  
12023.93655  
11987.2957  
12008.35663  
12067.5212  
12064.63043  
11972.74066  
12029.79501  
11933.08776  
11979.87775  
11971.04636  
11992.66256  
11970.79882  
11946.39783  
11983.38828  
11992.47365  
11964.92662  
12000.33519  
12046.19095  
12014.85377  
12010.26014  
11985.50536  
12002.85588  
11973.58878  
11993.59002  
11985.47711  
12024.96512  
11997.82126  
11972.22381  
11978.17473  
11928.73482  
11926.08045  
11971.31998  
11988.7833  
12015.99286  
12077.90367  
12032.65856  
12079.57205  
12078.18712  
12060.62214  
12089.20387  
12059.485  
12028.47242  
11965.88108  
11924.67267  
11974.93764  
11965.53785  
11949.37857  
12015.85596  
12012.57016  
12074.03582  
12102.05391  
12107.97505  
11941.16678  
12037.80451  
12025.17261  
11967.22957  
11968.0729  
11923.24198  
11969.85038  
11985.52829  
12013.35261  
12012.84223  
12068.84015  
12090.44921  
12078.19452  
12039.06485  
11991.95794  
12017.57359  
11848.82011  
11789.87892  
10952.67259  
11801.86413  
12098.35546  
12030.04395  
12039.55707  
11986.62685  
12078.55053  
12012.2601  
11970.65499  
11994.65836  
11992.67581  
12024.95614  
12006.26376  
12032.33653  
12053.11985  
12032.63235  
12026.2767  
12013.37146  
12064.33958  
12030.23168  
12031.3088  
11986.04994  
12002.74112  
11991.3969  
11990.19837  
12028.10878  
12030.62939  
12031.64128  
11997.65467  
12025.89917  
12013.33147  
12029.77703  
12059.1378  
12026.56573  
11993.18455  
12025.30184  
12038.14229  
12038.88698  
12026.57601  
11974.91603  
11997.19667  
11991.74755  
11949.29185  
11918.65621  
11983.91436  
11976.17662  
12005.37663  
11992.96188  
12016.07256  
12097.12247  
12024.46209  
12048.06812  
12003.56816  
12002.472  
12007.34373  
12016.52847  
12083.40109  
12045.66566  
12041.53481  
12023.29175  
12012.89181  
11957.42832  
11952.63325  
11919.78099  
11963.18951  
11953.50226  
11976.02564  
11967.81582  
11969.7463  
12049.39896  
11986.65477  
12026.27066  
12034.29437  
12028.84483  
12084.96965  
12070.01996  
12044.14027  
12013.43722  
11978.80324  
11935.99616  
11886.72141  
11938.2137  
11966.49051  
11934.45644  
11937.13008  
11919.05365  
11964.3074  
11973.43241  
11991.89862  
12022.37869  
12016.19475  
12105.02815  
12014.6667  
12034.71128  
12031.78574  
12063.69377  
12022.79551  
12010.38892  
11952.86623  
11960.59267  
11917.94819  
11961.70199  
11989.17865  
12020.76019  
12061.1799  
12051.1378  
12057.17632  
11995.49333  
11937.55172  
11978.49755  
11936.41834  
11939.63091  
11974.33534  
11966.2422  
11979.57797  
12018.90799  
12044.85096  
12052.31477  
12014.47294  
12006.65074  
11983.77357  
11945.90616  
12010.79686  
11985.09212  
11978.055  
12004.41907  
12021.15499  
12042.2078  
12040.1575  
12069.57949  
12056.18601  
12030.34895  
12002.6342  
11998.06269  
11946.16888  
11956.9075  
12009.88374  
11976.96938  
12012.27197  
11971.9736  
12039.24218  
12102.85971  
12049.08159  
12082.01387  
12102.20222  
12111.00029  
12121.23504  
12050.29815  
11961.27045  
11897.46145  
11861.37512  
11878.33745  
11924.42058  
11926.91442  
11927.05115  
11971.29039  
11919.12101  
11976.84553  
11977.38432  
11928.42257  
11908.82064  
11935.27925  
12008.36107  
12029.4713  
12001.85034  
12004.02488  
11963.73897  
11967.82512  
11919.85261  
11957.05419  
11980.89341  
12024.4049  
12013.95745  
12032.57083  
12016.12652  
11993.85785  
12024.22622  
12056.36645  
12025.70871  
12058.02097  
11994.07598  
12044.18012  
11999.0407  
12049.14652  
12017.2662  
12017.1574  
11965.0424  
11954.8614  
11976.4939  
12004.3097  
11977.04166  
12014.19951  
12054.94626  
12051.32388  
12046.82908  
12029.76674  
11992.70459  
11975.95545  
11964.41251  
11942.3693  
12006.93887  
11970.73341  
11991.91681  
11956.7032  
11927.77674  
11935.13187  
11988.62902  
12037.78232  
12013.03324  
12025.35348  
12005.51478  
11957.67516  
11931.99041  
11929.95177  
11913.44969  
11941.6799  
11979.52674  
11977.23004  
11968.22929  
12107.42916  
12101.93789  
12106.29  
12085.4325  
12060.57866  
11999.62369  
11984.80146  
11975.33706  
11941.01567  
11933.77117  
11908.19954  
11939.64437  
11952.55461  
12029.40588  
12041.4407  
12000.56021  
12032.7441  
12002.01028  
12013.8618  
12059.88594  
12003.27084  
12031.89493  
12032.11806  
12047.95772  
12034.15207  
12007.22247  
12006.00012  
12027.18079  
12023.29221  
11946.78142  
11980.42622  
11968.42842  
11938.11203  
11953.34185  
11928.12531  
11971.49153  
11953.53052  
11948.32879  
11977.65869  
11948.94395  
11958.87336  
12052.09015  
12003.95224  
12057.26091  
12013.86024  
12029.18559  
11935.66371  
11917.53032  
11950.50547  
11938.24757  
11968.36137  
11907.93183  
11631.80092  
11958.73979  
12185.97351  
12014.25738  
12017.38493  
12073.00309  
12052.63973  
12120.92833  
12087.65761  
12124.17386  
12099.25339  
12038.38208  
12013.61103  
11970.15879  
11994.85363  
11990.81353  
11984.83272  
12048.17866  
12019.87594  
12021.01302  
12031.25279  
12043.21194  
12006.77684  
12033.31165  
12047.08573  
12056.52659  
12028.14118  
11985.52122  
11988.7817  
11921.2633  
11931.7937  
12031.6578  
12017.46548  
12054.81092  
12080.70089  
12088.0719  
12091.61553  
12044.94233  
11988.46322  
11974.04792  
12008.72327  
12015.69327  
12024.85676  
12010.52418  
12002.40988  
11958.45636  
11915.87442  
11969.0361  
11957.08544  
11973.41134  
12011.01956  
12017.71986  
12015.97516  
11957.50117  
11949.97845  
11938.11511  
11972.80813  
11938.59517  
11928.64564  
11959.03918  
11992.48239  
11970.88379  
11764.91916  
12086.73411  
12086.2171  
12142.33909  
11969.11135  
12045.39454  
11936.55387  
11959.32042  
11929.25687  
11966.41697  
12037.70895  
12076.98125  
12062.42676  
12082.80334  
12052.88379  
11953.38576  
11967.44769  
11940.09973  
11904.038  
11966.29397  
11995.42163  
12008.74373  
12029.7308  
11940.54918  
11950.08158  
11959.12556  
11964.45521  
11964.13497  
11955.43933  
11948.46344  
11966.28733  
11999.83469  
11998.69731  
12063.6239  
12004.57107  
11984.85534  
11971.11871  
11936.59542  
11578.19619  
12193.33548  
12216.91329  
12026.05082  
11789.62856  
11876.97416  
11900.53742  
11989.71558  
12034.08919  
12055.83132  
12024.47199  
12045.25505  
12090.32864  
12035.14783  
12072.59317  
12029.95231  
12024.6604  
12022.13219  
12012.48401  
11999.88495  
12002.97951  
11997.27235  
11962.75618  
11959.81504  
11991.67013  
11989.72349  
12034.67261  
12015.1694  
12011.44043  
12032.03665  
12015.5807  
12083.1144  
12070.1181  
12000.29232  
11954.19315  
11969.45534  
11991.46607  
12003.72404  
12010.8607  
12025.87069  
12039.39188  
11993.80063  
11970.79389  
12000.27283  
12002.71924  
11987.76118  
11997.83251  
12062.48357  
12032.86199  
12073.63501  
12082.90977  
12056.29557  
12037.04165  
11942.71489  
11950.88654  
11988.44444  
11913.32275  
11904.84504  
11911.55369  
11935.23405  
11969.04636  
11948.15771  
11942.08584  
11901.10058  
11934.21983  
11977.52706  
11962.31879  
11967.44882  
12014.68481  
12035.88722  
12031.99975  
12025.27631  
12043.65977  
12024.38946  
12029.63648  
12004.02996  
12009.38028  
11990.92901  
12003.70896  
12013.91636  
11973.01581  
12033.68992  
12071.06511  
12103.19567  
11925.00301  
11988.9767  
11899.1382  
11938.48086  
11957.54419  
11981.10163  
11992.14083  
12033.68342  
12009.4415  
12051.03982  
12000.11597  
12010.91762  
11993.44605  
11947.95421  
11963.68613  
11953.51339  
11966.72575  
12003.25074  
11993.39931  
12019.0954  
12060.51096  
12046.13062  
12004.27478  
11963.14331  
11967.41884  
11992.46811  
12051.44222  
12035.69528  
12042.18645  
11974.09816  
12014.5265  
11980.85609  
11987.53577  
11983.23445  
12015.35411  
11979.07228  
11935.66746  
11985.39092  
12002.50269  
12017.56595  
12074.81286  
11953.88568  
11897.19102  
11881.7451  
11940.79951  
11921.89882  
11944.44264  
12010.21969  
12023.26301  
12019.41966  
12019.90897  
12043.62276  
12037.43831  
12002.3117  
11989.08584  
12005.48087  
12010.208  
11680.83512  
12273.74955  
12012.99875  
12081.50106  
12082.59687  
12096.34679  
11830.9082  
11971.54964  
12024.18242  
11908.64992  
11867.6089  
11930.86826  
11984.75905  
11967.46361  
12007.09862  
12027.39556  
12043.96108  
12013.54789  
12024.56944  
12010.22475  
12020.65744  
12050.8353  
12013.72642  
12040.8578  
12019.3715  
12005.60933  
12020.16048  
12039.36461  
12065.64689  
12061.12755  
12016.18088  
12047.87374  
12020.58057  
12036.14539  
12008.86058  
11994.41033  
11998.79487  
11982.49755  
12012.04895  
12000.86471  
12011.05614  
12051.77025  
12035.75226  
12022.16143  
12007.05657  
12032.58077  
12013.87433  
12068.08846  
12003.08285  
12009.45359  
11955.14188  
11941.73188  
11986.67693  
11968.78686  
11982.14106  
11945.14067  
11973.2024  
11946.52297  
11977.18968  
11973.8934  
11998.37834  
12005.89426  
12031.87883  
12080.1619  
12006.95059  
11981.81904  
11948.7  
11974.56654  
11931.06286  
12011.49453  
11961.2615  
11972.02309  
11993.14386  
11975.34176  
11991.22288  
11981.28245  
11967.43527  
11992.53891  
12028.29673  
12028.96642  
12049.43199  
12071.52988  
12029.41678  
11998.52612  
12042.49206  
11986.5127  
11976.28428  
11993.99057  
11996.62397  
11989.71126  
12017.40991  
11969.09519  
11982.13135  
12007.17722  
12016.38264  
11957.98791  
11965.13091  
12034.55665  
12028.95284  
12043.64222  
12008.66078  
11958.51522  
12000.04  
11976.17093  
11950.31218  
12000.90254  
11974.07444  
11988.27851  
12038.26327  
12042.48691  
11993.66367  
11982.70957  
12076.5928  
12050.91651  
11980.04004  
12002.54701  
11973.06055  
12039.11394  
11994.34216  
11927.69485  
11921.86724  
11942.63303  
11923.03086  
11954.34746  
11988.21205  
12024.22054  
12050.4353  
12088.47708  
12053.98702  
12043.04923  
11972.12923  
11951.70772  
11967.43217  
11957.86584  
11955.10428  
11982.0807  
11959.25722  
11943.09237  
12000.72492  
12033.44922  
11989.89791  
12071.07373  
12082.96627  
12086.76676  
12002.27776  
12055.42151  
12038.56677  
12009.51512  
11896.07558  
11936.53676  
11957.67252  
11913.472  
11937.51863  
11953.98471  
11997.4029  
12011.31975  
11989.06906  
11981.8121  
12036.4011  
12019.14895  
12049.64555  
12082.4167  
12066.82953  
12028.50475  
12036.49191  
12036.09906  
11978.81963  
11946.59136  
11926.65991  
11935.53687  
11967.9101  
11945.89727  
11946.95924  
11955.6481  
11961.36094  
12024.79987  
12107.18563  
12123.6554  
12088.4455  
12023.52301  
11985.63445  
11949.8059  
11968.01067  
11970.47125  
12034.57455  
12022.65868  
12006.59588  
12065.70172  
12028.13939  
12025.47337  
12064.16334  
11172.68059  
12100.90371  
11896.55419  
12256.01403  
11862.08457  
11981.9408  
12015.49137  
12022.061  
11971.67114  
11929.85958  
11968.68299  
11921.04829  
11966.27826  
11945.45628  
12033.13567  
12103.34876  
12089.19948  
12049.0646  
12072.67412  
12017.17217  
12017.9084  
11986.51828  
12001.83456  
11988.31087  
11943.12992  
11965.93295  
11970.95966  
11979.27908  
11977.55983  
11971.47795  
11996.96323  
11998.91828  
11992.36175  
12012.62265  
12024.38708  
12010.21284  
12070.61188  
12057.65416  
12065.75576  
12018.3113  
11989.07723  
11973.10547  
11946.10504  
11989.24626  
11959.64196  
11980.65794  
12016.81232  
12040.185  
12011.68253  
11980.85883  
12002.75759  
11975.84695  
12063.94884  
12017.56494  
12028.73942  
12046.45934  
12005.89635  
11999.96596  
12010.08222  
11997.87816  
11942.27268  
11966.33403  
11972.50222  
11974.14562  
12012.13143  
11950.64472  
11942.61918  
11915.41872  
11938.92899  
11920.88958  
11967.94019  
12012.47887  
12013.81482  
12046.91488  
12064.91436  
12046.57229  
12021.73263  
12039.38903  
12037.92229  
12048.16721  
12037.704  
12015.76593  
12020.85877  
12043.73991  
12057.14671  
12072.80395  
12015.40092  
12010.47481  
12004.72736  
11973.11618  
11978.55687  
11958.34916  
11953.00971  
11984.87526  
12026.24303  
12046.14249  
11999.74435  
12019.72569  
11977.55271  
11961.96847  
11965.548  
11952.13671  
11985.64121  
11964.91827  
11960.75255  
12006.89612  
12093.03463  
12094.74551  
12024.88983  
12000.16928  
12031.86409  
12007.55586  
11950.30763  
11983.44568  
11977.33805  
11971.04766  
11994.44058  
12004.79191  
12029.90519  
12038.41699  
12041.73789  
12032.85825  
11966.02551  
11933.99291  
11949.87156  
11931.14975  
11953.56178  
11992.42874  
11984.11107  
11990.3076  
11996.73906  
12050.59865  
12068.49435  
12053.14042  
12051.3028  
12062.52978  
12029.82093  
12026.59997  
11959.70488  
11987.50639  
11977.77078  
12063.49682  
12038.53076  
12001.63542  
11957.37483  
11976.72459  
11988.52027  
11993.45206  
11962.08582  
11938.28943  
11916.75214  
11883.89692  
11943.54104  
11973.20267  
11945.63  
11949.84018  
11999.07267  
12027.23559  
12046.41484  
12001.30919  
12085.06759  
12068.95338  
12013.00632  
11999.5143  
11997.24076  
11977.57901  
11971.6195  
11922.20168  
12032.64996  
12049.78947  
12004.4174  
12042.97429  
12039.0136  
12016.00333  
12032.83522  
11976.72723  
11952.24649  
11978.61424  
12071.8108  
11987.36889  
11917.06748  
11956.73215  
12001.02613  
11978.20027  
11982.94583  
12006.22635  
11987.63079  
11998.35244  
12024.05252  
12038.51237  
12029.68715  
12017.75479  
12044.36894  
11992.23198  
12016.6161  
12029.32538  
12029.14693  
12025.16145  
12099.62445  
12071.88746  
12159.80791  
10851.2149  
12069.98078  
11937.78221  
11896.0054  
11885.69616  
11961.3534  
11931.23749  
12092.99291  
12051.92268  
11998.27307  
12015.94089  
11992.55784  
11973.20823  
11948.78962  
12019.91406  
11997.95957  
12063.20076  
12077.1925  
12011.57671  
12038.31021  
12094.19732  
12080.06545  
12118.74088  
12068.3193  
12041.83405  
11992.73662  
11954.74273  
11946.74689  
11926.73308  
11946.9764  
11954.56688  
11926.90393  
11989.42263  
11969.41875  
11983.92814  
11972.88274  
11986.83647  
11993.48726  
11999.31742  
11957.4743  
11994.31863  
12012.0383  
11993.78696  
12099.91825  
12016.34753  
12088.6268  
12033.99345  
11985.02384  
12007.71536  
11965.13184  
11994.39375  
12033.51436  
12038.76913  
12063.25201  
12020.91228  
12026.92888  
11992.55339  
11960.73943  
11969.70332  
12004.57392  
11998.96164  
11991.2779  
12072.59076  
12077.81874  
12060.75727  
12128.99167  
12068.98598  
11956.33486  
12054.75919  
11899.78452  
11912.15828  
11937.8943  
11978.37673  
11955.20063  
11901.92532  
11940.7176  
11972.8394  
11999.09223  
11979.88921  
12030.75058  
11912.91985  
11945.74856  
11977.79989  
11962.23926  
11996.36734  
12012.90662  
12004.87257  
11992.92925  
12012.29779  
12004.33816  
11977.93135  
11963.49231  
11908.94685  
11967.33753  
11992.84479  
12022.78114  
12061.92178  
12069.02821  
12088.84929  
12033.7472  
12039.55246  
11981.42574  
11985.84064  
12014.23006  
11993.57635  
11935.03291  
11981.91446  
12041.53531  
12029.59751  
12008.99232  
12021.78591  
12015.55546  
11990.92453  
12005.86342  
12002.72032  
12047.97344  
12044.80915  
12033.33498  
12022.10181  
11968.82998  
11965.10019  
11986.57882  
12042.87724  
12017.44476  
12014.37247  
12017.15367  
11982.66248  
11966.92846  
11999.62053  
11978.25216  
11963.59659  
11968.54128  
11997.85631  
11965.26363  
11934.57672  
11975.37681  
11974.6504  
11937.32158  
11934.53147  
11956.50145  
11958.53933  
11951.70412  
11982.66461  
12016.05803  
12025.10695  
12080.43044  
12039.13451  
12022.75608  
11998.40989  
12056.66616  
12043.40331  
12067.21912  
12127.89127  
12108.36303  
12053.63522  
11992.89529  
12034.01332  
12013.88356  
11924.68039  
11890.94872  
11966.75919  
11995.8375  
12037.70296  
11954.64017  
12047.50984  
12022.53718  
12052.44946  
12004.3686  
12000.08767  
11776.45991  
11846.37069  
12031.99091  
11820.79252  
11968.55005  
11977.03946  
11953.88199  
11910.83216  
11903.70797  
11931.04617  
11947.42873  
12014.76059  
12000.91469  
12042.70543  
12068.79179  
12111.20705  
12066.0074  
12076.08503  
12061.73043  
12136.19239  
12112.80492  
12139.66553  
12071.53325  
12031.63173  
11995.69454  
11970.48762  
11931.42726  
12030.11595  
11975.46208  
12005.11269  
11997.66176  
12037.32982  
11979.98974  
12025.11198  
11992.81693  
12038.90379  
12019.43986  
12051.84397  
12092.40994  
12129.16853  
12142.38425  
12128.31996  
12109.07875  
12021.76013  
12049.1576  
11979.52986  
10698.11661  
11963.04027  
11841.2258  
11924.68738  
11932.26762  
11919.24224  
11959.38936  
11984.08818  
12014.34991  
11984.25081  
11991.17792  
12015.38548  
12012.22585  
12021.89498  
12023.83679  
12001.70462  
12028.70753  
12080.44845  
12049.49642  
12021.52249  
12056.10089  
11969.34988  
12052.26129  
11996.10544  
11989.30739  
11983.61073  
11976.02602  
11956.74909  
11960.31014  
11973.43163  
11996.49672  
11987.85658  
12022.58579  
12034.24104  
11855.02901  
11918.83498  
12200.83425  
12058.29207  
12033.39962  
11990.2641  
11968.97332  
11973.31711  
12009.04197  
11981.83721  
11944.53819  
11917.30876  
11966.77461  
11950.59797  
11948.4423  
12020.49593  
12059.77076  
12022.19687  
11814.64771  
11726.06801  
12110.12086  
12046.30958  
12027.14134  
12034.411  
12016.8739  
11994.99894  
12024.63799  
12073.54031  
12074.03581  
12075.22616  
12006.15578  
12013.00714  
12040.40452  
12089.80395  
12040.70237  
12048.53169  
12092.66803  
12091.49128  
12074.07177  
12027.16661  
11989.26077  
11999.63515  
11917.0427  
11965.34882  
11960.1995  
12013.19654  
11995.54753  
12022.68388  
12084.27781  
12025.17135  
11998.55278  
12013.80091  
11999.87144  
11952.21138  
11946.27996  
11974.34595  
11925.13142  
11993.28069  
12005.26988  
12007.5678  
12043.87749  
12026.98108  
12123.40172  
12010.21249  
12082.4959  
12063.75442  
12017.02666  
11974.77939  
11995.67927  
11964.93908  
11978.09903  
12028.76614  
12040.9497  
11988.20471  
11999.83529  
12058.91793  
12028.59053  
12063.15749  
12027.31597  
12053.90603  
12014.57013  
11829.25676  
11925.0128  
11867.47534  
11923.36863  
11999.43171  
11959.8686  
12012.01707  
12009.46979  
11980.61626  
11936.08984  
11842.43852  
11939.09053  
11952.51785  
11941.18123  
12005.59148  
11941.85283  
11985.09108  
11977.41633  
11997.01983  
11977.21151  
12039.73769  
12023.48754  
11990.84057  
11982.30799  
12025.73969  
12010.00002  
11995.6734  
11976.0708  
11960.89418  
12011.09325  
11952.3086  
11950.03233  
11960.78503  
11878.38009  
11944.99155  
11970.28217  
12027.61881  
12028.11241  
12033.95335  
12008.26104  
12026.6231  
12047.08677  
12085.93781  
12033.32517  
12014.35363  
11986.53641  
11992.46626  
12031.20543  
12035.11964  
12012.18064  
12029.71934  
11993.61294  
11976.25356  
11787.4428  
12068.51301  
12044.51279  
12013.2547  
11992.70675  
11943.16947  
11881.45475  
12009.59976  
11959.29644  
11989.73487  
11978.7234  
11934.18579  
12001.8549  
11993.18399  
11964.31142  
11987.07277  
11984.89538  
11987.8525  
11983.44319  
12005.91684  
11951.53175  
11985.10774  
11959.72894  
11993.22715  
12050.0266  
12074.11171  
12115.74635  
12127.91007  
12024.77506  
11980.51277  
11926.78  
11978.89012  
11924.22069  
11984.84129  
11991.21096  
12035.19836  
12019.22194  
12073.65223  
12101.01873  
12122.23994  
12170.92664  
12211.73456  
12021.14501  
11934.24831  
11897.61309  
11741.54064  
11976.5356  
12027.97148  
12023.93943  
11796.50056  
11996.46576  
12033.64238  
12060.60708  
12021.76237  
12025.64895  
12035.20113  
11985.71794  
12042.72157  
12032.85034  
12012.77473  
12050.11893  
12015.16637  
12064.32054  
12054.1528  
12033.09413  
11940.55187  
11952.83412  
11932.94131  
11925.19824  
11929.22197  
11998.10051  
12005.47215  
12009.14721  
12007.90607  
12035.90818  
12072.34444  
12042.93584  
12069.1017  
11341.99216  
12252.03408  
12068.52772  
11967.18913  
12007.52114  
12029.29312  
12023.37931  
12072.89897  
12083.37184  
12079.4932  
12072.68036  
12056.69875  
12045.59472  
12042.1374  
11990.58229  
11996.97509  
11953.09027  
12022.92079  
12031.72231  
12009.6444  
12003.79705  
12016.80489  
11984.95987  
11972.34445  
12034.04716  
12054.34555  
12036.86984  
12072.89589  
12011.11512  
11941.35916  
11921.85334  
11937.75509  
11977.39249  
11966.56145  
12005.16835  
11996.53796  
12040.34726  
12021.2532  
11999.85249  
12002.50865  
11970.81447  
11925.96048  
11930.86761  
11938.45539  
11960.78773  
11955.90126  
11963.31138  
11918.29533  
11949.58016  
11912.18694  
11904.15512  
11968.97275  
12012.40223  
12044.49595  
12038.89916  
12058.4464  
12063.46106  
12011.16915  
11959.23122  
11955.23854  
11943.17123  
12026.96635  
11989.28855  
11995.72792  
11988.44137  
11991.82822  
12026.32825  
12033.96577  
12041.25634  
12049.34615  
12082.25294  
12038.14796  
12008.87689  
11964.1277  
11977.42518  
11977.70311  
11939.91285  
11949.95779  
11954.5045  
11960.98525  
12030.8019  
12037.79003  
12024.8671  
12025.87795  
12041.27296  
12078.01472  
12088.30698  
12048.74629  
11994.37999  
12005.86697  
11996.99385  
11985.34567  
12017.44082  
12014.38975  
12009.07928  
12085.31643  
11847.30921  
11873.37033  
11869.0123  
11845.62376  
11926.73938  
11890.73048  
11895.68492  
11985.81729  
12027.5021  
12016.63971  
12028.00084  
12055.3329  
11991.59733  
11945.9525  
12039.71794  
11964.34933  
11975.33956  
11975.44235  
11964.11562  
11972.83955  
12027.50164  
12010.08178  
12049.28572  
12034.55869  
12002.04093  
11995.98064  
12024.06944  
12030.508  
12055.22972  
12042.34037  
12018.10118  
12011.19462  
12059.05057  
11982.49088  
12027.41517  
11998.69961  
11982.41753  
11979.7942  
12041.02158  
11968.98783  
12005.41332  
11964.94315  
11974.65497  
12025.50182  
11983.97086  
12029.8181  
12039.29857  
11986.95415  
11967.9223  
11973.79771  
11950.98796  
11995.97928  
12026.85219  
12011.41584  
11969.04739  
11992.57197  
11966.17942  
11952.70401  
11986.87216  
11943.83335  
12006.25213  
11997.30023  
11932.94252  
12005.44529  
11988.40237  
12037.06949  
12029.8713  
12069.7083  
12015.62748  
11991.35295  
12000.67534  
12045.0029  
12023.79448  
12030.2159  
11979.25695  
11940.79931  
11979.05409  
11967.69822  
12030.00407  
12073.87532  
12127.23824  
12045.71023  
12077.2875  
11970.23711  
12000.75376  
11941.35379  
11927.16726  
11942.99774  
11941.52009  
11933.19903  
11994.56971  
11991.48255  
12006.42674  
12010.12372  
12031.68771  
11880.21224  
11965.95895  
12064.59035  
11988.47976  
12017.77889  
12067.30495  
12079.65555  
11979.74665  
12013.88513  
12001.99321  
11996.43323  
11991.24993  
11989.19003  
12014.28426  
11978.82352  
12007.97197  
12041.08523  
12046.22297  
12034.81237  
12039.6739  
11983.57693  
12013.77622  
12002.40642  
12040.45677  
11942.33261  
11563.16282  
11661.66587  
12004.43865  
11965.12856  
11903.81019  
11944.1279  
11998.05856  
12101.98454  
12042.38621  
12068.34659  
12028.05241  
12025.38561  
12029.74135  
12057.06007  
12014.3457  
11996.94819  
12010.79518  
12074.00985  
12057.16282  
12069.17716  
12031.16104  
12018.23743  
11985.35388  
12002.88432  
11960.6595  
12000.8747  
11993.30603  
12012.66862  
12042.25726  
11975.93421  
12003.91388  
12038.06284  
12029.48501  
12077.29334  
12014.08887  
12042.25759  
12005.22641  
12005.80574  
11980.98698  
11933.70714  
11985.24199  
11974.51015  
11975.77297  
11980.55517  
12077.95589  
12066.85698  
12082.54798  
12072.24658  
12026.69043  
12019.57181  
12018.59012  
11967.44706  
12010.12192  
11984.20916  
12008.70227  
11953.6063  
11939.20571  
11931.29666  
11957.43269  
11971.54887  
11993.06334  
11961.42532  
11954.25213  
11938.97729  
11710.65246  
11919.52233  
11923.44183  
11923.27024  
11931.28087  
11965.51225  
11970.48148  
12040.35967  
12042.4377  
12030.41306  
11957.53572  
11997.60241  
12076.41013  
12134.8396  
12043.46928  
12023.52825  
12043.75067  
12032.03102  
12043.95205  
12037.73615  
12040.22691  
12058.63325  
12019.49801  
12005.6566  
12030.20064  
12014.93812  
12067.94728  
12012.95127  
12006.82136  
11954.18193  
11942.11414  
11933.75211  
11912.44012  
11985.53637  
11991.74752  
12015.89805  
12044.76118  
12040.07456  
12015.8216  
12003.56475  
11989.47728  
12024.44615  
11999.22314  
11963.96922  
11955.67201  
11991.76835  
11988.4081  
11978.27311  
12013.30555  
12022.03056  
11985.03179  
12011.56025  
11944.10157  
11946.23029  
12003.69394  
12035.07736  
12042.84199  
11968.10416  
11937.03688  
11974.91631  
11957.71777  
11966.42629  
11955.74577  
11961.75171  
11997.80366  
11997.59734  
11967.57211  
11948.1403  
11929.95534  
11966.97219  
11971.12895  
11998.23811  
12067.97877  
12005.70998  
11996.51816  
12020.44077  
12011.59768  
11976.08513  
12014.87951  
12031.37896  
12029.04008  
11999.97442  
11943.25105  
11912.50316  
11944.25698  
11935.20866  
11988.57854  
11960.80253  
11983.80586  
12008.44345  
12058.99267  
12044.12198  
12092.51239  
12100.0089  
12011.39195  
12034.6925  
12006.81864  
11974.10143  
11990.80853  
11942.29067  
11977.842  
11953.03123  
11975.17408  
11990.95595  
12001.76384  
12025.63586  
11970.4084  
12022.9705  
11984.25107  
12064.84188  
12051.49832  
11998.3075  
11996.26973  
11949.56772  
11996.08607  
11991.66133  
11948.91807  
12005.59428  
11979.57843  
11968.78074  
11950.58409  
12007.15443  
12015.59272  
12031.97104  
11982.68937  
11993.23468  
12021.16937  
11993.93137  
11964.60735  
11990.97794  
11920.32266  
11919.49396  
11973.25211  
11954.13864  
11908.22442  
11978.89368  
11920.58633  
12020.88675  
12014.86236  
12036.78681  
11987.97824  
12000.90235  
12057.39257  
12019.84691  
11997.72847  
12014.41745  
11947.92035  
11974.56907  
11998.43427  
12047.51354  
12032.77193  
12059.25374  
12012.81267  
12008.92275  
11921.26504  
