9562.067755  
9562.816079  
9556.978329  
9510.799477  
9482.108039  
9475.883365  
9446.222162  
9502.86208  
9468.643657  
9467.853689  
9446.616539  
9473.919395  
9494.626144  
9483.341617  
9509.294915  
9483.08667  
9515.149067  
9520.725348  
9510.877448  
9525.600329  
9556.42546  
9546.066625  
9539.415746  
9505.698525  
9470.495136  
9452.759946  
9484.294382  
9509.566336  
9521.130371  
9511.959235  
9481.822516  
9497.166305  
9446.746621  
9483.0138  
9480.999447  
9474.665142  
9481.702952  
9519.301925  
9547.206305  
9506.849597  
9536.820435  
9457.952624  
9483.269223  
9479.345363  
9476.574386  
9519.568693  
9535.495503  
9540.066496  
9536.145861  
9555.573049  
9507.656668  
9530.25275  
9525.87561  
9522.252486  
9531.818199  
9511.988204  
9529.264687  
9511.424085  
9505.083817  
9455.968442  
9492.924143  
9495.967619  
9546.568854  
9563.899298  
9546.953594  
9529.384766  
9541.531051  
9453.512355  
9487.349397  
9517.277556  
9514.592671  
9508.330843  
9467.706761  
9455.832873  
9459.744719  
9470.346403  
9464.11792  
9446.174329  
9488.580232  
9496.345363  
9492.000533  
9473.806332  
9447.436054  
9448.515831  
9451.4968  
9469.956768  
9506.684442  
9494.714349  
9489.803634  
9525.301424  
9553.88429  
9491.690545  
9540.831183  
9495.600528  
9498.800004  
9497.047376  
9532.763415  
9560.140143  
9560.618254  
9553.141068  
9527.430176  
9451.297845  
9455.777337  
9455.348851  
9474.815166  
9517.894795  
9515.712017  
9502.274009  
9484.157329  
9482.856831  
9476.786011  
9483.072047  
9508.257896  
9469.384464  
9455.987195  
9390.968326  
9433.895668  
9511.445807  
9521.45247  
9516.78594  
9511.229968  
9491.075761  
9508.857692  
9481.786692  
9512.62333  
9509.243286  
9511.42246  
9524.43565  
9507.676192  
9546.790489  
9565.559705  
9515.889886  
9467.394595  
9461.279959  
9476.53089  
9529.147358  
9510.979139  
9503.671355  
9532.918997  
9572.097727  
9521.071996  
9549.134271  
9478.451191  
9457.078279  
9511.923141  
9532.588096  
9503.002416  
9516.402145  
9513.453009  
9529.581035  
9524.388222  
9511.831048  
9547.798359  
9484.985519  
9468.663144  
9453.278487  
9444.000617  
9457.201583  
9481.302053  
9481.086824  
9518.819522  
9528.477211  
9492.825394  
9518.232608  
9502.80799  
9522.411589  
9591.158724  
9521.918586  
9502.267835  
9471.257511  
9465.399125  
9506.07179  
9493.680876  
9511.266781  
9482.931139  
9487.290457  
9473.241327  
9509.125854  
9523.125842  
9495.987947  
9464.812108  
9465.775423  
9451.828922  
9458.706035  
9494.547858  
9527.242059  
9533.4205  
9502.758673  
9511.250379  
9512.897789  
9508.896947  
9513.112883  
9521.385999  
9549.117547  
9526.684821  
9521.633905  
9503.828845  
9453.588848  
9453.032503  
9488.954744  
9467.172113  
9491.531057  
9498.277344  
9449.920012  
9485.763665  
9465.41076  
9498.932656  
9519.193147  
9544.545172  
9510.267276  
9533.990954  
9525.071321  
9494.284809  
9514.958335  
9513.41166  
9526.323621  
9501.206485  
9507.86411  
9530.624949  
9548.053268  
9494.49937  
9504.001156  
9489.265362  
9496.460661  
9465.011847  
9487.524093  
9510.646131  
9499.548301  
9476.807026  
9462.130011  
9506.967838  
9501.826217  
9491.354139  
9504.001793  
9520.059076  
9527.386796  
9529.882883  
9527.427625  
9532.558317  
9520.83358  
9509.874428  
9455.736592  
9490.142148  
9512.611566  
9497.303242  
9512.818514  
9504.076679  
9510.160098  
9491.557591  
9465.593699  
9470.171933  
9527.239097  
9526.003958  
9494.667005  
9516.621248  
9516.875212  
9474.38952  
9494.018934  
9507.119783  
9529.259309  
9521.425447  
9571.948101  
9513.104698  
9484.904136  
9496.808774  
9450.095639  
9486.805561  
9498.29356  
9473.820544  
9508.82481  
9553.849385  
9504.483919  
9519.276142  
9515.579853  
9516.110923  
9507.554919  
9503.058619  
9517.185887  
9500.589323  
9523.695987  
9512.347393  
9535.622745  
9542.113455  
9544.91901  
9527.062513  
9515.749724  
9493.935553  
9547.135787  
9510.944028  
9497.158769  
9535.814569  
9493.898013  
9465.05127  
9486.353818  
9510.351588  
9489.473048  
9490.743177  
9544.169594  
9501.939762  
9497.932039  
9461.48361  
9477.37056  
9446.416234  
9502.713141  
9516.312776  
9530.443552  
9483.438406  
9505.32621  
9501.777023  
9483.739823  
9468.27097  
9481.511526  
9474.763858  
9542.489142  
9525.025962  
9531.181429  
9528.93299  
9524.488705  
9518.806743  
9475.743986  
9496.111251  
9481.739097  
9485.272846  
9507.982595  
9541.439762  
9527.722046  
9518.731497  
9540.667558  
9517.657098  
9530.095504  
9608.654323  
9577.551745  
9548.151483  
9476.307129  
9478.675659  
9429.01008  
9432.528365  
9498.949591  
9479.943841  
9471.965133  
9435.567402  
9478.975573  
9483.922023  
9499.13289  
9507.034886  
9517.825163  
9509.191496  
9539.623741  
9529.488423  
9592.064395  
9507.683234  
9516.276573  
9449.342793  
9455.93202  
9465.761288  
9488.221204  
9454.131264  
9508.948756  
9548.45166  
9506.830881  
9465.001214  
9454.359767  
9522.362575  
9527.060026  
9558.621762  
9483.586111  
9457.476852  
9497.789532  
9506.750687  
9523.128116  
9547.639481  
9516.284193  
9508.950658  
9511.951628  
9514.987889  
9507.640053  
9485.163163  
9460.95919  
9495.362093  
9539.943706  
9488.80355  
9525.309095  
9513.296791  
9540.523065  
9528.633808  
9500.445248  
9470.226993  
9494.252576  
9485.842484  
9530.321932  
9540.368858  
9513.901554  
9512.339747  
9503.939594  
9503.235634  
9493.802291  
9498.563489  
9484.759329  
9468.427394  
9465.046303  
9488.749113  
9487.934834  
9547.869757  
9541.927799  
9522.926058  
9526.942588  
9472.359112  
9537.991404  
9502.772589  
9517.732409  
9530.42952  
9551.550338  
9552.979788  
9505.194959  
9530.441528  
9516.354479  
9538.036319  
9496.092985  
9519.842658  
9542.744218  
9505.081633  
9523.383635  
9560.215416  
9511.181197  
9523.500726  
9490.965383  
9539.293637  
9509.005101  
9522.184088  
9486.291703  
9466.34666  
9495.137618  
9493.751773  
9503.998079  
9482.989007  
9492.964124  
9495.767739  
9669.341508  
8926.638704  
9397.689633  
9505.085713  
9552.432611  
9495.651894  
9541.123619  
9499.908152  
9496.904971  
9478.853394  
9549.112812  
9579.958278  
9592.699411  
9619.094348  
9567.437751  
9554.483887  
9476.798854  
9449.472007  
9427.494481  
9434.4428  
9502.052561  
9524.893291  
9513.651695  
9490.24957  
9461.096172  
9474.301327  
9527.653397  
9533.466109  
9517.437956  
9528.402916  
9489.612787  
9429.893972  
9463.553203  
9484.973254  
9463.643786  
9487.610043  
9487.735345  
9499.79507  
9521.790977  
9503.617881  
9487.37207  
9491.224211  
9499.362504  
9510.175042  
9464.492727  
9467.592009  
9492.675858  
9508.975342  
9534.248535  
9556.172601  
9554.193886  
9520.460623  
9487.425499  
9465.59217  
9462.563117  
9515.908248  
9496.274607  
9519.350432  
9517.456851  
9514.317691  
9477.583265  
9486.178473  
9482.264539  
9493.394094  
9441.373471  
9456.029747  
9491.819882  
9484.883179  
9469.225541  
9492.383346  
9531.061196  
9539.420211  
9527.711734  
9515.470941  
9530.241641  
9511.361951  
9502.079095  
9457.677124  
9493.481612  
9514.886173  
9573.208869  
9518.49353  
9515.874775  
9533.543611  
9527.035073  
9514.393188  
9504.796547  
9467.339201  
9454.939588  
9474.655023  
9540.056114  
9519.833837  
9520.376433  
9512.807636  
9457.784829  
9470.048693  
9466.305311  
9496.321006  
9492.639681  
9495.435039  
9476.936671  
9469.20459  
9492.156244  
9481.450202  
9464.138036  
9473.105205  
9491.122359  
9503.982929  
9500.728271  
9491.85897  
9504.543097  
9481.69654  
9517.06223  
9510.553409  
9510.69512  
9516.997925  
9533.229087  
9561.051963  
9531.911351  
9647.397281  
9547.16563  
9637.364052  
9550.086156  
9508.130166  
9533.91935  
9533.533903  
9508.344881  
9500.351158  
9508.037321  
9506.88438  
9525.798565  
9516.767713  
9488.907246  
9472.143831  
9481.185907  
9603.633937  
9312.076455  
9522.805157  
9332.250867  
9659.200703  
9609.247392  
9555.556596  
9580.19546  
9583.374499  
9454.882144  
9402.023084  
9405.878193  
9475.800004  
9507.702226  
9488.017334  
9546.635357  
9557.440867  
9527.901566  
9514.450028  
9498.965403  
9498.275937  
9468.978002  
9506.53107  
9485.416793  
9496.600978  
9487.350509  
9583.869481  
9546.123561  
9579.643356  
9615.194657  
9532.052927  
9509.69945  
9508.529457  
9449.467529  
9448.064016  
9452.794665  
9480.009682  
9442.687359  
9465.651714  
9513.249859  
9497.628501  
9493.264565  
9492.138164  
9472.203767  
9481.550441  
9476.60252  
9456.612125  
9480.114078  
9441.844354  
9481.255969  
9494.684988  
9467.883371  
9472.316104  
9519.531546  
9491.376844  
9491.130782  
9501.561594  
9457.156867  
9522.442717  
9508.990408  
9532.358456  
9479.788825  
9502.088456  
9490.965351  
9468.057431  
9451.644165  
9486.623207  
9474.37155  
9456.284713  
9466.703144  
9458.999152  
9484.21733  
9529.309448  
9668.75088  
9601.716116  
9586.654747  
9513.391261  
9498.920404  
9477.436909  
9472.241404  
9493.936928  
9487.673481  
9504.161685  
9472.16385  
9547.985731  
9518.948942  
9489.199296  
9452.504395  
9472.027806  
9476.748066  
9470.329391  
9501.599397  
9520.58189  
9511.041729  
9487.960199  
9490.074424  
9505.823563  
9526.585629  
9530.46424  
9530.856824  
9497.314954  
9527.989386  
9517.929681  
9502.943192  
9521.031295  
9536.733546  
9517.983424  
9473.525384  
9491.198216  
9469.672678  
9489.980013  
9533.801636  
9504.932225  
9467.486187  
9451.710546  
9461.643195  
9477.57427  
9503.001105  
9502.053769  
9491.947272  
9476.639539  
9461.278275  
9441.894261  
9440.781912  
9478.627891  
9474.273617  
9457.349275  
9477.202001  
9488.61411  
9513.07826  
9518.18051  
9558.60552  
9547.045166  
9519.887753  
9516.285722  
9471.267822  
9477.029888  
9457.195762  
9496.417134  
9453.717414  
9445.3934  
9436.059185  
9452.671766  
9487.890516  
9503.115941  
9518.706967  
9488.22283  
9499.801302  
9471.445319  
9487.37288  
9520.162912  
9479.817582  
9540.715338  
9546.091321  
9537.556486  
9550.992978  
9585.274626  
9653.16069  
9593.764989  
9537.258975  
9511.256656  
9466.649395  
9444.767809  
9400.178936  
9427.466405  
9476.356355  
9521.775853  
9519.750385  
9506.802587  
9511.867207  
9505.372321  
9494.22759  
9527.011577  
9486.34411  
9484.83374  
9472.695833  
9502.161165  
9513.40571  
9488.261622  
9496.849584  
9488.710571  
9508.525641  
9494.890747  
9503.145386  
9482.905672  
9500.891942  
9506.440571  
9489.592761  
9492.279457  
9539.12103  
9567.868113  
9595.684994  
9566.242425  
9539.310116  
9484.733906  
9523.299997  
9507.410008  
9497.711567  
9514.733353  
9521.556011  
9551.224172  
9538.320107  
9527.710899  
9531.549657  
9512.261558  
9483.602976  
9464.55959  
9512.7036  
9501.28125  
9525.166722  
9552.771208  
9569.981612  
9555.078241  
9501.078376  
9441.041735  
9445.081543  
9443.675235  
9474.059686  
9535.970003  
9533.028449  
9518.581916  
9508.098376  
9501.372751  
9485.301661  
9484.206704  
9526.737452  
9478.284135  
9475.747514  
9490.259849  
9471.980803  
9490.266576  
9502.562513  
9518.310598  
9485.742098  
9466.099552  
9483.951654  
9514.499859  
9546.743209  
9514.585963  
9497.47069  
9494.266948  
9430.509168  
9428.955348  
9450.2553  
9488.822889  
9467.445608  
9499.611836  
9467.675544  
9482.898039  
9511.262156  
9487.842889  
9476.649498  
9491.687192  
9515.797241  
9472.996845  
9469.439382  
9464.877949  
9460.719431  
9471.057791  
9505.625366  
9466.843988  
9498.455322  
9552.328086  
9560.347592  
9618.333162  
9636.192698  
9561.574135  
9533.406764  
9558.837769  
9536.786756  
9531.729736  
9490.875919  
9439.464465  
9464.613159  
9862.041099  
9374.955033  
9444.800653  
9426.393895  
9507.538947  
9462.163465  
9531.0163  
9525.442704  
9504.370798  
9479.654252  
9446.700645  
9424.963032  
9456.18565  
9468.029714  
9480.827283  
9449.662906  
9524.318032  
9486.471358  
9507.483668  
9537.237407  
9519.523784  
9508.356484  
9519.233071  
9483.075414  
9493.45042  
9468.168663  
9482.610872  
9463.17005  
9463.804977  
9449.976171  
9471.933266  
9502.41182  
9504.791408  
9494.557142  
9527.729132  
9499.83728  
9528.931017  
9406.695139  
9399.872597  
9444.503058  
9462.769673  
9498.542808  
9525.025339  
9487.384483  
9451.105674  
9550.738879  
9601.064826  
9575.606786  
9520.117355  
9562.5069  
9581.479935  
9580.526547  
9562.138614  
9566.51283  
9533.772101  
9491.537077  
9491.864862  
9502.65404  
9488.345523  
9483.728117  
9601.632401  
9628.72035  
9616.179977  
9683.696251  
9564.71929  
9395.096988  
9483.22292  
9389.708098  
9412.155775  
9459.980366  
9464.078131  
9531.877531  
9569.786435  
9519.326789  
9525.48832  
9515.558947  
9465.435727  
9440.231927  
9452.0517  
9513.089054  
9515.713732  
9554.05923  
9545.591071  
9515.234593  
9462.376825  
9514.766255  
9489.36711  
9472.33241  
9493.184827  
9529.125154  
9507.383879  
9508.479042  
9535.535831  
9518.838231  
9530.077765  
9517.832301  
9479.084974  
9458.021896  
9471.497289  
9675.006463  
9529.671579  
9646.622546  
9401.53364  
9560.071964  
9477.230931  
9466.822786  
9491.518394  
9504.583207  
9514.131097  
9545.647236  
9540.924959  
9561.615568  
9558.976697  
9511.803486  
9474.601132  
9519.258821  
9470.702341  
9484.218056  
9471.602835  
9509.543052  
9493.062699  
9487.501876  
9488.567967  
9533.195023  
9504.505898  
9511.574225  
9467.72159  
9469.742502  
9487.666793  
9475.30409  
9551.539152  
9517.806628  
9501.456723  
9435.35615  
9489.164275  
9514.688136  
9551.862247  
9512.53222  
9478.340782  
9440.05567  
9459.03195  
9473.155832  
9527.704134  
9517.812783  
9521.665495  
9549.556525  
9531.010125  
9508.473626  
9506.811568  
9480.632742  
9475.269962  
9464.704654  
9447.909154  
9479.264134  
9547.113416  
9528.73947  
9502.506238  
9537.092831  
9507.954416  
9492.518253  
9542.70317  
9516.451018  
9445.775339  
9453.838263  
9446.1643  
9462.859773  
9465.608784  
9490.104377  
9474.363403  
9515.907047  
9555.355584  
9548.841977  
9532.987523  
9547.586349  
9498.224031  
9493.517636  
9466.939093  
9510.81534  
9499.613384  
9527.808799  
9532.619044  
9507.118389  
9636.533467  
9512.204121  
9509.48645  
9483.651258  
9529.400744  
9496.817608  
9566.66741  
9538.342099  
9478.422235  
9489.315873  
9477.408165  
9522.525673  
9501.767854  
9485.129388  
9476.166472  
9467.85773  
9472.494475  
9517.302484  
9539.387008  
9576.019326  
9556.592876  
9537.949328  
9521.932354  
9490.18078  
9490.018304  
9451.560566  
9477.816509  
9512.444631  
9517.277023  
9536.212081  
9563.452804  
9533.023245  
9473.77665  
9443.198525  
9464.247417  
9468.475355  
9485.872077  
9504.21264  
9486.969945  
9513.53071  
9534.700285  
9550.925672  
9512.831299  
9518.302118  
9440.128579  
9585.663381  
9499.229749  
9499.478657  
9483.050505  
9480.081736  
9463.648213  
9428.131765  
9459.959903  
9461.627139  
9460.808504  
9522.944201  
9494.856677  
9631.836368  
9396.797646  
9723.565764  
9562.7585  
9494.162919  
9503.932309  
9478.957494  
9575.680291  
9658.216745  
9571.045988  
9428.900551  
9478.175068  
9549.971346  
9593.326628  
9494.887631  
9474.125957  
9471.900397  
9442.083001  
9492.542223  
9477.467606  
9499.658422  
9448.646921  
9347.113866  
9344.768099  
9415.234272  
9386.745047  
9415.353978  
9441.358745  
9468.027061  
9498.787578  
9480.330656  
9479.66299  
9416.54072  
9460.368119  
9446.887785  
9476.771054  
9431.820512  
9441.048802  
9463.096172  
9450.377332  
9456.486771  
9483.038902  
9543.802439  
9517.138344  
9519.880403  
9509.407805  
9489.990992  
9494.980989  
9523.225779  
9521.850297  
9528.404637  
9579.627049  
9570.18263  
9558.151907  
9547.437898  
9550.645071  
9517.809493  
9478.960764  
9473.163574  
9505.571411  
9475.060322  
9509.431943  
9555.291806  
9537.908486  
9557.994802  
9506.526174  
9477.019069  
9473.032297  
9444.018606  
9468.744725  
9472.260215  
9506.425743  
9464.545886  
9491.638511  
9478.376767  
9499.907323  
9454.171065  
9456.321501  
9510.28815  
9522.645097  
9573.177471  
9569.076936  
9554.164294  
9558.992008  
9492.846069  
9500.5032  
9529.016891  
9497.456286  
9501.888685  
9485.163426  
9453.93946  
9463.811356  
9493.674567  
9486.254953  
9507.114977  
9469.338841  
9464.954821  
9465.339728  
9505.611193  
9545.758738  
9497.575195  
9511.482261  
9485.622546  
9494.008693  
9523.773926  
9530.553987  
9557.345973  
9557.492682  
9568.203549  
9498.11731  
9471.644191  
9468.475046  
9478.311164  
9524.75478  
9526.668361  
9525.041928  
9539.607878  
9510.465807  
9495.22937  
9493.28621  
9513.103162  
9496.374287  
9519.012027  
9464.47849  
9462.860615  
9490.893105  
9485.46866  
9574.670282  
9581.167198  
9542.821527  
9514.849526  
9491.303178  
9466.792166  
9464.557784  
9511.499139  
9537.70813  
9508.503007  
9451.101344  
9509.972052  
9587.862658  
9494.915045  
9452.886847  
9503.25415  
9498.565629  
9533.394949  
9530.630101  
9488.022313  
9462.472039  
9420.72928  
9373.987787  
9446.250829  
9495.086137  
9528.872584  
9516.766775  
9491.645643  
9483.757414  
9470.982775  
9474.80754  
9518.697054  
9516.911268  
9523.185039  
9555.386963  
9639.764391  
9545.674972  
9577.989322  
9469.574656  
9487.724686  
9556.399286  
9535.402357  
9499.256592  
9497.647968  
9552.424863  
9498.031873  
9521.600278  
9515.026033  
9473.156892  
9526.165521  
9503.605366  
9491.338167  
9478.272827  
9439.595922  
9464.956582  
9456.782117  
9455.358938  
9486.720613  
9478.995728  
9469.846474  
9515.216835  
9512.578157  
9509.065089  
9533.64466  
9504.472553  
9644.603567  
9620.891454  
8932.953825  
9695.869905  
9614.905177  
9612.455888  
9619.786814  
9531.549194  
9525.159225  
9420.927779  
9415.431191  
9441.624325  
9431.978535  
9423.531835  
9460.202675  
9511.345318  
9582.648058  
9533.76265  
9524.96316  
9486.160426  
9490.317312  
9508.855649  
9526.156038  
9553.069008  
9503.601338  
9479.99761  
9474.691098  
9442.150673  
9496.469013  
9476.497488  
9486.020424  
9545.551527  
9545.565912  
9503.374345  
9538.601453  
9555.885453  
9567.843737  
9502.319445  
9518.064389  
9449.988956  
9504.402042  
9496.142013  
9498.026117  
9505.210295  
9478.51497  
9485.126818  
9511.548353  
9524.586194  
9547.330361  
9521.589188  
9509.346558  
9511.263126  
9472.632787  
9499.284662  
9485.025654  
9475.227912  
9491.939061  
9512.362202  
9504.826088  
9560.159739  
9542.928608  
9493.535593  
9514.246409  
9440.111521  
9423.268568  
9482.373985  
9486.859773  
9435.978175  
9445.304964  
9491.105694  
9513.861611  
9523.784803  
9554.995997  
9526.128232  
9532.631104  
9539.345176  
9534.352038  
9538.683581  
9556.643632  
9550.303897  
9539.568533  
9504.15465  
9502.989528  
9499.238827  
9498.815372  
9479.520868  
9472.429553  
9456.131598  
9453.303743  
9481.445184  
9453.569374  
9481.008005  
9487.653564  
9518.664069  
9483.680889  
9492.949675  
9465.31764  
9515.266659  
9516.066169  
9505.046817  
9489.331626  
9453.178467  
9491.272043  
9484.655974  
9486.997102  
9460.213912  
9484.832269  
9502.021902  
9513.78292  
9530.460841  
9577.727128  
9562.216925  
9514.57614  
9533.28186  
9451.4754  
9460.563348  
9461.228355  
9481.170005  
9508.017308  
9540.030807  
9585.940134  
9536.884714  
9509.662996  
9470.631213  
9442.063759  
9434.605141  
9469.799599  
9461.268972  
9494.596249  
9483.922819  
9478.555124  
9534.355507  
9584.15891  
9597.622963  
9513.552914  
9524.001388  
9473.59321  
9461.432013  
9484.192929  
9515.425653  
9525.649652  
9537.61977  
9528.746595  
9488.435123  
9486.586811  
9477.373053  
9447.211484  
9477.420365  
9489.159045  
9571.404303  
9563.683799  
9511.721847  
9493.763948  
9471.913221  
9419.425312  
9468.161897  
9477.753296  
9518.35259  
9489.759303  
9478.925839  
9472.727828  
9505.506181  
9519.879465  
9505.910375  
9529.139526  
9486.229389  
9485.076724  
9544.8851  
9563.162276  
9496.071328  
9464.542551  
9492.555677  
9503.822214  
9478.277286  
9455.522551  
9437.088636  
9436.919806  
9461.420327  
9611.402145  
9528.988763  
9525.849789  
9427.147461  
9520.8796  
9445.648495  
9509.955322  
9503.394904  
9442.025744  
9447.558684  
9464.443905  
9519.152222  
9554.293335  
9545.242869  
9526.714163  
9439.503212  
9509.648264  
9452.991391  
9520.882395  
9499.058125  
9582.93502  
9558.110017  
9659.364605  
9335.314569  
9425.644467  
9486.705284  
9484.465544  
9434.758725  
9476.148515  
9536.873856  
9453.570036  
9494.866571  
9453.993505  
9512.636777  
9487.51098  
9482.568957  
9525.994455  
9524.999435  
9528.77708  
9592.175152  
9595.131791  
9515.126304  
9568.017161  
9618.083329  
9599.63217  
9622.627917  
9533.891621  
9472.594001  
9416.620143  
9490.895  
9498.261378  
9482.433517  
9486.173346  
9494.240324  
9479.625392  
9480.744494  
9551.520861  
9584.134862  
9569.015034  
9534.772981  
9546.472817  
9541.325735  
9495.954577  
9514.617798  
9528.637374  
9596.607229  
9573.193957  
9486.878681  
9488.43917  
9471.106901  
9481.115973  
9470.391357  
9518.759554  
9515.41757  
9531.447696  
9521.767623  
9512.588366  
9518.474719  
9517.69839  
9492.001979  
9510.650044  
9520.168566  
9486.54674  
9526.840287  
9485.207314  
9538.101749  
9541.282317  
9507.428595  
9526.197934  
9539.084659  
9533.676912  
9549.779413  
9491.58223  
9491.621588  
9514.449161  
9593.053756  
9542.819304  
9543.550364  
9504.740549  
9577.20157  
9499.986039  
9501.116558  
9527.494969  
9460.597965  
9444.110384  
9439.476093  
9448.670552  
9500.721577  
9494.44643  
9482.697156  
9499.823763  
9460.576686  
9452.074238  
9462.727411  
9483.774138  
9464.00309  
9487.3649  
9518.121074  
9534.962582  
9529.712794  
9525.946161  
9520.205984  
9502.977989  
9499.753142  
9469.14545  
9458.380789  
9515.827913  
9535.813091  
9515.234279  
9488.859677  
9540.100734  
9500.317646  
9492.679855  
9456.491294  
9493.297222  
9541.704789  
9530.979229  
9530.822272  
9549.717966  
9531.760357  
9543.429251  
9573.752172  
9508.292538  
9520.175948  
9557.96794  
9515.411942  
9525.688142  
9553.31933  
9477.27435  
9443.563823  
9439.98291  
9491.336117  
9495.905306  
9439.343088  
9454.158312  
9451.16883  
9492.613667  
9498.027267  
9481.531468  
9447.175441  
9432.203678  
9435.350624  
9482.817974  
9456.257543  
9452.519595  
9461.269191  
9458.950407  
9511.699103  
9527.247077  
9532.352745  
9517.37766  
9563.323608  
9624.750283  
9628.011937  
9593.335038  
9605.752698  
9539.978201  
9490.065359  
9439.077964  
9478.181519  
9465.827457  
9439.668078  
9445.987138  
9430.218756  
9439.105758  
9547.121004  
9513.49443  
9494.317704  
9463.61765  
9488.071726  
9506.33764  
9505.250912  
9471.1266  
9511.92149  
9634.217741  
9488.929482  
9599.192152  
9530.130635  
9440.875495  
9448.635954  
9428.932283  
9450.445666  
9480.962377  
9518.919903  
9519.326988  
9472.229454  
9491.923995  
9500.522153  
9534.136976  
9518.684795  
9538.623362  
9538.716463  
9541.136404  
9517.295044  
9503.358591  
9489.807919  
9505.678505  
9517.805413  
9503.75753  
9573.50257  
9566.431441  
9550.761263  
9527.332834  
9545.097804  
9470.719437  
9454.889905  
9467.110602  
9415.001934  
9448.41139  
9485.168438  
9520.677998  
9524.499268  
9578.793418  
9558.064203  
9546.830245  
9482.670205  
9508.614187  
9587.819002  
9149.004221  
9500.553101  
9596.609446  
9593.180927  
9543.317164  
9484.432476  
9492.621678  
9501.5894  
9537.544736  
9556.427079  
9503.289487  
9477.050723  
9460.757735  
9462.088443  
9499.633134  
9492.921952  
9483.336895  
9526.12333  
9555.669948  
9539.23151  
9662.206826  
9576.407663  
9589.347155  
9570.140246  
9541.315757  
9482.003861  
9467.570608  
9483.633616  
9447.191515  
9437.134335  
9492.622212  
9476.736457  
9489.594739  
9503.908691  
9600.842144  
9557.844784  
9534.364181  
9515.060155  
9520.808491  
9469.900892  
9445.559429  
9432.535959  
9413.516165  
9422.752268  
9438.703954  
9431.477616  
9533.864618  
9461.113378  
9504.588128  
9497.669479  
9575.116886  
9534.855546  
9452.757575  
9330.096416  
9547.121132  
9478.56649  
9527.365042  
9483.034919  
9543.658518  
9515.5979  
9541.017938  
9507.705772  
9476.305413  
9496.888543  
9481.484799  
9492.306949  
9474.405987  
9451.36562  
9548.587415  
9534.318006  
9520.834049  
9463.202309  
9490.391653  
9444.457847  
9464.480109  
9487.567441  
9449.755288  
9415.927773  
9455.243215  
9465.992875  
9477.37926  
9491.687339  
9474.292731  
9495.077296  
9482.409411  
9456.600599  
9444.838417  
9496.283152  
9491.090872  
9514.326975  
9602.410041  
9520.089683  
9493.588186  
9476.512425  
9469.088372  
9455.791645  
9492.690398  
9427.668046  
9451.457911  
9442.73715  
9455.364836  
9466.624441  
9477.477089  
9475.601942  
9489.127923  
9476.470003  
9481.239348  
9475.336336  
9610.280492  
9583.835276  
9563.862285  
9530.153185  
9486.845607  
9556.652896  
9598.335334  
9168.036807  
9548.752229  
9516.518047  
9450.142919  
9488.4899  
9563.986874  
9578.010839  
9566.926893  
9530.435181  
9547.670744  
9486.394563  
9482.354576  
9457.624319  
9461.216668  
9459.955997  
9447.543592  
9427.945659  
9471.004774  
9542.939511  
9526.619115  
9540.129581  
9534.255622  
9486.72919  
9541.903365  
9584.40767  
9537.214176  
9574.759515  
9551.836786  
9443.642642  
9441.108508  
9455.685264  
9468.358135  
9518.458509  
9503.758179  
9501.507401  
9552.67149  
9510.706273  
9492.295468  
9534.329596  
9529.095183  
9546.260916  
9545.94194  
9588.601498  
9535.352205  
9520.56038  
9526.704802  
9506.984973  
9547.206691  
9604.528905  
9598.093891  
9578.269705  
9572.486739  
9608.284424  
9613.16518  
9531.255313  
9476.748477  
9539.108289  
9567.787945  
9536.157985  
9522.083894  
9429.215358  
9455.343808  
9459.363802  
9516.200009  
9487.43802  
9481.859163  
9481.238635  
9506.732364  
9517.651483  
9520.736714  
9508.880776  
9521.671528  
9487.98645  
9450.260903  
9588.699675  
9506.399324  
9478.380538  
9530.379729  
9550.458329  
9555.8481  
9552.912309  
9468.30046  
9419.994757  
9381.311633  
9452.064762  
9479.696681  
9492.416748  
9509.972753  
9485.067139  
9416.835481  
9455.126683  
9449.393105  
9481.338488  
9476.530627  
9485.170564  
9485.135035  
9459.122475  
9775.153307  
9563.934924  
9623.033537  
9624.474262  
9610.171971  
9517.515773  
9449.870528  
9462.614842  
9494.178807  
9424.388929  
9377.175582  
9400.794344  
9352.929932  
9414.35615  
9468.010421  
9461.591045  
9498.234189  
9444.275783  
9451.480045  
9403.444953  
9417.8743  
9411.005281  
9494.744237  
9420.787212  
9461.431551  
9452.566368  
9439.106497  
9413.342015  
9457.0278  
9484.659456  
9476.001413  
9449.993697  
9461.502294  
9504.463167  
9419.434442  
9580.568359  
9542.409135  
9556.964542  
9502.595266  
9507.459672  
9526.648894  
9552.917352  
9491.071231  
9459.353162  
9472.929739  
9440.713469  
9514.021362  
9515.836355  
9526.442717  
9528.126908  
9482.131309  
9512.346879  
9519.195929  
9498.046959  
9521.956877  
9509.101376  
9496.336002  
9525.935508  
9564.621903  
9560.874557  
9522.176186  
9503.433992  
9508.857178  
9512.774093  
9509.490832  
9528.48266  
9539.902749  
9536.707661  
9548.042917  
9537.278648  
9519.405396  
9526.56816  
9501.778841  
9491.316702  
9502.592992  
9506.033139  
9538.997578  
9603.667937  
9565.714837  
9527.523643  
9532.178923  
9584.598723  
9496.042435  
9478.355488  
9463.701326  
9488.331986  
9488.897769  
9513.540213  
9520.126137  
9494.919549  
9498.578401  
9455.998028  
9502.550332  
9554.983482  
9537.034424  
9528.711355  
9521.508365  
9554.10976  
9497.286274  
9478.863577  
9520.614688  
9521.578915  
9547.567421  
9491.056082  
9512.415258  
9477.502788  
9460.739354  
9463.97195  
9483.23212  
9486.787521  
9504.243595  
9500.132388  
9526.895578  
9507.16865  
9514.737144  
9532.060393  
9508.271928  
9482.136738  
9515.458798  
9485.893773  
9488.431968  
9481.132568  
9438.909424  
9451.580316  
9439.541151  
9460.066027  
9445.151123  
9494.807778  
9464.81915  
9438.351318  
9549.338854  
9610.251915  
9541.252686  
9534.161416  
9523.570884  
9534.725669  
9492.76982  
9529.689215  
9541.362844  
9541.393876  
9588.732917  
9584.934255  
9570.444831  
9500.874968  
9494.750874  
9467.213424  
9469.141152  
9471.28923  
9457.684223  
9457.092137  
9480.030954  
9476.527614  
9481.924541  
9469.13704  
9466.893156  
9499.834177  
9470.722971  
9493.05098  
9489.534392  
9525.971827  
9476.009464  
9485.772795  
9485.87615  
9545.349436  
9540.258635  
9493.784154  
9524.2539  
9485.768105  
9576.265638  
9489.930054  
9498.020154  
9508.120406  
9519.99098  
9516.790746  
9495.5864  
9459.559667  
9532.288915  
9454.263698  
9455.470536  
9469.828915  
9497.943976  
9522.528018  
9530.034803  
9557.0625  
9540.13632  
9521.606047  
9508.803492  
9443.5101  
9444.194452  
9519.847322  
9512.675267  
9514.979903  
9513.780434  
9543.171239  
9490.714362  
9512.983456  
9546.774478  
9482.823216  
9530.745798  
9513.83446  
9555.275571  
9561.350303  
9561.864457  
9582.183054  
9522.341482  
9500.828735  
9517.511944  
9531.807489  
9546.775821  
9536.4198  
9590.495503  
9598.932039  
9610.05472  
9544.101267  
9517.844412  
9478.516094  
9450.237632  
9469.429546  
9477.880776  
9507.579898  
9507.425582  
9499.037912  
9506.88785  
9498.645913  
9500.212563  
9526.057469  
9483.357024  
9494.577675  
9504.746216  
9491.230353  
9496.106008  
9517.678852  
9455.093133  
9436.495323  
9408.6496  
9429.159745  
9459.793534  
9493.50444  
9510.799805  
9504.271754  
9494.340525  
9453.838726  
9459.461535  
9432.829918  
9459.45504  
9493.866911  
9541.165746  
9556.174304  
9479.695229  
9569.87101  
9434.551918  
9492.086599  
9512.980732  
9552.419999  
9493.899902  
9552.701699  
9483.977693  
9661.178634  
9653.405351  
9569.561241  
9496.607383  
9462.046528  
9463.080624  
9471.758288  
9483.945492  
9510.643606  
9488.318141  
9518.829616  
9622.833811  
9572.873766  
9511.381136  
9524.717812  
9535.575504  
9508.642931  
9523.806403  
9531.829847  
9525.170436  
9546.894949  
9537.901142  
9572.858032  
9523.224802  
9517.689665  
9473.318501  
9511.236135  
9518.170462  
9477.280922  
9408.859471  
9413.308202  
9427.811382  
9570.082725  
9549.111951  
9557.956916  
9520.261436  
9448.459151  
9505.287264  
9485.233508  
9455.943738  
9450.750559  
9444.113166  
9440.041709  
9465.367303  
9433.923205  
9448.407394  
9467.963919  
9537.280858  
9456.515715  
9432.361026  
9417.562924  
9381.023258  
9400.137361  
9398.454815  
9358.215461  
9312.403218  
9315.946874  
9362.53639  
9551.441316  
9519.353837  
9527.420095  
9523.3033  
9581.401431  
9582.419112  
9570.285176  
9554.02735  
9622.720305  
9553.457327  
9645.758641  
9576.693128  
9536.254317  
9514.503855  
9457.685624  
9491.12333  
9519.16396  
9530.898425  
9535.765953  
9560.081402  
9535.595144  
9541.273258  
9496.743453  
9466.463919  
9499.30844  
9488.885633  
9483.127326  
9434.084261  
9450.062789  
9469.846134  
9491.705309  
9551.310881  
9491.677426  
9531.013132  
9517.975734  
9512.130378  
9516.12721  
9477.085848  
9462.93698  
9436.29762  
9471.538895  
9431.653269  
9480.260177  
9455.801951  
9491.820268  
9469.093307  
9477.296528  
9480.202547  
9520.014629  
9497.801726  
9529.619288  
9526.701634  
9538.029406  
9500.492618  
9524.116815  
9549.234336  
9513.667301  
9551.070904  
9556.247681  
9619.735782  
9543.672106  
9498.086194  
9506.970241  
9539.0841  
9498.147429  
9477.484632  
9452.227841  
9476.720324  
9468.991449  
9503.092324  
9564.951146  
9540.31383  
9520.127988  
9505.759175  
9501.111714  
9517.017745  
9505.932103  
9511.911795  
9468.882395  
9490.372115  
9490.338899  
9536.777922  
9544.273817  
9511.087389  
9479.551417  
9451.96708  
9499.257684  
9487.202071  
9500.799471  
9510.898425  
9526.983373  
9513.430863  
9511.029779  
9484.211034  
9513.050923  
9481.717818  
9495.831215  
9501.516595  
9520.406019  
9513.374415  
9463.707654  
9455.753238  
9490.554116  
9445.354203  
9483.108431  
9517.236225  
9583.285259  
9484.197368  
9479.834408  
9514.150802  
9555.831106  
9629.31198  
9608.329333  
9557.898225  
9476.037533  
9472.712929  
9479.042153  
9482.899562  
9469.541549  
9483.674098  
9507.2877  
9479.05463  
9497.013344  
9477.804861  
9565.608861  
9509.769345  
9537.876323  
9467.64378  
9485.028969  
9445.576519  
9432.034674  
9468.566946  
9417.496036  
9416.404014  
9412.184654  
9564.974481  
9561.495156  
9453.068597  
9509.811639  
9471.160985  
9477.971307  
9466.439845  
9505.414397  
9487.168303  
9529.353561  
9551.235833  
9543.800139  
9524.319355  
9541.787855  
9506.952688  
9500.727057  
9486.914152  
9506.376805  
9476.460841  
