11319.53687  
11124.72749  
11129.73291  
11036.21401  
11060.20986  
11053.15493  
11131.02168  
10952.90957  
10998.60845  
10919.43267  
10995.07695  
11031.46538  
11179.74102  
11182.50239  
11235.53032  
11233.6002  
11204.43252  
11270.24961  
11144.3395  
11165.33809  
11124.66519  
11171.3249  
11230.85156  
11063.03472  
11179.18535  
11103.68784  
11169.55601  
11199.52197  
11265.71533  
11223.66499  
11119.85679  
11162.49419  
11116.46606  
11130.30303  
11109.13564  
11084.58955  
11065.62495  
11064.82686  
11052.98389  
11013.58477  
11158.98433  
11093.80376  
11101.38164  
11101.37339  
11118.87744  
11025.22788  
11221.96978  
11045.78901  
11023.62964  
11005.65176  
11058.63921  
11092.59751  
11068.8207  
11080.0127  
11148.60376  
11146.55005  
11057.20054  
11070.98765  
11077.3231  
11054.75728  
11148.81621  
11090.56416  
11113.33857  
11111.4249  
11087.6918  
11211.51475  
11118.55317  
11199.80825  
11131.96177  
11078.04585  
11141.20933  
11082.47866  
11091.58267  
11150.77446  
11091.16431  
11066.5875  
11094.31294  
11154.86689  
11191.59902  
11150.83643  
11142.68916  
11145.3772  
11115.97715  
11179.94644  
11168.85049  
11129.11162  
11054.89663  
10952.00244  
11031.39341  
11051.12305  
11126.79438  
11140.80112  
11157.72817  
11192.17095  
11108.94678  
11109.9019  
11101.56299  
11144.35708  
11197.08022  
11099.35664  
11088.13867  
11118.36436  
11058.5772  
11078.40518  
11064.50615  
11095.76523  
11129.21587  
11166.53032  
11124.69526  
11104.0187  
11042.04741  
11164.64346  
11150.00552  
11155.8541  
11180.47241  
11032.51924  
11027.98301  
11044.62041  
11049.16426  
11140.28716  
11084.38433  
11187.86128  
11228.68052  
11178.10391  
11188.90659  
11163.45786  
11070.47856  
11085.41406  
11097.75615  
11135.10581  
11152.10815  
11046.86909  
11024.77847  
11055.53496  
11061.83755  
11113.86934  
11050.92417  
11119.66489  
11131.99785  
11157.67241  
11132.72314  
11159.46021  
11158.20474  
11113.61528  
11084.02456  
11095.64009  
11093.32358  
11118.36255  
11136.41973  
11147.52939  
11105.97021  
11135.46167  
11046.90967  
11123.6522  
11141.41045  
11090.92603  
11094.0311  
11104.28369  
11119.13965  
11163.57773  
11156.96616  
11131.55835  
11070.20859  
11043.32593  
11056.47827  
11077.8916  
11022.09521  
11093.48647  
11144.59194  
11107.19307  
11046.85742  
11078.44526  
11057.33262  
11136.25479  
11167.80908  
11138.25703  
11157.12769  
11144.06787  
11177.75488  
11191.77661  
11203.67959  
11128.94839  
11091.5269  
11119.19854  
11084.15376  
11081.88354  
11124.15225  
11093.81924  
11111.85913  
11080.10898  
11044.54194  
11090.65396  
11070.27192  
11079.18804  
11137.61948  
11134.56807  
11216.5814  
11232.03335  
11130.38242  
11208.82222  
11206.65645  
11136.01904  
11135.0938  
11108.76138  
11075.95054  
11054.0396  
11089.69531  
11112.43428  
10999.51919  
11054.39971  
11086.58188  
11143.82134  
11123.48823  
11090.99351  
11121.60342  
11117.95542  
11121.05259  
11081.2458  
11056.46108  
11141.42363  
11062.73174  
11121.22437  
11093.08335  
11085.19902  
11054.29995  
11092.01899  
11076.09331  
11015.15713  
11054.73716  
11087.00591  
11059.5083  
11015.20474  
11050.38481  
11122.22407  
11124.08086  
11167.4123  
11197.78423  
11156.75991  
11187.42944  
11158.10415  
11178.99751  
11257.51772  
11206.43154  
11169.17793  
11183.4041  
11115.54155  
11086.05161  
11143.28066  
11074.5479  
11073.76152  
11058.93101  
11041.83521  
11077.45479  
11103.66323  
11088.5272  
11120.10654  
11096.80596  
11092.52212  
11104.53042  
11172.15952  
11109.61455  
11134.51777  
11150.27637  
11102.14316  
11136.93774  
11214.23721  
11197.85811  
11211.22954  
11082.76475  
11109.74116  
11105.41001  
11167.91299  
11127.40713  
11162.25  
11179.45923  
11178.70132  
11121.48413  
11084.45884  
11142.27764  
11026.51475  
11029.78364  
11063.99722  
11108.9353  
11024.9731  
11075.68696  
11130.44033  
11119.31489  
11101.35229  
11083.04531  
11036.69531  
11022.32471  
11114.91592  
11081.69717  
11099.16636  
11090.43872  
11142.95181  
11085.88579  
11027.17437  
11009.50132  
10992.98369  
11065.62603  
11138.64751  
11114.77158  
11131.14927  
11147.98066  
11180.25376  
11165.60215  
11184.00024  
11186.03628  
11165.68247  
11184.53613  
11159.21572  
11050.79248  
11077.92065  
11117.22759  
11041.05693  
11042.35239  
11075.22168  
11085.10928  
11134.06636  
11138.36982  
11160.4251  
11060.9959  
11108.08462  
11151.68599  
11172.8272  
11161.84897  
11162.79453  
11192.36616  
11211.35063  
11102.12979  
11076.96201  
11121.50347  
11126.53823  
11145.82734  
11100.90864  
11077.26875  
11031.52676  
11072.75225  
11070.68296  
11096.20669  
11109.17085  
11092.71489  
11065.02319  
11063.05713  
11071.12163  
11103.8645  
11095.78809  
11124.14048  
11148.73716  
11157.77979  
11081.82183  
11094.83501  
11145.67012  
11163.49038  
11172.18477  
11106.28599  
11116.78608  
11095.23501  
11056.96958  
11082.52417  
11083.41011  
11127.51772  
11150.96899  
11179.16157  
11160.34336  
11125.44814  
11177.09146  
11109.3731  
11090.23184  
11080.24619  
11081.025  
11170.6144  
11150.32051  
11127.85898  
11145.81543  
11106.80215  
11043.9314  
11032.59023  
11092.64561  
11091.44473  
11105.25166  
11091.98823  
11069.94795  
11098.54023  
11126.9728  
11085.76035  
11091.99082  
11133.64624  
11136.29121  
11201.08691  
11121.55537  
11090.39517  
11156.89541  
11201.74468  
11227.56572  
11093.70649  
11069.8522  
11038.76089  
11094.91323  
11063.41621  
11094.74155  
11123.75498  
11012.77344  
11012.77734  
11079.34687  
11049.26035  
11053.87485  
11109.68213  
11094.1855  
11170.18252  
11192.18428  
11181.14995  
11138.39531  
11159.98496  
11193.43184  
11171.99077  
11149.81528  
11111.67803  
11109.59551  
11120.81182  
11108.50361  
11116.32993  
11081.80454  
11058.96826  
11059.68091  
11071.61548  
11123.18013  
11105.64326  
11079.82446  
11090.80342  
11065.90659  
11115.22397  
11103.02085  
11029.16089  
11047.66675  
11038.96094  
11061.03882  
11112.35972  
11127.05229  
11123.04619  
11141.55083  
11116.36147  
11153.12827  
11148.15825  
11116.47388  
11116.46836  
11109.44263  
11134.79863  
11170.5458  
11145.59058  
11149.96108  
11150.5626  
11115.03521  
11188.4769  
11158.05854  
11087.06597  
11072.51895  
11069.61465  
11065.60854  
11030.68442  
11063.75195  
11118.68135  
11083.6814  
11143.45083  
11133.71406  
11171.14536  
11181.44917  
11172.81821  
11165.03716  
11189.66626  
11192.93345  
11153.629  
11172.26719  
11118.89512  
11130.5646  
11147.56304  
11094.82964  
11030.45298  
11079.75698  
11015.47988  
11034.9627  
10948.69517  
10995.38496  
11055.60869  
11086.077  
11089.97207  
11083.44448  
11094.06528  
11141.25444  
11097.08398  
11140.47485  
11229.8751  
11198.20767  
11160.43926  
11158.54233  
11141.99272  
11159.86182  
11095.15059  
11180.66387  
11151.93804  
11107.07212  
11093.69961  
11011.02183  
11032.2502  
11076.3437  
11006.70205  
11100.99004  
11012.1896  
11123.60317  
11157.53228  
11131.19287  
11192.65596  
11192.26006  
11031.91206  
11163.21494  
11140.80454  
11171.80781  
11223.32808  
11152.03735  
11179.42495  
11132.1249  
11173.76865  
11115.9144  
11227.42275  
11150.14868  
11128.55356  
11144.40327  
11091.66245  
11119.68228  
11067.90742  
11105.50791  
11122.59272  
11125.67354  
11077.75459  
11075.52979  
11050.24917  
11129.32251  
11022.60117  
11050.28433  
11091.09541  
11033.21157  
10989.23535  
11056.65942  
11142.69707  
11097.24038  
11104.68384  
11109.53008  
11121.2416  
11149.19922  
11123.38418  
11133.4791  
11124.32104  
11133.75566  
11132.625  
11092.09375  
11174.9498  
11150.41582  
11123.78101  
11114.21563  
11119.08828  
11070.55786  
11048.76226  
11069.50991  
11087.73555  
11099.93042  
11123.36523  
11202.41641  
11178.35835  
11143.14956  
11182.64824  
11120.06743  
11107.20039  
11131.45464  
11083.52104  
11084.75742  
11091.79404  
11092.22271  
11156.24009  
11172.07383  
11142.31963  
11119.08472  
11103.51953  
11133.18369  
11099.63311  
11198.6  
11139.86821  
11191.52905  
11157.33906  
11064.49346  
11055.14907  
11110.51665  
11058.05317  
11043.38315  
10983.98921  
11039.95767  
11074.56924  
11048.51479  
11048.78516  
11090.41904  
11077.74834  
11154.98101  
11129.00171  
11153.41045  
11200.06719  
11186.07573  
11107.49902  
11080.03086  
11108.88481  
11158.92007  
11158.53188  
11067.84478  
11060.17275  
11082.07446  
11083.80015  
11083.09668  
11079.77065  
11097.52144  
11070.67866  
11148.6249  
11177.28589  
11200.08481  
11156.46563  
10975.6563  
11251.75674  
11007.96416  
11043.05825  
11056.9522  
11110.57778  
11083.13496  
11084.80049  
11084.03369  
11079.82812  
11103.01699  
11110.80269  
11189.50693  
11185.74385  
11221.63618  
11145.95171  
11170.94922  
11116.19136  
11146.7856  
11142.50493  
11168.93174  
11095.1769  
11147.35078  
11127.94541  
11127.17378  
11101.03174  
11164.64116  
11138.36177  
11088.85586  
11061.26685  
11094.89365  
11088.81348  
11141.67363  
11149.44517  
11125.73267  
11039.76973  
10998.377  
11011.59546  
11090.25537  
11082.56147  
11075.20518  
11065.00679  
11092.5666  
11132.22925  
11097.89268  
11178.9104  
11194.94668  
11264.72139  
11237.33618  
11142.83174  
11093.10186  
11052.50151  
11070.84219  
11063.42451  
11035.08711  
11001.16743  
11053.99932  
11065.72617  
11120.99424  
11156.0833  
11168.27344  
11114.52021  
11085.34429  
11061.02222  
11085.31157  
11053.1501  
11063.3771  
11112.40718  
11126.40254  
11167.72393  
11199.67793  
11190.1335  
11137.61802  
11139.72559  
11114.32905  
11126.78975  
11106.56343  
11100.51978  
11143.64946  
11129.51294  
11143.93125  
11126.00894  
11104.30869  
11096.56763  
11066.37441  
11064.44653  
11127.01938  
11103.31558  
11075.38774  
11032.6415  
11087.35371  
11140.11802  
11117.08296  
11111.65283  
11125.76206  
11177.19785  
11181.6876  
11184.20894  
11065.78115  
11067.45181  
11013.37861  
11025.97876  
11082.74277  
11113.54565  
11154.43018  
11175.37603  
11132.85732  
11091.29121  
11163.30625  
11066.89419  
11034.87866  
11015.28071  
11079.30835  
11089.87769  
11157.14082  
11117.59707  
11085.11313  
11085.20923  
11106.698  
11110.88564  
11194.20688  
11184.56431  
11254.90469  
11148.36343  
11183.81665  
11126.20264  
11142.11655  
11158.2417  
11181.24868  
11129.37856  
11056.61592  
11049.18711  
11076.23262  
11123.65059  
11144.64248  
11211.36519  
11151.06743  
11123.18472  
11089.02607  
11070.00981  
11074.2333  
11085.46079  
11088.30078  
11098.1396  
10997.00757  
11092.77715  
11101.68989  
11107.86162  
11097.17607  
11147.40117  
11085.22681  
11052.45771  
11032.34048  
11041.48657  
11088.31709  
11135.66426  
11184.25811  
11128.38179  
11191.93823  
11125.61802  
11128.55332  
11155.78413  
11091.90674  
11094.91968  
11003.15273  
11070.23979  
11030.75029  
11105.57817  
11042.30659  
11152.45059  
11181.43247  
11196.53384  
11201.9731  
11099.60493  
11155.29004  
11085.60381  
11089.81802  
11100.37852  
11118.65283  
11228.1063  
11176.63521  
11203.27554  
11208.52456  
11147.63247  
11147.54521  
11124.51987  
11162.26313  
11155.10479  
11083.37222  
11012.84438  
11007.08691  
10978.80674  
11038.54658  
11078.07109  
11093.52266  
11144.84448  
11173.63584  
11166.83247  
11177.84063  
11156.46304  
11084.64185  
11074.29092  
11076.30894  
11123.41978  
11095.64829  
11124.76479  
11105.27871  
11088.72681  
11179.9002  
11158.03545  
11214.41074  
11241.63257  
11176.05298  
11130.35874  
11150.34712  
11123.91206  
11100.17388  
11019.26836  
11030.5478  
11025.40142  
11031.74072  
11046.07495  
11092.30645  
11165.86807  
11055.82476  
11063.52471  
11116.70513  
11082.49756  
11061.85239  
11084.07686  
11046.44082  
11109.97173  
11109.725  
11065.70859  
11161.62334  
11097.1375  
11199.61602  
11044.20308  
11044.15908  
11123.38892  
11065.66636  
11037.83477  
11129.29023  
11118.16699  
11176.10308  
11130.14238  
11161.02944  
11136.13887  
11164.63511  
11113.63335  
11212.35547  
11264.91431  
11195.99541  
11139.79238  
11071.05137  
11096.23682  
11141.04312  
11174.14707  
11160.97085  
11122.50498  
11066.3186  
11125.56104  
11091.84663  
11024.09272  
11028.97612  
10988.08711  
11012.52842  
11051.82598  
11115.56094  
11099.58027  
11066.15762  
11121.08486  
11110.3396  
11072.96885  
11093.6457  
11124.08848  
11060.13257  
11128.53472  
11098.61924  
11075.45171  
11195.77524  
11159.10273  
11231.19121  
11205.09746  
11136.78027  
11092.59497  
11075.86494  
11059.07554  
11143.94438  
11118.11025  
11164.99839  
11119.95581  
11107.93896  
11127.34019  
11046.91792  
11079.93716  
11104.93853  
11168.04082  
11124.0249  
11180.98525  
11171.33892  
11132.22471  
11084.27637  
11088.65176  
11095.1334  
11110.36128  
11154.65869  
11171.64756  
11166.10254  
11170.68618  
11126.53013  
11168.71216  
11101.30073  
11123.44321  
11083.51602  
11051.13599  
11107.19932  
11168.34873  
11103.15996  
11021.75449  
10987.98589  
11031.38823  
11004.8063  
11047.33779  
11107.33062  
11186.47837  
11207.64312  
11157.38535  
11072.60947  
11112.36846  
11032.72773  
11119.90093  
11120.84907  
11111.09126  
11124.79077  
11169.84668  
11113.96455  
11100.56177  
11082.14248  
11101.88613  
11127.09478  
11146.70356  
11139.58535  
11178.5645  
11162.83232  
11191.67119  
11206.44336  
11268.44766  
11266.79258  
11305.22905  
11205.49653  
11212.83545  
11116.16855  
11093.66167  
11007.83984  
11008.10142  
11016.68301  
11002.66338  
11053.02471  
11136.62183  
11145.42471  
11094.45825  
11138.57622  
11086.17524  
11071.27354  
11114.75288  
11111.76885  
11132.23442  
11151.55913  
11126.78184  
11069.65156  
11026.76206  
11024.85625  
11067.14653  
11008.60552  
11021.5124  
11029.49556  
11028.69302  
10989.57334  
10910.5978  
11084.32881  
11155.34351  
11046.33501  
11089.94077  
11081.76538  
11106.08267  
11081.44917  
11111.60083  
11139.36582  
11087.06113  
11141.48979  
11149.78032  
11175.95015  
11170.13672  
11159.62002  
11165.18901  
11243.96665  
11210.63457  
11162.76543  
11183.09033  
11170.42134  
11119.65947  
11102.79629  
11080.8041  
11015.83696  
11119.04312  
11105.82954  
11039.16265  
11021.91973  
11098.31548  
11150.15259  
11119.5541  
11115.49854  
11127.68267  
11092.71143  
11088.23091  
11136.82231  
11089.84912  
11084.22949  
11146.50503  
11205.93091  
11227.83096  
11182.74028  
11180.60703  
11138.91865  
11140.90313  
11144.02002  
11104.50718  
11133.68311  
11113.88208  
11149.62661  
11082.78071  
11145.18784  
11115.87505  
11109.77637  
11029.64214  
11028.57231  
11086.85176  
11086.86338  
11067.18428  
11059.71699  
11169.54277  
11145.95908  
11186.96914  
11130.36152  
11085.9394  
11155.11304  
11099.87324  
11131.41279  
11218.01318  
11111.69604  
11153.44028  
11094.93325  
11111.36777  
11129.24243  
11070.64814  
11014.78994  
11006.70557  
10972.55811  
10950.95537  
11049.99961  
11080.45015  
11094.71401  
11103.49766  
11140.02437  
11160.40977  
11075.73726  
11042.05151  
11018.38037  
11072.16284  
11134.03042  
11134.6269  
11179.50117  
11186.40171  
11092.93574  
11114.36187  
11178.7377  
11177.92817  
11227.62876  
11209.55264  
11204.24272  
11164.15942  
11086.1562  
11128.91479  
11103.17974  
11039.26768  
10957.76919  
11012.74766  
10990.14292  
11078.72139  
11185.81826  
11140.76128  
11101.53921  
11168.89375  
11153.72119  
11158.24731  
11062.0874  
11058.67485  
11072.9145  
11078.60049  
11164.00386  
11200.31875  
11199.37119  
11137.12666  
11119.38115  
11075.80742  
11111.32969  
11112.85708  
11124.57578  
11184.46304  
11178.87686  
11152.59971  
11139.90635  
11178.11929  
11105.01562  
11167.39751  
11120.48179  
11051.81431  
11050.50508  
11009.92993  
11061.18755  
11072.87925  
11090.80933  
11159.52881  
11107.03706  
11143.8376  
11126.8856  
11094.1791  
11109.07305  
11102.4499  
11088.71284  
11070.62021  
11090.78809  
11112.26045  
11105.46836  
11117.15493  
11140.60474  
11098.59956  
11114.84873  
11163.77563  
11191.34858  
11218.04429  
11147.30933  
11138.38052  
11106.36846  
11068.52778  
11064.34209  
11117.9166  
11118.85425  
11101.70874  
11126.55962  
11113.82949  
11125.80586  
11139.64233  
11119.89219  
11150.25845  
11167.76025  
11118.44053  
11106.13369  
11057.81753  
11039.20518  
11134.31865  
11125.7125  
11084.88818  
11157.20093  
11120.61826  
11173.37505  
11109.4501  
11131.12368  
11121.02363  
11181.94604  
11142.67261  
11118.72021  
11035.33237  
11107.01025  
11095.12402  
11079.17954  
11082.82681  
11113.75522  
11062.67231  
11019.39263  
10988.12437  
11018.21133  
11037.71587  
11109.20845  
11141.26548  
11105.42822  
11063.06133  
11107.98379  
11154.74995  
11124.18647  
11113.71255  
11119.5936  
11185.89683  
11154.35044  
11060.73789  
11075.46919  
11116.29351  
11097.60127  
11137.50532  
11112.12114  
11137.65898  
11112.05698  
11060.20605  
11126.30513  
11101.0478  
11056.69888  
11124.25986  
11077.88257  
11088.24136  
11148.41182  
11155.79302  
11146.06172  
11172.43589  
11217.40571  
11191.17593  
11209.20024  
11153.17603  
11072.3876  
11004.48022  
11043.02236  
11022.32759  
11082.57729  
11053.78066  
11136.75708  
11043.33281  
11162.95464  
11133.73984  
11126.71978  
11163.68755  
11176.79824  
11112.22544  
11151.63506  
11075.02578  
11078.64478  
11106.00728  
11150.62471  
11097.96592  
11113.37729  
11087.96064  
11113.404  
11091.57603  
11091.69214  
11144.67212  
11190.83872  
11137.20815  
11158.00547  
11168.66514  
11164.48218  
11164.9605  
11170.09775  
11182.31011  
11124.89478  
11039.87158  
10984.53354  
11026.06221  
11030.36733  
11021.5376  
11009.09844  
11064.93403  
11123.07437  
11136.16553  
11106.53936  
11205.30005  
11240.86118  
11108.42954  
11130.52778  
11043.00654  
11038.33716  
11075.78071  
11135.96763  
11131.07407  
11107.10801  
11080.98296  
11157.97676  
11160.47681  
11183.05005  
11210.13057  
11136.91172  
11087.18408  
11038.18418  
11147.73452  
11134.5167  
11127.87778  
11131.07559  
11063.24766  
11139.17856  
11125.99663  
11129.45156  
11139.78794  
11106.94307  
11078.97109  
11087.56729  
11109.63584  
11072.03169  
11131.38052  
11112.91104  
11123.31851  
11084.07798  
11161.44575  
11058.23457  
11075.35605  
11113.69414  
11191.08657  
11301.65112  
11231.79937  
11187.44077  
11138.14922  
11131.16685  
11101.59297  
11057.44214  
11073.02212  
11061.28018  
11097.92217  
11015.0957  
11061.30239  
11060.01455  
11103.22256  
11049.72192  
11027.83145  
11020.66899  
11038.35205  
11058.25317  
11041.58989  
11077.87324  
11119.64141  
11161.93325  
11162.48018  
11182.82637  
11178.18506  
11127.02134  
11154.88608  
11125.55317  
11178.8606  
11106.85264  
11143.97905  
11061.0353  
11066.52002  
11082.24531  
11072.43271  
11145.44106  
11113.15254  
11092.36772  
11049.16753  
11049.9355  
11109.30215  
11106.44238  
11175.76313  
11081.78823  
11023.91362  
11114.02622  
11079.63208  
11218.08521  
11132.7208  
11223.62051  
11197.4813  
11076.35957  
11094.97739  
11106.51519  
11160.28408  
11109.2604  
11116.64287  
11125.19517  
11051.56611  
11125.27559  
11105.71406  
11172.29434  
11074.34673  
11091.89585  
11198.63774  
11158.29351  
11209.05244  
11152.86812  
11059.4666  
11034.52534  
11039.34341  
11080.69893  
11042.74751  
11070.3647  
11134.81274  
11147.20317  
11155.42471  
11164.10649  
11155.38188  
11154.13496  
11150.56284  
11189.90688  
11158.50205  
11171.21606  
11184.46675  
11197.1812  
11211.75586  
11110.04673  
11064.31465  
11100.62368  
11096.58853  
11001.08037  
10996.35308  
11032.93911  
11000.69502  
11082.54746  
11027.79746  
11077.26021  
11106.38618  
11097.80435  
11142.80513  
11195.00249  
11191.44419  
11143.40283  
11142.04194  
11167.60908  
11117.32319  
11238.15132  
11263.69219  
11225.8792  
11277.76011  
11172.16694  
11095.83159  
10942.92466  
11038.1522  
11042.36543  
11141.74746  
11094.85171  
11077.5063  
10998.63433  
10990.3501  
10935.73096  
10970.73252  
10988.82476  
11100.90801  
11105.13364  
11127.63594  
11092.44395  
11084.19482  
11071.47637  
11098.10122  
11146.81519  
11208.33838  
11212.96084  
11154.03618  
11112.73013  
11212.40571  
11093.31543  
11164.02222  
11105.81553  
11156.6229  
11078.49702  
11152.03779  
11076.67559  
11053.44897  
11082.12715  
11004.87334  
11078.63813  
11022.90591  
11124.57354  
11190.57607  
11165.24292  
11174.17627  
11147.22319  
11251.72236  
11209.70718  
11182.92285  
11078.20596  
11111.33989  
11041.57183  
11111.73325  
11110.1792  
11108.65518  
11030.43105  
11067.59399  
11080.41597  
11098.79209  
11142.47002  
11107.54424  
11174.09941  
11129.55005  
11081.26128  
11072.67598  
11031.51353  
11160.76299  
11101.84653  
11191.89546  
11128.14482  
11152.18486  
11178.4623  
11169.25845  
11077.76841  
10973.58872  
11096.67046  
11044.11665  
11141.31323  
11067.98823  
11140.21831  
11071.55225  
10967.60151  
11090.25815  
11090.96079  
11148.17681  
11063.27612  
11149.37974  
11127.60879  
11236.55234  
11161.98071  
11231.7624  
11188.4606  
11192.48633  
11001.52852  
10962.53101  
11033.54712  
11037.98145  
10956.98174  
11098.83286  
11154.06855  
11078.96069  
11120.10396  
11091.7269  
11133.34971  
11070.32793  
11161.85723  
11061.50762  
11133.2668  
11123.32466  
11095.30244  
11159.82241  
11178.00381  
11225.15176  
11201.47412  
11182.8625  
11202.29043  
11214.29961  
11200.11079  
11145.05005  
11037.37769  
11045.09355  
11057.1709  
11102.21978  
11088.95127  
11139.39023  
11117.91982  
11106.59185  
11197.88887  
11100.93809  
11169.51748  
11127.76646  
11125.99272  
11166.0166  
11150.37856  
11165.56689  
11029.65278  
11021.83301  
11072.31045  
11051.48687  
11123.86699  
11033.1436  
11031.9312  
11074.03394  
11092.91489  
11083.66396  
11046.90483  
11069.49917  
11063.5062  
11101.22593  
11054.96255  
11095.471  
11191.40776  
11198.36064  
11162.45664  
11170.52881  
11229.83086  
11251.40503  
11273.01367  
11176.33613  
11143.96846  
11039.85708  
11031.63018  
11109.84888  
10992.66787  
11093.83657  
11014.64785  
11026.06699  
11058.19165  
11005.31987  
11085.13105  
11044.56948  
11124.50146  
11245.31348  
11181.32788  
11225.86665  
11138.24395  
11082.2126  
11044.04282  
10970.96982  
11012.36021  
11048.90361  
11092.70327  
11082.69712  
11108.13926  
11256.70811  
11161.00049  
11181.14502  
11155.14102  
11117.52939  
11196.83452  
11099.59111  
11088.39912  
10960.99404  
10996.14365  
11098.87109  
11106.70732  
11203.0083  
11148.81597  
11115.48647  
11210.82935  
11156.6043  
11239.83633  
11203.04624  
11193.84556  
11257.62979  
11137.09639  
11133.42778  
11032.38857  
11023.4522  
11054.64795  
11137.53433  
11112.95249  
11195.29434  
11193.32124  
11055.16367  
11039.07861  
11010.69229  
10965.72422  
10986.46431  
11067.36758  
11062.40981  
11045.84297  
11091.11841  
11050.56328  
11103.45693  
11042.62666  
11048.60571  
11129.65503  
11104.23745  
11201.76694  
11139.64805  
11183.47319  
11204.96533  
11111.30283  
11107.41729  
11013.99092  
11082.8603  
11084.42197  
11200.45557  
11207.62725  
11233.29995  
11230.73267  
11109.20752  
11111.28472  
11113.04375  
11068.7813  
11125.31777  
11121.52588  
11058.97827  
11142.64092  
11102.16978  
11120.63408  
11213.31504  
11161.77393  
11204.96182  
11128.57241  
11120.90112  
11064.80088  
11003.15054  
11147.90361  
11136.67407  
11133.44878  
11090.2752  
11067.68613  
11163.75327  
11100.4877  
11078.00957  
11035.93394  
11051.91313  
11122.83486  
11099.429  
11223.34321  
11125.47187  
11124.63994  
11138.53892  
11111.04463  
11156.89653  
11182.8605  
11116.75063  
11222.63354  
11191.07876  
11040.2272  
11001.81436  
11056.34697  
11140.05972  
11053.94414  
11116.92368  
11054.26753  
11093.35898  
11161.87593  
11094.16641  
11117.01021  
11067.72441  
11054.69946  
11088.83252  
11080.41543  
11099.14287  
11212.25767  
11075.00503  
11089.24043  
11047.71514  
11051.923  
11148.31797  
11149.04268  
11148.14287  
11125.28643  
11121.85171  
11131.43477  
11105.59487  
11092.37686  
11070.48159  
11039.46548  
11136.7729  
11110.03447  
11101.34873  
11186.9728  
11127.60791  
11198.91567  
11221.55063  
11158.56436  
11171.3749  
11051.42017  
11071.06494  
11006.16479  
11014.58457  
11058.55835  
11036.06475  
11150.49409  
11188.00576  
11137.95093  
11125.55103  
11136.30972  
11113.68481  
11061.39453  
11067.3689  
11135.69375  
11125.84746  
11108.56108  
11115.69785  
11085.72817  
11128.83115  
11128.18672  
11151.27798  
11205.46055  
11180.8144  
11206.59629  
11198.17944  
11103.61372  
11109.68281  
11041.79692  
11141.21665  
11071.07627  
11180.91968  
11106.92598  
11165.41938  
11184.30649  
11194.31455  
11262.51187  
11237.53589  
11161.7521  
11141.44404  
11176.76138  
11055.0165  
11188.50161  
11065.80605  
11052.86646  
11014.26431  
11131.23462  
11018.99985  
11023.02046  
11001.7063  
11038.96616  
10969.21265  
10945.9939  
11035.08755  
11026.58799  
11102.10376  
11049.21025  
11076.29692  
11188.72798  
11078.40776  
11084.27026  
11103.70449  
11072.71089  
11206.36079  
11100.26802  
11209.77275  
11156.77881  
11137.54414  
11159.55522  
11077.01162  
11098.32822  
11100.00557  
11100.37773  
11113.96182  
11069.61782  
11100.85757  
11180.51436  
11127.45938  
11017.16772  
11135.41294  
11095.10317  
11108.9208  
11079.20532  
11091.61914  
11134.65698  
11140.47705  
11034.31021  
11053.23564  
11078.40288  
11135.30479  
11112.47852  
11094.31133  
11051.45015  
11082.98164  
11088.58677  
11157.71826  
11147.80728  
11204.5522  
11185.60029  
11186.3502  
11167.86812  
11146.8335  
11170.51714  
11136.90874  
11172.30757  
11196.90029  
11140.72476  
11088.19663  
11096.42993  
11104.07261  
11084.71694  
11110.07949  
11108.80498  
11106.59526  
11159.58188  
11090.54888  
11129.43701  
11153.86685  
11146.50806  
11163.4748  
11078.03589  
11159.89932  
11177.02749  
11064.78877  
11142.22422  
11111.62822  
11069.33901  
11023.85449  
11089.44956  
11126.0019  
11158.72773  
11129.97925  
11140.62559  
11128.87959  
11035.23169  
11041.72236  
11001.42607  
11116.23721  
11084.68794  
11087.34414  
11091.654  
11040.32549  
11102.02725  
11084.78901  
11100.24897  
11166.92944  
11157.42148  
11046.15317  
11102.34834  
11078.54565  
11165.99155  
11089.0646  
11098.42178  
11119.88901  
11100.40386  
11125.41294  
11140.11221  
11152.11943  
11197.90654  
11198.50435  
11066.34746  
11193.7606  
11126.42324  
10960.98662  
11217.72891  
11056.06001  
11071.18394  
11093.03579  
11102.8937  
11082.07163  
11104.19424  
11137.47104  
11176.83965  
11206.37759  
11150.49321  
11133.59922  
11142.81963  
11170.50444  
11163.64023  
11220.79805  
11133.33647  
11135.32886  
11158.42632  
11197.88628  
11122.64082  
11096.67139  
11070.448  
11020.31758  
11046.58496  
11023.43613  
11021.28833  
10923.49185  
11033.08271  
10992.61172  
11097.52134  
10839.21079  
11185.92617  
11102.03848  
11117.99043  
11122.0416  
11138.58525  
11131.64253  
11168.43979  
11125.36719  
11163.05845  
11127.87988  
11057.40771  
11051.26729  
11083.32349  
11185.60894  
11179.98306  
11222.66543  
11180.8022  
11152.90259  
11235.69658  
11123.06226  
11129.32471  
11132.42646  
11067.76904  
11093.20029  
11154.00918  
11102.24585  
11047.12827  
11238.42554  
11098.87568  
11058.43726  
11102.2502  
11112.79097  
11153.09468  
11113.88931  
11124.54189  
11183.36748  
11100.18716  
11131.06758  
11068.8396  
11117.45122  
11096.3436  
11041.40757  
11011.9873  
11048.97539  
11074.71577  
11014.29463  
11011.75776  
10967.37939  
11030.00859  
11111.72451  
11106.32515  
11108.02305  
11102.30684  
11145.81572  
11117.34155  
11201.14731  
11190.29487  
11151.32554  
11182.6144  
11177.20757  
11220.69365  
11222.09971  
11173.59448  
11112.63765  
11069.08301  
11066.95732  
11024.60635  
11139.25913  
11180.78994  
11142.18281  
11119.9937  
11074.51699  
11147.57681  
11085.18608  
11126.96929  
11113.40449  
11102.87637  
11201.21191  
11121.18174  
11143.46025  
11084.90996  
11008.62373  
11023.02646  
11038.18208  
11063.16157  
11047.67554  
11058.42192  
11126.35498  
11070.56538  
11108.2605  
11130.71772  
11105.10327  
11141.32021  
11177.01133  
11029.63867  
11075.3521  
11144.42271  
11085.89175  
11185.01792  
11129.57178  
11131.71743  
11159.04961  
11198.6584  
11142.39463  
11181.59561  
11092.78125  
11001.35342  
11029.98057  
10977.47632  
11066.95229  
11072.2875  
11076.28706  
11155.38022  
11118.47002  
11125.84883  
11119.67461  
11047.75591  
11097.47485  
11104.50889  
11145.71079  
11111.17358  
11067.41504  
11102.66846  
11090.84829  
11083.03364  
11138.68687  
11126.65142  
11146.09868  
11110.82495  
11089.19092  
11129.9877  
11119.56387  
11160.65386  
11119.76792  
11146.83081  
11071.79985  
11108.23989  
11121.99531  
11131.18179  
11111.57261  
11054.76562  
10714.84058  
11194.03428  
11140.51128  
11159.5207  
11128.14121  
11125.63384  
11109.09976  
10729.6189  
11410.74639  
11159.28262  
11195.61938  
11154.74858  
11244.99185  
11223.68906  
11189.54697  
10564.93779  
11400.31592  
11258.47026  
11234.65518  
11158.14072  
11257.2084  
11243.76118  
11083.42588  
11154.70205  
11033.89722  
11105.62012  
10990.39888  
11060.43267  
11014.67573  
11067.78442  
11127.34478  
11010.75444  
11107.38765  
11093.88042  
11107.58662  
11191.98765  
11165.75854  
11159.82378  
11130.41919  
11152.78442  
10960.62285  
11160.52773  
11105.07261  
11116.70723  
11069.17881  
11081.8623  
11099.43555  
11111.09033  
11204.84985  
11156.86665  
11160.18589  
11184.62598  
11224.40913  
11213.7834  
11211.39121  
11233.43276  
11112.0417  
11096.01616  
11081.70059  
11046.71191  
11134.26401  
11103.80391  
11126.79321  
11152.2123  
11135.12441  
11135.98486  
11116.43013  
11141.62363  
11165.82559  
11230.20464  
11185.06768  
11186.4394  
11155.84082  
11204.88091  
11188.83379  
11100.6375  
10490.77651  
11299.65405  
11397.18926  
10966.8792  
11217.26548  
11115.3709  
11059.39941  
11060.08853  
11114.82651  
11058.54761  
11128.69028  
11020.64717  
11073.35488  
11004.95435  
11054.33486  
10925.59893  
11065.80205  
11004.52236  
11016.2686  
11070.41865  
11057.94746  
11137.37632  
11143.99272  
11165.73657  
11118.67754  
11006.46738  
11130.41699  
11051.53828  
11084.99663  
11137.66592  
11140.88696  
11170.91831  
11176.73174  
11232.60659  
11249.86587  
11081.31323  
11359.12476  
11093.94214  
11136.92979  
11096.40527  
11078.8623  
11166.79131  
11171.45  
11196.38223  
11180.13696  
11179.61323  
11248.17158  
11129.0812  
11073.68003  
11135.98384  
11137.91221  
11137.33804  
11138.84585  
11145.02808  
11105.20029  
11064.81953  
11097.01152  
11022.81099  
11151.37954  
11066.31245  
11110.30732  
11080.18696  
11101.08867  
11120.74082  
11157.93262  
11185.31646  
11234.05366  
11158.80571  
11179.54512  
11078.32568  
11129.86191  
11171.754  
11234.45283  
11199.66509  
11119.25601  
11056.79946  
11074.02974  
11123.50928  
11106.179  
11023.37139  
11219.06802  
11166.02671  
11005.91919  
11123.81489  
11073.78569  
11023.11011  
11007.17559  
11048.34883  
11044.42534  
11027.6502  
11116.41685  
11038.7627  
11136.9688  
11171.72544  
11148.55796  
11157.15522  
11014.17095  
11067.06372  
10996.81621  
11023.59248  
11024.0377  
10988.96133  
11024.33394  
11001.51831  
11018.45879  
11154.9979  
11131.08481  
11155.57314  
11127.14331  
11091.46855  
11148.91929  
11129.10981  
11123.53291  
11139.64053  
11098.67578  
11119.39087  
11078.54463  
11185.99492  
11078.6667  
11093.14453  
11109.06489  
11086.90151  
11116.79746  
11116.22393  
11205.78867  
11199.85264  
11207.54087  
11142.31338  
11098.40825  
11094.49058  
11067.64199  
11074.62788  
11093.93535  
11092.31499  
11129.23203  
11090.84282  
11068.05488  
11127.8731  
11139.20903  
11195.24438  
11193.77021  
11153.14429  
11212.49023  
11213.82139  
11137.90288  
11007.74307  
11080.73174  
10989.9438  
11070.5271  
10984.21216  
11084.42334  
11086.27319  
11126.89932  
11052.03911  
11100.27183  
10990.08379  
11025.51685  
11067.9396  
11089.44302  
11072.64121  
11130.09307  
11133.6624  
10955.34795  
11302.82056  
11362.8022  
11170.74419  
11155.5582  
11123.1668  
11059.76797  
11143.60801  
11120.78008  
11155.23525  
11176.81548  
11125.798  
11159.8772  
11072.30249  
11175.38452  
11164.44512  
11162.84038  
11019.04414  
11095.11753  
11116.01392  
11050.73418  
11249.43149  
11176.13315  
11193.87798  
11179.53052  
11166.60259  
11163.89741  
11134.98071  
11098.36665  
11085.63535  
11073.48325  
10960.73696  
10996.64507  
10976.37505  
10946.55615  
11036.03013  
11005.83091  
11041.94971  
11109.46738  
11113.69521  
11080.95952  
11039.89526  
11120.36284  
11094.70986  
11147.86001  
11152.40884  
11121.27837  
11136.78467  
11204.50469  
11171.29946  
11185.9603  
11159.15801  
11216.4959  
11100.19653  
11174.56387  
11172.72954  
11146.16904  
11217.73281  
11107.92891  
11108.50356  
11124.1835  
11063.14722  
11132.19556  
11134.5103  
11157.01631  
11141.17041  
11135.70347  
11148.56177  
11211.28906  
11150.09697  
11106.8001  
11123.5668  
11123.26714  
11104.85938  
11060.50103  
11165.6293  
11167.50059  
11205.00239  
11149.49648  
11163.2645  
11125.7731  
11053.5374  
11074.37192  
11072.36738  
11010.88281  
11066.02568  
11059.171  
11099.37314  
11072.82593  
11026.51973  
10988.88423  
11028.35112  
11096.80254  
11011.51597  
11033.9207  
11128.33096  
11133.79634  
11077.23203  
11081.75732  
11081.13506  
11094.88979  
11128.39873  
11138.13296  
11116.25498  
11244.39634  
11218.46123  
11175.64614  
11106.99717  
11107.17998  
11118.3582  
11113.93828  
11097.69014  
11052.51689  
11086.63374  
11110.06392  
11117.2541  
11096.14458  
11159.84448  
11169.28423  
11106.34243  
11124.65742  
11133.41807  
11096.31445  
11182.64917  
11199.82915  
11156.54053  
11134.88325  
11080.28208  
11021.06021  
11116.36748  
11168.01387  
11126.81523  
11083.82788  
11045.04966  
11038.87539  
11064.69272  
11077.55444  
11096.62603  
11036.90234  
11091.69526  
11041.72168  
10997.14385  
10989.96904  
11069.85806  
11099.65313  
11066.66758  
11067.26245  
11120.56528  
11035.36641  
11117.68022  
11107.05557  
11100.0334  
11162.55083  
11173.02915  
11187.32007  
11189.80713  
11161.64951  
11219.80151  
11175.34585  
11147.72593  
11183.74878  
11161.74287  
11130.71958  
11043.97974  
11094.06338  
11019.29702  
11021.59302  
11038.35684  
11123.65806  
11073.8521  
11080.74194  
11101.95249  
11095.20664  
11099.29492  
11107.36426  
11118.61709  
11102.78979  
11165.5377  
11233.86582  
11170.82578  
11144.89785  
11161.4835  
11069.32324  
11216.94292  
11164.61489  
11175.16084  
11139.74971  
11211.37812  
11025.33267  
11128.64199  
11109.92798  
11178.45898  
11118.31323  
10903.98936  
10962.78555  
10987.11475  
11011.7791  
11142.22715  
11119.55786  
11056.63726  
11195.08203  
11114.8584  
11301.4418  
11219.50288  
11235.49316  
11156.3082  
11143.4397  
11169.39087  
11197.40747  
10948.07319  
11175.53032  
11099.48213  
11106.31768  
11108.22412  
11112.66719  
11114.521  
11046.86143  
11017.61177  
10967.25337  
11005.03799  
11117.27705  
11038.7772  
11077.04766  
10980.52896  
10986.09482  
11100.79204  
11071.3647  
11202.01816  
11078.14302  
11110.29087  
11048.05752  
11285.74951  
11195.16396  
11106.16729  
11023.16196  
10999.01196  
11086.53975  
11077.74448  
11141.15566  
11121.43945  
11142.38281  
11219.30693  
11031.8123  
11102.50137  
11422.03057  
11198.05249  
11170.51655  
11224.49082  
11125.15781  
11152.02231  
11139.2645  
11152.72891  
11148.23774  
11106.13672  
11047.96636  
11012.06006  
11108.02246  
11250.87227  
11206.71821  
11248.71465  
11167.34673  
11081.91763  
10540.14368  
11055.45698  
11060.64395  
11168.8126  
11010.06836  
11062.08882  
11008.7624  
11060.03467  
10974.82808  
11145.84771  
11037.175  
11144.67163  
11075.86626  
11206.38823  
11133.41743  
11093.02432  
11105.74824  
11138.10571  
11084.58335  
11168.39507  
11234.04722  
11081.82026  
11174.70645  
11066.28477  
11144.72861  
11065.32021  
11099.80044  
11069.54629  
11106.43311  
11163.32476  
11100.8332  
10869.06519  
11024.75088  
11065.09946  
11119.9814  
11180.55781  
11215.61499  
11228.82861  
11339.5002  
11197.58594  
11181.8835  
11148.92798  
11221.13999  
11155.69878  
11216.17026  
11188.76572  
10991.29644  
11161.22036  
11154.8917  
11346.61787  
11155.95308  
11039.4231  
11092.80088  
11228.16113  
11288.42417  
11116.18564  
11116.07031  
10983.7647  
11042.62041  
11126.37148  
10749.77002  
11120.79263  
11004.76211  
11014.52983  
11100.88286  
11037.4123  
11104.34629  
11099.68066  
11071.97231  
11046.1771  
10985.55264  
11020.33774  
11087.03804  
11103.44019  
11130.59683  
11060.2146  
11146.48159  
11078.90005  
11056.44312  
11155.31675  
11093.59224  
11162.59595  
11016.63667  
11102.58208  
11117.70933  
11152.92393  
11078.90283  
11146.61875  
11069.07139  
11084.54121  
11059.33315  
11029.26577  
11138.04927  
11160.14751  
11134.32109  
11185.9626  
11191.2896  
11194.19585  
11217.90732  
11129.87749  
11132.00776  
11125.3812  
11230.51885  
11065.67759  
11060.0376  
11098.73574  
11020.67681  
11167.45474  
10685.14248  
11149.00879  
11172.96416  
11304.42188  
11090.42681  
11084.57847  
11109.90859  
11156.18242  
11256.89399  
11085.58804  
11114.67559  
10932.01714  
10997.34297  
10982.09194  
10995.88975  
11010.13623  
10990.03755  
11089.44521  
11046.93491  
11190.46855  
11136.24761  
11147.07573  
11171.946  
11158.04946  
11213.92144  
11153.40864  
11150.75557  
11165.62266  
11145.79863  
11193.91445  
11253.37959  
11195.28032  
11257.42476  
11213.2125  
10590.94673  
11669.03291  
11252.88618  
11153.52129  
11177.22896  
11066.35254  
11138.59614  
11058.07656  
11129.39004  
11188.13857  
11155.45254  
11182.76245  
11118.17124  
11174.31655  
11105.07222  
11216.33896  
11121.34312  
11117.09438  
11202.34912  
11088.98789  
11154.10156  
11093.67383  
11178.67725  
11054.03057  
11158.35908  
11151.78804  
11053.96646  
11073.86733  
10977.23462  
11043.64556  
11139.61338  
11067.8166  
11088.57183  
11110.0439  
11087.41577  
11115.96274  
11152.53252  
11142.74849  
11170.88882  
10942.05771  
10975.67793  
11275.32661  
11068.39199  
11105.55537  
11181.93408  
11110.07822  
11234.24731  
11188.17373  
11155.41299  
11171.79014  
11109.65596  
11131.13999  
11024.8146  
11028.41084  
11046.21089  
11095.81675  
11184.53779  
11247.19321  
11090.14351  
11115.79629  
11141.23335  
11035.78989  
11070.62686  
11072.36626  
11000.74863  
10897.39204  
11027.94448  
10992.50854  
11052.4416  
11100.8375  
11044.38545  
11104.26846  
11100.35918  
11078.17749  
11194.87637  
11122.32812  
11129.76191  
11165.09546  
11147.39668  
11127.67114  
11218.81021  
11148.88325  
11183.26636  
11157.80459  
11095.11455  
11104.10776  
10729.66948  
11558.29526  
11026.28867  
11070.24751  
11122.28267  
11029.954  
11130.57329  
11166.55195  
11060.35474  
11194.19351  
11132.68452  
11179.54053  
11140.43091  
11146.02646  
11191.2439  
11077.69204  
11119.97603  
11097.4998  
11080.73618  
11088.16812  
11079.88804  
11133.45527  
11163.72764  
11139.03076  
11119.18599  
11129.3374  
11021.10376  
10975.59448  
11045.95908  
11078.79258  
11129.2229  
11165.07363  
11075.74146  
11089.82075  
10969.69629  
11089.40674  
11073.68569  
11123.59463  
11179.1167  
11173.83809  
11133.28779  
11188.88398  
11162.17798  
11152.5248  
11019.62144  
10983.18057  
11042.08467  
11073.07627  
11086.06538  
11126.68003  
11128.80601  
11155.97324  
11203.36689  
11102.35464  
11178.81328  
11147.48447  
11133.70981  
11165.64551  
11116.97788  
11168.81787  
11212.83516  
11168.07944  
11209.88057  
11016.84604  
10963.99141  
11001.9123  
11007.32808  
11041.73296  
11093.72812  
11038.26309  
11058.61626  
11082.63311  
11233.43936  
11158.62715  
11198.12998  
11203.42573  
11076.44272  
11135.15903  
11084.3896  
11143.75796  
11230.96689  
11216.36621  
11165.72202  
11173.20547  
11090.47065  
11158.23188  
11128.75391  
11070.02212  
11101.6689  
11137.80015  
10598.12002  
11274.2936  
11222.91201  
11126.67129  
10527.64307  
11275.82388  
11321.67651  
11141.42036  
11016.71675  
11009.85176  
11001.18926  
11041.72031  
11081.94146  
11026.63027  
11065.17397  
11020.3793  
10976.1373  
11028.94917  
11074.31357  
11118.14639  
11188.60068  
11108.86973  
11197.64844  
11192.42896  
11184.44336  
11172.51636  
11146.26777  
11132.78833  
11227.62861  
11099.09971  
11126.79365  
11169.72432  
11087.20728  
11133.20776  
11199.89067  
11110.24419  
11150.22168  
11183.04971  
11169.47695  
11168.96187  
11043.60259  
11074.7728  
11103.86396  
11032.56499  
11023.96328  
11130.33691  
11104.23237  
11211.72725  
11174.34448  
11193.76943  
11217.90146  
11170.45762  
11115.84458  
11161.98403  
11117.90444  
11177.3999  
11126.82437  
11077.24565  
11176.86265  
11117.21582  
11126.59639  
11148.60273  
11049.10679  
11079.09741  
11117.38672  
11041.8458  
11162.4689  
11115.46948  
11093.65757  
11139.96895  
11030.02368  
11007.08911  
11116.5772  
11073.31743  
11059.04014  
11151.2457  
11130.6001  
11044.77056  
11189.02856  
11072.25522  
11185.48496  
11150.23164  
11143.97788  
11057.59717  
10977.90215  
11030.06699  
11026.771  
11048.34624  
11099.36631  
11091.46792  
11105.48267  
11132.40615  
11160.46772  
11271.06929  
11179.77295  
11119.45957  
