10128.76076  
10119.80009  
10079.88901  
10076.66126  
10086.55774  
10098.21584  
10014.25219  
10006.88752  
10017.81499  
10008.98128  
10033.24378  
10060.51285  
10061.66828  
10049.75598  
10110.22907  
10094.56083  
10014.85487  
10071.76171  
10047.03338  
10023.12209  
10088.40764  
10058.01239  
10014.5775  
10029.15014  
10053.19412  
10063.78198  
10066.20077  
10148.64551  
10108.88716  
10071.0865  
10079.37954  
10062.60509  
10064.94788  
10033.17035  
10097.34382  
10078.232  
10075.34237  
10050.70585  
10084.46294  
10064.09277  
10080.91534  
10070.36028  
10058.58761  
10045.83879  
10039.78415  
10017.9749  
10054.04473  
10108.67147  
10047.88177  
10107.41894  
10060.62067  
10029.75607  
10033.06506  
10061.54111  
10032.94167  
10063.18129  
10054.33553  
10026.30961  
10111.3049  
10115.85808  
10053.17662  
10012.12318  
10056.2357  
10074.63476  
10035.59603  
10031.57141  
10068.74469  
10062.48866  
10084.80241  
10069.6606  
10073.43361  
10049.50305  
10083.69589  
10074.72049  
10052.412  
10079.33047  
10052.58773  
10031.60621  
10042.32616  
10032.83934  
10054.95659  
9996.772301  
10081.58054  
10038.63969  
10070.21621  
10082.12789  
10138.27137  
10109.52434  
10119.25966  
10083.57142  
10085.9728  
10052.60978  
10080.13107  
10076.09024  
10093.98064  
10060.42826  
10121.59135  
10085.74383  
10061.55695  
10072.68511  
10037.34825  
10071.65454  
10032.0742  
10079.75305  
10071.44532  
10105.53826  
10083.31888  
10045.93177  
10085.95029  
10036.09112  
10085.40055  
10014.36492  
10063.90198  
10063.7937  
10046.11133  
10047.1468  
9975.532805  
9997.169143  
10024.12382  
10075.57146  
10091.74934  
10089.98396  
10105.55622  
10109.20834  
10122.7481  
10075.7724  
10060.39803  
10100.50788  
10051.91235  
10019.55061  
10052.48353  
10010.7519  
10058.90248  
10078.42019  
10112.33038  
10063.93729  
10060.54229  
10062.37629  
10061.2004  
10084.08504  
10065.58412  
10034.63563  
10063.08842  
10010.98034  
10089.76832  
10042.06218  
10132.89972  
10085.58511  
10108.6062  
10065.11025  
10059.05926  
10059.6752  
10100.42737  
10048.91003  
10007.0436  
10007.00425  
10014.00869  
9983.616613  
9997.329861  
10028.93037  
10033.65229  
10033.1579  
10027.09963  
10077.81677  
10114.13091  
10076.23091  
10082.04702  
10064.03326  
10094.36846  
10063.06386  
10071.06069  
10065.85954  
10133.29955  
10091.7161  
10109.11941  
10097.6103  
10059.82411  
10027.31084  
10032.06926  
10039.84518  
10094.0635  
10056.36198  
10108.38219  
10064.96119  
10049.74424  
10062.04634  
10078.8361  
10113.17004  
10063.31096  
10096.50482  
10025.59276  
10049.80839  
10027.09303  
10049.9969  
10046.04455  
10015.94625  
10039.98085  
10079.83404  
10043.59736  
10042.93671  
10022.86095  
10101.5088  
10153.89976  
10118.47243  
10115.18647  
10066.29016  
10070.38113  
10032.56119  
10002.60575  
10017.27838  
10045.39293  
10026.1798  
10020.75072  
10067.24459  
10048.78922  
10081.76842  
9995.483627  
10101.89756  
10082.0369  
10090.37299  
10114.30454  
10086.15546  
10087.86977  
10070.78211  
10096.092  
10071.35626  
10089.52383  
10083.19787  
10081.53482  
10076.61655  
10097.97508  
10097.8717  
10109.08345  
10101.46351  
10077.75367  
10089.29865  
10118.26617  
10021.42202  
10052.26297  
10042.46905  
10039.13242  
10064.67319  
10077.95324  
10031.11413  
10004.11614  
9990.926208  
10015.92409  
10026.07738  
10068.4946  
10118.90666  
10143.83724  
10071.11234  
10040.90006  
10064.94164  
10039.32692  
10032.06239  
10021.50695  
10012.99572  
9987.330862  
10062.5473  
10052.29822  
10047.79939  
10114.03377  
10097.66533  
10132.15103  
10109.3492  
10082.73942  
10091.89114  
10093.63693  
10090.26497  
10061.59655  
10081.14098  
10030.33033  
10041.73159  
10043.63667  
10052.51799  
10035.57895  
10107.09219  
10117.63886  
10089.75688  
10071.51076  
10062.02588  
10087.87374  
10083.78097  
10046.31586  
10088.40328  
10051.18316  
10030.15525  
10090.68283  
10063.55055  
10018.67211  
10051.5923  
10029.52007  
10030.5929  
10038.04003  
10038.71422  
10044.91747  
10051.28945  
10046.89229  
10057.7808  
10100.57603  
10078.75801  
10083.80826  
10017.27334  
10092.02088  
10070.37247  
10109.09207  
10089.75136  
10045.61648  
10066.15966  
10084.06896  
10110.79519  
10080.20215  
10037.39751  
10043.62646  
10043.9111  
10019.11019  
9990.079723  
10006.06683  
10031.68895  
10064.27341  
10066.60282  
10057.40895  
10024.60038  
10062.74781  
10070.03538  
10084.35882  
10104.6941  
10055.95652  
10057.27668  
10030.89317  
10022.69596  
10062.83144  
10098.82956  
10117.52039  
10117.08293  
10099.6905  
10073.237  
10008.12161  
9997.376689  
10006.54672  
10012.80667  
10016.42055  
10042.33773  
10081.19133  
10082.62866  
10144.38583  
10137.66094  
10144.04418  
10100.36743  
10065.44678  
10087.05901  
10047.96259  
9990.496646  
10030.90487  
10073.85306  
10034.78012  
10143.9627  
10105.67955  
10114.61831  
10070.18805  
10092.85575  
10110.41293  
10113.04162  
10071.69397  
10033.57157  
10024.77239  
9963.562067  
9994.121627  
9985.092523  
9959.340982  
10038.83948  
10030.92088  
10107.61489  
10113.76394  
10108.38523  
10090.70915  
10062.89325  
10036.52823  
10065.80116  
10039.3909  
10057.42907  
10052.30847  
10052.24142  
10080.4557  
10115.50684  
10136.80969  
10118.88154  
10123.9817  
10077.72018  
10105.42882  
10091.20016  
10078.39804  
10041.11717  
10137.34191  
9998.024917  
10109.85831  
10100.68257  
10075.95334  
10036.51075  
10109.88961  
10129.46541  
10026.61759  
10013.99199  
10031.65107  
10036.23421  
10071.71886  
10067.82754  
10051.25876  
10090.44644  
10081.5632  
10106.53256  
10079.48651  
10104.01825  
10080.22601  
10056.1239  
10088.72135  
10095.37525  
10094.32663  
10081.74223  
10065.87533  
10029.47149  
9989.369898  
10035.26214  
10060.76338  
10015.11621  
10010.74091  
10060.55562  
10034.4783  
9982.314239  
9949.022663  
10011.18468  
10050.35407  
10061.87945  
10045.60991  
10084.30189  
10068.51725  
10109.89998  
10068.71586  
10053.85628  
10028.99263  
10051.34191  
10017.64342  
10050.95841  
10023.91129  
10053.5695  
10109.76031  
10102.8455  
10063.36588  
10057.96113  
10127.95057  
10130.52112  
10078.45344  
10075.47653  
9968.685035  
10004.88208  
10075.39615  
10138.0781  
10139.51162  
10113.5369  
10097.5462  
10105.42015  
10030.00869  
10029.01571  
10020.21758  
10084.55324  
10075.51265  
10070.65405  
10053.14713  
10014.17335  
10041.69473  
10029.07206  
10117.84637  
10034.58489  
10021.04128  
10072.57671  
10034.10785  
10075.21016  
10081.29481  
10083.39321  
10048.1699  
10137.86132  
10089.69065  
10114.16597  
10091.40709  
10118.24622  
10074.77542  
10092.99696  
10120.55558  
10116.16598  
10121.43955  
10135.6631  
10132.28791  
10061.38044  
10001.26561  
9976.932493  
10017.04036  
10025.81129  
10056.31752  
10029.9714  
9999.111843  
9998.921115  
10004.44226  
10088.33847  
10082.82596  
10062.06938  
10094.04417  
10021.11882  
9954.39783  
9977.293548  
10079.89877  
10032.41436  
10078.39029  
10054.76493  
10016.99347  
9983.665804  
10048.45468  
10014.24222  
10080.44695  
10058.22133  
10093.43543  
10049.4507  
10038.61316  
10000.59508  
10089.92949  
10084.4127  
10139.08759  
10063.99787  
10070.17777  
10058.60213  
10079.66678  
10010.95086  
10037.55576  
10028.27147  
10077.55541  
10034.68831  
10114.50189  
10133.85832  
10155.93763  
10128.72022  
10149.56702  
10115.6861  
10082.45131  
10113.81242  
10061.90179  
10095.41258  
10061.2352  
10057.80721  
10085.39574  
10060.25408  
10084.84035  
10048.76281  
10042.91661  
10067.86875  
10066.46607  
10090.34407  
10088.01584  
10040.45575  
10084.42182  
10064.72854  
10017.07693  
10028.29735  
10046.58794  
10044.34292  
10079.23698  
10051.03191  
10081.25914  
10109.43065  
10065.28793  
10126.8194  
10113.17384  
10088.43812  
10040.92857  
10012.55428  
10068.41516  
10010.26702  
10073.67433  
10064.92082  
10050.12049  
10064.8315  
10075.12327  
10051.90973  
10066.41334  
10017.50869  
10052.03263  
10012.18958  
10043.5183  
10049.02242  
10070.49702  
10084.79322  
10081.99594  
10060.53181  
10101.44006  
10112.60096  
10057.35129  
10061.68782  
10048.67657  
10058.61871  
10107.62786  
10036.45246  
10028.54393  
10027.0609  
10024.07363  
10039.07167  
10072.65134  
10042.33694  
10044.64779  
10090.95405  
10130.81625  
10098.76293  
10067.81824  
10049.07999  
10067.72823  
10066.44245  
10052.97602  
10070.67484  
10036.20476  
10032.17192  
10028.9989  
9993.774066  
10085.95614  
10104.30526  
10098.18687  
10201.66564  
10171.45222  
10116.98233  
10082.43578  
10002.24243  
10060.48265  
10050.50125  
10074.84135  
10074.02096  
10043.11023  
10041.12914  
10051.70169  
10051.98102  
10067.79867  
10073.18084  
10064.34441  
10039.55252  
10099.14931  
10122.03467  
10077.27142  
10051.90104  
10070.02219  
10058.65892  
10048.70922  
10029.68485  
10028.31943  
10011.6912  
10027.31424  
10079.30849  
10012.42764  
9995.717292  
10012.85953  
10077.02971  
10079.92639  
10071.47275  
10060.32541  
10089.91445  
10107.23006  
10076.91784  
10066.95686  
10080.65687  
10063.58497  
10044.41586  
10101.66952  
10073.73965  
10103.73983  
10058.478  
10104.17586  
10090.5792  
10086.1795  
10079.08529  
10043.92763  
10011.78465  
10032.18691  
9996.09013  
10008.90556  
10023.80158  
10029.52231  
10073.74243  
10037.55171  
10105.14948  
10040.93019  
10093.1114  
10090.2683  
10096.70303  
10019.92458  
10053.73137  
10097.61281  
10111.27905  
10145.03483  
10084.37334  
10115.74493  
10050.05927  
10058.87772  
10051.25314  
10041.43136  
10026.67533  
10049.33334  
10041.25226  
10130.91096  
10024.19872  
10119.72505  
10024.27241  
10058.01097  
10032.73099  
10016.82831  
10045.00244  
10060.35452  
10084.7242  
10082.06275  
10062.04088  
10045.34065  
10060.8099  
10019.79406  
10037.50132  
10018.56966  
10095.48615  
10071.29356  
10107.50834  
10037.94709  
10042.23244  
10080.09533  
10093.45298  
10091.42268  
10099.7616  
10110.53989  
10072.05226  
10031.11568  
10044.39293  
10032.60668  
10027.05748  
10068.97475  
10048.46774  
10106.67941  
10108.88286  
10107.5191  
10100.04742  
10045.22795  
10071.54558  
10110.72096  
10076.78046  
10121.02575  
10038.96709  
10080.30719  
10112.32463  
10115.16154  
10134.36884  
10075.48323  
10068.99128  
10053.9308  
10018.00256  
10062.10466  
10094.64204  
10088.57661  
10067.41291  
10057.47378  
9985.387174  
10068.55539  
10014.06604  
9996.889744  
10022.70643  
10002.16739  
10034.35474  
10063.27148  
10046.21755  
10001.05017  
9958.840068  
10046.86804  
10081.29042  
10083.49417  
10047.80245  
10044.60363  
10042.06163  
10045.90509  
10026.30444  
10065.71406  
10095.39377  
10072.5368  
10088.13093  
10148.7564  
10095.93384  
10060.51432  
10034.52103  
10037.33448  
10059.22941  
10012.06719  
10048.28077  
10015.35287  
10002.78305  
10097.75082  
10095.18068  
10069.42551  
10051.35867  
10039.39182  
10073.69943  
10079.3955  
10025.17568  
10107.26934  
10058.58029  
10087.51225  
10124.08523  
10088.77192  
10088.89447  
10088.17692  
10046.02568  
10078.85438  
10071.39571  
10074.00576  
10097.01411  
10096.96309  
10101.65761  
10076.94168  
10092.88728  
10030.68463  
10088.84701  
10058.15102  
10054.64412  
10130.24352  
10070.04614  
10032.06635  
10024.82593  
10041.15767  
10025.41778  
10089.50235  
10094.54226  
10037.2054  
10078.35256  
10052.81182  
10059.89459  
10055.90912  
10094.96119  
10035.83018  
10089.27646  
10071.05947  
10080.27345  
10052.71552  
10079.76864  
10101.4493  
10002.22021  
10031.36362  
10006.74439  
10030.05864  
10073.37157  
10097.35841  
10029.68831  
10077.2835  
10108.75174  
10134.66609  
10086.97528  
10014.44483  
10055.24117  
10057.85236  
10061.52876  
10053.13019  
9990.742052  
10018.79795  
10016.64832  
10086.64735  
10089.12799  
10059.54089  
10073.9308  
10068.3807  
10113.59866  
10072.46238  
10092.90898  
10022.27527  
10031.21034  
10027.87087  
10028.49925  
10081.31411  
10094.3944  
10093.10708  
10100.00933  
10043.26822  
10036.74691  
10046.15772  
10032.60174  
10107.48303  
10074.57284  
10028.46879  
10063.89177  
10056.45656  
10095.71924  
10077.20494  
10104.21572  
10086.7848  
10078.2357  
10045.06551  
10061.29327  
10113.21236  
10096.5095  
10001.79617  
10027.48838  
10044.57455  
10093.29498  
10041.07068  
10040.12868  
10110.65073  
10003.83477  
10007.48797  
10038.98867  
10097.81192  
10046.84111  
10080.98935  
10050.09935  
10077.15342  
10070.22592  
10056.65834  
10055.11485  
10096.89638  
10066.42738  
10076.53171  
10054.88266  
10047.81284  
10055.14713  
10061.06456  
10049.19483  
10079.84458  
10116.97317  
10089.30453  
10111.88181  
10054.14666  
10077.78429  
10073.49501  
10095.15635  
10093.77331  
10118.22198  
10086.5185  
10057.63049  
10067.41535  
10048.52676  
10059.23754  
10090.68484  
10058.11198  
10034.26239  
10011.13516  
10036.3384  
10064.55012  
10055.61642  
10087.06332  
10046.83555  
10006.26686  
10092.20771  
10084.74345  
10105.1558  
10107.40124  
10079.72665  
10079.38958  
10034.4169  
10029.15502  
10091.48776  
10036.06181  
10040.69998  
10078.0647  
10022.65417  
10029.81037  
10033.49749  
10017.37183  
10031.60963  
10031.93155  
10029.42492  
10051.73926  
10106.74641  
10063.07218  
10080.52631  
9999.311376  
10072.31536  
10121.42894  
10154.07715  
10083.19159  
10027.63214  
10070.60317  
10026.66806  
10038.91242  
10064.15111  
10085.78328  
10092.26847  
10160.45426  
10074.18881  
10076.57549  
10104.88526  
10088.80579  
10009.57511  
10049.24816  
10017.33079  
10083.15741  
10020.85123  
10062.89718  
10056.85212  
10072.21784  
10082.10015  
10112.8187  
10086.48769  
10030.83395  
10066.82204  
10021.80095  
10035.66022  
10075.57397  
9988.636109  
10012.21226  
10044.38728  
10097.77582  
10106.22976  
10047.66438  
10089.3504  
10054.07483  
10109.16777  
10075.02524  
10066.29081  
10062.37498  
10035.4908  
10068.34929  
10069.0617  
10046.09501  
10074.89424  
10101.60259  
10098.06334  
10082.7349  
10103.56183  
10070.0638  
10068.57491  
10080.30039  
10069.3496  
10132.92095  
10098.78672  
10133.87959  
10024.76813  
10008.40137  
10018.68938  
10003.44724  
10051.14918  
10043.33802  
10094.86395  
10051.20495  
10041.39666  
10042.50256  
10014.54367  
10069.42032  
10085.3728  
10025.17341  
10136.12823  
10123.9553  
10121.08143  
10110.72095  
10037.37404  
10084.9889  
10053.39804  
10053.88421  
10026.17297  
10078.63946  
10035.25405  
10074.33103  
10047.45376  
10121.05796  
10068.16335  
10054.2693  
10081.10435  
10101.39739  
10066.43488  
10059.06268  
10030.2193  
10081.0831  
10033.80392  
10065.08176  
10065.14046  
10052.48971  
10065.15807  
10106.49352  
10110.79988  
10025.29193  
10087.97912  
10026.53398  
10064.97934  
10103.27137  
10003.62152  
10042.7802  
10016.14673  
10009.13537  
10031.43254  
10031.89247  
10059.89756  
10028.05938  
10078.58733  
10078.89478  
10048.37172  
10066.83122  
10140.28884  
10066.39251  
10084.71493  
10019.96922  
10082.38215  
10070.48383  
10032.0512  
10067.18387  
10056.22765  
10062.81905  
10003.32474  
10079.9272  
10112.46825  
10132.92708  
10116.53205  
10074.7293  
10059.59378  
10052.49853  
10012.90039  
10070.96414  
10084.76514  
10080.20345  
10079.99535  
10057.05696  
10129.91026  
10074.40895  
10048.76742  
10043.48814  
10022.60605  
10017.8169  
10029.44389  
10035.10241  
10062.21744  
10073.17191  
10052.77197  
10294.02233  
10209.19564  
10085.19957  
10089.48991  
10030.25331  
10029.00732  
10026.20987  
10003.50005  
10058.14947  
10024.51744  
10015.16133  
9998.785473  
10067.39781  
10086.2298  
10045.77715  
10044.86367  
10047.46975  
10052.34508  
9998.093829  
10033.7886  
10067.87316  
10080.3958  
10051.79011  
10074.82663  
10025.28115  
10078.93979  
10113.59253  
10100.66419  
10106.06896  
10114.2143  
10037.99294  
10039.18133  
10044.17168  
10006.83892  
10053.24127  
9997.483479  
10040.4123  
10064.54102  
10072.99709  
10060.47595  
10100.22646  
10080.50415  
10089.64153  
10069.93033  
10072.49713  
10095.1355  
10074.95934  
10076.12771  
10066.01695  
10069.67891  
10062.03725  
10089.02614  
10084.04818  
10052.9496  
10088.47206  
10061.10328  
10079.03547  
10104.7911  
10103.01581  
10110.73947  
10056.16489  
10042.21315  
10065.43728  
10083.56703  
10049.1024  
10006.559  
9982.618671  
9985.719979  
10062.13659  
10107.765  
10096.92071  
10136.47678  
10100.44819  
10048.30468  
10042.54499  
9973.033425  
10014.25573  
10025.78369  
10035.31366  
10016.10223  
10105.18578  
10086.67083  
10081.84677  
10099.13061  
10122.81466  
10088.2871  
10073.36905  
10043.63785  
10051.87922  
10043.43797  
10052.74692  
10009.77443  
10085.22475  
10097.18764  
10105.83524  
10124.67097  
10043.08394  
10054.71793  
10039.43893  
10043.20128  
10008.8594  
10022.19413  
10027.94474  
10031.35763  
10089.31225  
9998.652341  
10057.84374  
10101.21946  
10059.68371  
10065.76287  
10038.34018  
10031.70284  
10048.8511  
10069.90108  
10039.1005  
10067.7707  
10124.41834  
10082.28239  
10074.68714  
10107.7123  
10091.46921  
10016.45091  
10078.84669  
10057.00742  
10080.51586  
10037.55145  
10034.60446  
10050.83354  
10112.23114  
10090.33818  
10066.21906  
10067.01577  
10033.83164  
10048.75043  
10101.53755  
10075.84128  
10035.63954  
10045.43562  
10090.50969  
10100.68004  
10117.40323  
10043.93484  
10046.52634  
10033.78724  
10047.12304  
10007.57305  
9995.173059  
10020.58722  
10043.84684  
10130.4726  
10078.21684  
10065.02264  
10097.08789  
10081.44365  
10044.98993  
10107.50481  
10043.52467  
10080.16383  
10072.03846  
10089.24435  
10051.80519  
10065.88765  
10060.00955  
10090.9884  
10100.8055  
10075.32018  
10068.9317  
10063.88405  
10050.62812  
10065.84554  
10075.50887  
10085.63585  
10042.29124  
10067.6297  
10087.26572  
10060.25181  
10059.50028  
10134.05427  
10118.36087  
10045.75744  
10031.47457  
10041.5443  
10039.029  
10051.15013  
10006.02326  
10028.15345  
10052.0103  
10088.05378  
10067.59344  
10092.23521  
10042.51502  
10086.27414  
10085.12017  
10084.21341  
10070.17394  
10079.84072  
10053.7893  
10040.07959  
10047.99266  
10050.35362  
10060.39511  
10036.91568  
10073.0256  
10032.25602  
10072.68655  
10064.57568  
10061.95704  
10052.31127  
10049.95045  
10068.54716  
10047.90288  
10097.81178  
10111.16472  
10094.00161  
10057.98431  
10055.60857  
10061.30705  
10098.24545  
10084.53249  
10093.90585  
10101.35902  
10035.59064  
10066.86635  
10062.58331  
10078.22854  
10065.33243  
10030.5164  
10036.63748  
10007.21631  
10035.96202  
10050.25892  
10087.02347  
10063.24591  
10043.30549  
10072.07619  
10041.32125  
10076.72036  
10054.70353  
10049.04494  
10070.52645  
10042.29601  
10064.96311  
10050.38423  
10050.14657  
10102.75227  
10050.10396  
10098.81479  
10075.2411  
10033.05344  
10067.33988  
10050.85354  
10084.53973  
10084.6842  
10112.49975  
10054.89143  
10064.39523  
10117.53739  
10121.85769  
10049.10483  
10034.18797  
10081.90377  
10070.66277  
10091.22214  
10049.49214  
10057.56024  
10056.49677  
10097.68658  
10014.15294  
10100.73139  
10084.24885  
10084.24997  
10093.27611  
10022.89945  
10079.31701  
10049.73723  
10055.88111  
10035.60987  
10070.91866  
10066.77  
10062.52831  
10043.08473  
10072.3807  
10074.5677  
10053.46687  
10045.12863  
10034.52302  
10050.29882  
10034.1644  
10082.8057  
10059.57142  
10071.46365  
10037.39795  
10094.36662  
10115.42284  
10096.47071  
10058.84852  
10068.782  
10041.72843  
10056.45808  
10074.36352  
10079.43417  
10008.71593  
10073.14935  
10080.73274  
10121.47433  
10120.98869  
10065.87897  
10058.15666  
10051.59386  
10034.24424  
10067.618  
10065.77809  
10080.92462  
10105.83721  
10063.8581  
10054.56293  
10006.94093  
9974.215787  
10101.20368  
10081.73855  
10073.46887  
10091.51342  
10140.26919  
10070.31556  
10054.81739  
10006.25647  
10037.50911  
10053.2896  
10034.2936  
10067.65067  
10100.11815  
10092.12825  
10024.34731  
10005.95399  
10095.25747  
10049.66352  
10069.50411  
10091.56812  
10115.1986  
10095.41709  
10044.95261  
10002.49768  
10025.57963  
10049.3601  
10018.5828  
10016.43622  
10049.47177  
10070.60697  
10035.16195  
10007.93908  
10060.42374  
10063.86554  
10069.48649  
10081.35156  
10127.64487  
10084.42101  
10093.41817  
10044.1716  
10048.22877  
10048.15194  
10082.21671  
10047.01778  
10106.20426  
10077.96728  
10061.10891  
10040.55692  
10026.17602  
10093.19108  
10046.76539  
10076.7944  
10083.82212  
10118.95767  
10104.68256  
10070.11566  
10056.62774  
10042.79378  
10067.56733  
10021.4523  
10043.63924  
10021.65473  
10014.49632  
10000.56102  
10003.89563  
9995.878108  
10023.70295  
10040.0908  
10074.59341  
10075.45416  
10086.42606  
10106.32198  
10014.38841  
10077.59957  
10084.04632  
10086.08842  
10106.83682  
10117.47629  
10070.57701  
10046.31294  
10072.78672  
10074.18369  
10090.68564  
10124.74915  
10132.1746  
10067.82128  
10071.00954  
10067.21628  
10057.0351  
10023.99732  
10056.58686  
10084.05735  
10071.43038  
10052.71584  
10070.70024  
10084.07716  
10069.82762  
10067.72601  
10051.56169  
10062.27201  
10045.35574  
10089.94307  
10070.31843  
10048.26719  
10054.13826  
10068.01229  
10088.36749  
10110.98543  
10061.20569  
10039.4152  
10038.96328  
10088.28281  
10104.49128  
10068.17026  
10030.44771  
10011.64401  
10071.44297  
10061.7173  
10053.85468  
10107.353  
10071.35471  
10063.91072  
10050.78306  
10076.28338  
10081.19385  
10058.42421  
10077.55897  
10068.34676  
10049.40694  
10082.93837  
10039.14815  
10069.48071  
10038.55922  
9998.628935  
10009.39228  
10033.51782  
10062.27128  
10077.11116  
10059.8973  
10071.40465  
10047.02562  
10029.09071  
10073.71981  
10070.56502  
10105.66123  
10070.19497  
10075.8168  
10066.30324  
10065.06144  
10088.37667  
10146.86622  
10128.59312  
10097.00257  
10099.8577  
10074.32525  
10019.42214  
10013.65887  
10007.40414  
10018.61749  
10079.46015  
10078.45849  
10070.24713  
10045.22144  
10065.13669  
10039.20953  
10076.30524  
10095.40285  
10113.26561  
10102.82201  
10140.8655  
10123.22715  
10096.59756  
10113.87959  
10043.53245  
9992.530671  
9994.786495  
10070.28256  
10108.66243  
10040.24089  
10069.51042  
10025.84567  
10049.15337  
10055.72182  
10078.22792  
10054.9135  
10080.42649  
10066.25717  
10035.36154  
10093.42469  
10065.63598  
10058.69506  
10105.47962  
10051.68884  
10056.31954  
10090.86511  
10063.74476  
10071.98312  
10095.36255  
10038.86942  
10061.90458  
10032.09901  
10002.12968  
10001.63507  
10033.769  
9969.707813  
10011.61717  
10039.21663  
10041.51911  
10027.81975  
10039.89722  
9990.198878  
10050.49124  
10014.14021  
10100.01655  
10135.50586  
10137.66778  
10038.8853  
10051.99532  
10046.96615  
10053.09118  
10065.79929  
10064.8464  
10116.59646  
10095.8011  
10071.25635  
10024.95556  
10118.05589  
10100.2052  
10066.35856  
10072.20208  
10137.38183  
9968.616956  
10004.46621  
10063.32212  
10100.02773  
10071.42276  
10071.59178  
10061.16537  
10055.36205  
10056.76976  
10094.46063  
10135.12773  
10137.34859  
10060.72092  
10062.62579  
10019.11952  
10051.98219  
10042.02288  
10033.31518  
10054.00656  
10103.30686  
10082.17936  
10098.05211  
10109.3349  
10107.93395  
10121.54536  
10100.18722  
10065.52938  
10040.78607  
10025.89765  
10058.55813  
10051.72641  
10033.84337  
10071.19073  
10069.1025  
10109.12491  
10074.00412  
10078.74854  
10060.09562  
10044.04736  
10049.69409  
10085.18392  
10060.20781  
10083.18336  
10081.69938  
10071.38642  
10040.39743  
10034.71713  
10070.20095  
10061.83815  
10040.70103  
10011.07844  
10064.42618  
10063.49493  
10023.40388  
9990.881214  
10052.07862  
10045.72  
10033.04109  
10047.518  
10098.71695  
10149.04335  
10112.33562  
10071.45028  
10050.33573  
10016.72011  
10118.34982  
10041.68661  
10046.31592  
10057.2551  
10082.18443  
10056.56464  
10053.71281  
10084.00743  
10122.62756  
10082.19152  
10114.08868  
10105.23906  
10108.35988  
10103.24367  
10054.26206  
10049.05368  
10058.99525  
9984.583508  
10051.35627  
10037.6722  
10059.60709  
10051.76881  
10023.72175  
10109.48608  
10079.7921  
10111.20126  
10132.60494  
10103.49591  
10122.21306  
10070.57075  
10062.45306  
10039.86255  
10104.81749  
10068.52893  
10071.5479  
10040.86232  
10055.96771  
9995.164803  
10056.6509  
10051.17813  
10039.16749  
10046.75222  
10066.77877  
10067.77755  
10093.68194  
10052.69025  
10062.91782  
10028.92153  
10020.74766  
10018.93731  
10081.94717  
10075.8365  
10081.53223  
10037.5665  
10011.85688  
10086.78699  
10080.61798  
10127.91537  
10097.25472  
10046.75276  
10062.45254  
9951.775884  
10007.89909  
10024.93337  
9963.422704  
9990.181007  
9973.601894  
9957.688019  
10017.31505  
9988.548626  
10001.77779  
10022.89378  
10026.6156  
10042.57598  
10073.93714  
10124.05656  
10108.7578  
10152.97334  
10162.62957  
10189.99108  
10083.18406  
10121.2467  
10099.15517  
10084.70655  
10080.85741  
10078.78801  
10075.98755  
10141.2092  
10108.09894  
10062.01553  
10080.75669  
10055.54489  
10028.43723  
10054.87643  
10049.97628  
10069.26103  
10076.2715  
10063.22172  
10042.44341  
10068.5601  
10029.0871  
10048.18081  
10039.20123  
10058.17871  
10054.53683  
10055.27085  
10008.71922  
10059.9397  
10106.40288  
10157.08776  
10151.95692  
10144.07907  
10063.54777  
10057.56246  
10011.61298  
10081.71464  
10108.08361  
10090.24407  
10085.59587  
10022.35361  
10014.48731  
9989.075698  
10085.44277  
10062.52518  
9988.881507  
10008.64385  
10029.44848  
10043.28023  
10059.44799  
10056.75782  
10039.53949  
10070.04144  
10111.43498  
10099.99531  
10213.35636  
10119.44033  
10100.36229  
10100.03236  
10033.27  
10016.83383  
9999.465394  
10077.36324  
10058.60037  
10075.00315  
10078.05174  
10034.39928  
10035.01204  
10031.14363  
10034.04825  
10065.79451  
10086.33934  
10175.35927  
10128.52949  
10118.54204  
10037.6297  
10079.78939  
10054.81334  
10083.73688  
10105.79006  
10059.82779  
10046.04169  
10034.91562  
10096.92606  
10057.25924  
10039.72584  
10080.8976  
10120.71639  
10098.9742  
10039.6832  
10056.35049  
10018.70248  
10012.47477  
10001.38328  
10056.98791  
10011.98309  
10047.75365  
10052.83387  
10109.02641  
10134.36445  
10073.75579  
10002.91372  
10043.64388  
9981.852784  
10075.9214  
10117.64518  
10089.09797  
10055.69148  
10040.28354  
10060.63738  
10033.93598  
10030.71739  
10048.94587  
10083.11391  
10086.50464  
10062.54044  
10030.35739  
10037.32453  
10052.76206  
10050.59517  
10100.38298  
10057.00234  
10027.73516  
10080.86116  
10094.86464  
10089.34307  
10108.93012  
10070.40391  
10063.29755  
10083.67115  
10041.87762  
10051.2477  
10074.81912  
10060.14093  
10100.42468  
10013.41307  
10119.00474  
10127.65668  
10038.0979  
10030.60045  
10057.24586  
10065.96507  
10018.41925  
10042.70957  
10063.30569  
10024.99324  
10046.02572  
10030.7217  
10042.75988  
10115.5834  
10113.44744  
10052.26927  
10053.21243  
10060.0708  
10072.69877  
10111.03551  
10080.68231  
10073.32151  
10065.27704  
10093.16828  
10071.26673  
10083.10134  
10022.92758  
10065.60437  
9971.094579  
10088.0009  
9995.317962  
10020.8925  
10001.80462  
10070.5881  
10080.24782  
10090.35167  
10027.58295  
10046.60897  
10060.71218  
10031.17816  
10076.23943  
10046.17909  
10097.92338  
10061.18636  
10110.69007  
10144.05249  
10113.70412  
10063.13045  
10173.09386  
10071.68764  
10073.08163  
10102.98199  
10029.0542  
10068.11404  
10025.07333  
10040.22389  
10052.06344  
9987.065658  
10074.58065  
10042.78357  
10095.45305  
10124.94774  
10063.82913  
10050.22874  
10056.41589  
10030.51085  
10091.9365  
10070.0261  
10073.69475  
10026.07056  
10087.63038  
10037.32258  
10044.37807  
10008.59755  
10020.91922  
10033.9416  
10040.3583  
10061.62846  
10091.68454  
10093.08488  
10103.51512  
10082.21934  
10089.73935  
10054.77321  
10015.07638  
10064.63073  
10028.59653  
10039.07467  
10045.28541  
10051.74397  
10089.69808  
10158.24922  
10133.98723  
10103.4255  
10027.93618  
10038.3453  
10048.80765  
10036.41938  
10038.81421  
10028.51821  
10027.9861  
10011.61995  
10039.57543  
10103.13117  
10111.48145  
10083.89608  
10074.03359  
10082.73582  
10037.43427  
10038.44894  
10047.45981  
10062.17207  
10064.92847  
10035.16633  
10055.14899  
10053.39874  
10058.04857  
10026.88179  
10071.78568  
10079.79511  
10113.7273  
10038.00995  
10083.58609  
10034.43095  
10082.47954  
10048.75313  
10105.94254  
10072.40629  
10074.69601  
10067.5816  
10058.0031  
10096.39431  
10126.7774  
10063.60236  
10004.20374  
10062.49672  
10090.63575  
10074.30242  
10111.35368  
10106.37659  
10129.92744  
10072.09627  
10027.5227  
10170.54217  
10068.17507  
10044.56555  
10022.93076  
9998.303532  
9932.220134  
10102.73353  
10054.13122  
10028.96584  
10022.75501  
10004.43671  
10003.88569  
10081.36942  
10105.92816  
10075.66413  
10060.57589  
10048.16757  
10014.98314  
10072.37873  
10142.88616  
10002.66556  
10097.34092  
10117.06009  
10069.67832  
10012.31146  
10059.45549  
10106.03493  
10104.33123  
10099.70921  
10044.70422  
10073.26197  
10051.47903  
10038.54674  
10075.83487  
10030.25478  
10053.64403  
10060.62769  
10067.93385  
10082.74061  
10097.93689  
10014.13932  
10047.19803  
10039.8542  
10031.39103  
10049.84923  
10142.46543  
10093.83467  
10095.86836  
10057.36067  
10077.83042  
10079.17834  
10050.62241  
10077.099  
10136.12946  
10091.44222  
10056.18191  
10042.48491  
10058.59651  
10042.88969  
10051.85226  
10101.85324  
10110.25104  
10140.68473  
10062.26911  
10014.15619  
10059.43346  
10059.40108  
10085.78965  
10160.72319  
10063.14215  
10100.91316  
10144.73524  
10079.79933  
10059.2369  
10071.84382  
10055.41064  
10116.98427  
10141.66422  
10092.7906  
10052.45724  
10017.25144  
9952.110392  
10035.16756  
9956.844939  
9941.600231  
9968.340168  
9999.51684  
9974.994746  
9984.223302  
10029.80791  
10027.82549  
10081.84683  
10002.48437  
10028.95395  
10064.92677  
10099.75865  
10112.94008  
10151.7876  
10140.04621  
10112.84542  
10087.41835  
10005.97332  
10085.36631  
10059.61595  
10086.69693  
10051.6205  
10076.30904  
10053.21399  
10079.88306  
10197.09303  
10196.56055  
10064.88145  
10093.65368  
10073.42799  
10081.46789  
10094.17428  
10042.14163  
10135.05595  
10089.04278  
10045.10682  
10103.36784  
10033.76924  
10041.10849  
10063.96239  
10086.21641  
10099.635  
10072.70058  
10150.24595  
10103.96418  
10081.9287  
10071.75333  
10030.22237  
10116.22383  
10043.41623  
10049.90212  
10091.70285  
10045.12069  
10063.56435  
10063.57092  
10027.29361  
10028.43134  
10007.37325  
10011.08274  
10006.455  
10077.36005  
9930.349166  
10108.97032  
10054.43043  
10092.99868  
10065.47505  
10046.76472  
10081.99287  
10087.5914  
10102.12496  
10122.00249  
10072.61893  
10071.68629  
10095.13619  
10068.33667  
10026.2399  
10016.85157  
10035.4745  
10049.74941  
10001.84292  
10056.5607  
10070.59049  
10068.50244  
10047.08461  
10052.7903  
10039.38761  
10008.88488  
10087.74241  
10099.69074  
10114.01451  
10100.58309  
10042.58186  
10013.1007  
10008.67091  
10061.07491  
10081.91299  
10134.52508  
10105.08179  
10111.1718  
10136.06258  
10130.89294  
10068.53163  
10061.84132  
10057.06225  
10037.2387  
10005.97816  
10063.18258  
10086.20189  
9982.877415  
9994.628225  
10001.87047  
10030.44918  
9999.78442  
10005.74733  
10038.35361  
10070.65213  
10064.94663  
10093.19871  
10090.63347  
10042.804  
10072.58028  
10032.19484  
10070.65979  
10068.90101  
10033.48289  
10048.31347  
10023.50097  
10036.08842  
10086.26729  
10097.87025  
10122.19545  
10133.07633  
10091.79204  
10066.3868  
10050.0618  
10016.73065  
10002.98839  
10045.736  
10057.78066  
10092.13199  
10071.66388  
10114.10785  
10089.34069  
10164.80656  
10131.23826  
10041.84502  
10018.03506  
10034.33163  
10088.71416  
10073.57599  
10057.75528  
10022.64552  
9990.521546  
10169.51202  
10060.11199  
10108.13736  
10094.65742  
10066.82943  
10059.98679  
10079.45301  
10047.70868  
10083.76356  
10019.30632  
10044.13236  
10069.96176  
10025.59693  
9998.608256  
10083.40171  
10089.53245  
10091.56993  
10087.09576  
10106.62028  
10022.64962  
10088.94443  
9985.278773  
10030.33201  
10037.59546  
10034.53043  
10035.11705  
10045.67276  
10105.32472  
10099.21842  
10079.48992  
10048.82561  
10048.62493  
10031.88869  
10064.41891  
10021.90872  
10041.04006  
10049.39783  
10125.75076  
10137.04974  
10119.61153  
10091.3752  
10086.51729  
10091.49889  
10010.77449  
10049.54247  
10038.53681  
10059.54602  
10076.48814  
10139.66549  
10114.12712  
10114.46586  
10091.88559  
10096.50863  
10016.91051  
10037.67001  
10084.86519  
10090.82784  
10048.38214  
10045.00957  
10077.17046  
10012.04044  
10017.05648  
10045.71638  
10089.78945  
10043.16451  
10014.98534  
10038.08026  
10067.23456  
10054.888  
10006.27567  
10059.18797  
10080.99341  
10124.1805  
10113.96748  
10101.92188  
10096.00963  
10120.55122  
10030.75901  
10049.78424  
10077.47959  
10066.74749  
10075.3007  
10106.46504  
10049.7147  
10055.53336  
10042.41957  
10057.09452  
10070.65355  
10051.3879  
10066.80753  
10042.21944  
10054.25275  
10065.5667  
10094.72732  
10061.01754  
10146.58096  
10048.80728  
10051.26018  
10079.64209  
10007.36246  
10022.70003  
10068.88034  
10065.7621  
10062.83643  
10091.50863  
10049.62267  
10096.07559  
10027.08357  
10041.46877  
10034.23187  
10016.80375  
9973.599009  
10068.9612  
10032.00613  
10065.31647  
10010.28293  
9990.863362  
10054.27944  
10012.51248  
10060.03484  
10052.56431  
10121.06354  
10124.66144  
10150.03901  
10070.63746  
10041.98582  
10031.2223  
10023.93074  
10050.44922  
10074.47092  
10051.46653  
10055.05881  
10020.86142  
10087.5737  
10073.18378  
10055.76123  
10064.29821  
10087.44457  
10106.06361  
10093.91567  
10063.57757  
10109.56089  
10076.589  
10073.30095  
10107.15063  
10065.57993  
10115.39334  
10079.58621  
10052.50979  
10047.27873  
10026.42209  
10001.4462  
10038.91826  
10049.54236  
10061.91345  
10054.21979  
10077.03925  
10076.54353  
10099.79571  
10119.05636  
10143.29495  
10105.83995  
10076.43429  
10028.27607  
10045.31043  
10054.26615  
10076.3416  
10057.12417  
10039.98648  
10045.73113  
10068.47698  
10041.54291  
10088.65295  
10087.89501  
10049.62929  
10052.2209  
10066.49948  
10076.01202  
10094.0653  
10045.95043  
10059.60428  
10105.09325  
10112.01426  
10038.14618  
10085.86487  
10045.21096  
10071.7655  
10107.8248  
10087.46052  
10073.82852  
10132.78415  
10035.60444  
10062.32598  
10101.83595  
10038.63117  
10039.07218  
10052.11731  
10048.04757  
10000.05009  
10045.88819  
10054.34851  
10042.02986  
10053.63233  
10096.65823  
10091.31339  
10095.39375  
10109.57658  
10092.29806  
10119.89235  
10035.3766  
10077.4969  
10046.82203  
10093.31268  
10007.93515  
10008.90415  
10011.97134  
10003.02756  
10039.18241  
10024.34585  
9988.171144  
10002.81942  
10024.21488  
9993.336793  
10103.96081  
10067.81904  
10019.15793  
10073.28458  
10006.27162  
10024.75479  
10003.81233  
10096.99639  
10065.71185  
10048.75789  
10089.19852  
10052.1587  
10173.5227  
10113.58332  
10118.61814  
10102.7216  
10047.55436  
10023.19737  
10064.29698  
10060.07099  
10000.64866  
10259.51048  
10065.02765  
10073.55298  
10128.17068  
10014.85691  
10118.05251  
10050.62316  
10026.8368  
10045.31856  
10064.63052  
10081.89391  
10106.59855  
10141.70717  
10083.28478  
10060.49995  
10009.40477  
10011.36264  
9979.612121  
9893.069133  
9998.094655  
10127.76804  
10031.35779  
10016.08639  
10039.54672  
10067.28839  
10034.87529  
10051.7938  
10047.71907  
10093.93297  
10139.90604  
10127.67888  
10098.64256  
10085.3629  
10048.69434  
10059.5939  
9982.284475  
10058.87282  
10114.93657  
10071.5859  
10076.30725  
10035.10869  
10007.06107  
10057.46353  
10100.7789  
10086.69751  
10101.52437  
10151.28477  
10116.85691  
10098.27485  
10037.19306  
10062.86651  
10126.76785  
10040.37687  
10081.02774  
10070.69523  
10122.51053  
10037.91164  
10046.37084  
10047.73619  
10073.19986  
10037.69548  
10107.08355  
10116.55978  
10073.69035  
10085.6501  
10109.77335  
10110.75723  
10170.60512  
9980.757941  
9954.469038  
10044.96599  
10058.40919  
10017.18617  
9983.222018  
9968.751096  
9976.101667  
10034.40083  
10023.7629  
10030.71436  
10034.87278  
9991.737271  
10037.96792  
10015.81624  
10045.14662  
10072.9593  
10064.28982  
10051.27113  
10054.86328  
10069.50119  
10114.02009  
10098.64023  
10083.94362  
10101.49821  
10107.88861  
10072.18474  
10091.59588  
10074.80309  
10116.91606  
10063.0593  
10053.83093  
10060.32606  
10052.75212  
10042.46336  
10067.3108  
10018.28311  
10104.99572  
10078.06454  
10102.55984  
10055.99431  
10058.24759  
10066.34116  
10062.01976  
10095.39147  
10127.62482  
10098.50316  
10079.32581  
10117.49737  
10093.42555  
10096.07608  
10082.97437  
10096.00315  
10114.55836  
10109.72987  
10103.08582  
10137.85702  
9901.410366  
10209.05294  
10088.90779  
10085.78978  
10031.94477  
9989.928432  
9973.864527  
10066.69949  
10034.84009  
10012.38813  
9975.822513  
9939.81694  
9981.94975  
9979.458882  
10101.38811  
10077.34715  
10108.98077  
10116.20595  
10077.76704  
10105.11311  
10095.41253  
10087.73015  
10084.36335  
10088.97336  
10059.37436  
10033.48141  
10041.33721  
10022.86124  
10045.11261  
10065.8567  
10059.62028  
10052.72868  
10025.2462  
10076.93767  
10007.38762  
10288.74592  
10093.27068  
10094.23241  
10112.30027  
10100.29498  
10069.0179  
10112.45901  
10095.89568  
10112.01674  
10049.03771  
10107.53184  
10037.96787  
10088.51381  
10084.09285  
10040.34952  
10062.05243  
10054.8985  
10067.61114  
10082.23263  
10038.41905  
10047.34845  
10001.95872  
10010.66291  
10067.88125  
10056.9033  
9995.305414  
10015.93236  
9997.614684  
10090.83246  
10102.48855  
10114.76376  
10078.22556  
10020.72898  
10040.86509  
10029.40971  
10065.78166  
10083.9587  
10114.03522  
10106.88188  
10057.0014  
10061.74793  
10062.16488  
10054.37871  
10061.00915  
10049.92264  
10035.79126  
10050.50101  
10041.96361  
10012.97665  
10057.01493  
10086.68167  
10089.00605  
10093.29068  
10047.08456  
10072.28881  
10100.57382  
10108.67978  
10124.66488  
10097.36758  
10079.3632  
10033.49263  
10056.89079  
10073.6259  
10055.50015  
10036.01726  
10031.6067  
10067.27872  
10076.03305  
10094.56393  
10038.77677  
10056.75365  
10072.80792  
10031.32895  
10022.27879  
10019.9235  
10077.66269  
10083.6733  
10031.54608  
10099.10378  
10061.54704  
10046.35771  
10066.08069  
10062.76134  
10038.67616  
10063.84093  
10041.69959  
10120.15898  
10118.06209  
10036.1485  
10060.9692  
10001.1465  
10019.1339  
10018.0402  
10057.96241  
10100.39485  
10084.61071  
10090.82399  
10089.92186  
10077.05234  
10119.27061  
10073.00164  
10052.84158  
10086.37136  
10032.24938  
10091.64332  
10036.23664  
10041.01146  
10081.54128  
10101.35513  
10054.15062  
10093.63533  
10048.14808  
10099.87612  
10098.73315  
10023.75805  
10050.37065  
10090.01575  
10071.43849  
10012.76823  
10047.97761  
10025.69259  
10081.82789  
10009.44091  
10035.50214  
10031.27357  
10029.23259  
10042.91462  
10083.48267  
10126.47834  
10109.25543  
10111.17706  
10098.02337  
10052.53467  
10081.48982  
10021.89422  
10020.99484  
10064.80671  
10075.17543  
10023.73608  
10097.45199  
10069.43684  
10033.57436  
10075.07559  
9995.197525  
10015.06455  
10025.55072  
10073.02006  
10092.72256  
10090.20751  
10102.12153  
10076.01761  
10111.31146  
10083.95865  
10069.86487  
10036.15193  
10023.84086  
10049.57053  
10023.71962  
10019.32325  
10049.32442  
10019.35857  
10052.52385  
10070.95121  
10069.51482  
10144.02436  
10116.02288  
10087.60898  
10114.62152  
10041.25227  
10002.56263  
10042.85828  
10083.29705  
10060.93841  
10047.23676  
10075.77701  
10000.97346  
10231.85336  
10058.96224  
10070.56392  
10033.34387  
10133.17656  
10077.14349  
10055.99198  
10017.70121  
10029.17592  
10003.47741  
10021.41086  
10049.43665  
10070.84828  
9988.53851  
10020.39026  
10024.02726  
9991.613724  
10018.81916  
10038.02336  
10066.22565  
10080.59323  
10079.86343  
10058.55316  
10118.18287  
10079.34035  
10106.98462  
10120.42522  
10072.67032  
10070.70829  
10029.7891  
10127.28457  
10056.20576  
10032.66677  
10053.45586  
10088.94575  
10116.14179  
10065.30076  
10125.74304  
10118.78981  
10039.46814  
10052.32391  
10018.79174  
10052.34672  
10034.71064  
10079.58884  
10092.6258  
10104.84031  
10110.45903  
10077.37098  
10108.48305  
10072.53007  
10115.3766  
10062.85003  
10089.17039  
10080.58095  
10095.80881  
10080.63133  
10088.90997  
10053.32851  
10035.5158  
10060.88126  
10047.47946  
10041.96509  
10049.32234  
10066.10429  
10065.14932  
10050.55899  
10063.11927  
10067.70212  
10033.60055  
10083.55837  
10051.20359  
10054.22223  
10086.80588  
10009.17949  
10011.78458  
10050.65821  
10068.44733  
10075.41731  
10085.17101  
10136.53231  
10108.42087  
10069.50491  
10034.59918  
10034.54505  
10087.56522  
10057.25626  
10040.42006  
10034.59894  
10039.49567  
10038.81496  
10078.23908  
10092.10297  
10067.08918  
10098.91543  
