11565.44937  
11524.04194  
11496.83857  
11417.76715  
11475.6467  
11469.33815  
11409.77777  
11404.49368  
11446.11178  
11458.49781  
11386.67933  
11451.44361  
11515.5069  
11500.59724  
11509.42581  
11515.74401  
11536.7646  
11487.89405  
11452.67626  
11451.30981  
11458.12443  
11504.2525  
11500.09812  
11519.19582  
11496.64202  
11503.08676  
11494.55159  
11544.45174  
11505.20881  
11457.82932  
11521.12382  
11471.5118  
11500.09177  
11457.65777  
11504.1054  
11503.42186  
11511.76724  
11527.45848  
11503.74266  
11450.9427  
11474.25482  
11484.54727  
11461.58782  
11416.38635  
11442.92134  
11435.47599  
11434.95565  
11540.26448  
11522.89478  
11400.27662  
11457.81186  
11480.25738  
11464.46121  
11488.96974  
11492.27955  
11401.97861  
11435.99999  
11460.79746  
11513.86895  
11516.39884  
11512.70077  
11460.89429  
11469.356  
11489.54813  
11478.83465  
11472.87112  
11490.98571  
11485.87951  
11505.44942  
11470.22106  
11450.3957  
11452.56283  
11450.83639  
11482.79957  
11474.86138  
11476.06863  
11454.136  
11490.90995  
11510.68201  
11446.99649  
11431.09246  
11417.10702  
11465.09823  
11468.36163  
11473.59985  
11459.96587  
11492.01111  
11517.59385  
11470.33231  
11473.25643  
11512.50497  
11507.96089  
11515.99556  
11461.1077  
11488.47765  
11478.39435  
11440.06604  
11461.4505  
11488.42147  
11483.03874  
11484.70732  
11485.88999  
11457.84891  
11488.58609  
11482.26162  
11501.84155  
11500.47125  
11503.12244  
11503.22035  
11475.02121  
11475.86365  
11500.00455  
11455.9938  
11434.76792  
11398.10384  
11480.76588  
11451.91911  
11424.98054  
11420.03711  
11487.31064  
11529.15058  
11469.91269  
11457.1298  
11473.87168  
11490.14753  
11534.55663  
11511.63627  
11498.65691  
11378.54641  
11473.34859  
11498.6857  
11453.38381  
11412.24114  
11455.27021  
11453.69529  
11441.38179  
11448.60989  
11496.58584  
11505.86088  
11526.09462  
11501.62831  
11512.88056  
11514.90723  
11478.97385  
11471.32804  
11444.29816  
11460.59533  
11514.03504  
11482.59541  
11457.21846  
11511.66647  
11503.33102  
11526.51638  
11493.72612  
11458.25331  
11451.05655  
11434.20988  
11450.47626  
11458.43349  
11452.30233  
11478.30064  
11488.77075  
11473.70464  
11479.27333  
11489.51528  
11409.72598  
11410.16842  
11415.26672  
11483.45471  
11483.57772  
11478.60115  
11459.97093  
11530.66384  
11554.46981  
11513.02084  
11468.68958  
11439.20501  
11467.92665  
11506.28489  
11480.17146  
11450.2186  
11428.60371  
11430.93714  
11480.29452  
11437.37699  
11457.20549  
11484.13998  
11457.90038  
11453.01905  
11447.40506  
11450.05738  
11477.05304  
11539.56668  
11515.22556  
11502.35684  
11529.61604  
11535.95964  
11512.65948  
11490.94892  
11480.20287  
11485.74792  
11465.43054  
11496.24677  
11469.54548  
11494.90911  
11472.2953  
11479.48064  
11497.24199  
11475.40994  
11445.86658  
11470.11464  
11475.20086  
11490.74257  
11495.12064  
11421.00856  
11457.18353  
11474.10469  
11456.61228  
11472.78725  
11499.44063  
11487.21289  
11440.37457  
11509.79583  
11481.15714  
11517.82247  
11503.2322  
11495.29738  
11412.8691  
11378.09842  
11440.73286  
11437.50554  
11447.43764  
11492.09481  
11478.78936  
11456.47466  
11419.57721  
11439.63698  
11521.43824  
11478.72785  
11473.99617  
11487.95709  
11493.87261  
11474.99376  
11415.96483  
11452.24356  
11484.90646  
11480.84885  
11467.87205  
11472.07678  
11475.51442  
11509.55967  
11495.3588  
11438.93593  
11467.18487  
11475.87421  
11483.03894  
11554.38396  
11532.56226  
11536.04489  
11503.88425  
11514.8913  
11485.01272  
11453.64648  
11447.21163  
11470.89016  
11521.03099  
11499.83468  
11443.08469  
11440.29143  
11506.34177  
11500.91809  
11478.37218  
11459.94818  
11449.51092  
11453.9936  
11454.56969  
11474.62032  
11534.87538  
11536.35805  
11476.73029  
11423.26723  
11433.59206  
11444.45338  
11475.61628  
11478.7349  
11514.08127  
11478.20354  
11492.88754  
11494.49883  
11453.54359  
11407.64675  
11463.35954  
11465.52283  
11458.16754  
11476.92769  
11507.36356  
11519.38377  
11499.52061  
11443.01017  
11415.16224  
11430.48729  
11444.18266  
11478.40475  
11485.72777  
11490.42714  
11500.56936  
11501.63467  
11477.44519  
11480.64995  
11528.20603  
11548.36047  
11513.07156  
11501.71488  
11469.5814  
11428.64352  
11425.30315  
11471.58638  
11451.91563  
11466.7867  
11486.68846  
11478.28641  
11447.20976  
11466.43145  
11505.02031  
11468.81214  
11454.55678  
11453.75898  
11521.04586  
11470.69264  
11477.72169  
11485.91918  
11488.3238  
11490.91903  
11455.68544  
11487.22008  
11486.93375  
11469.13903  
11454.43983  
11412.98628  
11463.45311  
11444.53817  
11436.50686  
11430.97573  
11473.46733  
11501.28374  
11501.37832  
11473.30932  
11479.29844  
11500.2033  
11533.30487  
11527.06924  
11499.67426  
11475.27514  
11483.27341  
11457.76434  
11443.39962  
11424.52774  
11422.37961  
11449.98206  
11479.37938  
11448.00015  
11488.71171  
11527.75661  
11467.17764  
11471.19506  
11461.83514  
11505.83388  
11517.74104  
11434.4354  
11421.66804  
11436.1146  
11471.46968  
11500.87917  
11493.42907  
11525.34622  
11478.99758  
11541.51502  
11489.85202  
11453.67712  
11489.48371  
11514.94387  
11524.88319  
11539.33403  
11530.34125  
11477.62228  
11481.35556  
11493.79425  
11467.4982  
11478.48505  
11505.20448  
11502.90194  
11468.92859  
11473.30685  
11511.70846  
11465.4047  
11517.8644  
11462.68063  
11484.04336  
11483.51165  
11475.68876  
11407.49505  
11420.38977  
11491.39621  
11436.10849  
11412.34638  
11435.68583  
11456.65028  
11479.17645  
11468.93577  
11448.31935  
11506.79623  
11497.14359  
11479.68745  
11483.55905  
11471.79874  
11509.64244  
11525.62972  
11533.6711  
11466.55375  
11430.63703  
11451.14689  
11484.22326  
11484.44095  
11494.1893  
11522.55641  
11492.60025  
11467.31791  
11489.72342  
11449.302  
11435.0141  
11453.95978  
11435.09239  
11440.84332  
11462.78626  
11477.44313  
11484.61246  
11475.02812  
11479.91079  
11496.69517  
11478.1746  
11458.34279  
11470.79834  
11511.3778  
11513.87975  
11529.47542  
11478.87358  
11456.99034  
11472.85552  
11526.80691  
11488.49219  
11422.06275  
11457.86146  
11451.05468  
11471.41936  
11466.5614  
11435.31329  
11422.16692  
11468.0756  
11518.44167  
11473.37159  
11432.79612  
11472.54023  
11488.05109  
11524.20937  
11488.71477  
11466.88665  
11471.82795  
11484.24308  
11457.54696  
11486.99534  
11497.40388  
11513.38294  
11487.06735  
11459.44518  
11449.52464  
11442.49245  
11452.97666  
11403.07022  
11451.58976  
11484.14806  
11453.72074  
11516.26573  
11509.23772  
11464.05691  
11493.03848  
11474.86797  
11485.15507  
11499.61666  
11517.58861  
11491.80188  
11477.88935  
11514.52852  
11509.61533  
11493.36216  
11467.77097  
11461.92819  
11508.39895  
11456.0968  
11460.58658  
11449.17364  
11419.18291  
11436.99975  
11445.74915  
11423.43989  
11471.53293  
11487.2974  
11464.47168  
11458.04752  
11428.09667  
11529.49968  
11480.49898  
11479.50931  
11493.52727  
11507.58545  
11467.48086  
11521.4102  
11442.04876  
11507.23115  
11433.31376  
11446.39604  
11484.93581  
11500.29901  
11479.05426  
11524.54909  
11490.27489  
11506.60099  
11546.5056  
11567.03076  
11537.08126  
11539.98877  
11471.53231  
11525.43952  
11502.56008  
11500.84506  
11465.07113  
11472.76771  
11501.47798  
11511.42881  
11525.67136  
11470.83671  
11428.52402  
11422.67136  
11409.05622  
11426.56824  
11471.59745  
11478.27595  
11467.8893  
11462.64726  
11476.01131  
11493.01353  
11472.97056  
11460.71664  
11437.4963  
11472.55911  
11483.53179  
11464.79776  
11496.74971  
11441.79522  
11472.44355  
11489.66231  
11449.81804  
11458.37664  
11434.45253  
11468.89251  
11494.05738  
11459.49603  
11479.59086  
11500.39542  
11460.28487  
11481.88811  
11488.07883  
11480.70421  
11492.39532  
11486.66446  
11469.26351  
11462.17128  
11475.21656  
11443.82043  
11462.09612  
11486.1979  
11524.22324  
11507.58753  
11515.66205  
11471.96225  
11458.4848  
11473.04171  
11483.74578  
11487.30668  
11439.76886  
11415.85307  
11472.878  
11494.79085  
11505.95509  
11438.67214  
11428.55874  
11448.2  
11477.8561  
11495.36704  
11512.94874  
11517.92647  
11503.94954  
11512.29496  
11478.09187  
11503.04206  
11523.18913  
11505.54668  
11469.78068  
11481.46014  
11508.98827  
11469.19655  
11437.33485  
11427.73374  
11460.3351  
11523.01891  
11473.52193  
11469.64111  
11450.31356  
11439.01129  
11419.99234  
11476.79801  
11487.25442  
11444.02393  
11449.85176  
11520.56068  
11477.55146  
11468.25667  
11438.23863  
11439.81137  
11505.77942  
11519.59043  
11472.94653  
11442.74863  
11487.0672  
11453.78193  
11468.95785  
11516.66966  
11446.40851  
11504.74349  
11505.85231  
11533.72816  
11482.33741  
11431.34794  
11466.31823  
11465.06474  
11471.66868  
11438.79677  
11438.70567  
11477.90596  
11461.27368  
11511.72417  
11497.25776  
11461.65665  
11429.60951  
11441.20526  
11498.73449  
11502.99715  
11471.79293  
11466.16758  
11440.17322  
11418.58803  
11461.01501  
11473.98904  
11486.40459  
11457.50426  
11471.92764  
11478.74272  
11452.1043  
11502.71295  
11480.11509  
11500.69727  
11525.02173  
11494.09063  
11463.04127  
11479.39522  
11517.1734  
11469.50345  
11493.89077  
11524.72391  
11471.01817  
11448.84805  
11489.01472  
11483.02248  
11529.4937  
11514.1013  
11513.00593  
11532.40217  
11468.67328  
11423.21295  
11389.3587  
11497.81007  
11504.21378  
11475.36265  
11525.93607  
11466.16696  
11479.07679  
11517.7804  
11467.74012  
11452.72416  
11429.02001  
11426.99276  
11473.14514  
11465.60252  
11427.40309  
11427.79383  
11463.84824  
11445.68272  
11498.39422  
11448.36421  
11437.72536  
11513.38806  
11513.09298  
11518.88251  
11456.73538  
11467.53244  
11480.60402  
11502.34442  
11525.36807  
11510.88479  
11541.76247  
11581.08401  
11484.67801  
11459.71942  
11475.4935  
11451.61407  
11425.42803  
11435.584  
11449.33023  
11503.03046  
11523.04007  
11486.93981  
11431.13053  
11424.77453  
11458.31447  
11453.21518  
11444.05091  
11446.86727  
11499.21835  
11527.42558  
11499.45671  
11499.20059  
11515.04129  
11488.60543  
11504.47967  
11437.05516  
11481.90119  
11433.95564  
11391.18758  
11466.23634  
11472.58995  
11480.23879  
11513.11404  
11502.96195  
11459.62869  
11486.54637  
11480.21237  
11500.36616  
11516.9614  
11515.33102  
11532.88965  
11507.53624  
11451.56854  
11465.8841  
11418.52152  
11421.95659  
11435.02692  
11475.36542  
11494.80806  
11476.19803  
11442.7732  
11466.70499  
11450.94213  
11455.42373  
11505.96988  
11486.07124  
11458.20773  
11459.00768  
11503.40785  
11490.54966  
11501.55839  
11497.80682  
11434.19532  
11458.49476  
11490.90819  
11495.57097  
11459.07437  
11453.71189  
11492.06812  
11447.39833  
11441.98112  
11486.96628  
11428.22606  
11458.88168  
11463.55543  
11445.10113  
11455.56869  
11466.31722  
11487.9042  
11486.44331  
11493.53763  
11489.87223  
11466.89999  
11482.33019  
11523.25091  
11545.18093  
11516.49696  
11479.3833  
11489.09502  
11495.24934  
11453.66456  
11532.87099  
11537.76336  
11525.78932  
11449.44087  
11407.60591  
11444.89325  
11408.28611  
11420.48716  
11434.58092  
11461.28142  
11460.74719  
11508.40499  
11489.30902  
11478.33921  
11446.30977  
11493.45791  
11507.59854  
11435.67815  
11465.59542  
11493.22663  
11468.8147  
11475.91722  
11467.53763  
11531.73831  
11506.33877  
11500.14891  
11428.49901  
11440.77752  
11432.80209  
11479.31638  
11474.5171  
11454.33768  
11510.10091  
11489.36038  
11515.71752  
11516.22278  
11516.51378  
11513.34005  
11468.93425  
11443.03395  
11475.2508  
11495.82562  
11479.67427  
11483.54402  
11495.83815  
11468.76266  
11502.00294  
11486.52844  
11466.66079  
11437.77285  
11442.24795  
11441.42129  
11504.67784  
11483.65112  
11470.68202  
11411.3151  
11486.54241  
11503.00099  
11475.69501  
11464.4744  
11484.89018  
11455.90571  
11470.3325  
11474.04846  
11504.62533  
11449.08849  
11480.59885  
11495.09302  
11507.52399  
11484.09283  
11474.84176  
11509.36902  
11479.44792  
11451.77755  
11470.08041  
11457.52697  
11495.33065  
11468.82946  
11480.4377  
11454.79836  
11451.45142  
11480.99263  
11484.32976  
11492.62589  
11451.10855  
11427.12049  
11473.87698  
11489.95464  
11464.02171  
11520.81558  
11486.64054  
11466.49045  
11466.59826  
11447.32991  
11489.04385  
11524.15972  
11521.95451  
11476.50735  
11449.78324  
11479.95851  
11553.20212  
11523.62763  
11498.44195  
11467.75493  
11454.78291  
11442.7264  
11429.48813  
11449.16839  
11455.14102  
11487.13903  
11438.50729  
11456.03861  
11498.23514  
11536.41128  
11538.64798  
11474.05647  
11491.2988  
11500.71023  
11464.70341  
11481.18343  
11497.48299  
11464.35416  
11479.03969  
11507.70341  
11446.6933  
11476.5161  
11493.29236  
11495.35514  
11479.54375  
11432.28821  
11477.78801  
11505.55306  
11467.25768  
11447.94767  
11445.58294  
11452.41  
11466.21906  
11494.32839  
11464.19363  
11492.17099  
11430.84232  
11459.21907  
11463.85464  
11407.31583  
11495.60968  
11495.98271  
11468.04838  
11449.81311  
11511.18854  
11511.86114  
11503.1691  
11459.92215  
11416.8691  
11485.69382  
11525.24663  
11497.66809  
11478.41915  
11482.96458  
11448.35742  
11456.91661  
11521.20501  
11566.89753  
11606.51362  
11558.5648  
11454.4521  
11475.92336  
11484.54632  
11535.76489  
11497.45759  
11484.12594  
11470.29007  
11463.30357  
11475.09526  
11424.75049  
11397.50328  
11452.67246  
11477.08945  
11483.54099  
11450.88438  
11470.31139  
11501.91577  
11496.56957  
11530.53648  
11500.01048  
11485.22956  
11481.63271  
11435.62817  
11433.65542  
11431.97536  
11432.57707  
11428.15998  
11445.63068  
11416.89759  
11431.81361  
11415.54832  
11464.29393  
11457.18147  
11457.80846  
11453.81225  
11418.40819  
11439.63292  
11514.97967  
11496.73602  
11474.83906  
11501.09797  
11502.31433  
11485.36699  
11482.16814  
11565.75962  
11558.51726  
11530.24463  
11523.26437  
11522.2726  
11562.30123  
11574.64102  
11542.1064  
11505.88614  
11506.42935  
11479.76827  
11406.01209  
11400.0551  
11425.70254  
11414.77302  
11435.64517  
11396.53069  
11441.67326  
11493.75482  
11445.28488  
11505.24339  
11480.1898  
11507.77939  
11468.43576  
11451.69073  
11472.15585  
11503.08529  
11537.3732  
11518.83626  
11459.06396  
11450.69953  
11448.90937  
11468.3095  
11439.42303  
11495.79994  
11479.29562  
11420.63811  
11453.83429  
11495.89517  
11506.04481  
11529.14879  
11529.11906  
11518.79546  
11514.22063  
11480.58233  
11415.33177  
11439.10711  
11460.43275  
11458.57711  
11453.77771  
11507.47091  
11503.99152  
11488.94615  
11457.0694  
11534.22987  
11557.52396  
11501.92116  
11501.98698  
11469.29002  
11490.15836  
11467.40546  
11485.63159  
11450.06636  
11376.42317  
11389.70667  
11402.02815  
11468.1354  
11416.8069  
11437.74634  
11468.68623  
11497.32489  
11445.5688  
11487.91245  
11486.03937  
11484.11378  
11516.66299  
11492.50534  
11473.79871  
11441.08855  
11443.74563  
11447.72854  
11437.32113  
11475.6706  
11527.12858  
11526.14402  
11525.14713  
11487.76015  
11514.10086  
11506.44183  
11514.95945  
11459.80435  
11454.81169  
11455.79391  
11466.58971  
11486.58228  
11452.93165  
11467.30522  
11463.60286  
11463.60774  
11442.73692  
11523.55017  
11494.76385  
11450.07427  
11445.58316  
11510.61664  
11491.22459  
11557.48474  
11573.06134  
11526.87899  
11479.18584  
11419.8351  
11388.2843  
11426.67217  
11423.77103  
11467.75388  
11493.95124  
11468.01258  
11468.06628  
11526.94249  
11525.30032  
11524.92033  
11481.17904  
11452.79495  
11497.76577  
11432.92202  
11435.02513  
11400.58281  
11458.39411  
11479.47593  
11475.78906  
11483.68262  
11459.49572  
11465.14047  
11497.98719  
11480.90137  
11516.82764  
11430.7747  
11418.00163  
11492.50573  
11426.96054  
11500.36777  
11494.40969  
11461.82496  
11477.82535  
11446.41647  
11497.86496  
11584.9665  
11541.21815  
11516.21004  
11497.02425  
11432.44823  
11415.15642  
11432.01116  
11454.89535  
11468.84324  
11454.95871  
11489.67548  
11488.52087  
11458.79027  
11460.09075  
11514.98145  
11497.22855  
11526.03753  
11504.45395  
11486.38074  
11506.49854  
11460.6842  
11482.99229  
11462.74545  
11457.63237  
11492.65911  
11474.74733  
11455.40752  
11448.90954  
11406.70563  
11467.7195  
11506.41042  
11522.46472  
11507.99532  
11485.5491  
11448.09101  
11498.2261  
11453.81154  
11486.87041  
11478.51018  
11472.08363  
11477.74864  
11441.26309  
11470.17645  
11436.6224  
11498.33921  
11480.51467  
11441.25796  
11451.76439  
11429.10229  
11483.36121  
11436.8039  
11451.00374  
11452.37369  
11501.56138  
11518.66443  
11475.23304  
11456.53881  
11488.79036  
11497.89216  
11453.92296  
11501.94874  
11496.82397  
11450.88328  
11434.5199  
11475.85687  
11512.51315  
11500.53591  
11431.44393  
11494.00152  
11461.29455  
11499.09032  
11501.45975  
11460.86637  
11518.053  
11500.30195  
11526.66471  
11543.73058  
11496.207  
11500.95483  
11479.62905  
11485.04102  
11445.95659  
11457.44342  
11435.74147  
11481.5146  
11509.36891  
11481.64415  
11453.86941  
11499.3859  
11471.27669  
11515.90493  
11502.2852  
11446.58047  
11482.24827  
11472.0658  
11488.12305  
11436.20706  
11454.52147  
11446.82622  
11392.25749  
11451.16276  
11505.84017  
11490.56563  
11437.77883  
11465.55842  
11451.2822  
11504.89831  
11502.6542  
11478.09121  
11494.26795  
11491.68821  
11482.98854  
11496.4058  
11456.46352  
11435.17223  
11402.66137  
11482.28018  
11453.4629  
11472.76038  
11481.54848  
11451.60243  
11477.87164  
11510.07081  
11491.89532  
11486.61291  
11518.01523  
11542.41556  
11484.95644  
11472.21894  
11425.8157  
11497.98103  
11519.13169  
11494.52084  
11448.71157  
11507.85188  
11479.06742  
11521.3744  
11480.83927  
11488.82808  
11489.44971  
11450.29153  
11449.57528  
11491.66201  
11479.97605  
11439.5408  
11468.76869  
11475.81427  
11479.45304  
11480.03607  
11478.75042  
11424.72661  
11462.18924  
11433.74793  
11489.37295  
11487.71031  
11512.97257  
11548.93989  
11478.894  
11479.74749  
11485.36507  
11468.99738  
11491.25207  
11502.12283  
11531.95374  
11515.01865  
11529.00066  
11510.61509  
11452.62605  
11457.51334  
11479.60255  
11473.69852  
11473.85185  
11468.61126  
11468.65869  
11441.07741  
11460.35796  
11465.16756  
11497.44479  
11442.17326  
11420.31618  
11448.85934  
11471.47332  
11447.53064  
11458.48135  
11493.57004  
11467.39508  
11536.75994  
11504.13222  
11434.45622  
11490.01146  
11469.53476  
11478.39496  
11490.67484  
11451.76236  
11475.14411  
11480.36952  
11436.1254  
11472.73214  
11429.43518  
11443.19455  
11510.61714  
11461.77007  
11414.20326  
11382.32909  
11449.44497  
11462.35581  
11437.33641  
11419.57366  
11500.67035  
11448.76043  
11475.60837  
11479.59539  
11514.69373  
11541.54549  
11529.12399  
11498.2238  
11455.96082  
11451.81612  
11454.11483  
11496.63567  
11523.2851  
11528.33639  
11475.10735  
11474.5315  
11499.2468  
11468.00623  
11512.61668  
11504.49229  
11483.81348  
11525.81804  
11531.59081  
11524.91417  
11487.24817  
11444.71206  
11440.96808  
11415.11542  
11481.53834  
11494.70417  
11468.77353  
11454.65128  
11494.54467  
11474.08197  
11480.08855  
11487.51317  
11497.09713  
11482.34925  
11466.45781  
11480.49078  
11490.08201  
11467.12562  
11497.38315  
11511.24681  
11521.47579  
11520.84769  
11533.20204  
11466.6166  
11465.7906  
11413.59236  
11413.42248  
11420.82617  
11438.32807  
11429.84283  
11444.44504  
11429.10566  
11435.69011  
11496.8996  
11510.31779  
11419.13337  
11473.79334  
11488.14103  
11485.73798  
11463.76326  
11463.82876  
11488.10945  
11476.86646  
11513.15005  
11484.55183  
11443.52695  
11457.43875  
11437.4148  
11478.00304  
11562.40623  
11524.87313  
11483.19089  
11383.86084  
11475.85373  
11460.96059  
11483.83308  
11464.1731  
11465.79992  
11493.31691  
11485.31275  
11482.34389  
11448.12394  
11464.73609  
11501.31804  
11516.23977  
11488.53924  
11509.3971  
11524.32256  
11536.43308  
11484.34094  
11493.57502  
11464.23355  
11463.4774  
11481.14883  
11448.81176  
11467.08581  
11450.60306  
11468.19256  
11414.45873  
11439.40698  
11418.95222  
11526.9679  
11478.41371  
11526.60759  
11525.68238  
11523.8264  
11567.54878  
11529.5878  
11512.73274  
11503.0012  
11514.81146  
11481.21906  
11478.94033  
11461.06863  
11437.85559  
11406.38561  
11467.23821  
11466.82221  
11449.74132  
11430.35961  
11419.75237  
11401.92065  
11406.26501  
11467.01278  
11489.19087  
11473.36981  
11465.12513  
11448.52903  
11427.10964  
11466.11426  
11487.42404  
11499.21439  
11483.51783  
11480.50891  
11490.47426  
11573.55975  
11537.1808  
11484.24919  
11464.95413  
11489.52421  
11508.50539  
11466.20205  
11439.99653  
11463.73372  
11447.29573  
11492.58895  
11482.30814  
11458.86445  
11484.22674  
11472.12793  
11492.9727  
11504.38571  
11500.37262  
11513.7843  
11542.01717  
11450.71107  
11414.88368  
11422.99973  
11513.19042  
11483.00466  
11457.88493  
11441.10879  
11456.97106  
11459.83669  
11471.89963  
11495.88765  
11451.3598  
11523.98137  
11502.01807  
11490.1071  
11476.77484  
11493.92416  
11487.65395  
11513.32922  
11518.6328  
11513.34067  
11461.662  
11503.29657  
11528.29449  
11536.22195  
11466.89307  
11332.44415  
11413.744  
11439.77302  
11448.86467  
11486.4381  
11513.96338  
11469.89735  
11467.1031  
11435.97947  
11472.48162  
11511.67872  
11497.17274  
11506.62739  
11517.44186  
11424.31658  
11471.6587  
11415.14142  
11448.22772  
11481.14832  
11422.00718  
11445.67823  
11444.62214  
11464.07772  
11517.15108  
11501.0089  
11506.70915  
11473.80557  
11430.7584  
11438.62168  
11483.65137  
11541.35683  
11509.17785  
11509.85801  
11504.29647  
11489.93561  
11490.43976  
11511.22649  
11483.60486  
11511.31969  
11473.63695  
11464.2483  
11436.08824  
11434.2195  
11425.61669  
11406.38117  
11420.34031  
11408.84778  
11414.50299  
11430.58863  
11483.81333  
11506.10431  
11504.54266  
11527.9969  
11548.194  
11511.13826  
11551.47543  
11494.19287  
11443.56962  
11410.80533  
11429.76347  
11394.12357  
11378.11347  
11449.62526  
11495.50312  
11463.4227  
11498.57547  
11513.78243  
11532.86086  
11492.93338  
11497.25023  
11505.75277  
11508.39849  
11545.51334  
11515.06367  
11534.50685  
11483.88029  
11471.26169  
11504.24882  
11476.47079  
11499.272  
11502.26595  
11511.83918  
11492.53701  
11518.46008  
11538.92751  
11492.23464  
11458.19454  
11442.78323  
11455.70756  
11499.73582  
11496.93893  
11506.0116  
11520.87009  
11428.25968  
11415.53447  
11458.68245  
11465.54501  
11450.20328  
11439.96999  
11443.39727  
11458.85103  
11437.90745  
11429.58928  
11412.29771  
11441.53531  
11418.44199  
11482.48164  
11441.02776  
11480.73098  
11464.90931  
11482.7392  
11515.7099  
11569.94891  
11515.50651  
11495.68247  
11456.50045  
11477.4564  
11477.85374  
11469.39024  
11507.92297  
11525.48012  
11423.77385  
11492.27265  
11450.70502  
11474.04385  
11454.3211  
11493.85524  
11471.57796  
11492.30206  
11485.44093  
11496.4896  
11489.22925  
11528.0812  
11506.51773  
11493.97314  
11524.00855  
11512.33957  
11457.3725  
11459.25251  
11488.50665  
11486.03524  
11472.1835  
11464.39592  
11451.06647  
11455.04065  
11460.65202  
11432.27237  
11442.46588  
11400.86658  
11445.06667  
11471.24258  
11507.3367  
11493.56575  
11478.25062  
11480.81286  
11510.31993  
11471.25282  
11527.07153  
11526.85368  
11486.4213  
11471.59705  
11494.41823  
11428.84693  
11406.54393  
11461.6898  
11448.79748  
11488.04156  
11487.81863  
11490.88303  
11492.76364  
11460.00649  
11477.70101  
11457.32678  
11477.378  
11476.54015  
11497.03386  
11484.73059  
11483.31296  
11474.84329  
11494.86808  
11467.20837  
11440.25542  
11448.47812  
11510.69192  
11457.14302  
11427.57734  
11492.56645  
11510.49343  
11497.71318  
11502.55925  
11498.90277  
11453.62201  
11510.26891  
11576.85605  
11540.96731  
11489.7809  
11486.20526  
11454.6273  
11474.03351  
11502.40294  
11511.81271  
11451.73205  
11451.50828  
11447.74915  
11416.87546  
11438.40484  
11434.90265  
11453.6578  
11506.81245  
11466.17622  
11434.12159  
11434.4373  
11424.24269  
11357.51141  
11437.28941  
11502.80228  
11504.83949  
11467.20551  
11427.45627  
11491.51155  
11479.59015  
11452.47954  
11440.30014  
11488.47038  
11553.50448  
11520.09949  
11543.89384  
11496.7228  
11427.57598  
11449.06962  
11486.19991  
11496.38799  
11474.7672  
11499.45324  
11491.1088  
11507.1436  
11541.68875  
11578.30362  
11563.49786  
11545.03635  
11499.63792  
11477.27141  
11482.06954  
11518.82075  
11462.73248  
11453.58129  
11445.31954  
11497.02409  
11440.5154  
11478.09165  
11414.48921  
11457.20304  
11388.55383  
11458.70122  
11428.63786  
11421.63711  
11506.57273  
11538.46237  
11420.12121  
11434.55203  
11520.19971  
11519.23765  
11446.84791  
11473.50781  
11464.40238  
11429.51522  
11493.35988  
11462.01356  
11485.26551  
11466.79298  
11441.29699  
11394.62483  
11449.58862  
11432.2142  
11407.43084  
11433.3538  
11508.21883  
11518.7252  
11531.81542  
11524.56123  
11499.22442  
11509.53919  
11484.87499  
11437.40359  
11486.78695  
11499.36735  
11523.00687  
11501.12757  
11460.11565  
11492.06324  
11549.402  
11538.45373  
11437.60306  
11453.17958  
11446.7561  
11464.31028  
11462.28151  
11450.82062  
11483.26486  
11507.3382  
11487.63075  
11438.96813  
11474.81067  
11486.52957  
11518.89868  
11496.57315  
11479.93378  
11470.03744  
11465.10455  
11447.1802  
11441.13385  
11418.71779  
11416.46039  
11450.00129  
11515.77625  
11490.19532  
11461.63242  
11472.80519  
11526.02651  
11475.92471  
11476.94805  
11467.02736  
11468.36515  
11478.24345  
11528.8957  
11515.80943  
11484.62498  
11427.42504  
11502.42152  
11509.80321  
11526.92854  
11513.86258  
11472.95314  
11518.55163  
11507.74624  
11480.76611  
11465.37736  
11481.23491  
11389.30192  
11448.02463  
11444.20561  
11461.45685  
11447.82793  
11475.96857  
11498.44678  
11507.12947  
11502.29325  
11471.85547  
11504.52203  
11444.16921  
11496.49135  
11485.14707  
11480.6613  
11457.21688  
11500.05984  
11474.11944  
11440.9682  
11503.18371  
11469.16232  
11484.62269  
11440.26292  
11441.31539  
11456.62212  
11490.92173  
11497.74054  
11496.72769  
11535.37496  
11465.93777  
11432.22961  
11455.49252  
11465.09017  
11459.57801  
11480.4204  
11483.73742  
11455.05577  
11438.88816  
11468.71826  
11509.5482  
11479.85392  
11483.58782  
11476.01012  
11480.92489  
11430.45733  
11501.13076  
11511.25847  
11558.38041  
11515.78666  
11475.26435  
11454.06759  
11459.66784  
11424.21447  
11456.23934  
11433.70266  
11419.47535  
11451.96133  
11520.01512  
11368.85137  
11441.053  
11479.84276  
11497.01539  
11490.82331  
11451.49908  
11472.90501  
11528.2404  
11526.9821  
11506.07966  
11506.3205  
11471.57191  
11509.55278  
11523.14439  
11488.51945  
11485.03593  
11500.76593  
11498.66318  
11476.52606  
11452.46781  
11444.8869  
11486.23451  
11471.84675  
11515.0006  
11500.12575  
11499.39722  
11463.15898  
11484.36602  
11465.6689  
11474.87343  
11439.39408  
11451.8121  
11419.82439  
11440.64105  
11473.06629  
11488.85469  
11467.49424  
11432.02527  
11510.68159  
11521.65428  
11554.31079  
11494.44027  
11427.46215  
11437.36159  
11531.40955  
11505.73536  
11445.78941  
11471.56544  
11481.89834  
11454.47147  
11425.06519  
11453.38666  
11472.22786  
11478.72749  
11457.74518  
11485.64921  
11484.66132  
11512.2094  
11478.69443  
11457.17702  
11472.80101  
11496.38556  
11495.05291  
11471.50401  
11459.15352  
11461.9744  
11454.16465  
11502.88363  
11530.58679  
11501.2741  
11493.54795  
11439.15012  
11481.20998  
11437.36671  
11431.97555  
11441.4648  
11452.14277  
11483.13745  
11536.32291  
11499.82534  
11497.58696  
11485.82292  
11454.79081  
11446.96425  
11435.93446  
11424.93612  
11417.62589  
11456.95803  
11463.95324  
11472.00812  
11475.85603  
11511.62825  
11527.27477  
11552.47846  
11479.15294  
11458.00414  
11423.58706  
11496.12246  
11512.66229  
11531.45473  
11497.07106  
11501.77059  
11495.38914  
11511.29701  
11533.71395  
11520.09373  
11511.90269  
11443.99979  
11421.56874  
11436.3776  
11447.97593  
11445.9967  
11432.61065  
11505.12482  
11499.45544  
11471.73769  
11486.34791  
11495.86725  
11458.72661  
11485.13249  
11526.71678  
11500.70374  
11469.5991  
11490.27945  
11485.30887  
11487.84706  
11473.84889  
11500.39041  
11542.64026  
11475.83011  
11419.62862  
11446.1795  
11468.7148  
11503.29767  
11441.45823  
11450.85611  
11496.14457  
11459.96627  
11451.32065  
11464.08252  
11475.38123  
11442.88664  
11453.72959  
11504.59269  
11514.81641  
11435.06893  
11461.23191  
11489.98102  
11489.7056  
11520.0723  
11503.10737  
11479.05569  
11459.47949  
11476.49213  
11451.65696  
11486.65336  
11478.78255  
11524.1187  
11512.47093  
11491.09954  
11453.07353  
11451.91804  
11383.13442  
11521.78685  
11466.02715  
11494.36359  
11421.5825  
11416.2126  
11388.25805  
11407.93097  
11455.82939  
11435.53245  
11454.48043  
11432.03673  
11467.3896  
11447.77032  
11486.31071  
11466.51446  
11512.36255  
11539.50143  
11515.85403  
11474.83893  
11447.97461  
11498.91968  
11487.38951  
11506.44729  
11500.02733  
11456.62461  
11446.98865  
11511.25088  
11509.65307  
11502.70946  
11501.163  
11525.31406  
11509.15315  
11493.08571  
11551.11548  
11546.66827  
11500.41687  
11501.25867  
11481.5063  
11449.68347  
11477.53787  
11521.63684  
11525.39883  
11481.75308  
11424.4533  
11439.27533  
11453.46352  
11471.06556  
11539.27117  
11508.9217  
11521.41978  
11495.41081  
11480.05858  
11428.30822  
11435.30453  
11473.66768  
11476.82853  
11474.13276  
11487.59448  
11537.43588  
11487.45037  
11462.55799  
11488.99433  
11509.38892  
11467.3184  
11422.98859  
11449.50487  
11443.76264  
11408.20533  
11402.6125  
11388.71347  
11384.89353  
11441.68586  
11458.9367  
11447.09396  
11463.7949  
11454.82685  
11501.29871  
11496.03114  
11450.15805  
11421.68552  
11494.98859  
11527.17161  
11499.55127  
11552.68658  
11507.49007  
11474.20265  
11528.91825  
11536.84735  
11562.36769  
11564.17089  
11517.27344  
11430.61728  
11512.45382  
11505.04204  
11500.57982  
11522.15295  
11451.64947  
11477.51885  
11533.53144  
11550.35074  
11467.75394  
11482.27272  
11412.30371  
11427.99287  
11466.69818  
11472.21733  
11452.23599  
11478.09206  
11535.31445  
11461.89647  
11441.57506  
11410.76848  
11421.40574  
11435.18634  
11503.20444  
11461.90284  
11464.07272  
11471.0328  
11463.73414  
11500.16173  
11506.57418  
11561.43222  
11515.44387  
11501.71762  
11511.22285  
11467.08353  
11472.9697  
11467.93538  
11409.18218  
11431.50863  
11434.2877  
11469.23773  
11469.57174  
11451.03532  
11450.73473  
11490.45047  
11527.24582  
11457.9193  
11437.6971  
11435.42999  
11438.45714  
11445.76502  
11475.13681  
11405.04396  
11428.97075  
11417.05106  
11468.45821  
11464.5125  
11490.55577  
11461.24849  
11493.42751  
11486.02672  
11537.84469  
11521.26071  
11421.16018  
11379.38197  
11436.90768  
11408.98777  
11431.8061  
11445.53954  
11527.10299  
11506.45011  
11609.9756  
11535.27806  
11549.10121  
11506.68613  
11465.1031  
11467.87895  
11453.07525  
11439.24781  
11446.82048  
11448.56555  
11471.08423  
11442.626  
11440.5668  
11447.26661  
11502.10221  
11508.43655  
11499.08259  
11504.19294  
11484.48701  
11504.84199  
11501.84979  
11444.07841  
11446.6164  
11487.66462  
11451.77793  
11441.08094  
11457.76939  
11484.88201  
11467.35347  
11479.07156  
11459.7496  
11506.92653  
11540.18194  
11521.15847  
11450.37575  
11458.98183  
11527.31043  
11468.93736  
11473.82393  
11447.06569  
11434.7725  
11450.82992  
11453.78868  
11437.28684  
11459.25557  
11454.41069  
11508.0987  
11424.66684  
11494.12781  
11478.08079  
11486.3944  
11532.12457  
11518.76741  
11502.88928  
11527.72516  
11469.51012  
11476.05055  
11520.68919  
11493.01476  
11489.56749  
11504.30061  
11444.8574  
11448.92823  
11490.08346  
11486.3834  
11478.69559  
11509.07754  
11478.93188  
11523.20368  
11492.96143  
11520.05244  
11501.40394  
11445.36246  
11417.19781  
11424.92151  
11467.18618  
11479.14209  
11536.62213  
11473.32601  
11478.62132  
11480.86213  
11539.73939  
11490.04715  
11509.42276  
11478.93164  
11490.78842  
11485.95638  
11491.848  
11523.47874  
11451.67097  
11409.89837  
11484.30351  
11477.53967  
11487.01672  
11480.53281  
11465.66537  
11456.95332  
11498.49135  
11437.29377  
11453.39654  
11458.07068  
11418.14693  
11452.40321  
11443.59575  
11474.41478  
11514.39889  
11474.40832  
11504.83067  
11449.02071  
11495.81518  
11499.081  
11444.17033  
11419.19107  
11437.08046  
11411.42654  
11430.00071  
11442.09837  
11476.8157  
11496.8597  
11500.85437  
11474.91502  
11438.38668  
11509.61551  
11471.40358  
11440.59605  
11454.88566  
11487.0313  
11504.71156  
11571.09118  
11509.31855  
11503.00753  
11529.98085  
11524.54892  
11513.50956  
11510.71584  
11559.59607  
11493.68521  
11456.86906  
11458.01905  
11497.52181  
11463.49873  
11490.48209  
11514.80095  
11487.06321  
11418.33852  
11448.49341  
11460.50997  
11444.29955  
11468.07333  
11460.79163  
11456.67954  
11449.21706  
11504.94275  
11488.73505  
11479.57615  
11460.99524  
11456.27178  
11407.64966  
11463.33051  
11508.5566  
11510.40727  
11539.74048  
11473.41033  
11443.73996  
11530.46381  
11459.81658  
11487.05075  
11433.35814  
11438.12214  
11495.71883  
11460.19282  
11469.54567  
11477.71898  
11479.76154  
11498.24672  
11516.99115  
11554.0711  
11490.76204  
11434.53547  
11433.44522  
11434.9043  
11443.87122  
11424.42398  
11421.05933  
11441.09953  
11494.48908  
11469.49189  
11451.77131  
11471.39091  
11486.76664  
11439.53071  
11494.19677  
11450.49359  
11465.01772  
11431.12122  
11463.49533  
11465.71215  
11446.67765  
11451.73686  
11487.85704  
11501.2375  
11523.08146  
11467.00025  
11454.62515  
11450.72854  
11427.84776  
11472.87218  
11475.0122  
11451.66937  
11518.83085  
11531.13754  
11479.17702  
11555.7884  
11539.81805  
11551.97622  
11469.44418  
11428.92925  
11396.28594  
11476.18419  
11447.53088  
11469.90245  
11448.46787  
11503.90411  
11521.8397  
11494.49228  
11518.29558  
11545.98722  
11458.37168  
11460.92712  
11503.40189  
11460.30183  
11460.79741  
11479.21494  
11469.68849  
11449.4979  
11490.6709  
11486.10431  
11539.70361  
11520.58128  
11495.42354  
11459.657  
11441.59579  
11459.25969  
11468.27638  
11469.09483  
11495.51751  
11547.16984  
11441.42746  
11397.75603  
11412.92073  
11421.96623  
11424.28645  
11420.62396  
11444.08534  
11437.95046  
11466.59306  
11462.62749  
11469.67795  
11464.39133  
11523.50382  
11462.83637  
11466.73827  
11521.70555  
11533.27396  
11509.61422  
11443.36428  
11511.86004  
11508.64229  
11445.07487  
11467.84061  
11453.65927  
11459.79502  
11420.51085  
11405.18558  
11450.94619  
11399.45146  
11491.06162  
11485.63243  
11502.47049  
11486.02395  
11437.22135  
11455.64118  
11544.33379  
11509.05938  
11479.36859  
11454.85321  
11553.84573  
11518.89059  
11493.87976  
11471.94712  
11497.17352  
11510.3707  
11524.41084  
11485.00729  
11452.22947  
11453.2562  
11510.41978  
11475.81769  
11491.00779  
11258.06221  
11532.06074  
11493.93701  
11495.1994  
11305.19596  
11507.0106  
11515.60128  
11516.91993  
11475.39994  
11446.62695  
11495.56062  
11503.17831  
11542.58949  
11572.82278  
11527.30061  
11499.21208  
11468.53194  
11462.11918  
11482.16719  
11449.89483  
11393.79259  
11456.72969  
11488.39178  
11466.49882  
11455.1286  
11452.56039  
11435.95131  
11486.44086  
11463.57172  
11482.10399  
11464.1883  
11502.89566  
11525.35176  
11478.7096  
11493.66825  
11519.82944  
11575.30026  
11499.9624  
11467.16885  
11486.09206  
11405.04212  
11440.91891  
11467.32759  
11458.02878  
11554.15114  
11528.18917  
11493.96725  
11467.98891  
11483.62582  
11411.95864  
11421.12639  
11427.75572  
11477.81425  
11473.74274  
11512.20466  
11537.37901  
11560.99671  
11519.59938  
11516.31779  
11456.91764  
11487.62532  
11520.63288  
11529.81131  
11531.41356  
11534.91845  
11509.32079  
11465.555  
11472.65985  
11439.0955  
11433.26833  
11430.88586  
11414.62209  
11462.15627  
11425.24059  
11448.3109  
11415.76331  
11434.15144  
11470.7342  
11441.05828  
11516.54442  
11551.05827  
11466.43182  
11447.38887  
11404.71072  
11423.1046  
11425.43623  
11447.28138  
11481.93303  
11442.88338  
11493.88343  
11525.23956  
11494.88217  
11478.06829  
11454.00285  
11495.69192  
11507.68236  
11509.0376  
11469.2682  
11502.33229  
11458.01227  
11517.9334  
11460.40069  
11498.70983  
11478.37171  
11454.17311  
11441.20203  
11514.53697  
11501.49234  
11495.11947  
11460.08587  
11513.04169  
11498.69992  
11506.33909  
11521.42276  
11510.62354  
11510.62829  
11475.12544  
11467.84632  
11452.94972  
11463.81849  
11484.29385  
11452.45372  
11453.1782  
11493.43051  
11513.05572  
11454.88973  
11411.52163  
11652.3695  
11523.75872  
11557.78324  
11402.25437  
11401.31656  
11459.37084  
11509.15646  
11503.2193  
11493.1222  
11433.20128  
11451.40008  
11415.60132  
11434.68347  
11443.50667  
11390.67036  
11444.25411  
11455.0802  
11485.5423  
11468.77917  
11472.119  
11475.70845  
11503.02152  
11484.91028  
11491.06922  
11434.13873  
11480.47944  
11478.3909  
11450.08543  
11504.96365  
11498.26578  
11477.52532  
11479.61113  
11493.38742  
11403.11033  
11417.62305  
11564.80855  
11505.21648  
11465.42222  
11437.00373  
11465.74744  
11525.06217  
11521.51772  
11474.85908  
11420.48935  
11491.85828  
11471.12705  
11498.92883  
11508.49374  
11466.15371  
11510.46174  
11509.08849  
11513.58609  
11552.59811  
11461.80323  
11509.32552  
11496.8143  
11463.30404  
11460.37955  
11447.11331  
11400.3266  
11474.73697  
11442.2943  
11479.42174  
11492.69699  
11517.20118  
11482.77668  
11421.60897  
11472.49425  
11448.49276  
11498.5016  
11429.63148  
11477.6172  
11488.47478  
11572.95777  
11527.32924  
11482.96699  
11448.754  
11443.72647  
11478.84446  
11464.2692  
11471.98776  
11461.62306  
11457.7217  
11539.43327  
11564.13471  
11503.75662  
11471.75692  
11463.46963  
11534.65053  
11530.42907  
11508.86228  
11489.84163  
11524.3586  
11450.17918  
11382.74798  
11408.6693  
11434.11875  
11416.53637  
11386.15087  
11394.04961  
11441.48997  
11461.76557  
11494.54733  
11482.92214  
11481.45127  
11519.05284  
11486.19185  
11498.76732  
11521.23191  
11530.84036  
11507.76742  
11465.62294  
11518.1698  
11525.05622  
11495.63432  
11454.00513  
11471.57666  
11459.69219  
11475.76688  
11525.07331  
11432.99244  
11488.99416  
11450.0693  
11445.69104  
11463.78926  
11473.73641  
11466.28144  
11487.2261  
11523.69223  
11541.92209  
11472.40309  
11546.16372  
11519.38814  
11468.10462  
11409.09993  
11446.72052  
11516.92109  
11494.41234  
11476.43902  
11462.10935  
11452.64165  
11429.5951  
11468.90746  
11438.92616  
11492.71195  
11489.80872  
11467.75884  
11459.22099  
11447.99343  
11481.32712  
11497.92923  
11456.98067  
11449.05743  
11463.94885  
11526.46059  
11496.2992  
11417.91904  
11490.54774  
11545.0729  
11501.61217  
11492.18149  
11501.9546  
11506.55042  
11492.48141  
11447.39789  
11438.86234  
11473.04153  
11453.86485  
11486.16627  
11466.99243  
11458.92209  
11465.99728  
11452.15823  
11485.4239  
11468.31229  
11481.34995  
11470.59255  
11465.62774  
11500.1807  
11519.05912  
11541.79685  
11513.0701  
11430.61751  
11457.49796  
11491.91329  
11494.40445  
11480.87794  
11460.4246  
11450.02409  
11457.69919  
11509.44898  
11514.47785  
11506.55699  
11506.89334  
11510.85664  
11433.99382  
11460.72861  
11523.18012  
11549.83992  
11495.16136  
11491.06466  
11497.40459  
11473.2787  
11501.68402  
11543.89778  
11490.47204  
11456.12824  
11520.19752  
11477.3434  
11329.21265  
11490.71084  
11497.31685  
11520.20571  
11384.62155  
11434.87268  
11534.03523  
11473.38867  
11421.01954  
11441.78519  
11476.41537  
11464.80888  
11483.35524  
11490.98149  
11391.99526  
11368.38667  
11442.40256  
11415.43713  
11446.42709  
11480.80347  
11467.67916  
11533.23015  
11476.89977  
11484.34594  
11462.48667  
11492.50726  
11495.95752  
11455.86327  
11484.4019  
11511.44303  
11500.43021  
11534.31399  
11494.5641  
11532.77279  
11471.86791  
11571.21409  
11532.89514  
11501.17627  
11487.07115  
11397.27767  
11458.46895  
11451.53703  
11396.53326  
11412.14877  
11445.37238  
11479.99962  
11492.79793  
11517.19218  
11476.56226  
11453.34031  
11516.34078  
11484.19404  
11471.02197  
11448.94126  
11506.15339  
11479.02668  
11459.09527  
11472.24114  
11480.25861  
11498.05459  
11450.82722  
11442.44748  
11466.01917  
11466.92264  
11463.10003  
11472.42309  
11480.5342  
11489.9233  
11491.52702  
11471.34111  
11471.92278  
11430.05352  
11439.5829  
11445.04573  
11440.1721  
11425.59655  
11467.07259  
11465.20383  
11424.79259  
11408.34063  
11485.55532  
11528.03576  
11511.79493  
11438.74316  
11414.46234  
11421.11208  
11484.37752  
11497.16057  
11519.69113  
11480.89164  
11471.67457  
11470.06167  
11454.13405  
11478.26002  
11553.96605  
11541.60645  
