9302.728895  
9211.207357  
9119.129268  
9223.51577  
9184.09347  
9223.374937  
9143.96488  
9116.623815  
9138.308458  
9061.924669  
9053.664704  
9061.632776  
9089.209843  
9112.502821  
9202.850025  
9120.646394  
9140.879648  
9195.715522  
9102.024387  
9286.934019  
9169.334292  
9283.599112  
9196.724953  
9237.246636  
9185.798457  
9213.969311  
9192.503011  
9072.937636  
9081.569924  
9052.277027  
9121.193459  
9032.473723  
9052.870895  
9064.788592  
9114.642877  
9144.668095  
9192.926776  
9169.054398  
9224.580621  
9121.002342  
9183.448532  
9250.196985  
9231.053512  
9297.773808  
9203.647886  
9162.930682  
9134.481246  
9099.649541  
9106.400445  
9137.781096  
9164.491708  
9272.061496  
9174.708713  
9266.165003  
9196.421432  
9208.747893  
9111.429326  
9107.94213  
9046.874485  
9141.194842  
9161.030744  
9118.789198  
9103.407615  
9084.706986  
9144.220179  
9108.820747  
9213.271114  
9277.911088  
9332.026458  
9282.911268  
9144.479149  
9148.101852  
9155.055302  
9203.515598  
9106.910871  
9078.371437  
9085.482612  
9027.502523  
9068.012668  
9036.815502  
9057.691732  
9144.728507  
9128.701199  
9163.176242  
9191.456434  
9257.883563  
9292.021756  
9290.401521  
9170.146222  
9041.382885  
9031.98952  
9076.875805  
9002.205132  
9085.576732  
9098.448134  
9121.599926  
9142.471933  
9171.138717  
9251.595079  
9269.378653  
9287.172589  
9246.82364  
9211.207972  
9044.047219  
9117.356373  
9110.246772  
9117.792037  
9157.910925  
9070.381456  
9137.813513  
9252.954328  
9315.751709  
9350.922933  
9326.466697  
9085.606789  
9032.027389  
9041.966037  
9120.979772  
9159.400807  
9194.865641  
9224.705566  
9191.326434  
9212.2043  
9040.35886  
9121.909722  
9182.079038  
9317.488634  
9288.008084  
9261.269938  
9177.535988  
9193.699101  
9111.705557  
9128.019034  
9067.668276  
9145.53418  
9110.483245  
9134.180501  
9092.219636  
9165.550139  
9144.826425  
9173.958171  
9140.060348  
9212.461905  
9268.194372  
9155.929027  
9207.742486  
9174.674669  
9222.660301  
9154.635851  
9111.404451  
9036.532624  
9045.829038  
9056.542173  
9109.666196  
9148.484899  
9104.501971  
9154.12538  
9146.197636  
9171.550031  
9175.068857  
9195.315936  
9109.710558  
9097.32232  
9061.468849  
9162.378346  
9204.776403  
9243.878219  
9296.26303  
9166.154948  
9160.787878  
9073.001763  
9170.023926  
9216.451796  
9287.96932  
9295.41427  
9288.371193  
9230.152669  
9186.558169  
9166.686198  
9166.999023  
9210.910129  
9069.880037  
9114.377134  
9109.080241  
9227.933621  
9241.283285  
9213.97725  
9140.721155  
9104.882632  
9107.934634  
9140.26227  
9178.021313  
9161.177725  
9162.088524  
9143.772226  
9288.086136  
9267.349121  
9291.659912  
9275.151403  
9184.750823  
9078.938612  
9042.827212  
9130.368833  
9124.029206  
9180.245605  
9080.531729  
9105.616934  
9116.402036  
9076.200014  
9103.032416  
9187.765082  
9240.306975  
9234.929208  
9196.989945  
9127.330476  
9226.410843  
9184.90748  
9217.121681  
9147.439507  
9167.325403  
9106.98216  
9114.451145  
9156.747043  
9193.347783  
9236.009106  
9191.34158  
9177.852087  
9147.994973  
9058.414822  
9045.294949  
9152.108543  
9164.278384  
9209.264594  
9159.595549  
9148.998345  
9081.513319  
9188.184887  
9161.415464  
9226.476309  
9212.157208  
9246.136882  
9206.115795  
9082.073522  
9175.807427  
9157.239737  
9247.34923  
9201.229293  
9177.089591  
9143.262189  
9129.889486  
9170.606237  
9152.292209  
9205.874955  
9259.050474  
9248.422309  
9259.761565  
9157.417001  
9163.667815  
9142.856463  
9174.821425  
9158.635769  
9128.353235  
9207.176414  
9079.755181  
9072.606165  
9108.891873  
9197.875877  
9200.303123  
9172.050474  
9051.826588  
9128.095911  
9114.388744  
9150.389603  
9153.624023  
9213.321723  
9197.754901  
9231.597855  
9180.277859  
9146.806107  
9131.029704  
9183.518944  
9280.354601  
9283.990298  
9330.376103  
9269.978488  
9260.385869  
9107.101128  
9069.070213  
8957.158393  
9107.793104  
9132.441687  
9272.158773  
9166.610623  
9132.929389  
9139.89426  
9221.158013  
9230.380136  
9343.935701  
9249.675609  
9119.522226  
9170.435538  
9088.863236  
9161.432183  
9143.39341  
9160.34148  
9146.649025  
9060.564209  
9067.02521  
9066.536431  
9101.815204  
9189.05957  
9216.621293  
9094.04617  
9028.086806  
9077.297806  
9146.040102  
9177.110315  
9221.733986  
9179.320159  
9208.909605  
9141.198134  
9172.339672  
9079.786232  
8996.272949  
9034.57779  
9112.501953  
9183.809037  
9256.459256  
9163.888464  
9158.927554  
9113.684697  
9069.88633  
9083.033646  
9042.292942  
9079.262822  
9060.570964  
9127.083822  
9186.600505  
9212.893347  
9236.150165  
9186.197636  
9186.648682  
9126.25387  
9152.550962  
9229.68826  
9276.805429  
9289.332284  
9241.231274  
9202.294994  
9104.143907  
9013.494611  
9039.224094  
9024.705702  
9060.743634  
9049.646421  
9045.034379  
9029.467276  
9083.226572  
9136.05108  
9098.328152  
9166.04985  
9182.693775  
9288.664415  
9302.802988  
9240.271258  
9146.449409  
9136.628156  
9056.82005  
9106.699879  
9111.623761  
9134.907914  
9050.907281  
9082.224392  
9118.72102  
9210.68693  
9242.92372  
9262.363923  
9240.063097  
9133.516819  
9110.000814  
9140.648492  
9186.175094  
9228.947049  
9224.03625  
9201.919009  
9077.031033  
9061.144938  
9023.121058  
9085.652109  
9118.702745  
9085.294642  
9102.92249  
9090.789234  
9111.216155  
9159.945439  
9249.329192  
9190.493896  
9204.421025  
9247.585956  
9179.01133  
9114.94184  
9196.199861  
9212.202447  
9278.830711  
9238.500687  
9302.211589  
9202.750072  
9168.229791  
9136.185149  
9108.195602  
9160.660654  
9185.667236  
9350.337538  
9285.08818  
9383.863363  
9229.522479  
9239.09526  
9138.718488  
9182.992197  
9161.042318  
9135.333406  
9115.251094  
9087.284722  
9081.480559  
9127.053015  
9148.134693  
9145.321488  
9250.174868  
9273.00774  
9255.237359  
9190.194291  
9133.498861  
9141.290202  
9170.03314  
9206.109474  
9220.714473  
9173.244412  
9223.623852  
9180.027986  
9114.484276  
9028.145915  
9045.658402  
9047.379693  
9168.65899  
9107.781178  
9119.999756  
9133.218036  
9127.893989  
9242.423557  
9260.83752  
9403.346806  
9355.155246  
9265.052752  
9098.17485  
9143.387596  
9071.893663  
9088.994864  
9194.607865  
9209.121419  
9273.31854  
9091.312391  
9159.155084  
9120.875  
9195.744493  
9163.494132  
9153.840142  
9123.607639  
9160.044045  
9191.697012  
9196.351083  
9140.743544  
9108.537959  
9029.982539  
9081.568676  
9045.608145  
9127.680402  
9207.863046  
9189.220649  
9170.468949  
9146.977331  
9137.840061  
9146.895146  
9162.602557  
9181.994774  
9231.397172  
9217.524785  
9111.302481  
9085.7618  
9152.526819  
9186.185556  
9179.61376  
9220.378825  
9194.901385  
9239.900544  
9201.16663  
9168.477629  
9155.301034  
9125.325738  
9127.295654  
9139.969501  
9131.80278  
9204.479293  
9196.648365  
9231.233787  
9197.181948  
9171.255769  
9173.897226  
9148.632198  
9177.3261  
9164.895155  
9113.714708  
9117.609737  
9153.59413  
9188.145336  
9151.245443  
9172.13303  
9125.312509  
9139.640082  
9142.591417  
9168.54333  
9161.015797  
9181.647018  
9179.020047  
9147.598154  
9174.802309  
9090.60413  
9075.997541  
9099.06458  
9138.788574  
9128.558286  
9209.729574  
9126.621455  
9165.847493  
9077.580639  
9152.748499  
9214.552183  
9218.960314  
9153.162552  
9099.030572  
9126.500145  
9111.398474  
9078.247387  
9102.716643  
9077.437762  
9116.262216  
9174.695204  
9182.322175  
9263.964292  
9312.446542  
9259.045736  
9206.39284  
9122.84507  
9142.533782  
9152.039867  
9239.156829  
9199.520246  
9245.697853  
9136.371627  
9165.727394  
9200.983163  
9266.612061  
9290.041848  
9292.502071  
9208.401042  
9108.961851  
9090.493887  
9110.559254  
9133.067799  
9156.068359  
9190.931207  
9156.012894  
9099.005977  
9063.048955  
9056.159469  
9143.980134  
9145.003753  
9181.164072  
9196.6351  
9112.832167  
9090.619123  
9050.584066  
9072.375262  
9142.63369  
9092.642786  
9113.248716  
9144.510037  
9223.384784  
9262.695575  
9194.256194  
9204.913122  
9119.848705  
9181.918303  
9162.573966  
9144.699843  
9204.231888  
9183.686677  
9245.449219  
9217.782932  
9202.917842  
9173.035726  
9139.49698  
9165.458143  
9197.447094  
9301.223985  
9253.74641  
9243.22281  
9214.093904  
9117.224817  
9074.549995  
9091.395381  
9086.175908  
9161.451127  
9256.545473  
9224.808241  
9187.073559  
9170.889676  
9108.632876  
9077.055655  
9032.883337  
9096.354176  
9036.35914  
9090.84451  
9263.322989  
9182.034071  
9259.646584  
9276.140652  
9266.261041  
9163.710621  
9119.118264  
9124.386032  
9098.606916  
9091.341706  
9109.649287  
9159.774767  
9150.38916  
9097.37122  
9118.93769  
9163.027416  
9157.630398  
9202.088017  
9163.836616  
9205.530192  
9140.374105  
9226.93363  
9201.568522  
9161.545763  
9131.938106  
9060.813621  
9043.998282  
9103.793394  
9149.661051  
9156.1673  
9119.702157  
9117.876148  
9203.648962  
9227.380959  
9395.089319  
9317.31864  
9268.218614  
9181.867866  
9020.062328  
9039.362314  
9016.240153  
9078.073188  
9115.194598  
9095.736238  
9146.110686  
9155.991392  
9103.350387  
9155.247739  
9117.98697  
9152.856897  
9203.783809  
9230.683069  
9185.115795  
9113.934435  
9104.616292  
9183.094238  
9239.183341  
9255.256981  
9171.081263  
9129.780617  
9087.74603  
9073.178973  
9085.310773  
9209.346725  
9284.830747  
9308.154514  
9248.587411  
9114.858878  
9085.565782  
9098.596399  
9101.012822  
9204.463795  
9219.829979  
9266.008807  
9263.504304  
9142.138355  
9059.263156  
9025.079418  
9079.004512  
9066.411865  
9143.184118  
9190.685041  
9228.623725  
9212.529695  
9184.076127  
9266.738607  
9249.916694  
9227.471182  
9159.135896  
9147.791911  
9099.72187  
9124.597647  
9083.006158  
9073.151367  
9039.660156  
9078.164008  
9120.204093  
9106.845884  
9195.973633  
9191.021466  
9169.100604  
9202.416685  
9240.825783  
9273.96431  
9286.036033  
9184.251709  
9147.826814  
9141.380317  
9192.558657  
9175.755507  
9163.739375  
9206.210938  
9161.941515  
9151.503581  
9111.117178  
9166.748164  
9156.836155  
9169.895625  
9210.928367  
9135.906422  
9143.258183  
9059.790184  
9108.36613  
9145.44165  
9172.039632  
9178.889893  
9223.92211  
9224.119692  
9148.494394  
9168.013672  
9148.87623  
9115.841634  
9108.102431  
9121.031286  
9236.762225  
9232.231644  
9203.163041  
9209.270725  
9244.310511  
9202.134042  
9163.282245  
9166.892578  
9127.930013  
9175.518292  
9167.118924  
9151.895643  
9160.140336  
9180.810628  
9126.984836  
9129.382478  
9058.312464  
9104.330575  
9109.611039  
9133.263184  
9220.339066  
9257.28106  
9245.13236  
9169.531006  
9205.632812  
9136.725875  
9163.744954  
9144.038158  
9122.49594  
9193.395128  
9221.124937  
9224.81647  
9229.057626  
9140.996067  
9112.472729  
9105.651458  
9106.516294  
9091.982585  
9154.590983  
9257.943387  
9281.483317  
9297.190439  
9127.78182  
9077.197419  
9058.758183  
9062.036838  
9098.464726  
9164.229836  
9234.515806  
9222.22168  
9132.918909  
9147.026042  
9120.817518  
9082.282615  
9082.429868  
9121.173114  
9139.248996  
9122.189833  
9188.690394  
9220.43391  
9308.654532  
9269.957872  
9182.857838  
9086.749873  
9168.772615  
9084.053304  
9144.96705  
9061.900571  
9140.07175  
9192.504476  
9226.240904  
9249.626619  
9196.487938  
9108.157416  
9030.042182  
9120.222349  
9154.404975  
9160.18807  
9289.082845  
9252.132776  
9244.780943  
9253.32657  
9173.480315  
9135.862223  
9153.104076  
9157.439381  
9224.821153  
9257.428756  
9182.833813  
9173.453631  
9216.946895  
9181.000904  
9132.428602  
9126.766882  
9163.073251  
9173.222493  
9277.42381  
9240.466227  
9220.766647  
9145.192998  
9083.063856  
9088.616157  
9099.094889  
9157.220712  
9124.449174  
9176.144016  
9056.964066  
9066.420003  
9059.194517  
9094.555736  
9112.419705  
9147.96828  
9160.245081  
9193.126402  
9175.294723  
9162.57779  
9178.595821  
9183.140743  
9181.299606  
9148.355948  
9142.087149  
9206.909451  
9187.670989  
9235.008653  
9247.793014  
9241.70855  
9200.190457  
9169.193314  
9052.099618  
9055.956742  
9111.506935  
9171.900128  
9235.941045  
9225.958641  
9257.842755  
9236.953695  
9173.533755  
9175.372911  
9075.208487  
9102.477901  
9197.854854  
9242.949038  
9222.411856  
9229.081534  
9123.544352  
9060.046468  
9081.788773  
9131.856156  
9165.230297  
9206.095016  
9222.283854  
9165.516032  
9102.93514  
9059.198179  
9080.379521  
9097.459871  
9062.860894  
9119.217484  
9163.328252  
9236.994439  
9176.340097  
9160.085612  
9179.598081  
9179.652398  
9164.365289  
9152.606436  
9223.487296  
9243.482422  
9269.304724  
9202.96412  
9123.7989  
9059.982368  
9175.742486  
9359.9543  
9227.392551  
9148.926034  
9137.226002  
9132.005462  
9041.169235  
9075.518898  
9096.334147  
9115.631067  
9136.689634  
9144.936641  
9104.851192  
9134.117721  
9137.072555  
9201.281937  
9260.647009  
9262.893356  
9200.706715  
9152.177526  
9120.409125  
9081.217213  
9085.749557  
9090.677897  
9139.084446  
9091.875895  
9055.823043  
9086.233489  
9127.270761  
9197.375479  
9232.491744  
9242.949345  
9235.87632  
9208.029794  
9150.958957  
9150.502894  
9164.968379  
9158.053214  
9155.222267  
9146.234737  
9189.390887  
9168.293403  
9176.996139  
9082.995379  
9120.057735  
9091.951317  
9137.919063  
9180.888301  
9226.389612  
9271.142506  
9294.114746  
9227.995425  
9114.359981  
9092.128174  
9010.1757  
9019.970821  
9039.535174  
9113.174443  
9124.579282  
9180.127794  
9183.984854  
9238.740632  
9080.400318  
9120.993146  
9094.560502  
9104.618779  
9083.775219  
9035.813612  
9131.746284  
9167.42957  
9195.163411  
9190.889196  
9191.422725  
9222.711182  
9216.49707  
9255.475875  
9251.897515  
9300.078215  
9242.142831  
9118.673159  
9102.710259  
9091.696506  
9113.879431  
9077.005941  
9159.86207  
9178.661042  
9185.127007  
9175.513907  
9152.488118  
9162.829183  
9121.890019  
9160.440945  
9173.006583  
9150.197799  
9199.738598  
9147.963994  
9121.992522  
9102.629856  
9136.391213  
9122.757858  
9204.50113  
9165.106274  
9206.884323  
9137.839952  
9172.493734  
9117.586842  
9144.433693  
9188.130805  
9283.972394  
9293.529541  
9220.7906  
9256.231626  
9127.134006  
9073.543954  
9083.237793  
9155.313621  
9230.792055  
9229.683024  
9292.643302  
9246.824418  
9213.987802  
9096.522108  
9084.924063  
9069.482476  
9132.940945  
9175.015028  
9110.644739  
9060.527299  
9014.853561  
9021.46044  
9111.458243  
9155.288873  
9183.922689  
9188.586986  
9232.108308  
9159.552327  
9172.598298  
9230.412417  
9258.055519  
9208.213813  
9188.623463  
9190.214645  
9141.787715  
9172.741446  
9094.068169  
9142.077411  
9116.916169  
9145.16314  
9110.136258  
9142.283004  
9193.630127  
9177.481391  
9185.393925  
9070.957556  
9148.656729  
9204.89152  
9236.452167  
9219.475893  
9193.831489  
9169.101463  
9191.237314  
9177.578333  
9197.687437  
9199.044108  
9234.204536  
9216.474727  
9229.774794  
9109.141773  
9148.690927  
9104.134178  
9152.610478  
9117.345097  
9100.007903  
9129.838813  
9153.317925  
9113.835431  
9138.303132  
9145.710368  
9182.428973  
9188.337628  
9231.707339  
9193.586869  
9151.155047  
9157.961561  
9123.800239  
9140.300872  
9071.021936  
9121.940819  
9110.02795  
9199.661919  
9199.624195  
9252.449788  
9244.319842  
9244.795871  
9172.399351  
9148.333089  
9143.325033  
9118.896747  
9129.087728  
9140.077411  
9160.468669  
9053.832402  
9040.57543  
9059.118761  
9104.469003  
9201.518717  
9280.170528  
9212.07742  
9177.497134  
9154.864764  
9075.084717  
9154.278393  
9089.529713  
9194.170781  
9115.796577  
9145.52634  
9079.953396  
9071.838379  
9121.965649  
9125.62878  
9178.155934  
9173.48574  
9385.213298  
9294.812229  
9252.476011  
9124.149532  
9107.999792  
9100.511755  
9130.354782  
9188.36301  
9236.574553  
9194.300917  
9175.522018  
9087.957782  
9099.989574  
9098.5136  
9115.348886  
9094.046712  
9147.521439  
9171.106916  
9256.888862  
9226.740035  
9160.467954  
9141.39048  
9084.026991  
9090.923891  
9127.026024  
9132.924759  
9140.480586  
9108.670473  
9186.183485  
9304.767877  
9246.479691  
9309.815999  
9242.873924  
9208.045058  
9128.500244  
9058.099763  
9066.669831  
9084.653555  
9136.619493  
9174.308874  
9218.065059  
9172.261827  
9153.781313  
9114.992947  
9161.852611  
9180.446587  
9169.39171  
9147.550591  
9109.872658  
9098.054055  
9194.881673  
9233.184588  
9256.686261  
9258.814191  
9213.395327  
9129.589826  
9068.985198  
9038.797074  
9089.033275  
9098.280418  
9191.859673  
9222.783194  
9241.494086  
9238.574635  
9190.627206  
9195.766258  
9205.331281  
9194.932907  
9207.037308  
9201.402226  
9141.258039  
9188.139531  
9199.07987  
9172.838044  
9187.856934  
9205.328568  
9222.607105  
9195.931704  
9122.993643  
9064.057617  
9045.535545  
9096.109493  
9146.515182  
9220.599646  
9255.863742  
9260.731066  
9199.497667  
9208.148709  
9119.710024  
9112.24887  
9104.50651  
9184.085404  
9151.412616  
9238.626022  
9246.878789  
9191.732955  
9185.242694  
9137.962131  
9094.43854  
9093.734086  
9066.658447  
9096.080928  
9142.263355  
9174.351716  
9180.049344  
9208.282353  
9214.108037  
9135.696244  
9049.8446  
9133.968786  
9145.479646  
9132.688422  
9103.936433  
9111.682527  
9102.596173  
9142.903583  
9203.086896  
9173.800817  
9229.253852  
9171.997902  
9176.998454  
9135.096526  
9130.95006  
9178.007758  
9206.804018  
9197.311858  
9172.517931  
9227.738869  
9248.713632  
9252.70789  
9236.487458  
9254.553177  
9204.943911  
9151.674063  
9137.383961  
9118.390336  
9125.715829  
9218.275879  
9208.794967  
9207.045464  
9148.481038  
9069.510824  
9094.822428  
9148.89539  
9154.368146  
9130.361807  
9202.782941  
9183.648501  
9180.999087  
9168.797038  
9209.403583  
9173.001356  
9210.115225  
9156.672526  
9101.328568  
9060.870334  
9071.77795  
9119.441144  
9172.918719  
9219.984456  
9270.725251  
9288.024414  
9307.012035  
9342.083171  
9220.993951  
9154.167914  
9128.368924  
9062.92825  
9040.001519  
9022.483724  
9116.136339  
9131.672002  
9178.481319  
9236.264667  
9225.198568  
9194.798629  
9169.301523  
9153.927156  
9119.747323  
9115.942329  
9119.599637  
9101.570276  
9097.396502  
9117.246193  
9120.327248  
9158.617974  
9190.134621  
9171.703785  
9184.938196  
9152.236853  
9134.843641  
9090.305673  
9119.94609  
9183.477937  
9175.304959  
9159.545645  
9250.224121  
9190.344094  
9179.394007  
9203.253951  
9171.97734  
9149.643392  
9049.131935  
9159.526367  
9085.158474  
9148.763093  
9136.268871  
9151.419009  
9179.11509  
9201.301125  
9223.561279  
9212.191343  
9173.533384  
9131.049081  
9129.69468  
9164.470567  
9163.320701  
9145.977214  
9119.366573  
9143.414072  
9158.477159  
9198.008256  
9195.440837  
9197.44874  
9197.471146  
9145.151657  
9142.98263  
9108.53153  
9114.493625  
9136.158945  
9135.669289  
9150.470477  
9144.403682  
9206.876185  
9226.692889  
9275.983118  
9274.112811  
9238.903212  
9211.459102  
9128.335693  
9060.652886  
9093.248264  
9057.575548  
9138.743453  
9152.975315  
9207.546423  
9162.236925  
9175.218081  
9136.324409  
9197.309462  
9218.550212  
9225.332321  
9225.713388  
9235.227259  
9131.790645  
9116.022714  
9075.84573  
9114.615298  
9101.295265  
9149.069788  
9159.373707  
9107.811623  
9118.509657  
9133.999394  
9105.363779  
9147.637397  
9191.606283  
9275.514052  
9216.600306  
9206.196615  
9109.787037  
9071.729384  
9096.786558  
9119.379214  
9135.922707  
9230.163203  
9274.450222  
9256.339654  
9228.065782  
9225.961607  
9106.785003  
9171.504241  
9184.96884  
9197.4037  
9169.461589  
9174.335892  
9151.330277  
9031.232892  
9065.32846  
9054.485505  
9103.316207  
9142.715748  
9192.920157  
9215.617477  
9197.181505  
9159.282371  
9190.284677  
9143.788131  
9185.411992  
9138.015155  
9141.30721  
9132.588867  
9145.944725  
9162.076669  
9082.665039  
9124.62717  
9147.1942  
9202.51766  
9240.042806  
9198.167336  
9205.992721  
9163.10583  
9192.894387  
9136.130299  
9177.916594  
9136.069652  
9160.565936  
9141.831091  
9120.141656  
9127.527895  
9155.93476  
9194.299172  
9218.455756  
9258.807988  
9184.10782  
9215.364873  
9176.859547  
9179.203152  
9247.452863  
9204.760426  
9217.321416  
9211.372016  
9178.157706  
9073.951479  
9146.765806  
9178.499928  
9215.129214  
9211.876438  
9206.745334  
9165.707791  
9194.495642  
9214.33591  
9245.08875  
9199.987892  
9161.994005  
9103.323947  
9090.65663  
9047.993444  
9008.238326  
9049.553358  
9046.325855  
9126.693938  
9165.977901  
9214.178539  
9256.386375  
9193.116003  
9146.105053  
9083.449888  
9090.351653  
9053.22205  
9073.079255  
9168.159496  
9214.125687  
9256.964202  
9216.87226  
9264.701787  
9215.120732  
9167.009585  
9206.641303  
9106.390806  
9062.735858  
9104.961516  
9089.403673  
9159.195141  
9089.96554  
9152.729221  
9163.029134  
9233.961435  
9266.266683  
9285.898139  
9269.741139  
9226.521014  
9184.207709  
9098.51388  
9189.739195  
9108.851879  
9095.296929  
9114.147597  
9141.288448  
9110.775101  
9143.323206  
9144.533474  
9185.401005  
9173.28427  
9228.547436  
9207.352449  
9201.545419  
9158.92202  
9264.537697  
9218.889793  
9289.382894  
9284.693269  
9361.270092  
9328.068224  
9204.739927  
9155.754648  
9113.251664  
9009.853543  
9045.546785  
9038.971002  
9033.777299  
9017.005534  
9022.928033  
9065.417363  
9105.17966  
9174.190728  
9138.223479  
9185.32185  
9181.57902  
9157.690023  
9104.348949  
9146.492025  
9162.632306  
9117.121392  
9114.678006  
9171.839383  
9165.261312  
9212.363742  
9137.7281  
9208.65672  
9198.229013  
9239.777561  
9188.932011  
9208.589826  
9149.723705  
9168.456118  
9207.930637  
9201.512686  
9176.592312  
9156.044895  
9212.657986  
9214.043186  
9157.387695  
9110.377197  
9142.348145  
9076.941524  
9136.370886  
9186.597729  
9155.29079  
9132.048466  
9062.868173  
9135.78663  
9151.477096  
9167.449834  
9049.826823  
9097.741057  
9090.157272  
9048.137795  
9144.900906  
9182.969519  
9273.11896  
9346.174687  
9317.108055  
9242.282471  
9162.284605  
9131.462348  
9098.824246  
9053.692464  
9150.546658  
9179.402443  
9180.880425  
9175.106246  
9076.735849  
9120.32638  
9129.711037  
9198.814227  
9206.701742  
9301.540681  
9267.216851  
9290.141837  
9203.797607  
9120.417119  
9096.721499  
9128.076308  
9145.90115  
9206.351942  
9144.837014  
9176.13944  
9135.741193  
9201.619222  
9151.338099  
9273.76293  
9252.689761  
9310.246709  
9192.723145  
9205.124268  
9105.476626  
9102.425591  
9109.801134  
9170.108317  
9167.322908  
9145.935601  
9119.001745  
9047.968551  
9024.832474  
8994.006438  
9051.635471  
9008.176351  
9132.888093  
9079.543556  
9159.917146  
9124.94581  
9170.101743  
9187.963252  
9137.36018  
9274.704581  
9243.980975  
9265.100722  
9193.731861  
9178.33686  
9034.496681  
9037.053838  
9075.828586  
9089.481183  
9151.878418  
9164.921893  
9218.991925  
9246.541983  
9256.667399  
9216.932897  
9181.568215  
9211.537344  
9149.750687  
9142.343623  
9122.0219  
9129.034433  
9125.687428  
9137.910518  
9236.452845  
9282.060999  
9206.913755  
9168.744367  
9100.941442  
9113.852449  
9126.564869  
9187.36849  
9214.765399  
9162.314589  
9182.525255  
9159.854121  
9195.15625  
9172.1386  
9171.33714  
9029.264015  
8938.254413  
9029.557907  
9106.091508  
9153.327673  
9176.18382  
9160.713795  
9172.554235  
9185.78512  
9131.086968  
9141.352476  
9194.390435  
9211.559028  
9190.726517  
9167.146783  
9194.670256  
9137.737992  
9129.408456  
9117.317265  
9176.143003  
9166.254937  
9210.618508  
9240.674081  
9216.421224  
9189.357304  
9108.967909  
9098.355433  
9046.364185  
9048.752776  
9046.147416  
9096.57751  
9094.383093  
9140.510209  
9180.353326  
9191.809019  
9199.977367  
9179.913882  
9233.532923  
9302.797173  
9338.652154  
9270.619448  
9222.694173  
9133.077935  
9171.241374  
9172.326045  
9131.017524  
9109.158637  
9108.532869  
9150.951326  
9129.943287  
9195.380887  
9198.571741  
9186.895779  
9135.662335  
9136.506284  
9171.092412  
9074.443459  
9137.963569  
9084.51482  
9140.19534  
9162.122215  
9196.219799  
9149.218325  
9093.287444  
9175.971761  
9160.306831  
9211.625506  
9165.856825  
9204.579382  
9221.094953  
9141.651005  
9159.187355  
9235.786214  
9266.669226  
9208.260408  
9195.485279  
9105.621247  
9099.434697  
9065.425004  
9121.05466  
9171.592095  
9209.351092  
9256.493227  
9255.389874  
9256.237811  
9142.868598  
9129.339952  
9145.206371  
9137.375362  
9125.345595  
9205.191361  
9267.377848  
9193.128771  
9258.823613  
9140.727295  
9157.687844  
9156.670519  
9188.180863  
9171.13208  
9107.716598  
9153.36565  
9172.952311  
9204.588252  
9172.65984  
9104.948902  
9122.394857  
9074.602593  
9191.524098  
9202.547698  
9199.444463  
9182.790057  
9092.356816  
9115.750995  
9074.82628  
9164.859908  
9127.832782  
9177.199029  
9159.275761  
9178.844564  
9227.078007  
9218.583071  
9208.173566  
9202.793439  
9227.441298  
9244.350984  
9193.901928  
9171.802897  
9139.574825  
9137.990343  
9118.702167  
9095.744538  
9017.962285  
9027.711272  
9064.492115  
9052.572673  
9140.381384  
9202.186343  
9187.510842  
9177.737757  
9165.735098  
9150.845332  
9137.574933  
9132.795085  
9164.521765  
9205.479402  
9187.195005  
9158.959066  
9177.791965  
9194.412218  
9111.959301  
9089.562735  
9217.242405  
9224.063458  
9276.66173  
9270.610379  
9170.915726  
9185.30561  
9158.327944  
9146.544877  
9148.404297  
9141.291531  
9161.48055  
9156.203342  
9173.650725  
9171.601789  
9151.595396  
9253.104329  
9212.027398  
9217.961236  
9126.103  
9150.37406  
9126.68014  
9127.299199  
9195.654577  
9140.245687  
9147.25963  
9141.707592  
9155.855414  
9027.000452  
9128.148718  
9102.368634  
9131.584861  
9143.815448  
9173.868481  
9174.865008  
9194.91258  
9190.893528  
9194.56156  
9161.517207  
9216.839355  
9202.789605  
9241.68486  
9233.257216  
9156.443793  
9194.761493  
9216.745624  
9199.03786  
9145.316542  
9135.130923  
9116.166052  
9082.542055  
9116.812211  
9055.853832  
9064.900499  
9116.470983  
9072.038276  
9122.460097  
9177.213334  
9151.10725  
9178.030129  
9205.64747  
9176.002206  
9255.575132  
9266.511303  
9235.739629  
9132.51624  
9063.352901  
9067.61329  
9071.876004  
9152.487196  
9186.422336  
9217.978054  
9222.439263  
9216.697736  
9153.928132  
9153.70251  
9122.917019  
9112.546423  
9175.224058  
9178.322347  
9156.398853  
9142.75651  
9156.566768  
9156.386502  
9123.564562  
9072.101219  
9113.955783  
9180.198333  
9227.647913  
9175.931939  
9168.720341  
9180.309643  
9161.558838  
9101.35612  
9066.92645  
9034.632333  
9223.199074  
9238.255398  
9207.706199  
9213.452727  
9220.33516  
9131.519251  
9092.429859  
9064.771801  
9101.501646  
9078.786938  
9138.508454  
9117.942482  
9097.69383  
9144.530219  
9172.731147  
9242.063893  
9225.550646  
9230.654975  
9195.312545  
9193.316343  
9131.683377  
9165.905084  
9172.172011  
9200.847964  
9149.208975  
9155.299298  
9146.752116  
9225.238833  
9152.697727  
9189.809462  
9219.675483  
9221.638545  
9201.112802  
9152.783728  
9178.786305  
9103.881854  
9144.957601  
9240.999846  
9269.021087  
9213.15021  
9204.124168  
9131.252487  
9056.137406  
9102.637207  
9100.054724  
9158.937084  
9153.808811  
9171.059417  
9137.69364  
9160.537959  
9093.133662  
9085.616772  
9099.089518  
9075.23102  
9095.267687  
9094.387189  
9128.327908  
9125.433711  
9150.297454  
9177.185158  
9163.475269  
9240.872513  
9215.334816  
9167.05872  
9105.102078  
9168.629937  
9209.64511  
9239.036404  
9186.713325  
9131.901991  
9071.608136  
9099.019857  
9028.396629  
9047.412218  
9092.348768  
9135.682084  
9168.065285  
9131.021557  
9178.08185  
9126.870605  
9184.816135  
9210.578885  
9258.336335  
9238.075729  
9283.84885  
9312.813802  
9319.046821  
9282.225595  
9277.705892  
9219.096752  
9213.338307  
9140.542806  
9204.593361  
9213.548087  
9239.463099  
9194.026105  
9231.438422  
9154.093958  
9223.093859  
9225.097258  
9232.970938  
9205.588234  
9175.494294  
9084.209816  
9099.974637  
9053.751944  
9062.529188  
9052.221436  
9046.921233  
9051.219311  
9067.353344  
9104.818739  
9052.205774  
9211.697772  
9237.13114  
9244.6435  
9298.603832  
9175.53002  
9184.793529  
9138.000235  
9156.92815  
9095.374476  
9149.599311  
9139.504232  
9134.192365  
9187.419434  
9174.300112  
9123.812988  
9073.188079  
9127.908872  
9133.62698  
9163.120126  
9144.070349  
9179.396231  
9195.800573  
9145.366473  
9130.538158  
9188.071569  
9195.979953  
9269.767994  
9272.787091  
9251.615551  
9181.641095  
9146.579762  
9129.002812  
9124.406322  
9116.499955  
9164.015254  
9175.642723  
9223.686777  
9161.972756  
9143.282869  
9094.375922  
9128.381248  
9094.034623  
9118.083406  
9104.593045  
9156.471879  
9212.614484  
9136.452754  
9099.737549  
9083.102783  
9095.686569  
9009.995452  
9123.166323  
9172.53125  
9270.376872  
9316.3818  
9335.788303  
9282.905264  
9240.183883  
9137.751076  
9152.129774  
9161.63038  
9191.850649  
9229.970143  
9174.028329  
9163.903266  
9121.608742  
9068.356264  
9013.75935  
8991.394468  
9066.740515  
9147.780924  
9218.768229  
9216.972322  
9210.747106  
9219.613851  
9253.076127  
9241.069381  
9223.866518  
9128.650662  
9120.45421  
9130.220233  
9164.148998  
9174.645155  
9169.74386  
9177.299624  
9206.037986  
9170.899242  
9219.681478  
9308.06656  
9270.50104  
9226.278067  
9175.341128  
9179.477015  
9036.922924  
8967.302282  
9081.387071  
9140.570737  
9159.451425  
9108.238914  
9187.226174  
9160.520842  
9154.03928  
9115.474302  
9178.997667  
9121.031964  
9180.040681  
9152.226336  
9200.581  
9175.96478  
9153.657308  
9149.171504  
9123.166332  
9131.144034  
9098.963605  
9143.967303  
9187.705648  
9234.022569  
9289.065258  
9209.320964  
9163.444526  
9059.156928  
