11637.10286  
11631.19572  
11615.362  
11593.35323  
11637.73688  
11558.64537  
11545.78266  
11563.46307  
11604.55949  
11610.82386  
11620.80093  
11636.82029  
11653.3135  
11699.12473  
11628.32352  
11605.29387  
11589.64328  
11625.67899  
11547.27419  
11560.85569  
11579.40502  
11571.79733  
11592.57978  
11633.7114  
11601.10536  
11547.20864  
11556.00441  
11581.934  
11532.25242  
11626.57265  
11578.88826  
11587.09648  
11581.19292  
11644.25673  
11653.89269  
11705.34912  
11660.00689  
11652.3995  
11618.03988  
11617.87979  
11561.14184  
11620.94928  
11590.83766  
11575.62203  
11587.51063  
11609.59218  
11586.56964  
11617.1899  
11614.59088  
11660.87479  
11594.0271  
11577.2673  
11608.98819  
11610.61095  
11581.80217  
11584.79443  
11582.9818  
11626.01551  
11628.61786  
11604.22347  
11588.85139  
11579.84703  
11561.68756  
11677.85246  
11607.34014  
11614.60068  
11651.92213  
11649.81724  
11610.28878  
11607.89286  
11584.97666  
11577.08599  
11597.61266  
11541.51577  
11544.553  
11535.85769  
11570.41582  
11572.20536  
11616.29157  
11575.74234  
11580.46521  
11607.93564  
11602.64399  
11633.34168  
11637.01631  
11682.93484  
11642.741  
11613.41766  
11580.35439  
11573.39436  
11605.55368  
11565.86708  
11574.71635  
11619.22872  
11658.61232  
11603.0743  
11559.93059  
11564.02211  
11604.16349  
11665.35514  
11634.81006  
11611.00365  
11571.81044  
11588.06151  
11603.77865  
11619.87625  
11590.34994  
11621.40922  
11616.47644  
11640.46751  
11660.19314  
11618.19661  
11624.02507  
11591.73762  
11608.69272  
11600.76633  
11610.28888  
11628.8943  
11624.28327  
11613.31804  
11620.54204  
11592.61857  
11545.20639  
11639.19039  
11619.27369  
11686.18892  
11682.18806  
11675.64823  
11622.13377  
11570.93939  
11550.05726  
11584.23863  
11595.88365  
11546.92529  
11550.02019  
11583.67849  
11625.12745  
11664.77088  
11642.01749  
11626.183  
11555.32524  
11600.1042  
11610.62964  
11602.4341  
11558.55393  
11607.93502  
11630.40496  
11601.19839  
11570.76262  
11555.54998  
11541.98673  
11540.22429  
11535.61538  
11578.00449  
11623.6729  
11639.2203  
11624.1648  
11585.85624  
11621.17476  
11601.08212  
11585.53309  
11647.01118  
11598.11606  
11606.34343  
11576.18176  
11607.48804  
11613.51995  
11589.41966  
11608.04896  
11593.93666  
11617.54341  
11622.15146  
11628.40969  
11671.29987  
11688.27129  
11657.55501  
11647.37306  
11614.4706  
11583.5352  
11605.02128  
11604.41656  
11590.97175  
11577.20191  
11624.57217  
11654.85226  
11616.89404  
11620.30483  
11557.94054  
11591.2542  
11580.8336  
11561.78583  
11578.77676  
11618.36232  
11629.5575  
11615.16802  
11656.80173  
11663.05228  
11660.34021  
11603.1546  
11583.19321  
11579.22223  
11572.07223  
11606.78057  
11549.6743  
11569.30454  
11558.67139  
11614.43791  
11620.74183  
11635.51809  
11629.17301  
11674.95125  
11641.53298  
11598.75865  
11603.88632  
11574.42871  
11568.18194  
11583.07422  
11618.77776  
11599.04282  
11630.47491  
11624.64654  
11634.601  
11647.23056  
11617.49372  
11587.70413  
11540.79461  
11623.80521  
11576.907  
11662.30629  
11643.29245  
11636.81069  
11684.79596  
11601.52802  
11597.75702  
11574.01092  
11584.96531  
11560.31878  
11575.58992  
11594.95262  
11585.45003  
11570.1407  
11585.28876  
11629.33279  
11633.53511  
11661.55626  
11629.28206  
11572.03124  
11629.19503  
11564.95423  
11604.90729  
11569.44535  
11578.18336  
11688.45135  
11681.20373  
11631.38947  
11603.96333  
11560.39538  
11540.5458  
11530.24466  
11548.58195  
11588.94783  
11612.60093  
11566.14438  
11623.03552  
11594.03018  
11648.71475  
11611.22518  
11586.63117  
11595.27396  
11553.85825  
11583.71476  
11608.15672  
11600.89029  
11608.00759  
11646.0481  
11653.43276  
11642.05492  
11606.83948  
11599.94661  
11595.36416  
11616.18673  
11641.8733  
11636.94154  
11732.51548  
11703.87005  
11644.22168  
11606.29839  
11625.66974  
11597.37009  
11603.66688  
11608.74135  
11627.15262  
11652.33246  
11560.27313  
11592.07849  
11635.11134  
11650.62935  
11595.53831  
11580.64023  
11573.03301  
11593.42757  
11611.09516  
11598.31852  
11602.03589  
11581.10134  
11557.81674  
11533.24666  
11597.20351  
11636.91106  
11609.94416  
11610.89635  
11558.12959  
11562.66938  
11565.45024  
11621.68339  
11615.80017  
11619.02992  
11595.7711  
11564.78287  
11572.2975  
11598.00512  
11576.44128  
11621.57989  
11621.18787  
11628.36661  
11697.73322  
11635.14423  
11600.01677  
11574.05842  
11609.52466  
11626.69763  
11632.20323  
11598.59565  
11605.70224  
11594.84992  
11608.93114  
11616.50605  
11591.72969  
11615.02408  
11569.8187  
11604.39338  
11564.94144  
11567.01501  
11586.02117  
11627.61666  
11640.64296  
11622.4985  
11581.61237  
11580.95146  
11595.08752  
11542.66194  
11534.71149  
11578.18425  
11577.14811  
11607.8765  
11630.81074  
11579.70462  
11628.07585  
11589.1011  
11581.26145  
11625.0677  
11611.29118  
11637.739  
11624.27198  
11590.40044  
11557.88642  
11581.18796  
11582.43743  
11593.0176  
11628.25247  
11589.04433  
11620.64782  
11603.00018  
11624.79446  
11583.38863  
11559.36969  
11584.57428  
11571.67619  
11578.72155  
11645.60904  
11649.43849  
11695.73388  
11679.59019  
11710.61037  
11654.09437  
11553.73988  
11562.10226  
11563.34702  
11622.79633  
11582.10431  
11611.70565  
11581.59382  
11633.62418  
11589.57736  
11635.05222  
11596.62057  
11592.22759  
11633.99546  
11575.24268  
11611.69894  
11638.57169  
11571.94282  
11608.06364  
11590.24949  
11586.88097  
11560.48558  
11572.39542  
11571.65184  
11619.43998  
11607.85094  
11643.90565  
11668.55908  
11684.83585  
11687.33281  
11612.19846  
11558.46555  
11583.94402  
11558.91214  
11643.52984  
11601.61432  
11650.57666  
11619.69693  
11592.78181  
11604.55933  
11609.07818  
11640.71912  
11636.42151  
11602.65892  
11591.22187  
11561.91761  
11581.82522  
11587.29575  
11605.85688  
11580.97072  
11618.26075  
11636.83483  
11646.41137  
11593.85525  
11617.76048  
11612.68637  
11618.67088  
11588.47468  
11611.02843  
11576.7319  
11571.85509  
11555.18372  
11603.40245  
11546.75916  
11646.23661  
11636.07981  
11625.78777  
11624.24103  
11616.07775  
11588.66201  
11592.82858  
11564.37667  
11639.81192  
11648.19477  
11621.00692  
11589.09467  
11662.26787  
11656.00038  
11587.45142  
11607.91189  
11622.86646  
11620.45816  
11611.47175  
11584.77174  
11561.55804  
11569.68106  
11553.99072  
11584.65712  
11584.42485  
11623.568  
11636.04266  
11638.43089  
11628.79713  
11612.62967  
11589.94318  
11600.97448  
11610.7876  
11563.1528  
11599.96529  
11594.71878  
11585.17684  
11596.48214  
11603.39357  
11604.65289  
11624.03089  
11670.72546  
11613.00721  
11599.97445  
11618.37873  
11597.71831  
11544.10377  
11597.54764  
11577.77845  
11596.05413  
11571.15538  
11644.30458  
11610.13335  
11623.50505  
11581.126  
11605.57238  
11591.77974  
11651.32833  
11587.73601  
11576.74966  
11601.30581  
11617.89656  
11647.10882  
11625.88935  
11636.71917  
11677.89249  
11600.74099  
11592.12735  
11577.58069  
11580.19904  
11586.28571  
11584.16223  
11588.75544  
11580.96729  
11660.70721  
11669.18986  
11646.15818  
11607.72741  
11600.6608  
11604.3201  
11598.26522  
11564.04797  
11569.92311  
11591.44644  
11575.38771  
11616.82239  
11640.36964  
11637.31985  
11626.69827  
11625.8556  
11573.69961  
11574.65469  
11584.26229  
11554.77844  
11608.74025  
11586.74275  
11563.96579  
11597.95339  
11640.40915  
11635.50682  
11733.88185  
11651.34131  
11612.07948  
11612.17056  
11609.87852  
11617.17591  
11589.06736  
11576.65383  
11642.79376  
11583.13376  
11566.23406  
11598.21719  
11629.49209  
11663.29816  
11588.95765  
11568.98082  
11518.52853  
11568.27468  
11533.35128  
11588.90961  
11567.82628  
11574.20979  
11571.77485  
11611.91441  
11587.04037  
11611.37453  
11620.99642  
11648.53871  
11659.3097  
11675.43796  
11641.85947  
11632.11176  
11616.06504  
11561.82769  
11565.09159  
11581.03572  
11553.03067  
11609.91241  
11632.70183  
11613.27797  
11639.2886  
11610.11569  
11636.68416  
11622.81981  
11608.95551  
11582.04744  
11605.68948  
11620.63324  
11566.50265  
11593.72379  
11597.15218  
11591.99791  
11610.31882  
11586.849  
11665.03509  
11630.63679  
11567.24118  
11596.44009  
11604.33642  
11584.92352  
11576.41736  
11592.77809  
11550.12193  
11582.54218  
11559.16184  
11603.64666  
11604.20206  
11684.38529  
11696.54288  
11704.7965  
11666.26713  
11611.07587  
11564.84454  
11617.14823  
11608.19483  
11640.95198  
11614.93738  
11568.25343  
11574.6274  
11554.12263  
11577.18666  
11586.27774  
11614.78484  
11642.27443  
11611.05333  
11722.82534  
11637.07878  
11622.50654  
11584.72342  
11598.63722  
11593.69797  
11592.6596  
11628.9052  
11577.00757  
11581.79816  
11586.73999  
11631.49178  
11593.3272  
11575.62425  
11575.26589  
11616.0757  
11571.83453  
11591.21596  
11596.04575  
11594.61396  
11590.11785  
11630.12116  
11676.56589  
11644.1921  
11611.41821  
11572.99087  
11545.87618  
11581.47567  
11570.87688  
11609.78488  
11574.17951  
11620.29467  
11670.87395  
11603.00252  
11613.26283  
11599.74371  
11613.94008  
11594.05176  
11650.85233  
11661.89021  
11583.93101  
11588.44116  
11562.25446  
11604.67102  
11566.25025  
11615.91266  
11583.34943  
11600.37102  
11556.55505  
11565.3149  
11602.26821  
11635.44452  
11682.03896  
11687.25575  
11621.22358  
11592.85398  
11578.16907  
11562.99937  
11541.26126  
11580.99071  
11598.09341  
11640.21314  
11637.14123  
11631.79291  
11618.07297  
11612.00286  
11573.08207  
11566.79144  
11583.54641  
11607.59376  
11610.73918  
11677.12107  
11680.3755  
11658.28372  
11600.19266  
11590.6546  
11552.41303  
11572.93848  
11558.67619  
11598.50589  
11642.25559  
11704.16205  
11609.73752  
11624.64911  
11626.05687  
11594.13498  
11600.40497  
11589.17532  
11607.10086  
11600.65768  
11630.59122  
11651.43295  
11661.01168  
11623.47874  
11629.86026  
11595.82351  
11600.90113  
11641.1265  
11594.75879  
11563.40155  
11596.62238  
11546.0713  
11578.25836  
11595.83021  
11651.96172  
11608.40825  
11594.99457  
11560.60286  
11575.54438  
11538.53568  
11566.94365  
11575.27501  
11668.59916  
11632.0298  
11670.20472  
11646.17062  
11594.13306  
11599.34046  
11597.22477  
11566.67844  
11616.39242  
11590.36744  
11591.85952  
11639.22069  
11647.7077  
11607.46519  
11599.10357  
11605.98198  
11593.99633  
11575.61473  
11572.36704  
11635.82284  
11648.16303  
11607.78459  
11657.15738  
11624.83939  
11591.67095  
11549.71173  
11523.28081  
11610.60454  
11655.75964  
11649.69232  
11639.49969  
11583.14127  
11584.66446  
11581.06208  
11595.91138  
11566.46264  
11606.53538  
11652.80108  
11599.01898  
11590.62978  
11564.68813  
11647.4123  
11694.79235  
11606.42845  
11600.63468  
11596.94156  
11599.92096  
11589.46201  
11575.18685  
11609.75264  
11639.49185  
11572.07382  
11555.58792  
11566.642  
11550.08146  
11592.94511  
11619.22608  
11631.98309  
11627.33413  
11619.77233  
11631.06852  
11594.98868  
11600.0488  
11570.8211  
11590.90547  
11558.58939  
11581.49128  
11613.83018  
11613.12448  
11619.65236  
11630.83093  
11629.79577  
11634.70151  
11612.39278  
11562.20569  
11594.90448  
11592.23615  
11579.37549  
11597.59179  
11674.08315  
11652.8863  
11632.70749  
11682.68965  
11640.32287  
11622.1997  
11602.84193  
11566.73293  
11568.57155  
11602.11967  
11651.3922  
11701.97418  
11661.54693  
11654.27371  
11595.73821  
11545.40545  
11556.87722  
11603.40668  
11610.573  
11609.6666  
11601.03614  
11571.86962  
11546.02764  
11568.4866  
11570.74916  
11579.75396  
11654.12814  
11669.84818  
11606.82725  
11581.78637  
11550.11348  
11565.72554  
11580.82739  
11611.03929  
11649.90492  
11692.96507  
11637.04078  
11635.01007  
11615.29805  
11595.72774  
11599.78267  
11554.65516  
11607.36908  
11639.39694  
11623.19073  
11613.36579  
11596.31189  
11587.24307  
11579.87967  
11608.64011  
11608.24502  
11610.2914  
11634.10867  
11626.57928  
11637.20414  
11599.5724  
11591.15106  
11636.09032  
11573.87658  
11560.60368  
11606.79952  
11577.3548  
11640.16729  
11617.76262  
11617.23172  
11596.34661  
11605.5896  
11566.91829  
11541.56083  
11553.34924  
11566.63127  
11607.77747  
11591.1327  
11670.09926  
11632.52099  
11636.08715  
11590.18152  
11614.33866  
11619.1805  
11570.23211  
11650.64801  
11608.60176  
11603.37494  
11593.87862  
11584.62346  
11625.39249  
11654.33666  
11626.9079  
11658.21594  
11705.04649  
11680.70704  
11651.36052  
11583.4267  
11589.27762  
11567.5991  
11556.16306  
11547.94501  
11555.70727  
11575.46337  
11573.20501  
11588.54637  
11615.04277  
11562.70824  
11636.46692  
11682.29346  
11671.42241  
11596.16058  
11559.50848  
11606.196  
11611.31426  
11599.59951  
11636.77691  
11640.33405  
11638.09348  
11568.7805  
11566.78943  
11548.66601  
11559.96163  
11615.10647  
11614.56824  
11643.08797  
11604.36781  
11585.00241  
11582.70227  
11617.13404  
11655.27125  
11626.00904  
11576.09498  
11586.51799  
11574.71272  
11591.16717  
11558.51611  
11647.16817  
11572.78693  
11613.84338  
11593.61898  
11599.39293  
11602.68308  
11567.06598  
11615.44148  
11641.62753  
11634.33486  
11651.1757  
11632.85705  
11573.98667  
11589.79481  
11563.36272  
11547.9113  
11567.062  
11542.27899  
11632.72639  
11654.21372  
11647.95886  
11643.89419  
11621.74143  
11588.04905  
11549.62699  
11548.58202  
11500.39063  
11590.4581  
11606.99838  
11641.49275  
11640.6835  
11654.731  
11610.10671  
11559.55595  
11592.19159  
11621.44691  
11589.92121  
11631.90207  
11551.09374  
11610.65387  
11658.04674  
11629.46676  
11646.62202  
11588.59998  
11626.78008  
11594.55673  
11610.40308  
11616.44195  
11578.81191  
11589.7623  
11627.464  
11622.37513  
11607.67923  
11588.40934  
11587.97124  
11566.24206  
11569.43632  
11537.82238  
11542.57384  
11574.14298  
11562.64396  
11604.84563  
11600.0467  
11570.0931  
11643.23797  
11650.15442  
11600.83897  
11667.78367  
11636.58032  
11631.99563  
11594.5101  
11594.22869  
11677.38216  
11613.77711  
11639.58879  
11619.17595  
11644.28579  
11650.70803  
11668.87216  
11622.6365  
11612.00463  
11593.24536  
11571.25557  
11549.36038  
11583.68371  
11579.20842  
11624.85476  
11632.08966  
11666.10816  
11631.79759  
11578.57909  
11570.01763  
11635.69891  
11594.88158  
11649.84853  
11684.63112  
11614.66823  
11617.14028  
11597.62409  
11624.16026  
11576.70441  
11566.46067  
11565.23884  
11550.43955  
11546.31145  
11564.98987  
11575.36642  
11585.49065  
11597.26663  
11632.71379  
11616.39542  
11588.02299  
11628.49457  
11587.25915  
11632.4571  
11636.29787  
11625.19057  
11636.01764  
11624.28999  
11598.81159  
11631.76053  
11610.5577  
11592.76283  
11590.2601  
11560.81442  
11592.57015  
11625.32842  
11665.46889  
11621.09181  
11632.02953  
11589.56713  
11590.11024  
11543.42319  
11605.924  
11551.19717  
11575.67867  
11637.68727  
11569.41626  
11584.7303  
11609.17886  
11660.15856  
11651.8802  
11639.09241  
11553.44384  
11597.60835  
11601.53284  
11557.84762  
11600.50769  
11547.12434  
11588.7013  
11601.74874  
11583.4784  
11611.00106  
11630.96136  
11647.82895  
11647.48325  
11588.17469  
11586.77116  
11583.57461  
11553.925  
11574.26365  
11588.70486  
11609.27169  
11588.33266  
11560.61524  
11623.4354  
11586.44029  
11612.19545  
11609.66312  
11648.54941  
11646.90301  
11656.95584  
11624.34886  
11580.77346  
11620.06919  
11662.2012  
11627.67453  
11635.86391  
11646.33942  
11599.71942  
11569.66601  
11524.3092  
11570.15356  
11606.62921  
11682.73834  
11671.6837  
11637.43246  
11653.51494  
11622.43351  
11583.38991  
11588.80003  
11558.89327  
11576.83262  
11585.48416  
11607.84865  
11575.43737  
11602.84767  
11577.92842  
11594.5419  
11603.59776  
11650.41012  
11623.74838  
11604.3152  
11609.29909  
11575.2764  
11585.79962  
11481.22891  
11549.16083  
11596.05828  
11591.08803  
11575.14123  
11619.73824  
11649.00962  
11673.25712  
11618.54837  
11643.62243  
11583.08186  
11598.23081  
11560.90336  
11606.81494  
11623.03237  
11642.73444  
11623.75153  
11637.1354  
11617.40254  
11621.79033  
11587.03732  
11589.45852  
11590.24198  
11580.89404  
11590.2178  
11610.46806  
11609.70139  
11615.934  
11587.73673  
11629.69223  
11615.81017  
11651.54241  
11645.42815  
11658.77018  
11601.77595  
11603.49535  
11559.67605  
11628.29021  
11648.07377  
11655.53014  
11611.9388  
11605.26311  
11616.58478  
11600.53042  
11591.72594  
11611.49381  
11634.0259  
11590.6379  
11558.03379  
11554.08206  
11538.77562  
11572.60097  
11578.86687  
11585.49383  
11613.21483  
11633.98724  
11646.058  
11653.90878  
11655.0301  
11612.89942  
11561.83619  
11574.42332  
11611.97207  
11606.07654  
11652.83611  
11682.04042  
11678.35858  
11653.63006  
11620.30598  
11592.66296  
11575.07656  
11592.83073  
11604.69253  
11624.65166  
11626.70306  
11621.49809  
11589.21877  
11574.07287  
11596.90756  
11587.27481  
11621.11056  
11570.96038  
11596.85984  
11551.34428  
11561.82174  
11602.39111  
11617.06853  
11613.5293  
11569.89174  
11583.28496  
11642.56681  
11567.17294  
11556.87571  
11542.49277  
11567.96212  
11579.77611  
11631.95014  
11608.4711  
11665.1834  
11641.76308  
11625.00025  
11646.09153  
11599.8782  
11620.02459  
11627.01459  
11648.18588  
11594.6958  
11653.2521  
11636.65506  
11624.03417  
11562.99439  
11591.7364  
11558.70922  
11596.52371  
11648.60649  
11675.30368  
11659.30982  
11633.3989  
11656.70368  
11610.84499  
11588.5185  
11581.20911  
11608.04013  
11571.64261  
11591.94161  
11595.99381  
11594.87691  
11627.81371  
11621.65947  
11603.6968  
11570.71903  
11567.83362  
11557.83006  
11582.86519  
11561.78797  
11531.81106  
11612.85012  
11563.61569  
11641.73597  
11650.33307  
11658.95247  
11648.54592  
11579.51784  
11600.12987  
11615.10968  
11652.03799  
11600.32126  
11611.43414  
11610.50155  
11638.54516  
11587.03107  
11632.17598  
11581.77689  
11653.07035  
11665.42428  
11654.64581  
11616.31294  
11589.55799  
11560.40758  
11585.19028  
11608.92036  
11624.8146  
11611.5405  
11582.96643  
11568.93964  
11605.08003  
11610.39946  
11616.91346  
11580.93642  
11564.93086  
11519.93303  
11548.86285  
11602.75211  
11625.53329  
11612.04546  
11634.74328  
11615.11142  
11633.66075  
11620.35601  
11595.24448  
11577.12071  
11586.31537  
11639.5142  
11625.04776  
11556.70502  
11603.41321  
11563.29919  
11700.45918  
11633.44469  
11578.7834  
11615.85292  
11582.34592  
11613.97058  
11584.07078  
11635.42965  
11662.75852  
11674.24474  
11639.67282  
11583.68936  
11560.04847  
11607.227  
11581.9268  
11640.40405  
11626.9401  
11614.9861  
11571.30324  
11601.84511  
11631.44292  
11657.88902  
11651.29062  
11620.25224  
11587.31823  
11563.55081  
11547.28936  
11593.50501  
11627.36781  
11609.14511  
11564.57197  
11570.64686  
11577.61292  
11582.25926  
11610.47189  
11607.21232  
11650.53443  
11652.566  
11650.08589  
11650.29899  
11651.78418  
11615.80638  
11621.38057  
11595.33791  
11607.97737  
11570.77338  
11578.84212  
11613.23444  
11665.85741  
11593.72079  
11612.80756  
11586.51813  
11570.28213  
11562.25179  
11577.05259  
11563.14149  
11632.61672  
11658.33436  
11609.09029  
11604.95928  
11649.76593  
11601.32585  
11555.29773  
11607.30517  
11586.19193  
11568.38932  
11571.14863  
11628.65749  
11625.92114  
11618.30106  
11629.2267  
11600.24056  
11578.42068  
11615.41744  
11613.57973  
11655.25709  
11620.10882  
11579.86138  
11592.55394  
11548.9119  
11574.38594  
11605.10008  
11614.61814  
11692.30263  
11665.12283  
11680.86391  
11664.08176  
11590.88161  
11565.66964  
11572.17243  
11568.08409  
11548.79005  
11593.15614  
11606.67987  
11610.82855  
11590.40153  
11606.88485  
11621.19286  
11616.2079  
11593.27324  
11592.15361  
11597.96169  
11605.08052  
11581.66506  
11590.99846  
11580.61198  
11567.05256  
11591.61375  
11598.25537  
11623.0616  
11673.01555  
11680.05841  
11704.38879  
11677.98131  
11612.67884  
11572.28433  
11572.3885  
11559.93213  
11594.24084  
11586.02849  
11588.10057  
11622.16045  
11584.23075  
11596.64972  
11556.66682  
11573.49795  
11576.01268  
11608.1367  
11637.76258  
11570.13603  
11595.36038  
11631.85359  
11646.29892  
11608.9411  
11591.29397  
11650.66571  
11660.17588  
11592.35389  
11572.97431  
11572.75447  
11587.87752  
11561.95433  
11653.74592  
11635.97694  
11621.003  
11574.95099  
11555.37323  
11602.03878  
11580.86492  
11604.52887  
11610.0491  
11617.83764  
11607.23243  
11631.29738  
11631.18944  
11603.76194  
11584.60244  
11595.2199  
11654.60357  
11622.45231  
11560.79386  
11565.56635  
11600.76615  
11629.35252  
11611.89986  
11639.10304  
11630.69392  
11582.14782  
11584.90299  
11638.49214  
11602.75048  
11604.25268  
11589.68821  
11570.95601  
11594.4324  
11562.7938  
11585.23133  
11580.78974  
11600.40949  
11591.52429  
11572.90398  
11616.1449  
11642.90683  
11643.0152  
11704.41145  
11643.48944  
11610.65117  
11601.53011  
11583.90569  
11566.40745  
11654.59562  
11589.23791  
11601.90723  
11591.55  
11613.26076  
11611.23337  
11605.97423  
11617.05323  
11641.73096  
11604.33558  
11680.75944  
11663.83998  
11620.87455  
11575.45755  
11584.98674  
11542.86039  
11577.5875  
11550.74417  
11561.25669  
11550.43231  
11583.94072  
11577.67888  
11641.21219  
11609.67778  
11621.81667  
11578.03966  
11586.99195  
11580.27901  
11588.44602  
11593.68879  
11623.08345  
11612.43678  
11610.96573  
11675.18012  
11692.84047  
11652.34934  
11597.02482  
11578.9332  
11519.34345  
11574.62104  
11598.06032  
11619.91935  
11663.15496  
11593.54948  
11611.54216  
11637.29079  
11615.02778  
11639.86241  
11593.55315  
11596.0677  
11618.63368  
11661.57167  
11654.38242  
11617.44767  
11652.79247  
11616.03677  
11587.82614  
11590.24891  
11546.83923  
11537.30411  
11551.2531  
11651.06396  
11614.65994  
11674.29474  
11592.58358  
11588.65615  
11551.82213  
11527.1791  
11553.48683  
11657.63779  
11589.94817  
11630.01452  
11580.24951  
11587.34994  
11591.00715  
11590.40363  
11600.23534  
11626.02576  
11663.05707  
11595.11469  
11599.15815  
11574.18936  
11539.49657  
11548.27805  
11614.69191  
11642.92006  
11652.40341  
11673.68899  
11703.83773  
11648.36874  
11644.62349  
11594.74364  
11620.60393  
11577.2482  
11608.47171  
11702.03581  
11628.07898  
11622.75854  
11644.39519  
11555.04214  
11580.01888  
11575.82503  
11588.10288  
11591.18654  
11619.3105  
11569.28071  
11625.73823  
11625.28615  
11658.39635  
11642.76819  
11604.67434  
11563.91451  
11591.38068  
11564.63576  
11573.3694  
11619.25631  
11635.71128  
11613.11153  
11606.29859  
11621.16736  
11601.79654  
11562.96049  
11556.57199  
11611.65388  
11560.43697  
11564.8567  
11635.22392  
11663.71125  
11573.61292  
11594.17562  
11612.07271  
11589.85183  
11570.07937  
11629.23266  
11636.45364  
11623.40056  
11644.90495  
11677.05736  
11644.85287  
11604.05784  
11570.2785  
11549.43086  
11570.08293  
11560.08612  
11559.59363  
11620.90534  
11581.92728  
11631.01941  
11609.38961  
11631.35316  
11624.73385  
11592.45813  
11560.43537  
11542.71527  
11549.16908  
11612.46318  
11570.29943  
11614.88409  
11615.47884  
11577.77702  
11624.94382  
11603.5167  
11651.78515  
11635.92202  
11573.83242  
11546.65374  
11565.29914  
11583.81347  
11582.77575  
11602.85849  
11594.78044  
11541.09589  
11588.72484  
11633.14433  
11675.16952  
11641.18811  
11641.18828  
11582.28673  
11608.34405  
11616.43483  
11566.07831  
11597.97848  
11609.4803  
11619.03064  
11715.91877  
11719.03838  
11673.13161  
11628.83549  
11607.91277  
11605.2691  
11580.20456  
11594.48584  
11562.57569  
11586.63286  
11561.37672  
11558.31217  
11630.65087  
11624.21267  
11602.80588  
11560.96812  
11573.75091  
11585.85082  
11659.90175  
11700.70612  
11642.82458  
11572.55593  
11584.09753  
11577.14416  
11620.54461  
11661.98607  
11594.09006  
11578.59517  
11603.27311  
11594.52974  
11607.19476  
11618.62006  
11579.70725  
11569.61021  
11576.9378  
11567.89227  
11581.21694  
11609.63106  
11606.18845  
11669.56008  
11639.95506  
11672.26536  
11614.35048  
11565.66671  
11588.44135  
11586.96227  
11549.81151  
11567.62504  
11569.44921  
11616.43218  
11602.11697  
11625.93091  
11632.15276  
11616.91402  
11630.7301  
11699.67393  
11613.1102  
11628.1411  
11556.38136  
11563.9819  
11574.09887  
11582.31662  
11581.93609  
11599.68833  
11602.34667  
11582.10623  
11651.10146  
11663.25184  
11650.80067  
11645.59128  
11646.70014  
11607.11143  
11576.74801  
11534.77511  
11580.44816  
11571.80435  
11583.10325  
11580.38854  
11649.54298  
11623.91233  
11643.38847  
11607.49829  
11649.47962  
11598.1113  
11572.13186  
11600.85357  
11594.18672  
11595.074  
11668.40965  
11634.20959  
11646.56815  
11606.46578  
11586.07432  
11620.95891  
11629.27607  
11672.97304  
11632.27646  
11611.45764  
11620.96328  
11609.57565  
11612.77151  
11600.65111  
11563.86193  
11604.70803  
11574.90031  
11547.20274  
11546.36931  
11593.25903  
11634.95191  
11646.83885  
11601.09595  
11585.47207  
11592.34217  
11572.14513  
11572.81474  
11559.9811  
11563.46451  
11566.28376  
11588.55131  
11590.30006  
11598.79406  
11648.81672  
11626.38812  
11677.65128  
11669.72  
11622.95346  
11630.0702  
11607.65712  
11593.49851  
11574.48626  
11636.32597  
11647.89545  
11611.4892  
11605.08422  
11629.42462  
11581.83734  
11604.20166  
11591.89527  
11608.55392  
11651.66887  
11608.83396  
11541.4563  
11570.98194  
11574.04113  
11632.23497  
11584.60873  
11603.32352  
11628.65467  
11607.62159  
11583.80695  
11603.27477  
11577.48868  
11599.75591  
11662.56  
11692.45645  
11607.18894  
11607.58751  
11593.04554  
11574.60264  
11595.05322  
11569.39832  
11623.63734  
11659.99273  
11624.02175  
11646.70457  
11595.64522  
11560.22249  
11564.0797  
11552.55455  
11620.40798  
11666.15653  
11613.94962  
11600.04542  
11575.35725  
11598.44499  
11596.67606  
11638.72983  
11614.91161  
11602.68151  
11603.5993  
11594.00479  
11579.33587  
11586.57362  
11561.79184  
11591.94611  
11598.58488  
11650.52827  
11619.98942  
11573.116  
11556.14579  
11581.79625  
11619.18149  
11648.47878  
11637.6367  
11641.50244  
11664.74519  
11643.57657  
11597.84334  
11643.47106  
11623.74097  
11604.51154  
11597.60458  
11576.31489  
11544.51143  
11603.3441  
11575.66579  
11629.74862  
11636.93569  
11669.84853  
11629.41783  
11620.47101  
11558.29822  
11545.95268  
11532.86476  
11578.87422  
11558.04094  
11565.99976  
11593.14389  
11618.89114  
11587.50502  
11610.54082  
11580.82953  
11610.40983  
11580.45212  
11578.28561  
11653.50681  
11662.84314  
11681.35638  
11712.91028  
11640.84924  
11609.80692  
11517.88506  
11572.29212  
11548.64848  
11520.66646  
11569.48899  
11595.09889  
11609.09227  
11657.00214  
11587.86437  
11638.80012  
11616.06497  
11609.59656  
11601.35052  
11620.89568  
11664.38288  
11671.26219  
11654.51407  
11655.04249  
11641.28899  
11600.91679  
11549.31596  
11569.85323  
11590.5377  
11597.7893  
11554.14802  
11578.74524  
11603.53639  
11561.26741  
11599.59822  
11633.82634  
11655.41848  
11750.01631  
11740.14812  
11689.12759  
11616.53417  
11582.18845  
11556.69006  
11529.62892  
11541.11311  
11571.32703  
11598.39113  
11635.87489  
11644.55474  
11580.90176  
11588.3543  
11564.38265  
11602.82438  
11594.99098  
11595.08873  
11602.3453  
11578.8698  
11565.3005  
11570.21308  
11548.13312  
11571.9129  
11601.01449  
11638.39596  
11608.54894  
11624.92366  
11612.41936  
11654.38263  
11632.65668  
11630.10124  
11592.54365  
11585.95824  
11539.47788  
11530.50485  
11556.18474  
11569.71447  
11634.87854  
11592.37542  
11574.06149  
11619.68856  
11609.66449  
11673.31242  
11620.09801  
11617.784  
11562.05115  
11562.55221  
11545.1939  
11638.67537  
11625.08595  
11611.22259  
11632.52422  
11671.19922  
11646.66818  
11675.54533  
11640.96936  
11631.12728  
11600.12809  
11597.06311  
11624.23621  
11633.25084  
11695.52823  
11692.4839  
11660.40901  
11624.46145  
11616.46139  
11560.81294  
11560.51687  
11565.72229  
11573.71175  
11639.63315  
11631.10955  
11601.81367  
11568.4788  
11575.89024  
11576.51525  
11602.64955  
11643.09802  
11612.22306  
11593.42372  
11612.56923  
11603.21523  
11586.55271  
11585.06706  
11580.4272  
11616.80004  
11648.46788  
11641.15677  
11627.20359  
11594.18421  
11516.26619  
11560.21461  
11580.65836  
11633.30124  
11642.2997  
11623.33646  
11608.70407  
11605.21398  
11597.23835  
11574.71536  
11598.4271  
11622.27344  
11696.97339  
11623.5439  
11615.06231  
11582.42552  
11550.20482  
11589.01855  
11579.26539  
11565.99601  
11621.36454  
11634.22281  
11633.68494  
11585.51222  
11572.35487  
11558.97454  
11530.92195  
11587.21226  
11587.05506  
11624.06295  
11580.19893  
11634.21503  
11658.13451  
11639.87724  
11644.46372  
11664.19061  
11567.52639  
11584.7755  
11568.98053  
11583.36457  
11597.16142  
11592.61929  
11589.45427  
11577.84115  
11564.74974  
11610.47029  
11619.20179  
11651.68993  
11615.73865  
11659.06246  
11627.92679  
11608.70541  
11607.82847  
11572.6166  
11556.37614  
11595.23942  
11606.43292  
11624.52933  
11639.92666  
11656.5209  
11589.9674  
11586.50152  
11631.32813  
11621.4571  
11603.33525  
11593.6193  
11585.35341  
11579.98051  
11616.12225  
11557.61805  
11585.0558  
11614.90829  
11665.31408  
11634.83142  
11698.99386  
11644.05117  
11622.03064  
11618.89814  
11577.32164  
11546.29141  
11531.80286  
11523.84979  
11557.09717  
11563.50688  
11581.54898  
11584.59862  
11639.25005  
11627.87713  
11649.42913  
11659.62989  
11616.62775  
11639.89704  
11585.68503  
11603.80293  
11621.10123  
11591.1772  
11581.16316  
11562.45706  
11551.26264  
11566.73503  
11586.13366  
11595.40842  
11639.78468  
11689.30696  
11628.28145  
11631.44166  
11568.83881  
