10401.33883  
10316.09385  
10386.22137  
10402.22467  
10411.04154  
10408.57133  
10312.49286  
10240.02108  
10199.63261  
10248.066  
10333.36558  
10423.4255  
10402.72272  
10433.77899  
10371.0191  
10317.57825  
10333.76412  
10371.50836  
10385.08116  
10406.92633  
10460.78013  
10494.19566  
10428.60244  
10422.01255  
10370.25039  
10339.26371  
10332.29301  
10304.0696  
10335.40739  
10247.24662  
10290.0885  
10283.03975  
10268.61137  
10330.69621  
10301.67318  
10330.78035  
10368.80367  
10361.68829  
10344.50559  
10337.15104  
10350.92251  
10404.96248  
10396.36432  
10432.659  
10388.48081  
10304.43054  
10311.42397  
10294.83238  
10391.56946  
10374.52989  
10437.70683  
10360.84497  
10268.85933  
10342.77625  
10346.44495  
10403.24782  
10400.1852  
10327.38456  
10342.37826  
10361.85372  
10365.68199  
10327.7463  
10367.65397  
10407.32204  
10388.43683  
10359.85394  
10410.84819  
10467.26221  
10372.5069  
10289.56942  
10299.72064  
10320.57273  
10276.13448  
10292.54989  
10267.75033  
10215.96834  
10257.85826  
10248.39943  
10327.39522  
10400.87817  
10444.85921  
10383.21735  
10389.28707  
10361.71348  
10401.18481  
10431.99003  
10392.88352  
10416.5494  
10265.0944  
10242.07908  
10288.66858  
10257.87828  
10284.10547  
10346.32975  
10315.12307  
10289.81974  
10283.89557  
10348.00795  
10399.03778  
10480.64408  
10466.91606  
10397.28625  
10323.13725  
10198.09963  
10269.7266  
10291.83917  
10385.72392  
10324.54311  
10410.44692  
10400.38145  
10436.81126  
10468.14614  
10483.99017  
10358.11857  
10298.56689  
10216.14508  
10310.55589  
10443.55145  
10495.3257  
10477.89433  
10432.88953  
10376.32996  
10330.92151  
10408.01674  
10486.7502  
10523.22805  
10528.20105  
10387.62026  
10274.85758  
10244.8087  
10322.96377  
10280.28591  
10358.49414  
10344.66376  
10337.36159  
10384.78715  
10438.43538  
10344.39541  
10251.34639  
10187.63053  
10289.21224  
10318.31539  
10399.50175  
10377.52466  
10346.16187  
10351.45538  
10405.14107  
10428.97713  
10352.06527  
10314.87144  
10238.5249  
10261.43359  
10278.81042  
10284.56376  
10291.86902  
10304.31252  
10344.30996  
10392.8797  
10454.62122  
10415.40027  
10396.43632  
10248.52588  
10258.91976  
10240.6143  
10379.69948  
10424.67244  
10466.74829  
10407.1744  
10248.10447  
10288.71832  
10319.54266  
10436.79496  
10500.80465  
10524.25031  
10475.47788  
10392.25714  
10282.80391  
10277.84751  
10323.47565  
10345.1002  
10404.27112  
10430.61505  
10451.00199  
10492.14313  
10518.49099  
10416.07324  
10332.1673  
10257.14854  
10290.46145  
10318.68077  
10386.63277  
10377.07377  
10378.68691  
10361.2831  
10379.45738  
10464.2005  
10447.91001  
10405.89907  
10299.92082  
10287.76158  
10308.37378  
10315.59247  
10376.08889  
10354.99477  
10360.85352  
10311.58612  
10362.07052  
10384.41099  
10406.95711  
10515.92952  
10499.34928  
10445.48543  
10381.77561  
10269.30727  
10248.15546  
10339.27085  
10317.70593  
10362.53628  
10372.4987  
10386.62506  
10391.3677  
10381.15004  
10329.06661  
10327.94198  
10292.33968  
10327.65566  
10349.93066  
10338.82102  
10273.15163  
10334.0014  
10351.43884  
10426.69645  
10336.50859  
10362.08022  
10321.929  
10320.52124  
10387.32306  
10384.51241  
10434.49117  
10381.94163  
10335.54539  
10326.94507  
10344.9635  
10425.62164  
10446.4397  
10363.74514  
10325.15967  
10248.08291  
10260.45076  
10299.49276  
10347.06122  
10321.68606  
10355.85012  
10416.2146  
10485.69124  
10407.91156  
10311.9149  
10310.22461  
10331.98794  
10379.99278  
10426.63772  
10401.74811  
10375.11497  
10378.73773  
10337.62467  
10405.75189  
10447.98728  
10430.59963  
10334.48071  
10219.38051  
10277.17714  
10297.5316  
10367.57768  
10370.90204  
10435.19596  
10405.3469  
10385.75437  
10315.32505  
10373.84401  
10379.25031  
10421.0025  
10487.28955  
10482.58295  
10469.29376  
10383.14478  
10241.11141  
10207.98531  
10215.11682  
10281.74036  
10348.32973  
10346.25704  
10386.32078  
10388.26233  
10354.96588  
10428.78817  
10472.00433  
10500.66573  
10467.1346  
10349.2226  
10271.45455  
10289.78548  
10389.37653  
10441.071  
10377.85573  
10311.35034  
10242.01072  
10271.64886  
10330.65527  
10406.59867  
10396.25336  
10387.45327  
10337.86351  
10331.12547  
10312.10909  
10435.60984  
10511.89541  
10487.59328  
10456.39811  
10330.9434  
10330.13411  
10340.53471  
10359.27643  
10423.81663  
10459.81889  
10451.9801  
10339.55666  
10260.36884  
10274.41988  
10296.09664  
10392.91998  
10314.79659  
10274.22611  
10242.54185  
10317.43522  
10387.4609  
10388.55151  
10381.13623  
10305.76211  
10342.02734  
10338.26451  
10328.54924  
10325.71515  
10334.12602  
10402.71139  
10453.0048  
10427.16933  
10392.55115  
10357.22188  
10287.96541  
10248.00346  
10236.80904  
10229.00454  
10243.91284  
10276.30157  
10280.25639  
10331.83547  
10390.4844  
10387.86847  
10358.86253  
10360.75197  
10414.797  
10463.26691  
10479.46558  
10423.01196  
10324.68254  
10222.5756  
10222.97174  
10197.6519  
10311.82658  
10335.86871  
10336.63438  
10344.48531  
10462.64974  
10498.15924  
10510.22772  
10474.19517  
10393.0472  
10319.38965  
10388.01068  
10378.61778  
10432.03959  
10473.38857  
10421.31028  
10383.62042  
10250.92818  
10225.19523  
10252.77797  
10283.8021  
10357.02445  
10353.14244  
10349.81091  
10370.55786  
10332.12219  
10367.10368  
10393.02604  
10414.80857  
10423.86487  
10410.30556  
10339.33834  
10271.2948  
10247.35486  
10288.63745  
10332.13735  
10367.04197  
10365.2439  
10346.25403  
10379.27787  
10357.00822  
10327.34534  
10384.49121  
10376.67706  
10492.37311  
10503.1252  
10431.06753  
10404.15558  
10300.1746  
10365.63725  
10376.40169  
10363.79486  
10371.85773  
10376.65568  
10283.83557  
10274.96954  
10256.75399  
10283.85311  
10330.29392  
10339.60903  
10371.86623  
10431.27134  
10393.83429  
10387.77399  
10385.59353  
10429.14095  
10429.91956  
10423.98342  
10346.30284  
10298.21537  
10309.99221  
10268.54572  
10266.25871  
10232.14561  
10292.95089  
10352.05151  
10382.90961  
10435.13381  
10382.14193  
10420.79535  
10415.06281  
10434.34467  
10509.04427  
10459.2381  
10314.18604  
10260.25295  
10222.79114  
10255.1509  
10284.84039  
10328.56842  
10478.76308  
10436.72107  
10419.12083  
10440.12067  
10454.36001  
10390.50224  
10387.87349  
10383.6004  
10350.41705  
10295.91292  
10306.46826  
10385.97943  
10380.25478  
10353.64309  
10346.33248  
10342.74563  
10345.51807  
10364.33502  
10416.24264  
10377.40938  
10299.3891  
10234.70953  
10208.41048  
10310.29287  
10345.7537  
10408.85246  
10482.28094  
10469.82837  
10417.39459  
10368.81022  
10378.65804  
10378.97552  
10474.11548  
10471.90623  
10465.08468  
10361.75901  
10288.78481  
10271.35781  
10307.35911  
10324.89252  
10303.33954  
10371.4457  
10401.32892  
10418.72064  
10412.12126  
10390.41441  
10382.18589  
10388.73124  
10361.13957  
10321.4798  
10394.19181  
10402.22156  
10319.87663  
10300.06317  
10354.02216  
10295.14911  
10288.13698  
10328.52974  
10399.70504  
10395.08724  
10440.47835  
10433.88635  
10389.37441  
10418.45699  
10382.12113  
10448.62059  
10409.02356  
10330.23047  
10215.62705  
10241.0815  
10292.10423  
10337.89984  
10346.08105  
10337.51027  
10345.36865  
10313.3406  
10406.88261  
10409.10675  
10498.2097  
10436.70253  
10319.21358  
10286.70506  
10360.20555  
10343.6038  
10354.96464  
10364.81521  
10304.63804  
10370.39754  
10349.82784  
10426.38399  
10489.79073  
10444.99644  
10385.21706  
10305.44212  
10222.66781  
10265.5909  
10342.15645  
10411.9397  
10414.94932  
10430.48924  
10419.91109  
10434.78833  
10492.13635  
10464.04653  
10475.22941  
10317.94362  
10292.12282  
10222.6804  
10304.91252  
10307.4269  
10378.06925  
10359.80253  
10338.39545  
10297.84595  
10224.32121  
10264.046  
10365.75427  
10405.97693  
10428.44401  
10465.46958  
10370.53794  
10311.26113  
10300.69501  
10266.16779  
10244.50303  
10297.53546  
10266.91441  
10311.94385  
10380.10327  
10456.43616  
10452.99125  
10405.44255  
10327.43903  
10303.79862  
10336.01811  
10382.66193  
10470.45142  
10499.2926  
10437.29484  
10408.11448  
10356.76406  
10393.45667  
10452.79649  
10475.71735  
10442.15885  
10465.00419  
10422.41355  
10383.46377  
10345.14638  
10267.07859  
10249.8797  
10270.34322  
10325.69849  
10392.43555  
10419.19497  
10339.85649  
10327.93016  
10343.87219  
10344.52173  
10349.76284  
10298.22272  
10309.21682  
10292.27645  
10277.43018  
10341.9918  
10285.17765  
10363.89642  
10367.5342  
10446.87472  
10415.06455  
10464.05762  
10401.05092  
10346.81913  
10331.60327  
10366.36031  
10393.00348  
10367.0128  
10327.0496  
10291.08879  
10322.1724  
10340.7982  
10321.35097  
10306.99945  
10243.82489  
10295.2156  
10335.41335  
10390.83535  
10370.64604  
10348.47595  
10333.63326  
10370.02218  
10409.65548  
10376.50315  
10429.12911  
10393.63957  
10403.5306  
10399.21397  
10434.21208  
10504.62978  
10492.63692  
10372.97766  
10263.91541  
10192.46041  
10218.57253  
10197.56852  
10206.81205  
10287.06297  
10354.0481  
10412.66933  
10340.59503  
10320.95546  
10302.61312  
10331.90965  
10393.39972  
10442.80542  
10474.43852  
10428.23975  
10287.36251  
10256.29533  
10226.65515  
10328.91119  
10380.25045  
10373.14844  
10411.08354  
10367.92617  
10365.07678  
10350.62337  
10385.64823  
10480.04478  
10477.52425  
10415.78923  
10296.361  
10276.10773  
10228.53426  
10300.59194  
10386.02281  
10434.11965  
10497.25464  
10456.1826  
10377.90403  
10268.70673  
10208.54694  
10288.7549  
10322.38224  
10348.92678  
10395.9966  
10428.45144  
10396.51786  
10476.58759  
10444.4245  
10416.37356  
10364.92898  
10319.73155  
10276.204  
10349.87233  
10305.06826  
10336.1275  
10347.40538  
10277.79921  
10296.81781  
10337.81651  
10324.32833  
10346.20241  
10371.02688  
10371.49247  
10334.56582  
10404.32031  
10479.48838  
10468.29985  
10420.75466  
10357.46021  
10286.77197  
10286.77452  
10318.22662  
10352.8338  
10351.7525  
10336.17385  
10334.9353  
10349.04329  
10381.24662  
10490.86536  
10480.69873  
10403.83529  
10349.42657  
10334.24357  
10260.12854  
10297.96926  
10350.3737  
10372.24428  
10437.87282  
10450.78335  
10408.62465  
10303.59035  
10244.85795  
10257.95494  
10344.14256  
10348.78389  
10392.2699  
10455.24593  
10470.21598  
10377.90448  
10326.31932  
10399.47481  
10339.29572  
10361.21372  
10316.91587  
10313.41888  
10418.57357  
10395.57086  
10371.64376  
10331.95872  
10301.43066  
10306.82731  
10320.43024  
10317.62518  
10354.19926  
10390.26123  
10394.67832  
10429.10754  
10431.86554  
10406.19265  
10373.66679  
10391.48895  
10419.79224  
10354.75212  
10349.2829  
10345.81419  
10364.73073  
10430.45878  
10481.13641  
10454.46145  
10354.23403  
10300.48535  
10211.68042  
10274.60502  
10324.95312  
10331.9565  
10441.15637  
10473.16225  
10483.05646  
10383.14042  
10177.67698  
10169.09196  
10203.22571  
10277.13668  
10338.86684  
10396.16679  
10471.09959  
10435.74668  
10331.27974  
10237.91846  
10209.96722  
10279.26617  
10360.62533  
10364.98883  
10486.77531  
10518.72219  
10520.12227  
10517.22491  
10448.77386  
10379.67324  
10292.90387  
10231.81165  
10243.93231  
10306.20142  
10394.03599  
10339.74939  
10411.03324  
10419.12449  
10480.04926  
10448.76548  
10369.22565  
10287.99921  
10270.07436  
10295.96169  
10385.19352  
10438.35986  
10458.70121  
10489.19924  
10434.38686  
10345.79097  
10310.66815  
10288.10616  
10339.21297  
10423.8161  
10464.10754  
10391.10673  
10391.42413  
10419.08  
10385.98348  
10429.52588  
10352.53357  
10395.6369  
10442.45787  
10464.81075  
10451.47941  
10401.52962  
10316.22491  
10312.5459  
10334.90212  
10425.00181  
10473.68992  
10396.69533  
10308.72211  
10239.20732  
10216.16618  
10199.69393  
10239.9715  
10267.5637  
10351.67153  
10380.80754  
10342.10219  
10293.26807  
10286.38969  
10278.30072  
10372.55467  
10348.62177  
10336.96165  
10384.32829  
10401.80851  
10411.42926  
10418.1864  
10394.11466  
10408.82078  
10379.35992  
10353.29716  
10233.79399  
10186.92139  
10260.21651  
10328.46537  
10314.16353  
10359.32642  
10354.55198  
10353.5321  
10354.25092  
10400.90619  
10432.18154  
10445.80369  
10509.16536  
10522.43457  
10507.43923  
10464.88818  
10381.53603  
10298.10588  
10262.70376  
10328.20616  
10337.70921  
10360.19336  
10327.64909  
10323.27645  
10307.42666  
10292.52989  
10348.10301  
10370.28121  
10409.85773  
10376.64221  
10449.92124  
10473.38039  
10412.98553  
10342.01086  
10212.15666  
10196.30235  
10248.28621  
10270.48812  
10361.76831  
10410.32247  
10425.99164  
10405.47479  
10401.6451  
10374.28516  
10365.80868  
10517.61475  
10514.65749  
10447.1862  
10342.77848  
10289.62933  
10266.36652  
10290.73944  
10331.66762  
10312.74797  
10283.62809  
10302.07945  
10350.74872  
10344.5958  
10388.51068  
10459.44653  
10462.60685  
10363.16473  
10308.26652  
10308.33295  
10326.38959  
10299.3255  
10293.98472  
10373.62512  
10327.18669  
10322.486  
10295.47347  
10275.41475  
10333.73547  
10389.8846  
10398.51343  
10431.89563  
10419.11743  
10360.39701  
10325.15399  
10333.30501  
10437.37817  
10459.55587  
10409.7678  
10323.11682  
10256.44767  
10214.75714  
10275.81663  
10307.67419  
10331.22017  
10384.74854  
10357.81925  
10408.27287  
10402.67464  
10477.95514  
10468.6746  
10380.67531  
10254.79651  
10173.24158  
10222.33677  
10266.48934  
10288.59721  
10372.41899  
10412.3302  
10389.34113  
10418.39705  
10468.2534  
10317.71672  
10292.20066  
10366.42023  
10335.75071  
10337.82222  
10378.37764  
10399.85895  
10412.12288  
10450.86743  
10437.3244  
10424.71674  
10391.98572  
10385.71733  
10377.62368  
10382.03859  
10440.10559  
10416.38403  
10274.70343  
10292.45162  
10241.56665  
10332.51351  
10335.85317  
10330.11047  
10378.0651  
10375.01267  
10368.80066  
10328.35671  
10364.99266  
10340.12478  
10401.21423  
10452.74453  
10420.58777  
10282.10891  
10153.3041  
10160.9908  
10260.94981  
10313.21895  
10312.17525  
10384.08993  
10382.13711  
10448.56053  
10468.02419  
10516.90332  
10471.01416  
10472.38491  
10489.942  
10428.93976  
10405.29612  
10430.87663  
10386.71881  
10396.28672  
10309.75875  
10348.72469  
10357.9259  
10388.40682  
10413.77911  
10399.4821  
10365.52942  
10320.06352  
10297.98922  
10273.43451  
10326.93134  
10348.70909  
10403.80983  
10393.35073  
10360.53172  
10347.26516  
10274.85604  
10188.98769  
10263.22496  
10326.83425  
10351.96167  
10337.42857  
10369.31639  
10349.76204  
10354.2596  
10359.96234  
10333.47198  
10346.24015  
10333.73499  
10424.16345  
10472.39616  
10405.2573  
10343.67845  
10186.02769  
10226.90546  
10251.89545  
10338.40649  
10350.13485  
10390.88003  
10374.65485  
10366.87272  
10365.07522  
10432.78286  
10497.16656  
10456.21025  
10415.60209  
10363.67582  
10353.05699  
10341.01156  
10403.90558  
10385.71869  
10377.42468  
10375.22357  
10350.35291  
10362.96859  
10355.10986  
10373.33232  
10459.09127  
10398.92013  
10382.53646  
10310.37087  
10292.94639  
10316.61717  
10359.66941  
10388.92537  
10366.02028  
10398.41276  
10460.55398  
10478.84833  
10516.19468  
10395.77745  
10335.04688  
10240.2773  
10238.65883  
10266.92946  
10322.52122  
10332.38804  
10418.83327  
10495.51038  
10483.91396  
10409.90944  
10265.4767  
10267.84174  
10254.58083  
10363.44281  
10375.30719  
10316.08262  
10269.65804  
10237.08282  
10266.61591  
10286.11049  
10353.00865  
10379.32184  
10421.22508  
10375.31319  
10377.60708  
10385.5693  
10350.70827  
10443.37453  
10511.97793  
10562.03617  
10533.32745  
10384.90637  
10283.74445  
10232.81598  
10230.99105  
10241.02437  
10242.47603  
10249.22862  
10284.99502  
10370.4491  
10361.5283  
10325.60103  
10285.27264  
10325.26538  
10350.49795  
10443.45587  
10507.73199  
10512.78737  
10442.59198  
10340.17841  
10232.20465  
10203.51337  
10239.92794  
10271.93422  
10350.47957  
10362.8265  
10461.76929  
10526.0922  
10509.77907  
10512.24314  
10380.40664  
10268.67397  
10211.01632  
10267.70803  
10275.26963  
10288.19763  
10268.76058  
10302.27393  
10315.56026  
10369.93547  
10406.14046  
10439.9035  
10482.56801  
10423.68105  
10321.80768  
10283.57483  
10339.2796  
10329.2734  
10389.40198  
10333.70964  
10342.61629  
10394.20156  
10383.29653  
10478.00948  
10466.15594  
10394.9812  
10283.46218  
10148.78888  
10223.67098  
10299.4307  
10400.92682  
10378.06034  
10323.9376  
10341.51477  
10383.39473  
10408.00242  
10463.10484  
10454.47845  
10392.42035  
10371.16833  
10353.48718  
10330.88224  
10330.69694  
10285.05853  
10311.53959  
10370.82107  
10417.81126  
10473.74284  
10485.61578  
10458.69291  
10408.65181  
10327.64126  
10341.47066  
10400.05282  
10419.62423  
10469.87396  
10465.64807  
10347.05849  
10281.11532  
10280.75975  
10259.83177  
10296.70555  
10331.62146  
10405.58535  
10443.35785  
10443.60594  
10413.45844  
10317.31449  
10246.26286  
10206.25875  
10255.55092  
10353.93009  
10374.8136  
10340.52582  
10343.90279  
10343.44895  
10364.49084  
10477.11426  
10511.23291  
10417.1901  
10292.81901  
10302.3335  
10295.98126  
10274.22288  
10335.72819  
10371.62445  
10357.36623  
10453.78196  
10474.36623  
10425.23651  
10270.34595  
10229.76457  
10261.75012  
10304.95874  
10327.92316  
10383.04022  
10404.09369  
10471.57172  
10470.02059  
10467.816  
10380.52307  
10313.96568  
10302.99984  
10313.66941  
10368.5293  
10419.98838  
10465.58813  
10496.48521  
10471.93593  
10420.25897  
10341.9671  
10295.15395  
10219.57454  
10285.00413  
10330.40666  
10414.42885  
10435.41282  
10375.52216  
10379.30593  
10350.40517  
10368.70638  
10300.19002  
10365.68414  
10259.15371  
10260.55467  
10283.89221  
10353.62882  
10436.53949  
10454.51164  
10496.86808  
10528.46745  
10435.11749  
10405.61544  
10310.23364  
10267.11206  
10228.02557  
10262.06612  
10330.9325  
10312.68947  
10343.14473  
10405.33409  
10436.94535  
10497.19904  
10460.99752  
10431.03556  
10379.02193  
10289.36772  
10234.62429  
10231.29277  
10304.00285  
10357.35012  
10358.26912  
10412.65513  
10407.78082  
10390.44194  
10423.67072  
10455.87632  
10463.57515  
10345.21279  
10221.32823  
10163.04508  
10242.74097  
10326.51829  
10325.61149  
10384.44552  
10444.47878  
10421.01015  
10394.18319  
10373.55965  
10302.90426  
10229.0025  
10236.75938  
10316.43854  
10378.89768  
10379.44008  
10415.71629  
10375.12276  
10373.77926  
10374.60225  
10341.9007  
10325.41675  
10404.70793  
10387.17403  
10348.21332  
10392.605  
10446.45433  
10446.98381  
10475.01267  
10383.8905  
10290.57931  
10238.50262  
10342.5035  
10413.1971  
10459.59361  
10483.34772  
10340.12148  
10313.79826  
10367.77793  
10453.99892  
10488.86534  
10488.64217  
10367.11389  
10321.97707  
10339.6405  
10389.17029  
10439.66315  
10473.07418  
10393.86525  
10313.48124  
10292.46731  
10334.08329  
10404.79055  
10411.10175  
10416.53963  
10329.81722  
10317.39518  
10264.76493  
10253.89162  
10240.92708  
10250.59314  
10199.86688  
10255.6474  
10304.24642  
10326.1675  
10334.954  
10334.01634  
10307.95416  
10292.54283  
10344.08063  
10316.73751  
10369.71181  
10428.48248  
10433.61554  
10465.84237  
10465.4774  
10368.04224  
10232.58132  
10220.75543  
10254.85516  
10280.99579  
10235.39437  
10216.96153  
10311.47843  
10290.98338  
10360.92568  
10424.66052  
10441.24664  
10409.54565  
10396.96788  
10366.73816  
10421.22565  
10386.59583  
10380.09229  
10344.53711  
10336.11292  
10323.91418  
10366.93461  
10364.79366  
10356.76737  
10349.00372  
10464.73863  
10500.65212  
10601.81871  
10540.84517  
10389.56539  
10287.14256  
10216.90279  
10271.84566  
10311.92804  
10342.17442  
10327.52195  
10326.65558  
10302.04594  
10354.098  
10460.11001  
10476.96047  
10522.30068  
10443.95249  
10305.54899  
10231.36788  
10179.70351  
10258.99654  
10254.75909  
10305.94552  
10356.38285  
10341.63395  
10390.35122  
10403.6179  
10449.35148  
10494.75645  
10485.3929  
10477.78896  
10366.09338  
10391.82119  
10357.41844  
10376.20772  
10389.55086  
10395.59928  
10413.51424  
10419.32286  
10349.78428  
10338.725  
10336.51882  
10294.51941  
10295.7829  
10332.47443  
10426.85606  
10453.04382  
10547.21621  
10455.72581  
10428.5144  
10302.17395  
10264.22532  
10270.91087  
10313.22481  
10358.58844  
10346.67523  
10345.13702  
10387.98057  
10398.44891  
10397.35856  
10438.4705  
10365.40092  
10390.81215  
10374.28982  
10381.06095  
10348.59033  
10264.48763  
10149.79313  
10113.37581  
10258.98423  
10329.52144  
10411.79181  
10435.20693  
10438.44098  
10399.71956  
10410.33118  
10370.50128  
10341.3948  
10336.62738  
10385.85777  
10362.03198  
10381.00594  
10370.72614  
10397.93188  
10422.13348  
10494.2605  
10468.20964  
10356.7215  
10305.04126  
10276.81773  
10265.68966  
10295.23775  
10295.36676  
10378.71956  
10410.84918  
10410.52448  
10479.97538  
10372.74257  
10458.27283  
10423.07428  
10429.16836  
10482.44987  
10424.01282  
10300.64622  
10254.6003  
10298.69019  
10325.85268  
10402.12193  
10354.58724  
10392.84202  
10378.88523  
10414.65324  
10405.94458  
10403.30428  
10391.61312  
10384.12111  
10366.30298  
10377.42137  
10392.53864  
10421.79016  
10404.46336  
10304.8335  
10265.19802  
10303.3809  
10302.28442  
10273.11477  
10270.73838  
10259.26086  
10233.89764  
10267.63711  
10295.29504  
10350.44767  
10337.8172  
10378.0222  
10355.4079  
10395.78412  
10385.60089  
10384.82113  
10431.44354  
10452.79486  
10470.99744  
10344.82371  
10268.64097  
10350.84137  
10340.57823  
10388.08044  
10391.51237  
10379.29213  
10432.69462  
10421.51351  
10352.32566  
10409.57865  
10353.86013  
10396.59115  
10435.72276  
10413.47776  
10467.20846  
10466.69004  
10452.38208  
10336.8752  
10276.31368  
10245.60368  
10288.20675  
10302.64476  
10325.56836  
10317.19845  
10307.36503  
10286.07107  
10391.04783  
10360.38271  
10446.01284  
10292.66178  
10162.83144  
10207.20032  
10236.2666  
10287.67365  
10371.81244  
10381.02474  
10432.22766  
10401.68357  
10373.68343  
10430.98608  
10465.47414  
10467.63495  
10431.36208  
10324.12172  
10318.46332  
10286.00962  
10270.28898  
10284.5257  
10265.02028  
10334.61082  
10417.57613  
10507.98224  
10479.98574  
10472.68132  
10362.21025  
10385.11072  
10444.60516  
10456.907  
10481.93463  
10432.35022  
10367.89825  
10273.8358  
10321.55524  
10384.62642  
10374.97736  
10435.52039  
10469.90226  
10424.74685  
10431.08059  
10343.50918  
10288.38688  
10291.90393  
10293.09017  
10296.61788  
10304.88224  
10340.58386  
10331.20795  
10315.52268  
10373.07727  
10318.04677  
10309.73228  
10263.58598  
10277.80066  
10266.55721  
10335.94609  
10275.20685  
10237.55162  
10226.80756  
10262.19621  
10339.63346  
10375.94904  
10391.04248  
10387.54388  
10452.82316  
10413.51908  
10411.19586  
10405.83608  
10393.34981  
10419.9468  
10426.84178  
10451.81818  
10453.48094  
10469.78257  
10398.62162  
10324.56458  
10315.74101  
10291.2655  
10263.32959  
10303.28906  
10255.17769  
10301.37856  
10299.52376  
10279.30611  
10349.76164  
10430.35055  
10364.9882  
10321.0482  
10271.70898  
10295.41807  
10287.23846  
10372.00854  
10336.42041  
10399.2241  
10416.46796  
10397.84072  
10420.35665  
10448.21639  
10443.39846  
10354.35162  
10267.85645  
10212.71999  
10292.67131  
10347.26011  
10317.99776  
10273.46688  
10311.81276  
10295.14115  
10304.78133  
10408.82269  
10509.42167  
10496.00511  
10430.6143  
10334.63253  
10293.97976  
10310.20894  
10289.3666  
10316.67928  
10417.37445  
10442.67934  
10457.57806  
10498.84113  
10465.17887  
10401.58152  
10310.63182  
10297.76078  
10292.06891  
10331.5838  
10316.73269  
10389.94777  
10383.54104  
10365.59338  
10324.91726  
10334.11151  
10338.94995  
10359.16156  
10394.31759  
10397.08177  
10448.34326  
10462.81787  
10417.85533  
10458.02155  
10384.51388  
10414.96918  
10405.04761  
10385.36814  
10348.99207  
10313.04932  
10393.43866  
10382.64258  
10410.46342  
10415.36873  
10355.35376  
10253.64968  
10241.2147  
10276.20534  
10319.48574  
10345.04403  
10339.84597  
10412.57155  
10419.40023  
10392.51959  
10326.20087  
10239.0789  
10307.84871  
10314.64553  
10368.81991  
10321.18467  
10385.23016  
10342.39309  
10293.36432  
10394.25053  
10405.86233  
10392.61169  
10418.01418  
10425.51676  
10347.83122  
10267.00533  
10252.337  
10299.79993  
10361.63196  
10399.87449  
10414.23183  
10366.38053  
10379.86497  
10318.66252  
10340.35799  
10442.98678  
10437.93447  
10439.10799  
10390.92719  
10328.54968  
10285.60807  
10294.23399  
10264.61444  
10344.99286  
10408.07225  
10434.72209  
10452.45076  
10469.11355  
10487.58632  
10452.74742  
10379.62059  
10286.85177  
10300.69342  
10337.15247  
10364.33942  
10332.69281  
10311.76286  
10345.31305  
10293.61493  
10307.74695  
10349.54215  
10348.90792  
10359.50665  
10399.99392  
10381.18512  
10387.52228  
10398.64766  
10385.13454  
10387.54427  
10417.83207  
10338.40883  
10326.83278  
10272.09094  
10280.32406  
10351.95424  
10376.50122  
10449.13965  
10380.0233  
10350.92452  
10215.71057  
10175.81982  
10207.51493  
10314.80532  
10361.40348  
10440.11743  
10417.44991  
10416.62563  
10388.71755  
10400.9952  
10374.76259  
10446.6889  
10459.75352  
10475.72902  
10397.91284  
10308.19012  
10276.48531  
10311.62024  
10347.49162  
10391.70321  
10440.8705  
10417.56852  
10414.77608  
10431.71352  
10406.28634  
10335.5804  
10381.38169  
10414.89555  
10422.86039  
10324.93315  
10356.85868  
10282.89488  
10248.15918  
10264.94478  
10354.57174  
10339.97166  
10301.87618  
10292.22968  
10305.44358  
10325.27885  
10316.82672  
10397.2522  
10417.26176  
10421.53373  
10469.75344  
10508.83358  
10446.54205  
10375.41951  
10333.64632  
10341.77698  
10332.16319  
10398.56576  
10415.20329  
10417.28347  
10308.70135  
10318.01359  
10337.90483  
10384.31036  
10427.13578  
10439.66956  
10376.70455  
10309.7289  
10301.44604  
10379.09288  
10343.42053  
10360.97365  
10321.59292  
10311.04897  
10259.77374  
10260.14724  
10255.31584  
10355.39988  
10405.34814  
10420.09098  
10479.05351  
10403.81689  
10337.37748  
10388.24849  
10401.68681  
10468.69039  
10474.42055  
10479.35179  
10429.63692  
10355.52602  
10287.9142  
10247.89555  
10284.74196  
10320.84064  
10392.72947  
10379.85433  
10359.85946  
10311.58852  
10290.56026  
10374.21332  
10385.12994  
10374.33913  
10406.47894  
10381.7784  
10368.23519  
10249.20868  
10201.43654  
10231.84642  
10212.64022  
10294.42177  
10278.68982  
10306.5627  
10402.65216  
10425.5486  
10368.60105  
10429.05345  
10336.04425  
10284.61702  
10289.32194  
10313.58718  
10358.02537  
10467.77057  
10482.68158  
10407.61973  
10303.45996  
10273.3245  
10195.48918  
10222.70703  
10290.71944  
10330.12905  
10411.33643  
10435.7112  
10467.2653  
10470.06966  
10466.36568  
10477.75  
10408.32692  
10404.24992  
10378.28123  
10415.03174  
10385.8646  
10347.27799  
10306.06909  
10266.04641  
10243.45386  
10236.91164  
10284.02938  
10344.66964  
10347.24235  
10408.30339  
10388.83988  
10396.4881  
10401.53078  
10390.34314  
10429.95772  
10453.89909  
10376.57084  
10316.54753  
10357.82599  
10342.94403  
10324.99414  
10319.48883  
10273.09973  
10253.96482  
10309.59094  
10397.93341  
10338.06917  
10424.52942  
10392.00708  
10373.29399  
10370.75444  
10364.73608  
10328.21981  
10356.71488  
10435.22666  
10365.20978  
10415.75541  
10354.54378  
10298.27181  
10290.22058  
10291.37803  
10400.02191  
10390.45699  
10391.25191  
10332.86623  
10352.6568  
10365.02734  
10400.96993  
10371.92668  
10328.62598  
10291.97526  
10250.88031  
10283.13857  
10204.80467  
10236.16032  
10291.77085  
10365.64797  
10389.06606  
10410.49597  
10406.82239  
10400.74438  
10396.72835  
10419.96613  
10355.55369  
10378.47941  
10375.55058  
10401.75303  
10393.27716  
10443.91203  
10451.04051  
10457.61597  
10468.06024  
10412.26796  
10406.18191  
10395.09192  
10429.36941  
10433.27142  
10527.94395  
10472.10368  
10357.31809  
10380.84338  
10379.02618  
10331.11509  
10310.73708  
10303.11995  
10345.56877  
10295.10907  
10331.34117  
10408.07935  
10380.47371  
10335.61662  
10261.86648  
10295.36995  
10326.88196  
10301.78748  
10352.54327  
10335.7041  
10320.44025  
10286.30052  
10290.89563  
10304.12132  
10308.08049  
10291.97176  
10296.94436  
10346.95852  
10328.16927  
10386.99371  
10375.4754  
10301.71525  
10344.28835  
10432.58317  
10498.51742  
10508.22361  
10435.44916  
10366.96596  
10286.11452  
10255.4659  
10296.89331  
10347.07892  
10376.76937  
10392.58862  
10420.99506  
10423.76955  
10398.25246  
10395.49066  
10402.63218  
10379.27822  
10371.97164  
10389.73737  
10317.54403  
10284.52692  
10277.63719  
10319.79484  
10330.21263  
10334.00376  
10395.94379  
10412.51664  
10396.42112  
10443.91243  
10445.20188  
10459.69781  
10461.02869  
10402.87685  
10356.65499  
10361.62984  
10375.99786  
10452.70943  
10344.67959  
10324.94216  
10316.86574  
10249.47286  
10268.38652  
10290.35598  
10312.75946  
10409.48934  
10443.87773  
10429.63922  
10364.46547  
10341.66343  
10291.39722  
10282.16659  
10312.23735  
10342.95174  
10374.61174  
10386.48798  
10430.81112  
10404.23438  
10404.62913  
10389.45589  
10380.63251  
10455.95286  
10414.9129  
10414.26347  
10323.20992  
10335.31063  
10307.95272  
10359.37929  
10363.19397  
10386.22154  
10358.2452  
10339.3726  
10396.53235  
10457.28489  
10440.18154  
10402.00793  
10412.9082  
10358.02612  
10231.92556  
10229.55619  
10257.46173  
10305.50309  
10329.8196  
10299.96525  
10320.12539  
10305.13332  
10319.51691  
10303.02382  
10363.84304  
10415.36483  
10387.06964  
10435.04183  
10493.39486  
10416.2113  
10351.59127  
10306.92775  
10335.05802  
10382.29728  
10430.96714  
10428.73348  
10468.54549  
10451.52327  
10402.47253  
10297.52391  
10230.47361  
10188.26581  
