6809.107995  
6851.447867  
6670.829487  
6788.461867  
6787.694956  
6764.263174  
6831.496901  
6800.183472  
6820.59668  
6872.378831  
6739.089158  
6765.222853  
6722.229164  
6758.557439  
6908.418138  
6866.314331  
6826.363253  
7011.60652  
6901.46598  
6865.644221  
6898.368305  
6806.343816  
6693.598595  
6825.52617  
6804.512404  
6822.967126  
6825.662025  
6739.806716  
6734.138493  
6613.059354  
6824.297063  
6710.364258  
6828.769794  
6836.464928  
6748.5334  
6708.7951  
6771.516649  
6862.741051  
7003.167922  
7014.327233  
6871.533081  
6858.861929  
6766.003193  
6758.778471  
6821.320472  
6929.811608  
6851.668767  
6704.950111  
6776.236638  
6805.95043  
6818.54941  
6880.547786  
6882.950515  
6861.822754  
6849.625563  
6731.752113  
6732.893433  
6704.117234  
6799.202064  
6735.633376  
6745.399377  
6843.618953  
6721.470356  
6780.691256  
6764.213116  
6780.290894  
6822.762329  
6733.106267  
6712.885216  
6838.81619  
6760.585308  
6701.87947  
6808.990253  
6872.14347  
6904.369929  
6779.067064  
6770.533344  
6934.650043  
6852.330886  
6724.976741  
6685.758742  
6777.831543  
6890.704308  
6852.682805  
6934.74862  
6874.983614  
6867.17365  
6827.000873  
6783.806011  
6756.154457  
6738.318622  
6701.20951  
6733.223858  
6779.427556  
6857.774395  
6859.208665  
6850.359732  
6767.59114  
6784.13917  
6851.258047  
6858.786612  
6839.802349  
6856.417847  
6795.929688  
6790.219661  
6767.167039  
6804.430457  
6779.314782  
6666.811101  
6633.737492  
6812.27525  
6682.284123  
6823.788978  
6862.481652  
6829.137273  
6748.749962  
6902.355112  
6900.645451  
6813.274649  
6870.387329  
6831.085543  
6800.792574  
6830.569693  
6968.667424  
6866.859591  
6816.181866  
6736.25385  
6812.051166  
6796.533457  
6801.096004  
6731.378897  
6820.882371  
6957.574801  
6866.624822  
6919.138371  
6806.440749  
6876.158701  
6956.663912  
6908.988441  
6748.32296  
6841.497305  
6829.763371  
6763.963416  
6701.646578  
6781.832632  
6798.432561  
6768.426129  
6766.459125  
6642.754432  
6712.074914  
6702.327505  
6712.576454  
6759.210318  
6807.54233  
6843.444411  
6902.085844  
6909.985999  
6799.426448  
6715.435152  
6706.828463  
6805.511756  
6853.762583  
6900.723182  
6777.923762  
6865.002038  
6840.449247  
6939.563833  
6875.1618  
6820.26077  
6770.253887  
6879.413001  
6885.879911  
6733.373958  
6876.569158  
6811.547467  
6791.565824  
6823.128089  
6721.852502  
6821.23384  
6764.584003  
6719.75323  
6719.445726  
6913.400851  
6847.957689  
6811.962938  
6803.119516  
6827.754103  
6788.011184  
6738.299946  
6759.342041  
6718.050077  
6740.4923  
6778.129432  
6880.673237  
6859.476337  
6811.997192  
6727.673453  
6805.728995  
6708.079937  
6721.107103  
6667.448439  
6831.548734  
6893.570275  
6751.453341  
6760.395029  
6778.407781  
6790.807636  
6758.817035  
6872.015099  
6889.72521  
6799.349919  
6734.370944  
6799.685368  
6852.307636  
6745.614765  
6793.445557  
6742.256442  
6782.008658  
6775.975323  
6799.512977  
6722.369544  
6764.187444  
6633.064031  
6552.981877  
6636.952721  
6729.035119  
6918.798387  
6854.325684  
6775.160992  
6446.359845  
6984.599938  
6844.007578  
6884.943388  
6893.13377  
6721.406522  
6726.397254  
6709.991831  
6845.355516  
6824.429772  
6881.389094  
6838.853985  
6857.408879  
6801.382352  
6790.597544  
6819.74462  
6860.337862  
6931.2029  
6866.54988  
6772.160297  
6714.564632  
6831.805495  
6918.630371  
6850.306237  
6696.229041  
6856.499239  
6811.043711  
6874.161724  
6955.823252  
6780.625911  
6678.813298  
6698.633132  
6757.483333  
6830.597177  
6898.247324  
6820.153067  
6807.337393  
6870.359065  
6860.28263  
6839.161743  
6678.513597  
6748.240197  
6816.116784  
6735.215745  
6796.282874  
6825.824219  
6909.622361  
7030.594191  
6876.243859  
6669.138324  
6620.926241  
6643.440899  
6812.806406  
6853.40287  
6782.153236  
6638.406128  
6791.513813  
6798.526452  
6805.309937  
6782.016273  
6857.48692  
6838.491502  
6828.375479  
6822.405236  
6826.583984  
6914.215022  
6849.203275  
6747.768301  
6723.416701  
6622.988957  
6657.390644  
6752.378897  
6773.789401  
6726.850079  
6709.800819  
6696.913386  
6841.997437  
6765.076529  
6812.959313  
6826.153217  
6713.142071  
6734.091299  
6746.746629  
6903.852351  
6804.10729  
6895.176194  
6792.399865  
6804.274527  
6877.388916  
6941.617601  
6775.253794  
6780.474159  
6713.501136  
6773.900785  
6769.004808  
6778.384043  
6808.821402  
6815.922654  
6953.727511  
6864.546875  
6798.197575  
6821.544565  
6919.147283  
6894.587797  
6977.560218  
6738.338698  
6787.379592  
6658.000113  
6791.148513  
6859.181068  
6902.70074  
6864.33051  
6882.824087  
6662.995033  
6646.449932  
6716.789551  
6867.939106  
6917.313214  
6783.691754  
6769.173453  
6749.976206  
6670.719013  
6720.570463  
6926.116596  
6872.010676  
6717.994591  
6738.571205  
6801.193181  
6929.312763  
6849.450918  
6699.401489  
6737.315843  
6777.333834  
6922.033137  
7035.860389  
6830.452458  
6854.138296  
6735.551147  
6803.525672  
6699.050068  
6747.888005  
6811.412504  
6880.478234  
6799.231164  
6766.314829  
6737.604023  
6711.44212  
6901.348445  
6929.166626  
6803.858614  
6837.05434  
6816.634878  
6782.612868  
6792.777776  
6788.938739  
6882.598821  
6737.79941  
6708.587261  
6754.812369  
6842.989455  
6983.0388  
6894.019296  
6799.316998  
6824.01586  
6895.478215  
6682.750225  
6823.017334  
6612.723783  
6789.00693  
6717.552143  
6701.175227  
6698.741352  
6568.352013  
6684.241418  
6825.29325  
6801.201097  
6846.974271  
6852.936617  
6885.226393  
6816.218975  
6921.233154  
6889.993483  
6847.042415  
6867.361394  
6871.331111  
6890.156203  
6879.344867  
6829.262986  
6742.800284  
6793.063955  
6736.655621  
6649.418889  
6806.86207  
6811.346849  
6843.817974  
6684.102905  
6849.952721  
6738.077346  
6860.103544  
6840.153208  
6778.439763  
6749.438617  
6818.783813  
6897.369873  
6818.716384  
6836.613225  
6879.662119  
6793.683697  
6816.789166  
6755.460327  
6792.017146  
6851.68135  
6693.081167  
6752.049495  
6749.952026  
6774.606398  
6771.469783  
6839.342013  
6808.624784  
6794.84883  
6838.08036  
6721.024733  
6766.709567  
6754.205426  
6749.079872  
6738.921133  
6718.558359  
6723.252563  
6771.900278  
6889.321834  
6843.449444  
6806.963924  
6776.642278  
6789.896362  
6854.238704  
6868.107488  
6735.87854  
6832.814059  
6869.106999  
6774.761174  
6829.94873  
6795.934739  
6827.420617  
6729.366248  
6797.286687  
6803.433115  
6769.342586  
6798.489549  
6961.83913  
6951.835506  
6808.059796  
6676.953566  
6744.032029  
6834.735352  
6866.483182  
6877.938251  
6808.687594  
6713.732704  
6744.263522  
6766.410476  
6876.765606  
6968.060293  
6886.170964  
6782.355478  
6833.214816  
6784.794819  
6833.343412  
6800.311561  
6685.955491  
6747.1661  
6855.442176  
7020.888719  
6879.456412  
6643.587524  
6724.972835  
6864.096482  
6842.514348  
6700.408813  
6724.64639  
6729.621657  
6810.327383  
6850.437387  
6665.235173  
6672.695031  
6692.481849  
6731.563871  
6725.125751  
6752.698308  
6839.049551  
6793.530546  
6842.242094  
6820.382822  
6775.846332  
6663.56958  
6709.202759  
6835.026292  
6873.433481  
6842.449303  
6800.660137  
6811.539391  
6831.713679  
6994.933819  
6905.720374  
6818.267813  
6750.129742  
6738.275982  
6893.372596  
6869.077148  
6835.295551  
6864.705097  
6796.145667  
6713.653978  
6754.388738  
6912.992516  
6957.24538  
6868.289776  
6769.170128  
6750.42196  
6823.215848  
6827.375836  
6743.72676  
6655.310472  
6792.202205  
6837.583994  
6806.560556  
6770.429594  
6822.565214  
6827.079646  
6915.490131  
6861.867892  
6768.909217  
6882.885733  
6820.789053  
6880.598717  
6855.123601  
6833.261456  
6839.946402  
6837.283241  
6843.777203  
6858.419884  
6733.694899  
6980.839271  
6765.969295  
6777.555927  
6728.860953  
6718.375676  
6652.354314  
6740.091402  
6797.022761  
6769.364596  
6752.734046  
6684.419011  
6821.905471  
6839.057101  
6908.967454  
6882.653386  
6818.850257  
6652.551983  
6646.485765  
6738.885554  
6798.07881  
6822.266433  
6715.663208  
6699.808425  
6815.149442  
6826.763691  
6700.459163  
6796.696411  
6901.068575  
6884.270414  
6786.545326  
6766.806706  
6881.96397  
6802.826266  
6857.61654  
6870.895123  
6806.94089  
6706.270611  
6725.963642  
6798.186411  
6851.819298  
6865.78756  
6876.251324  
6648.79464  
6751.468262  
6874.817834  
6776.886991  
6759.237793  
6724.543542  
6774.197491  
6793.052396  
6693.154841  
6815.827665  
6860.22753  
6701.197444  
6833.256789  
6892.077674  
6833.142541  
6859.889508  
6693.526386  
6817.583703  
6794.953595  
6761.327843  
6874.323111  
6802.897949  
6870.612117  
6855.693228  
6772.884118  
6743.87716  
6859.517418  
6849.404766  
6791.209144  
6792.996404  
6815.764855  
6811.029785  
6879.661105  
6876.700862  
6791.525438  
6685.48091  
6836.277381  
6867.318726  
6711.048969  
6659.832135  
6776.63917  
6737.871676  
6813.229267  
6702.369413  
6820.829515  
6713.758254  
6822.89732  
6749.066143  
6796.016498  
6826.681566  
6860.15225  
6867.077796  
6830.86346  
6772.854398  
6792.514123  
6863.889733  
6845.764282  
6826.016151  
6790.131216  
6807.231793  
6778.21413  
6820.66194  
6851.007484  
6609.780067  
6769.925058  
6787.566622  
6853.865854  
6927.874681  
6759.314331  
6718.531428  
6741.894118  
6855.562519  
6783.678467  
6817.241211  
6797.558143  
6945.419058  
6941.699801  
6967.242807  
6964.541814  
6867.950984  
6804.407311  
6769.320876  
6778.099187  
6793.033119  
6634.480873  
6759.583599  
6785.197829  
6913.08021  
6885.515343  
6821.783767  
6703.534142  
6777.39671  
6794.068998  
6924.980957  
6894.481821  
6753.330604  
6925.508104  
6813.161443  
6837.895273  
6871.76263  
6815.953181  
6912.478844  
6796.834989  
6827.634024  
6736.679734  
6812.835909  
6675.376164  
6852.409245  
6877.652062  
6805.565589  
6822.689228  
6778.17704  
6549.947463  
6962.699773  
6725.359431  
6746.401855  
6723.032677  
6667.223135  
6683.541391  
6617.879639  
6642.610999  
6838.309082  
6902.150165  
6905.777982  
6767.813946  
6692.88024  
6832.300011  
6823.535776  
6745.67626  
6785.583524  
6777.500629  
6852.507503  
6870.439228  
6924.399301  
6840.089712  
6712.699087  
6710.193528  
6765.376277  
6838.375742  
6901.509728  
6750.523062  
6769.483042  
6763.448195  
6884.914269  
6904.499315  
6821.615225  
6827.730976  
6843.491615  
6741.665537  
6770.782367  
6715.269681  
6728.316528  
6808.454299  
6912.032837  
6837.075092  
6732.972468  
6659.066209  
6637.194533  
6765.966412  
6767.519653  
6731.372587  
6556.206299  
6542.698993  
6691.605253  
6637.011484  
6701.584059  
6651.803964  
6733.916138  
6974.045147  
6895.955097  
7053.267231  
7099.400015  
6867.601084  
6760.176683  
6639.782433  
6870.440993  
6908.804472  
6938.72398  
6911.015879  
7000.992159  
6810.604924  
6838.046096  
6833.606445  
6791.899677  
6664.490197  
6723.336999  
6769.533513  
6874.658851  
6800.962224  
6783.420269  
6734.273344  
6834.406795  
6872.685556  
6821.719717  
6625.943754  
6722.700871  
6750.351854  
6993.391104  
6929.400916  
6920.432711  
6806.148597  
6887.548002  
6860.703219  
6774.980657  
6729.382362  
6804.8202  
6785.532743  
6734.746272  
6677.468384  
6824.238995  
6833.621103  
6713.111563  
6706.86945  
6709.355873  
6760.212355  
6785.194186  
6799.386362  
6874.419049  
6766.053091  
6727.239455  
6761.111281  
6827.381977  
6959.58144  
6959.206909  
7028.600436  
6799.939613  
6794.210271  
6840.141573  
6823.565017  
6721.684223  
6750.732948  
6690.322303  
6864.315664  
6904.707585  
6876.885151  
6764.420579  
6763.852182  
6780.167152  
6858.620333  
6845.280123  
6848.777118  
6699.5177  
6698.672354  
6702.567815  
6666.730422  
6870.150278  
6839.637939  
6812.073665  
6708.89117  
6827.346098  
6847.343806  
6842.543382  
6818.411809  
6802.916541  
6710.215895  
6879.668044  
6894.728976  
6817.926964  
6812.123883  
6821.683866  
6684.886005  
6768.466656  
6769.222506  
6834.243446  
6700.857882  
6799.315655  
6871.888437  
6912.041917  
6726.758545  
6747.665105  
6794.738788  
6939.172166  
6897.981042  
6885.148916  
6816.286405  
6743.347553  
6737.378127  
6805.535579  
6893.839618  
6916.927396  
6951.42626  
6809.621554  
6847.992929  
6801.68873  
6832.271757  
6823.082886  
6757.28294  
6693.587092  
6646.403395  
6787.237474  
6835.026564  
6881.730938  
6811.780433  
6709.304857  
6650.227332  
6801.496066  
6768.256911  
6797.281532  
6855.688063  
6758.661292  
6840.440927  
6869.385207  
6886.823073  
6730.883789  
6849.93257  
6845.620737  
6823.973304  
6844.511625  
6684.077111  
6665.956787  
6714.105807  
6652.529541  
6759.559974  
6738.153733  
6805.898146  
6740.796584  
6843.542311  
6962.142944  
6742.017512  
6788.479727  
6782.071721  
7008.333186  
6925.650776  
6817.920927  
6822.829975  
6815.123667  
6883.245436  
6710.848267  
6754.786706  
6787.341975  
6818.163067  
6758.192956  
6725.062754  
6839.777494  
6803.272564  
6721.902259  
6698.421227  
6832.859816  
6871.607901  
6795.024865  
6740.597778  
6863.81558  
6783.372455  
6714.379751  
6739.901658  
6765.925424  
6751.582886  
6957.341252  
6819.65717  
6953.444148  
6959.648419  
6840.222919  
6788.908419  
6733.865206  
6720.033785  
6875.321646  
6870.315965  
7015.383047  
6791.493033  
6801.343957  
6779.548509  
6853.086764  
6792.78464  
6851.557467  
6818.381254  
6942.767362  
6776.439115  
6802.765165  
6976.576247  
7003.220328  
6809.714956  
6819.695021  
6839.290499  
6886.717041  
6799.267785  
6799.933669  
6759.825637  
6894.075233  
6905.411217  
6602.862192  
6601.022649  
6703.457867  
6647.846867  
6610.536828  
6580.115694  
6658.863516  
6695.955829  
6797.700965  
6792.146259  
6663.547758  
6621.852239  
6640.898484  
6580.739483  
6585.626427  
6762.167696  
6738.751221  
6766.191913  
6753.834088  
6787.753784  
6826.37454  
6969.405039  
6981.286753  
6932.412222  
6815.04942  
6871.850332  
6872.107178  
6853.595102  
6754.753559  
6899.884991  
6907.975417  
6798.759719  
6817.993493  
6849.569383  
6767.793072  
6820.20921  
6841.634183  
6753.495418  
6778.644606  
6649.094698  
6717.403386  
6845.831468  
7024.377197  
6993.310462  
6973.272254  
6815.716177  
6854.383864  
6808.390644  
6795.384521  
6743.982929  
6943.596764  
6813.853872  
6670.606511  
6668.451632  
6682.860962  
6885.214355  
6813.632606  
6771.955961  
6775.347234  
6714.325871  
6787.327383  
6792.899583  
6821.451679  
6822.772104  
6764.328134  
6880.469041  
6879.315495  
6912.623394  
6852.585938  
6849.806706  
6903.006197  
6837.850041  
6765.965379  
6743.327421  
6794.506498  
6796.563843  
6900.104764  
6785.434063  
6863.901968  
6893.934279  
6816.435453  
6679.029231  
6752.089928  
6795.643789  
6841.01046  
6822.078557  
6720.118521  
6833.365666  
6850.034236  
6841.423039  
6738.353506  
6846.21274  
6890.909443  
6844.30264  
6728.805636  
6664.949388  
6730.335299  
6796.204947  
6808.901733  
6769.411396  
6897.075834  
6816.009334  
6751.41456  
6711.624906  
6844.904457  
6984.830191  
6873.369986  
6930.51555  
6941.447932  
6885.080191  
6882.286058  
6748.851037  
6774.879629  
6722.687904  
6765.272245  
6851.839243  
6688.399142  
6651.318472  
6596.651076  
6672.136277  
6718.919189  
6745.590811  
6714.71044  
6827.343384  
6610.883536  
6684.817524  
6732.769024  
6667.074961  
6664.115366  
6825.43535  
6905.041992  
6927.521419  
6881.027738  
6848.472112  
6944.455022  
6952.949951  
6883.903133  
6830.060387  
6703.519644  
6728.344285  
6712.99323  
6666.973849  
6711.273231  
6746.446167  
6858.803288  
6724.574012  
6902.391461  
6814.780555  
6853.248272  
6827.687894  
6915.988084  
6781.592285  
6720.267803  
6733.920429  
6789.231755  
6800.779034  
6821.725417  
6829.194646  
6817.754761  
6800.264771  
6809.43566  
6828.053955  
6804.649912  
6875.848342  
6783.362267  
6776.853375  
6867.196477  
6921.08451  
6844.723792  
6776.608079  
6706.509268  
6803.553664  
6728.033222  
6754.107375  
6792.116774  
6838.942608  
6735.115197  
6727.769099  
6661.099985  
6712.969107  
6720.878521  
6733.770414  
6874.484582  
6936.950261  
6946.848379  
6771.264047  
6735.586332  
6721.765663  
6869.857412  
6783.862014  
6888.054725  
6883.790274  
6962.246253  
6785.471173  
6766.871244  
6834.07543  
6869.230985  
6763.981643  
6840.721379  
6909.459801  
6954.453529  
6948.928589  
6683.238037  
6540.955773  
6468.480131  
6650.308922  
6613.581984  
6734.468252  
6720.912222  
6722.539109  
6705.89901  
6799.149921  
6884.553364  
6992.603347  
6845.554753  
6730.181537  
6727.338604  
6774.339083  
6810.85991  
6889.962459  
6851.92842  
6762.192402  
6880.067392  
6934.526461  
6974.827242  
6947.247887  
6726.120258  
6732.802359  
6814.077083  
6799.120643  
6804.385836  
6898.109995  
6944.13023  
6862.528095  
6628.886888  
6936.816735  
6637.435951  
6741.612323  
6809.054312  
6775.761522  
6853.639226  
6832.786321  
6791.721614  
6737.537964  
6618.920758  
6676.447416  
6797.529231  
6748.073684  
6745.358248  
6722.150513  
6836.605619  
6928.607319  
6928.83159  
6848.402081  
6845.259559  
6825.178739  
6775.957726  
6820.73615  
6827.183331  
6833.681894  
6869.944242  
6896.160551  
6771.674983  
6727.915405  
6781.667415  
6750.285898  
6761.806068  
6769.80911  
6668.89779  
6751.580801  
6757.038123  
6810.709041  
6878.289034  
6904.14163  
6843.49076  
6687.405724  
6670.501596  
6816.493145  
6903.809852  
6766.852671  
6676.546452  
6678.537438  
6770.184232  
6809.037992  
6944.920748  
6812.635085  
6828.151123  
6897.784668  
6892.93427  
6731.355741  
6614.920288  
6743.389986  
6789.013634  
6886.574613  
6818.143301  
6809.877216  
6883.958656  
6961.526414  
6952.76939  
6805.143977  
6984.35729  
6797.921227  
6710.615967  
6711.706167  
6783.421837  
6914.213529  
6796.368887  
6820.348145  
6779.619432  
6801.283682  
6739.747361  
6870.035654  
6757.878362  
6839.089374  
6816.510902  
6753.502892  
6662.177293  
6656.412804  
6779.119244  
6814.049936  
6720.007277  
6631.882625  
6679.206383  
6727.778311  
6731.986779  
6643.89594  
6590.232046  
6847.720102  
6963.560922  
6869.937106  
6779.2263  
6844.696721  
6808.222675  
6804.450411  
6825.639761  
6851.404259  
6764.982807  
6758.789119  
6782.4552  
6767.053457  
6955.670776  
7025.206796  
6972.96013  
6971.346154  
6768.752319  
6795.991587  
6916.817326  
6850.469896  
6776.086632  
6794.716806  
6785.3205  
6926.430016  
6877.890954  
6898.291288  
6814.013259  
6809.286433  
6821.640747  
6739.490629  
6731.187772  
6837.739258  
6907.211717  
6857.283936  
6741.788508  
6707.282358  
6775.743211  
6840.504075  
6761.871131  
6814.778987  
6863.710909  
6854.616831  
6901.101825  
6767.740845  
6693.177903  
6816.745831  
6716.214412  
6766.456966  
6822.197125  
6754.935613  
6704.376934  
6729.361065  
6809.637226  
6799.151161  
6859.677237  
6776.069758  
6866.275879  
6713.169236  
6810.555927  
6819.217755  
6847.397621  
6800.540875  
6793.823101  
6725.433134  
6728.65225  
6785.775193  
6837.805824  
6857.305673  
6934.680223  
6805.892766  
6774.342595  
6716.495615  
6847.308284  
6781.990685  
6856.141235  
6709.77602  
6548.470379  
6617.601825  
6694.929218  
6886.820003  
7010.970619  
6937.089534  
6754.853131  
6530.881338  
6630.404804  
6716.020132  
6693.409058  
6672.68026  
6671.946984  
6711.208656  
6817.582538  
6835.695575  
6860.779419  
6866.010132  
6973.256404  
6877.851694  
6885.757362  
6898.825843  
6968.170138  
6985.522696  
6982.096586  
6795.836266  
6885.13131  
6770.330595  
6844.863046  
6782.623291  
6799.525381  
6785.28418  
6723.169931  
6767.64209  
6772.417499  
6895.004564  
6810.366033  
6739.671725  
6755.722684  
6794.108718  
6736.657358  
6839.723361  
6883.595027  
6944.656128  
6955.293147  
6823.502103  
6668.101985  
6587.800453  
6672.766339  
6761.307824  
6803.181115  
6701.591393  
6783.868342  
6733.810744  
6696.59559  
6776.62716  
6854.580773  
6899.827092  
6898.360173  
6820.360549  
6735.747915  
6699.166128  
6809.290678  
6967.21829  
6870.721436  
6696.767663  
6679.693754  
6799.095412  
6871.745906  
6791.441294  
6800.80234  
6794.135883  
6876.61977  
6801.392569  
6777.485445  
6887.123376  
6793.758582  
6803.091665  
6722.871451  
6864.833994  
6937.668701  
6847.979445  
6898.010667  
6843.310012  
6816.757672  
6898.401255  
6788.193125  
6725.103027  
6715.968619  
6635.149367  
6647.731051  
6838.952233  
7016.264864  
6913.257005  
6834.373207  
6723.568679  
6807.493925  
6837.633714  
6707.703134  
6674.338801  
6724.186824  
6830.704064  
6739.322162  
6736.118868  
6794.332088  
6801.902832  
6820.400982  
6764.289466  
6646.38254  
6679.96898  
6851.538668  
6919.190561  
6855.115572  
6828.826604  
6643.079703  
6658.999723  
6948.173687  
6925.31574  
6896.536978  
6807.431011  
6736.422269  
6650.160194  
6869.218562  
6922.20598  
6815.229201  
6806.715473  
6851.323871  
6842.732027  
6806.223314  
6812.956571  
6802.578416  
6786.527682  
6835.551983  
6701.73199  
6780.566904  
6902.44551  
6834.03817  
6873.166241  
6923.105272  
6837.838698  
6712.956947  
6812.694946  
6783.648006  
6813.093111  
6560.430448  
6703.504179  
6719.099102  
6881.994901  
6936.706646  
6811.031344  
6698.770001  
6744.679284  
6750.24692  
7024.382775  
7042.293081  
6872.157104  
6852.933566  
6720.730206  
6730.70921  
6823.47444  
6875.883986  
6799.528311  
6883.504423  
6863.610352  
6821.823139  
6868.344651  
6905.624859  
6644.056256  
6740.120267  
6800.121282  
6744.084153  
6820.800819  
6940.007728  
6733.970187  
6810.034724  
6721.547204  
6768.623103  
6874.625639  
6752.100614  
6769.143414  
6740.239558  
6785.675659  
6787.981802  
6700.654048  
6754.616258  
6791.598548  
6856.299476  
6843.81342  
6824.319702  
6983.880136  
6808.90317  
6694.771315  
6719.101778  
6688.398222  
6735.577364  
6825.265287  
6919.658701  
6696.658588  
6762.271484  
6729.900193  
6814.837693  
6674.584604  
6720.03417  
6823.086426  
6768.398503  
6814.678758  
6716.345647  
6838.317984  
6860.459088  
6955.920917  
6909.039382  
6895.208111  
6881.226243  
6780.322331  
6710.180279  
6653.816575  
6796.411734  
6784.019015  
6806.276442  
6778.62069  
6666.04434  
6679.232436  
6915.388118  
6938.141095  
6782.683772  
6708.993347  
6829.398353  
6922.345553  
6819.423584  
6743.019146  
6800.565458  
6849.167434  
6704.569974  
6800.401564  
6731.575421  
6750.988779  
6887.631348  
6792.634371  
6997.760432  
6919.877779  
6740.042396  
6510.404428  
6740.935777  
7014.675349  
7089.740497  
6784.446233  
6733.61176  
6585.495427  
6560.744948  
6660.796964  
6878.658325  
6871.091121  
6934.210008  
6869.358502  
6791.10822  
6744.864342  
6931.928288  
6987.246695  
6857.435256  
6677.494591  
6841.410344  
6787.997493  
6768.90147  
6728.492948  
6849.59467  
6870.387808  
6785.479586  
6872.076144  
6861.526593  
6721.94289  
6790.816876  
6828.34268  
6784.724825  
6839.217726  
6759.591562  
6904.476459  
6938.036837  
6771.661715  
6784.085299  
6828.72567  
6722.554932  
6707.884606  
6708.387085  
6692.339844  
6709.112511  
6898.162494  
6753.41072  
6701.839496  
6614.160541  
6725.485943  
6821.975051  
6800.044753  
6744.320782  
6734.943989  
6872.795795  
6933.481727  
6786.887432  
6768.363338  
6679.429669  
6793.111366  
6872.013634  
6804.590219  
6858.20597  
6739.352093  
6999.17426  
6993.125873  
6837.42487  
6862.415302  
6796.594989  
6838.183603  
6910.149114  
7005.706825  
6829.907367  
6647.224966  
6722.226347  
6802.96875  
6887.025794  
6927.922936  
6713.443078  
6756.858962  
6771.595309  
6603.082388  
6666.298002  
6746.629291  
6741.474835  
6860.217586  
6727.07066  
6715.664964  
6613.008188  
6526.345863  
6492.666048  
6573.975605  
6744.942834  
6909.507803  
6804.661048  
6893.828801  
6768.397658  
6881.562894  
6912.124221  
6820.267465  
6846.797016  
6887.138869  
7040.092172  
6944.09745  
6789.914532  
6602.321378  
6751.371958  
6840.854549  
6972.049579  
6909.446054  
6830.48261  
6688.211276  
6640.746638  
6747.202327  
6904.346248  
6822.329271  
6853.896982  
6872.267738  
6859.904428  
6857.843468  
6767.302209  
6852.994864  
6894.497145  
6944.704721  
6912.217999  
6788.16965  
6678.618023  
6731.725511  
6840.186861  
7063.31188  
6919.100708  
6923.853037  
6839.256423  
6815.677913  
6783.382991  
6854.303495  
6931.918297  
6721.760216  
6792.414645  
6832.365084  
6936.286245  
6775.768949  
6904.808594  
7025.734112  
7010.837693  
6965.094924  
6959.282058  
6758.180242  
6728.482516  
6406.745934  
6715.945158  
6833.921725  
6868.576463  
6777.206102  
6609.495352  
6593.765681  
6590.797927  
6675.306547  
6681.429725  
6771.027456  
6851.072604  
6830.79279  
6851.146128  
6757.362136  
6687.971792  
6812.330557  
6793.328829  
6770.660917  
6818.219407  
6801.475135  
6719.753643  
6722.257568  
6773.175246  
6868.003568  
6758.904644  
6804.894137  
6756.828022  
6850.278151  
6852.742319  
6787.418466  
6856.674579  
6781.872521  
6876.724497  
6861.260075  
6826.75015  
6813.764771  
6815.295476  
6753.882972  
6727.19027  
6686.049654  
6696.798772  
6802.106455  
6688.707341  
6717.909189  
6738.998169  
6746.784105  
6691.342135  
6723.225764  
6812.547748  
6850.368746  
6946.308462  
6932.122981  
6830.465445  
6761.36745  
6758.623488  
6798.975229  
6898.033898  
6947.486131  
6964.06989  
6812.560735  
6671.006564  
6705.242244  
6793.544293  
6852.146898  
6836.423612  
6851.471454  
6827.319308  
6922.319327  
6890.848652  
6990.657818  
6863.267071  
6761.549523  
6762.084698  
6879.29803  
6865.131639  
6795.899658  
6805.785785  
6756.999709  
6879.407367  
6804.146212  
6688.583862  
6852.84837  
6842.625732  
6841.780198  
6854.534659  
6788.919819  
6863.918645  
6834.395423  
6845.928082  
6760.600107  
6726.247474  
6728.447266  
6834.549701  
6835.431124  
6866.553317  
6667.172758  
6754.1036  
6888.601647  
6746.012639  
6875.958872  
6841.22722  
6847.300387  
6804.397395  
6701.825834  
6647.102483  
6764.628841  
6740.11006  
6649.177575  
6711.990075  
6759.392034  
6718.415687  
6766.54572  
6746.921847  
6790.69351  
6811.530151  
6813.988544  
6798.962074  
6644.521099  
6647.795636  
6740.345581  
6772.53387  
6772.845553  
6660.096802  
6746.52478  
6764.310641  
6876.572932  
6921.254385  
6855.270987  
6788.705294  
6836.03095  
6821.729314  
6805.071186  
6720.429875  
6689.291354  
6753.105844  
6783.989586  
6674.842003  
6652.169772  
6811.672701  
6944.046462  
6921.879376  
6925.687998  
6787.561251  
6813.398494  
6828.67196  
6933.335177  
7006.366587  
6916.107431  
6829.311261  
6728.853722  
6790.386306  
6891.117911  
6980.969501  
6900.134719  
6895.625901  
6864.700918  
6946.21813  
6789.445068  
6729.014921  
6775.269625  
6770.417302  
6781.422945  
6798.198449  
6685.182983  
6728.265916  
6881.189312  
6667.567796  
6702.183171  
6766.327994  
6678.389536  
6724.442646  
6760.165405  
6607.594849  
6712.087693  
6724.086623  
6894.457801  
6902.005596  
6793.016141  
6754.998854  
6732.845684  
6911.435631  
6898.68057  
6959.523334  
6905.524038  
6696.105506  
6609.109197  
6636.029118  
6808.932589  
6808.794753  
6871.839825  
6804.006113  
6847.019569  
6936.874108  
6891.076238  
6892.774855  
6795.580473  
6862.931049  
6869.951623  
6837.478281  
6715.16595  
6770.464722  
6763.234497  
6851.537175  
6781.168851  
6766.525635  
6725.889395  
6616.099149  
6609.601347  
6748.208496  
6817.99076  
6763.096839  
6687.127357  
6638.474084  
6793.278762  
6896.089093  
6808.589365  
6772.045297  
6719.365779  
6767.164016  
6712.814697  
6780.543964  
6866.5271  
6770.380183  
6749.173715  
6790.929303  
6863.565326  
6880.036086  
6912.508282  
6797.81235  
6815.353628  
6730.614267  
6750.742422  
6749.061383  
6770.295232  
6782.201228  
6863.559148  
6758.500939  
6878.898822  
6761.086182  
6826.740685  
6871.834848  
6851.23768  
6933.101131  
6997.985295  
6955.673387  
6836.208064  
6820.668786  
6901.088905  
6968.530161  
6875.046124  
6665.334839  
6668.217764  
6643.222722  
6708.678335  
6734.122502  
6676.927453  
6725.711135  
6746.949585  
6738.666523  
6870.946439  
6892.413922  
6886.782283  
6851.27678  
6910.768555  
6829.146099  
6879.31805  
6899.423237  
6894.924147  
6883.018038  
6705.3867  
6684.372756  
6707.380343  
6859.445913  
6916.034217  
6955.751155  
6847.141066  
6703.229342  
6701.629582  
6711.817317  
6853.818425  
6809.663011  
6768.498901  
6861.464515  
6798.152447  
6831.499146  
6856.289814  
6862.444674  
6794.0077  
6725.528658  
6653.16226  
6788.163152  
6826.624737  
6857.199632  
6718.863713  
6721.857582  
6756.539917  
6745.659292  
6754.128211  
6852.551429  
6818.635573  
6838.683753  
6838.068481  
6874.93058  
6872.14301  
6952.922701  
6818.58098  
6821.946796  
6745.903949  
6791.053392  
6837.054256  
6836.084444  
6747.333806  
6791.773156  
6761.556265  
6787.172964  
6829.616906  
6733.605976  
6616.816622  
6727.34667  
6819.683519  
6931.990864  
6926.450637  
6796.818378  
6625.627066  
6651.091487  
6728.540997  
6783.794603  
6705.594811  
6901.71306  
6943.13423  
6886.777381  
6859.01694  
6805.46013  
6830.30635  
6748.04156  
6757.573205  
6742.716816  
6815.522771  
6817.967285  
6800.775757  
6717.14178  
6743.249897  
6834.243915  
6893.332473  
6824.636099  
6737.62038  
6853.980638  
6821.348877  
6820.712233  
6762.402175  
6771.822266  
6815.321514  
6918.389742  
6887.455576  
6793.506413  
6722.195359  
6747.240629  
6744.927744  
6828.754817  
6863.583787  
6939.492319  
6880.199341  
6820.265184  
6746.030874  
6734.419274  
6898.946036  
6788.698111  
6726.774752  
6783.794236  
6779.290124  
6750.110436  
6756.973013  
6826.145733  
6828.234413  
6908.623798  
6818.559814  
6777.069899  
6623.597008  
