10880.61697  
10884.11113  
10896.03343  
10899.25684  
10894.82763  
10913.25577  
10916.23188  
10879.51783  
10887.07692  
10864.2302  
10862.37894  
10876.73155  
10931.62983  
10961.02631  
10944.39518  
10869.40799  
10898.20158  
10852.89028  
10867.97761  
10898.2335  
10848.80172  
10839.37027  
10884.67318  
10885.85131  
10928.07231  
10904.04207  
10886.3027  
10916.58192  
10941.47038  
10860.44135  
10890.00186  
10972.61682  
10926.76593  
10904.00642  
10912.04193  
10890.34701  
10988.98771  
10996.01734  
10935.55938  
10910.28053  
10877.48047  
10886.13469  
10837.99843  
10827.99167  
10879.77676  
10838.72766  
10829.04381  
10899.37139  
10948.41333  
10918.31475  
10872.23159  
10818.98196  
10826.50878  
10813.64377  
10809.84069  
10822.03579  
10851.38712  
10885.51848  
10892.61619  
10916.35989  
10930.99036  
10949.38126  
10935.2625  
10877.62347  
10923.88268  
10939.89463  
10927.11532  
10948.48031  
10948.70921  
10896.12213  
10843.89892  
10868.97925  
10850.88813  
10788.95564  
10810.49213  
10878.40192  
10873.46541  
10837.04349  
10815.48681  
10819.1124  
10903.60023  
10953.55722  
10949.30216  
10971.81258  
10920.3425  
10898.64382  
10944.82328  
10885.92346  
10819.77692  
10856.55039  
10839.66669  
10866.37881  
10960.54105  
10982.79777  
10948.87706  
10901.36523  
10934.57771  
10950.2114  
10976.93501  
10969.46277  
10897.69716  
10902.21708  
10861.46812  
10922.87965  
10963.48566  
10874.61666  
10823.57678  
10818.39262  
10837.23513  
10884.4752  
10938.81411  
10986.02391  
10959.19134  
10903.10569  
10842.05013  
10840.61033  
10839.74115  
10867.58062  
10923.43255  
10881.24057  
10882.70411  
10920.63804  
10966.07706  
10884.30913  
10853.15416  
10879.55863  
10914.64415  
10905.95386  
10870.73389  
10896.2229  
10959.52353  
10915.24331  
10903.39436  
10891.5144  
10834.78682  
10890.0893  
10890.54578  
10866.81843  
10845.55401  
10905.24443  
10894.41527  
10958.33305  
10924.78669  
10892.12356  
10873.39197  
10854.55869  
10862.37704  
10861.71083  
10879.2803  
10885.27844  
10890.63822  
10903.46392  
10899.21962  
10950.77065  
10926.75909  
10876.31639  
10900.30655  
10893.31652  
10906.50603  
10897.75026  
10898.39863  
10882.82794  
10917.98307  
10859.68365  
10861.64174  
10896.07448  
10866.73154  
10840.10769  
10910.0581  
10926.90782  
10940.35796  
10913.02559  
10927.17006  
10914.33214  
10952.64349  
10921.59244  
10884.05042  
10902.80337  
10878.31926  
10864.33474  
10884.766  
10950.28704  
10918.30886  
10889.14291  
10900.70615  
10849.04826  
10859.63575  
10871.1975  
10901.47228  
10877.90504  
10874.34112  
10882.2032  
10858.74884  
10865.23914  
10847.06851  
10852.70217  
10903.10691  
10883.03588  
10837.05172  
10861.99217  
10924.0258  
10837.3736  
10858.06064  
10874.07403  
10849.59056  
10885.51625  
10942.55787  
10947.17127  
10890.67043  
10853.02432  
10861.99389  
10913.11406  
10916.85825  
10908.29164  
10889.92461  
10934.08231  
10959.90258  
10968.98269  
10912.50829  
10872.84139  
10826.9043  
10783.65945  
10769.46416  
10814.22715  
10877.75992  
10929.21487  
10930.22279  
10854.31677  
10882.41249  
10895.23332  
10837.60644  
10904.09453  
10862.11139  
10819.97048  
10798.96556  
10842.38902  
10907.38736  
10918.492  
10964.88863  
10951.4103  
10967.35854  
10915.88676  
10955.41736  
10937.14497  
10911.19958  
10901.34224  
10858.24795  
10855.75576  
10896.97731  
10907.10735  
10932.24602  
10893.77017  
10900.98238  
10914.15735  
10963.31949  
11020.49013  
10923.80698  
10819.86973  
10803.155  
10861.66485  
10844.38019  
10841.03226  
10843.04894  
10826.3729  
10891.38919  
10900.91551  
10908.94895  
10913.33407  
10908.85583  
10909.77548  
10942.2428  
10901.28949  
10886.96364  
10925.60764  
10929.13302  
10916.55333  
10853.78144  
10845.07888  
10870.83926  
10921.42965  
10887.75826  
10838.67915  
10797.92151  
10865.2405  
10902.69533  
10907.86011  
10882.19018  
10872.99172  
10922.61025  
10899.10326  
10868.20652  
10940.06536  
10981.53743  
10968.90623  
10881.55951  
10800.1574  
10757.91363  
10782.40621  
10873.20349  
10885.13943  
10876.46172  
10863.10693  
10895.79871  
10919.49084  
10905.8488  
10925.80303  
10942.02075  
10900.80673  
10834.19088  
10848.82068  
10828.23088  
10814.28214  
10837.95575  
10832.53479  
10813.79177  
10889.2365  
10925.5298  
10900.80704  
10902.74199  
10957.84565  
10908.62497  
10926.36226  
10904.82442  
10865.05405  
10863.13479  
10926.53423  
10958.39993  
10859.16527  
10858.76673  
10892.84646  
10965.61203  
11005.51267  
10972.00146  
10896.91733  
10900.60592  
10868.60802  
10870.78897  
10808.17504  
10903.1446  
10940.53473  
10877.95169  
10835.47791  
10847.1766  
10898.85614  
10862.39162  
10892.52999  
10884.99674  
10924.45853  
10857.06361  
10879.82131  
10932.25219  
10928.92218  
10943.11968  
10942.64425  
10942.33015  
10930.53765  
10960.39354  
10893.31607  
10893.50741  
10943.30931  
10965.09701  
10935.26151  
10933.27454  
10862.62594  
10931.93153  
10904.60746  
10874.74614  
10801.31386  
10787.74651  
10805.7172  
10831.79468  
10882.14125  
10864.69625  
10884.12057  
10923.17573  
10917.1038  
10862.82537  
10868.45057  
10902.98906  
10868.72304  
10870.63521  
10892.74615  
10943.17972  
10956.2244  
10951.32625  
10949.94101  
10935.45935  
10969.13483  
10976.62624  
10884.33268  
10853.80922  
10884.89941  
10912.52583  
10809.49731  
10836.28879  
10856.28051  
10970.09874  
10957.0233  
10913.92125  
10843.64448  
10825.55577  
10901.94374  
10924.32109  
10936.92886  
10888.45749  
10859.15312  
10829.07561  
10855.87982  
10843.77458  
10870.23803  
10823.04326  
10862.94338  
10833.41103  
10866.55088  
10927.36049  
10923.74938  
10904.16732  
10900.98453  
10928.78083  
10919.20344  
10958.25383  
10875.76921  
10796.57118  
10860.83212  
10928.87118  
10915.23412  
10932.61513  
10829.21841  
10784.8317  
10794.20705  
10842.61118  
10813.61346  
10855.92259  
10871.70649  
10942.28767  
10926.27193  
10959.68508  
10905.87054  
10904.6367  
10857.51585  
10833.58506  
10887.37708  
10866.36461  
10933.76702  
10887.3674  
10904.5718  
10908.59482  
10835.53958  
10853.53861  
10845.43136  
10862.24731  
10894.04941  
10913.4495  
10972.63216  
10943.07172  
10917.50352  
10988.95579  
10944.43208  
10916.20357  
10873.80552  
10959.34102  
10947.01589  
10898.93153  
10892.04242  
10863.4346  
10919.31424  
10850.00296  
10820.96038  
10825.0789  
10809.607  
10856.54682  
10865.99003  
10875.68807  
10915.50106  
10935.25416  
10970.24208  
10996.06693  
10926.69478  
10859.17147  
10784.18411  
10865.07156  
10884.11448  
10904.8564  
10903.22557  
10857.94451  
10820.30346  
10889.95271  
10934.91698  
10957.95866  
10916.09242  
10890.82979  
10825.76583  
10842.10478  
10860.71018  
10886.64212  
10894.10271  
10865.4152  
10929.38237  
10984.49327  
10942.8493  
10900.70541  
10946.61191  
10960.0369  
10891.85861  
10890.46753  
10840.11113  
10877.90131  
10870.18716  
10915.59831  
10864.52855  
10850.96505  
10859.37358  
10787.58255  
10844.12187  
10857.98995  
10912.69394  
10884.40738  
10843.48252  
10850.97354  
10864.85495  
10858.71294  
10866.64722  
10886.71863  
10937.4932  
10968.80251  
10966.98702  
10951.57382  
11015.08589  
10942.63807  
10954.7419  
10863.53221  
10878.29413  
10814.42552  
10887.30501  
10885.79869  
10884.06585  
10887.2409  
10893.08295  
10893.30644  
10896.88522  
10963.56475  
10984.02944  
10925.99497  
10939.26677  
10886.46753  
10858.592  
10855.55447  
10865.75215  
10831.74112  
10849.93054  
10884.76124  
10893.03611  
10876.22246  
10886.28828  
10887.53546  
10893.84892  
10932.98664  
10870.05943  
10902.26986  
10943.75026  
10927.81345  
10934.29013  
10911.38989  
10885.35998  
10917.36438  
10874.48839  
10911.92893  
10985.08494  
10916.01717  
10961.45283  
10956.20892  
10892.91354  
10836.8683  
10812.39545  
10873.05046  
10869.50424  
10842.69609  
10837.86331  
10885.57126  
10876.65486  
10872.4128  
10888.30701  
10906.37731  
10939.30532  
10912.40166  
10820.7289  
10881.633  
10886.76678  
10875.3171  
10861.89956  
10884.82326  
10887.06268  
10900.08201  
10853.23034  
10835.95574  
10906.8462  
10912.11513  
10881.39399  
10874.56855  
10849.67352  
10901.43953  
10878.77489  
10867.89573  
10839.86403  
10806.94812  
10831.46238  
10889.0961  
10959.75334  
10956.45661  
10986.51925  
10911.94672  
10850.01281  
10914.191  
10923.69555  
10894.4855  
10871.19297  
10921.19533  
10969.83695  
10925.33099  
10892.00144  
10878.65557  
10797.15719  
10869.85834  
10913.39613  
10948.42479  
10896.56561  
10825.29984  
10828.09278  
10889.77271  
10914.52844  
10915.5051  
11001.95914  
10954.72059  
10953.09568  
10896.51107  
10885.8577  
10838.99492  
10860.55956  
10793.96128  
10816.517  
10814.50975  
10882.8766  
10903.29782  
10891.99457  
10863.83696  
10878.5613  
10902.11415  
10922.36753  
10882.59081  
10878.48211  
10894.90469  
10943.33397  
10955.98906  
10927.65018  
10872.35101  
10894.87592  
10849.98336  
10818.05688  
10820.29456  
10841.60143  
10893.98983  
10919.51825  
10895.92084  
10895.33681  
10854.46918  
10965.82606  
10970.51933  
10916.35757  
10913.24775  
10903.32055  
10888.72237  
10930.29385  
10917.901  
10849.7211  
10846.17328  
10908.38078  
10929.8707  
11000.72803  
10876.38329  
10808.21706  
10809.04683  
10896.08339  
10901.82281  
10850.57282  
10856.12939  
10882.94338  
10942.81663  
10950.38251  
10969.43738  
10914.86075  
10856.49354  
10821.61374  
10859.32076  
10925.8102  
10890.40167  
10883.30914  
10919.6855  
10883.75801  
10926.42819  
10878.01455  
10831.53922  
10830.99909  
10838.76751  
10884.28717  
10969.43341  
10936.89635  
10932.64776  
10973.81311  
10862.84912  
10870.03605  
10878.43635  
10884.39857  
10844.03263  
10895.49928  
10916.25788  
10909.20871  
10945.71904  
10925.47304  
10999.03155  
10937.78247  
10902.16758  
10856.03665  
10872.53756  
10849.678  
10883.07909  
10886.78299  
10903.76524  
10958.51285  
10954.98163  
10918.06742  
10974.38285  
10982.56237  
11017.80358  
11025.62844  
10941.35692  
10897.80139  
10897.12245  
10909.99827  
10844.87087  
10806.65461  
10807.92767  
10863.83737  
10840.92053  
10829.11072  
10784.73521  
10827.88237  
10846.27389  
10922.72564  
10971.55503  
10971.24966  
10936.39447  
10842.03086  
10843.43563  
10847.47512  
10900.88477  
10865.39551  
10832.65239  
10849.50783  
10819.44077  
10783.06772  
10859.37944  
10902.33189  
10977.34482  
10969.72744  
10927.60775  
10877.53053  
10767.11521  
10802.86704  
10804.7304  
10883.85634  
10905.74563  
10956.65365  
10929.32914  
10912.1094  
10893.42475  
10962.09795  
10903.84726  
10945.97113  
10970.56327  
10941.63537  
10942.15636  
10844.98104  
10820.28999  
10820.96438  
10840.26418  
10867.9702  
10888.36302  
10955.62205  
10915.87658  
10906.42781  
10872.79181  
10809.2495  
10861.19027  
10903.12221  
10876.96477  
10855.8352  
10919.55411  
10923.47852  
10869.73115  
10871.66958  
10862.24516  
10868.70252  
10915.51931  
10871.21123  
10819.85189  
10806.65816  
10882.33958  
10892.60463  
10936.62344  
10929.73733  
10870.65544  
10880.95007  
10913.97484  
10897.73026  
10910.48517  
10957.0897  
10911.68352  
10925.05535  
10959.89208  
10905.76981  
10921.03247  
10931.94026  
10911.42036  
10901.09537  
10856.79798  
10889.78015  
10832.92335  
10873.53181  
10889.58674  
10865.28948  
10887.19291  
10870.9858  
10902.97989  
10925.74398  
10908.65844  
10849.2404  
10880.09086  
10913.03478  
10930.50622  
10941.65531  
10869.56402  
10903.11097  
10888.21853  
10886.05926  
10874.6928  
10864.51821  
10872.39267  
10830.63349  
10867.53971  
10878.61782  
10856.68989  
10874.18875  
10857.06341  
10915.35505  
10880.2037  
10890.72336  
10903.29975  
10886.41648  
10899.36851  
10883.00382  
10926.35392  
10909.97148  
10902.88824  
10917.49571  
10878.26032  
10845.78651  
10949.66761  
10955.98426  
10889.55703  
10915.85348  
10884.95019  
10859.01551  
10896.03032  
10962.79972  
10891.86691  
10873.61999  
10903.89795  
10931.27021  
10861.87966  
10842.40339  
10871.59396  
10898.22872  
10890.0003  
10897.2928  
10912.77391  
10872.36402  
10861.7852  
10824.91908  
10877.85981  
10956.63916  
10929.25538  
10902.98367  
10873.33825  
10861.80944  
10818.7737  
10835.16393  
10854.16961  
10896.60569  
10879.07928  
10855.95583  
10871.10398  
10914.8148  
10914.10855  
10842.58398  
10850.73742  
10871.02397  
10903.4014  
10887.61023  
10905.51644  
10983.86369  
10938.24569  
10977.6781  
10961.57787  
10940.77573  
10938.3098  
10947.58768  
10907.52855  
10920.32332  
10905.80257  
10893.24965  
10910.10754  
10882.0324  
10964.38963  
10976.83859  
10945.553  
10928.19227  
10887.41768  
10903.37742  
10816.90549  
10816.61458  
10821.69133  
10843.24622  
10866.52593  
10837.66652  
10844.65863  
10871.17798  
10908.06537  
10898.66929  
10849.62009  
10864.54108  
10883.74756  
10849.82632  
10882.90723  
10906.7776  
10975.76336  
10924.48573  
10953.81158  
10917.95973  
10946.3246  
10928.74314  
10880.41443  
10906.75349  
10874.4725  
10866.61407  
10866.89096  
10873.07537  
10857.59817  
10878.71557  
10836.93009  
10819.68331  
10913.46774  
10905.68282  
10840.04291  
10868.09023  
10845.72434  
10913.19168  
10966.10343  
10995.731  
10959.04096  
10892.55383  
10888.56204  
10797.08309  
10867.48306  
10811.90692  
10893.64142  
10867.91713  
10899.08094  
10883.26485  
10910.07116  
10910.35468  
10840.16876  
10878.56889  
10880.06288  
10902.83848  
10897.12082  
10883.85663  
10951.29733  
10949.32012  
11010.47107  
10910.75057  
10905.72511  
10908.0037  
10930.76924  
10910.0891  
10883.3366  
10843.95519  
10841.56315  
10854.05466  
10862.3107  
10767.31173  
10771.5719  
10756.91314  
10750.13666  
10810.48041  
10840.42017  
10945.27616  
10946.60901  
10978.92114  
10948.31066  
10882.94455  
10897.96793  
10880.73282  
10890.42623  
10831.59011  
10821.11163  
10860.99921  
10902.88071  
10920.17777  
10900.9252  
10969.53994  
10982.74456  
10880.19929  
10876.68387  
10878.29575  
10865.34715  
10901.71614  
10916.70775  
10922.17467  
10958.96618  
10958.87831  
11046.96233  
10990.4988  
11045.53987  
10912.26597  
10897.06809  
10866.55286  
10871.69129  
10795.39625  
10801.88896  
10855.14881  
10897.63655  
10914.2827  
10906.00995  
10872.21584  
10925.79273  
10916.76901  
10880.7841  
10853.28924  
10859.33718  
10842.77056  
10812.07296  
10851.79849  
10868.48702  
10898.41548  
10860.24303  
10898.55182  
10890.20136  
10910.77301  
10914.13633  
10932.65305  
10891.87101  
10847.36173  
10877.64358  
10910.82005  
10916.37435  
10922.6058  
10966.33118  
10949.52534  
10943.10623  
10894.90952  
10853.17163  
10881.01604  
10935.11587  
10926.85706  
10959.18247  
10938.93065  
10855.01948  
10893.2917  
10876.64748  
10844.86647  
10809.54256  
10895.89118  
10881.88201  
10949.86381  
10955.81904  
10936.19433  
10954.2109  
10917.71128  
10914.62933  
10855.13549  
10839.6645  
10836.94117  
10825.97498  
10768.93138  
10860.75534  
10873.55662  
10904.01167  
10957.1481  
10881.40546  
10889.34268  
10854.03497  
10826.83058  
10841.00796  
10900.62414  
10946.58603  
10919.3339  
10902.01317  
10915.43184  
10840.74922  
10822.19806  
10813.80163  
10900.18865  
10874.51019  
10868.37501  
10860.3092  
10906.80377  
10890.89911  
10918.39853  
10981.47546  
10981.73189  
11010.66304  
10937.45686  
10882.16039  
10920.23185  
10901.3796  
10950.21957  
10986.62727  
10990.97787  
10971.88127  
11009.1401  
10909.49257  
10856.92829  
10805.78466  
10782.16734  
10841.84755  
10818.99168  
10835.67489  
10829.14891  
10850.03577  
10906.92579  
10922.88753  
10865.50123  
10845.74699  
10788.34441  
10844.30912  
10843.0518  
10873.0656  
10838.32736  
10835.24171  
10871.55334  
10933.04898  
10883.89083  
10903.29707  
10907.37358  
10874.49578  
10874.99457  
10918.42488  
10940.36213  
10867.77243  
10894.55865  
10912.62418  
10907.99214  
10862.58317  
10894.0058  
10912.09226  
10913.85366  
10843.32551  
10863.75099  
10880.50043  
10906.80001  
10887.79441  
10888.50113  
10934.89618  
10947.86889  
10888.34603  
10894.91051  
10878.001  
10878.92422  
10897.73225  
10856.85031  
10870.34971  
10898.62559  
10920.95748  
10890.67554  
10952.16485  
10942.93284  
10930.05741  
10861.93134  
10930.70458  
10884.91994  
10899.33029  
10864.65773  
10833.29343  
10828.23692  
10818.76444  
10861.89546  
10885.49464  
10924.32755  
10878.91915  
10870.59984  
10891.60348  
10947.60247  
10938.63175  
10947.15856  
10911.26787  
10899.56845  
10858.47887  
10872.2825  
10888.62244  
10870.98298  
10854.66139  
10881.17682  
10881.38104  
10861.43834  
10847.4877  
10787.38679  
10815.19391  
10820.49529  
10870.56422  
10824.50783  
10860.945  
10925.52735  
10964.94899  
10994.0112  
10964.7054  
10938.06643  
10905.53411  
10953.30089  
10890.26068  
10853.60148  
10818.0009  
10841.04925  
10899.24433  
10906.74884  
10890.74865  
10929.98981  
10936.1498  
10916.02289  
10944.55783  
10977.77018  
11034.33378  
11050.15643  
10960.98705  
10905.22982  
10885.09129  
10869.06578  
10852.63588  
10933.38601  
10921.01943  
10894.55228  
10815.86671  
10815.55376  
10805.30249  
10859.98636  
10807.84233  
10871.37011  
10856.58171  
10878.84902  
10874.68666  
10901.87153  
10943.58822  
10922.22324  
10962.0332  
10901.6176  
10849.17061  
10812.68475  
10874.54253  
10883.82447  
10850.05556  
10800.64868  
10837.26915  
10836.33705  
10924.04831  
10944.45227  
10905.37268  
10910.95619  
10894.61153  
10913.05758  
10879.38775  
10876.91404  
10835.31365  
10861.95694  
10897.05185  
10971.97478  
11018.03737  
11015.77547  
10923.91553  
10925.01449  
10889.08288  
10879.842  
10918.99406  
10881.38015  
10811.95878  
10887.70389  
10930.82271  
10928.81784  
10858.04268  
10854.63245  
10862.75777  
10885.37363  
10865.71519  
10929.10865  
10913.70368  
10883.79281  
10906.90791  
10900.4302  
10987.5689  
10894.14724  
10977.95265  
10937.31095  
10846.59406  
10871.94016  
10855.54807  
10888.3171  
10864.68405  
10840.56487  
10869.42786  
10898.93055  
10869.22522  
10825.57913  
10796.68039  
10865.25872  
10892.13419  
10930.86908  
10898.31514  
10873.61209  
10853.48277  
10858.70453  
10926.20599  
10949.81627  
10980.5971  
10999.61516  
10964.82141  
10928.71692  
10847.25834  
10867.68652  
10894.93706  
10877.68486  
10875.43666  
10853.86878  
10850.26188  
10897.99367  
10910.67713  
10936.54178  
10949.57846  
10979.05781  
10946.69026  
10898.57257  
10817.54197  
10860.18639  
10806.2906  
10811.49485  
10829.12843  
10848.98371  
10863.72003  
10853.76587  
10820.45229  
10885.73608  
10905.53715  
10888.95687  
10911.7825  
10909.08629  
10942.5991  
10877.86811  
10828.04895  
10857.03856  
10834.74906  
10805.14957  
10823.11014  
10842.62058  
10920.79393  
10963.44232  
11007.46361  
11040.06359  
10969.50216  
10955.57023  
10919.28705  
10886.94821  
10909.45692  
10842.05076  
10856.33479  
10907.43946  
10874.80045  
10827.37892  
10836.95212  
10832.2726  
10856.68058  
10917.20512  
10935.46989  
10933.70491  
10925.65529  
10908.21986  
10892.17013  
10793.16087  
10773.76478  
10793.16251  
10869.61258  
10966.56576  
10982.37285  
10938.62073  
10848.88048  
10853.82431  
10848.98845  
10821.31355  
10818.42756  
10827.74691  
10849.16879  
10903.79258  
10881.85976  
10871.52399  
10854.38299  
10861.1261  
10890.67158  
10939.27817  
10860.8142  
10944.75535  
10962.21691  
10985.65669  
10982.20899  
11003.38715  
10979.29762  
10919.71629  
10916.87183  
10872.09833  
10874.35806  
10854.90593  
10791.74811  
10824.76514  
10849.91763  
10939.91343  
10910.04822  
10813.14808  
10880.81376  
10886.86699  
10843.71609  
10836.61375  
10862.70349  
10887.98118  
10867.67237  
10908.70424  
10916.37612  
10903.05401  
10967.90009  
10953.98089  
10967.30544  
10967.49599  
10919.32214  
10894.93877  
10911.9559  
10945.75262  
10914.27222  
10918.41404  
10855.80199  
10836.39167  
10838.88671  
10917.06919  
10978.83927  
10941.39801  
10876.10826  
10844.56654  
10862.09778  
10873.18209  
10906.05375  
10918.68056  
10848.49231  
10829.48024  
10858.55508  
10845.40003  
10870.82894  
10918.20882  
10921.18339  
10895.57992  
10913.59726  
10928.64344  
10940.47596  
10923.84431  
10848.38256  
10822.78279  
10864.71012  
10886.74184  
10920.3246  
10938.73492  
10944.47728  
10865.37442  
10842.0786  
10931.20249  
10949.1127  
10898.80646  
10852.76787  
10884.60742  
10874.29278  
10879.22583  
10896.58427  
10924.06068  
10973.88382  
11023.30809  
10948.77727  
10872.53056  
10869.14399  
10823.35434  
10839.31603  
10819.22226  
10777.89719  
10810.44567  
10781.13654  
10847.52077  
10824.41798  
10868.56566  
10900.81271  
10929.4759  
10938.45187  
10944.20252  
10922.8553  
10915.4347  
10874.89241  
10890.33299  
10854.63906  
10859.11303  
10819.71152  
10869.70255  
10899.6499  
10942.1559  
10984.02102  
10973.37003  
11044.34918  
11011.49519  
10914.35045  
10902.93322  
10847.46186  
10811.10728  
10852.46352  
10843.5841  
10858.85301  
10865.2154  
10891.36764  
10970.03792  
10940.12244  
10862.11731  
10860.14884  
10859.65194  
10861.34909  
10905.66168  
10919.73778  
10864.63473  
10954.62743  
10895.93054  
10911.23075  
10915.86904  
10840.22365  
10837.53628  
10868.5221  
10927.31584  
10908.31828  
10903.31039  
10959.7239  
10918.80668  
10909.66324  
10905.67351  
10896.42293  
10928.32603  
10887.06186  
10917.38268  
10936.77642  
10911.30801  
10860.30641  
10923.71418  
10906.73343  
10896.07914  
10871.90616  
10837.62339  
10840.04396  
10810.20986  
10829.07329  
10874.94247  
10848.86733  
10884.83259  
10863.35538  
10923.40003  
10965.20022  
10906.68677  
10903.8807  
10842.84944  
10842.84476  
10878.91202  
10885.04363  
10859.29913  
10875.02098  
10932.44427  
10963.28177  
10955.60153  
10932.06219  
10890.41305  
10887.235  
10912.4561  
10896.01333  
10859.03503  
10924.08094  
10932.83532  
10916.63254  
10889.14113  
10871.87098  
10866.50734  
10884.68273  
10928.61512  
10944.20541  
10952.74323  
10909.32312  
10949.83149  
10912.54885  
10886.81952  
10854.85493  
10822.03812  
10822.70181  
10856.29431  
10833.64347  
10852.84757  
10869.41167  
10932.71735  
10897.5497  
10883.88023  
10913.67865  
10901.98004  
10898.70665  
10920.1106  
10914.44425  
10946.92835  
10906.91056  
10839.88013  
10854.00651  
10880.79614  
10913.5009  
10881.47027  
10906.06546  
10931.64486  
10870.71772  
10834.1852  
10920.18836  
10894.1862  
10872.81404  
10873.66021  
10856.07138  
10840.97613  
10838.74661  
10884.66528  
10949.41983  
10971.57946  
10955.5864  
10944.19229  
10888.39153  
10836.6394  
10870.69819  
10875.71786  
10867.77695  
10828.91843  
10909.3517  
10905.07621  
10907.71563  
10910.50343  
10941.86181  
10956.18132  
10955.95768  
10927.89727  
10865.67145  
10845.01715  
10831.18633  
10869.26019  
10831.23641  
10862.41208  
10879.50668  
10912.29304  
10921.5725  
10897.40702  
10923.80004  
10929.11311  
10906.31845  
10832.65998  
10818.07871  
10812.42679  
10865.75131  
10867.09136  
10885.22069  
10868.56366  
10909.97325  
10913.99403  
10893.10287  
10890.18057  
10876.98666  
10867.68464  
10914.90379  
10969.43977  
10965.20069  
10840.52044  
10848.83495  
10886.68183  
10924.39392  
10891.13804  
10853.24192  
10847.1476  
10831.60964  
10893.71681  
10850.55046  
10859.61525  
10920.75904  
10938.34458  
10903.35983  
10974.21838  
10881.38954  
10874.94933  
10902.26595  
10898.08075  
10903.10727  
10864.73702  
10835.97314  
10860.14725  
10898.57231  
10868.4338  
10899.60366  
10896.92727  
10875.01108  
10872.93212  
10846.06066  
10848.17232  
10822.12496  
10868.41418  
10844.04658  
10812.58032  
10833.65881  
10838.94304  
10893.01524  
10914.26089  
10937.96326  
11019.34702  
10991.85809  
10948.9765  
10857.00447  
10872.74313  
10889.40111  
10860.72328  
10815.77841  
10840.03789  
10888.48378  
10845.74889  
10882.47516  
10863.74837  
10889.92047  
10821.16826  
10783.81055  
10851.90891  
10901.91303  
10903.35026  
10968.44694  
11050.34297  
11027.32452  
10957.21882  
10960.9371  
10916.37353  
10935.30861  
10956.627  
10921.35315  
10866.90229  
10838.54667  
10860.82884  
10903.4606  
10977.26214  
10939.38651  
10904.68916  
10917.47264  
10894.73927  
10841.60653  
10844.00503  
10906.43388  
10928.0614  
10961.25829  
10983.02037  
10976.58386  
10928.85732  
10897.02273  
10894.15974  
10860.22966  
10961.49978  
10915.43014  
10788.57863  
10702.78353  
10728.40336  
10833.50869  
10890.05791  
10918.19067  
10868.28896  
10851.00354  
10830.62007  
10854.68763  
10880.77441  
10875.34125  
10927.58841  
10972.92573  
10960.8641  
10957.96147  
10941.42981  
10934.9405  
10932.46418  
10949.60641  
10952.29695  
10931.20914  
10905.41036  
10831.14656  
10839.81544  
10848.06343  
10915.34365  
10902.79592  
10935.43663  
10950.71354  
10925.55529  
10961.21473  
10879.10796  
10905.61655  
10885.70973  
10907.26212  
10928.05864  
10882.79999  
10897.93943  
10933.45321  
10884.90151  
10856.94663  
10819.98653  
10824.66813  
10797.98002  
10829.0525  
10877.10563  
10881.55569  
10946.44895  
10909.44831  
10891.46311  
10873.99655  
10883.89869  
10912.06476  
10894.43697  
10883.11634  
10864.18642  
10829.28869  
10848.02197  
10879.05708  
10919.29707  
10891.54056  
10866.46516  
10824.59679  
10873.48695  
10939.62578  
10997.21007  
10975.33154  
10875.92309  
10917.19324  
10908.30563  
10917.09703  
10911.50348  
10891.01981  
10850.88712  
10873.75968  
10911.30999  
10947.95952  
10927.83544  
10879.91995  
10926.10094  
10913.06841  
10866.16259  
10862.38061  
10890.08849  
10894.04585  
10889.83109  
10930.83802  
10888.78342  
10931.6797  
10938.51706  
10947.22494  
10903.54036  
10884.67268  
10829.69457  
10911.2771  
10896.15987  
10880.70656  
10897.03826  
10949.57023  
10944.48013  
10950.19999  
10880.16588  
10893.45158  
10868.76777  
10819.54745  
10794.81771  
10793.65634  
10880.10775  
10805.08277  
10836.45489  
10877.25086  
10942.12355  
10844.68508  
10857.70486  
10837.33725  
10850.29715  
10885.10523  
10893.43427  
10854.53774  
10861.22705  
10857.13711  
10919.43946  
10870.74681  
10849.60986  
10871.12313  
10899.67394  
10942.7017  
10931.35572  
10919.36836  
10874.50085  
10905.05978  
10916.70181  
10896.75495  
10863.30561  
10896.58682  
10861.48508  
10849.00761  
10856.23398  
10850.23789  
10955.42409  
10891.02515  
10919.14463  
10903.13204  
10913.05674  
10882.1601  
10829.55531  
10866.39471  
10907.96999  
10981.86492  
10991.13782  
10924.17916  
10911.98316  
10922.93382  
10952.98275  
10951.99816  
10925.71826  
10893.66293  
10933.07205  
10882.15288  
10900.68403  
10876.88727  
10853.09351  
10925.51494  
10985.01788  
10928.6823  
10877.28017  
10866.31743  
10784.9634  
10740.67918  
10757.23605  
10761.71152  
10791.09076  
10821.52556  
10822.17412  
10832.88469  
10902.01166  
10910.5212  
10926.51743  
10991.00903  
10927.75396  
10950.60818  
10882.40441  
10822.75606  
10863.27536  
10892.83428  
10855.79533  
10823.97234  
10874.12079  
10905.20158  
10975.40991  
11034.99339  
10986.00626  
10879.2595  
10918.8572  
10903.95819  
10861.70687  
10829.75451  
10852.59637  
10886.08829  
10866.71026  
10933.74339  
10885.0298  
10876.20602  
10839.01284  
10858.49984  
10898.18527  
10917.40328  
10856.06895  
10838.29089  
10883.25953  
10965.88627  
10964.92357  
10893.42814  
10842.02467  
10840.87719  
10841.10183  
10893.50167  
10847.10591  
10863.91863  
10901.86258  
10914.02285  
10939.11213  
10973.73984  
10990.74433  
10924.69914  
10900.31208  
10910.371  
10905.65886  
10911.96346  
10864.46572  
10834.88727  
10861.83773  
10853.60441  
10865.35615  
10915.82228  
10932.39563  
10910.70689  
10805.81372  
10834.43861  
10848.86982  
10819.11353  
10851.6232  
10833.25393  
10846.13795  
10927.80694  
10932.95256  
10890.45344  
10871.29845  
10857.85057  
10843.85232  
10908.49225  
10989.05338  
10941.77705  
10924.27081  
10821.61756  
10849.57092  
10785.55448  
10840.66317  
10882.55944  
10910.87752  
10962.20637  
10978.30157  
10955.45494  
10944.52086  
10889.68625  
10945.93771  
10892.86172  
10894.65555  
10947.7245  
10995.8597  
10891.5307  
10880.73568  
10820.81402  
10888.42135  
10892.51235  
10931.22368  
11017.07524  
10966.10567  
10862.67089  
10837.16902  
10847.17671  
10863.63031  
10901.56906  
10873.93879  
10892.7937  
10975.50525  
10953.98944  
11011.01705  
10947.38801  
10858.52454  
10795.09673  
10839.05859  
10880.23112  
10918.68761  
10876.72696  
10844.19948  
10840.68881  
10904.60396  
10900.95127  
10829.06757  
10823.08426  
10847.93093  
10842.76157  
10849.97811  
10919.70708  
10943.79585  
10929.69037  
10913.79764  
10907.92712  
10913.68592  
10965.89339  
10939.75404  
10871.94806  
10837.17  
10777.63782  
10834.78131  
10888.2618  
10842.04849  
10845.68284  
10865.12318  
10941.99414  
10970.63429  
10937.98093  
10913.61075  
10899.04047  
10868.40167  
10852.95503  
10887.13305  
10867.10121  
10903.44796  
10919.08419  
10914.73332  
10859.03833  
10856.1762  
10880.1706  
10875.58794  
10861.21177  
10853.10758  
10895.05218  
11002.25132  
10968.92012  
10973.65712  
10942.14902  
10939.21091  
10900.29841  
10884.19103  
10894.75231  
10837.60234  
10864.27656  
10852.99942  
10806.0888  
10822.54139  
10910.33194  
10930.46318  
10923.6055  
10935.79905  
10897.01995  
10867.1753  
10892.36027  
10896.76133  
10860.42334  
10918.82597  
10930.72961  
10875.88086  
10809.12253  
10879.95292  
10865.72782  
10847.05468  
10888.19195  
10955.14098  
10955.99286  
10893.67019  
10844.83547  
10868.20767  
10843.71723  
10885.39116  
10882.7312  
10902.24975  
10847.90589  
10864.11459  
10932.97425  
