11056.03925  
11023.82366  
11041.10802  
11019.18138  
11071.00984  
11049.75845  
11045.08721  
11051.98742  
11053.89262  
11059.54868  
11094.71939  
11056.47559  
11092.00729  
11079.25447  
11043.61234  
11084.75417  
11106.55536  
11055.67526  
11076.14171  
11010.0575  
10999.34826  
11019.63386  
11086.2509  
11051.02088  
11021.98911  
11015.38169  
11025.31175  
11012.49076  
11035.99253  
11040.25334  
11122.72333  
11191.20132  
11075.95605  
10985.36377  
10994.69449  
11014.7749  
11087.56047  
11147.27479  
11133.12737  
11081.36384  
11034.32993  
11052.89168  
11023.69636  
11091.6582  
11126.65216  
11081.33038  
11052.82598  
11061.4624  
11050.54293  
11006.57861  
11062.36801  
11093.06956  
11054.75019  
11014.41774  
11010.39772  
11107.54811  
11062.44306  
11029.22656  
11026.17304  
11087.42984  
11081.4215  
11048.68374  
11059.2503  
11053.10111  
11049.03677  
11039.06524  
11073.44088  
11050.87598  
11076.46781  
10986.36475  
10975.77486  
10955.39694  
11050.39975  
11002.73742  
11067.7361  
11113.85761  
11075.20944  
10976.34559  
10975.19614  
10993.24358  
11043.1896  
11091.35246  
11067.82076  
11038.43078  
11039.19471  
11074.17586  
11113.37703  
11123.51551  
11031.15648  
11028.99932  
11021.97348  
10997.2032  
11064.65197  
11067.09093  
11098.37496  
11064.77851  
11089.61828  
11100.97529  
11082.80435  
11076.23009  
11067.1235  
11039.78718  
11056.96687  
11116.59469  
11124.65099  
11041.12218  
10985.43848  
11005.03583  
11087.90471  
11083.24609  
11051.93919  
11036.33598  
11014.8024  
11000.24805  
11047.75338  
11094.07215  
11077.17492  
11046.77363  
11041.89115  
10994.96015  
10979.82471  
11052.75338  
11078.80052  
11019.52975  
11057.03557  
11071.20207  
11099.19708  
11057.12898  
11030.94456  
11052.08992  
11082.1611  
11115.74703  
11106.69505  
11040.3854  
11078.38946  
11079.31753  
11050.89581  
11009.05157  
11005.98054  
11093.99778  
11068.86557  
11064.8723  
11059.26799  
11045.89975  
10995.98163  
11043.68543  
11027.19723  
11039.15144  
11059.12046  
11035.39603  
11065.2956  
11004.21484  
11095.65505  
11105.40032  
11079.24985  
11092.61163  
11057.89494  
11085.56344  
11063.12034  
11096.60198  
11111.93081  
11018.13619  
11013.49294  
11099.3119  
11080.2322  
11068.60532  
11075.20575  
11000.66556  
11046.6647  
11064.10385  
11002.05728  
11009.1952  
11007.71676  
11054.61392  
11083.14596  
11067.76615  
11050.97829  
11015.92015  
10997.27971  
11016.5459  
11039.89701  
11082.69918  
11066.22006  
11010.87988  
11059.92894  
11091.00098  
11086.17372  
11089.58027  
11096.57651  
11066.75755  
11095.37838  
11111.24733  
11095.26059  
11039.1869  
10983.83282  
11020.08571  
11021.57313  
11038.38841  
11036.40186  
11087.24609  
11055.88379  
11057.23576  
11001.34927  
11008.9194  
11049.66008  
11081.83827  
11093.63939  
11099.39363  
11045.40426  
10974.45553  
10963.60502  
11074.40325  
11041.78993  
11069.05596  
11053.53099  
11013.98092  
11086.17984  
11084.74564  
11092.73235  
11043.59375  
10996.25154  
10938.54256  
10945.45177  
10973.13691  
11074.45358  
11139.67931  
11110.64303  
11008.45658  
11058.10152  
11078.57118  
11164.53174  
11163.31303  
11030.83699  
11003.36696  
10999.68273  
11016.07351  
11071.42503  
11048.36088  
11080.51472  
11076.80732  
11089.16564  
11040.20673  
11020.20328  
11060.83958  
11035.47761  
11036.29248  
11024.93517  
11022.04804  
11007.19527  
11113.21605  
11111.85791  
11040.33917  
11000.87061  
11049.5326  
11165.36448  
11133.59375  
11007.14378  
10984.80473  
10980.44452  
11053.91478  
11087.42079  
11086.40775  
11105.03715  
11116.38893  
11120.26146  
11056.73182  
11045.67796  
11020.65828  
11052.51848  
11057.569  
11068.48186  
11032.04688  
11052.72487  
11076.34871  
11092.04729  
11095.70741  
11006.37646  
10970.896  
10988.76393  
11051.77287  
11040.21811  
11019.31866  
11028.10648  
11083.14303  
11070.94479  
11086.55255  
11055.03039  
11056.44775  
11112.78572  
11083.09893  
11030.07414  
11063.26307  
11039.6025  
11067.37861  
11000.52599  
10970.46304  
10947.72014  
11048.75931  
11094.15035  
11062.7322  
11006.53459  
10992.11159  
11053.35198  
11087.35126  
11170.10603  
11082.2293  
11049.45072  
11013.80386  
10936.57151  
10955.37316  
11088.7091  
11031.84202  
10989.42007  
11006.41602  
11088.0181  
11079.18945  
11099.76901  
11089.23325  
11141.77768  
11100.70767  
11078.16722  
11025.06119  
11005.4674  
11007.35404  
11094.94595  
11115.89243  
11064.41609  
11024.16275  
10981.96522  
11131.93213  
11137.70756  
11125.09274  
11082.69666  
10989.23689  
11019.43716  
11045.72927  
11072.64419  
11111.82091  
11067.28974  
11060.47731  
11001.59379  
10969.63661  
11036.93307  
11104.98471  
11139.33335  
11072.83669  
11081.3815  
11066.1247  
11032.65738  
11077.65527  
11110.6742  
11133.69719  
11079.72716  
11030.92323  
11037.63811  
11060.27148  
11070.24797  
11021.29184  
10946.65959  
10994.54271  
11065.72668  
11111.85573  
11048.15366  
11064.21131  
11083.1591  
11086.48858  
11018.46537  
10952.91876  
11000.43649  
11080.11005  
11104.43697  
11082.30183  
11031.39096  
11089.15407  
11089.40832  
11084.72461  
11053.39893  
11070.33793  
11092.21695  
11058.68311  
10996.45902  
11052.08297  
11061.92665  
11087.45005  
11091.21721  
11046.05243  
11097.10254  
11098.90351  
11117.06509  
11097.33624  
11048.46774  
11110.12354  
11057.38582  
11034.72645  
11029.65366  
11166.32181  
11081.97303  
11019.11148  
10937.02693  
10889.30642  
10945.21529  
11065.35066  
11105.23471  
11109.36824  
11091.20534  
11030.69253  
11002.17357  
11050.54958  
11111.87789  
11091.32058  
11046.05987  
11007.73764  
11043.20605  
11070.04026  
11067.81408  
11011.52197  
10997.83966  
10992.98948  
11055.02483  
11043.2393  
11046.50015  
11032.9227  
10982.61937  
11083.76987  
11027.4393  
11120.54331  
11071.048  
11048.4502  
11034.09927  
11086.58094  
11072.36824  
11037.73622  
11106.50796  
11075.42462  
11047.30195  
11032.44621  
11007.01604  
11004.93179  
10980.79857  
11012.94869  
11054.21563  
11041.09304  
11070.64299  
11031.57212  
11028.3075  
11081.03632  
11084.78474  
11103.17706  
11040.85029  
10974.81569  
11016.24301  
11044.24016  
11048.80033  
11014.06231  
11055.11242  
11021.78681  
11103.80334  
11103.25676  
11063.3898  
11063.56457  
11081.70748  
11039.85145  
11048.81333  
10972.29995  
11006.47893  
11018.7687  
11022.04218  
11037.12932  
11046.96916  
11043.48599  
11108.16564  
11052.72097  
11118.36907  
11011.76927  
11091.02363  
11096.45868  
11146.70951  
11081.85269  
10959.32429  
11007.48317  
11040.03786  
11105.33083  
11117.51074  
11115.16226  
10989.1857  
11048.02197  
11070.89994  
11098.6626  
11046.99613  
11076.87981  
11005.34379  
11066.00639  
11066.18919  
11092.34995  
11130.03106  
11036.47814  
11043.29248  
11082.43096  
11168.87429  
11103.91207  
11014.59266  
10984.61456  
11050.9985  
11047.52043  
11046.17387  
11025.29796  
11074.8309  
11012.85656  
11056.49639  
11003.43784  
10995.1463  
10983.17165  
10983.83485  
11047.93014  
11047.48464  
10995.4473  
11033.42086  
11083.39074  
11033.67927  
11071.53508  
11022.13067  
10994.96672  
11015.98697  
11101.26022  
11130.87763  
11142.69866  
11072.95444  
11085.63724  
11108.02058  
11129.27562  
11043.03576  
10987.495  
11011.34217  
11061.46169  
11105.29432  
11104.53339  
11085.70181  
11063.5074  
10990.56753  
11016.27922  
11126.35532  
11091.8602  
11070.66669  
11052.39799  
11077.76116  
11028.42661  
11074.58782  
11051.81164  
10977.65347  
11023.58646  
11058.4606  
11044.08136  
11067.34153  
11018.20166  
11056.69107  
11116.64724  
11127.59183  
11026.54026  
11098.39844  
11136.14243  
11119.23779  
11048.18855  
11076.09998  
11063.13154  
11100.72776  
11081.84691  
11121.81738  
11181.27772  
11070.85299  
11088.75331  
10910.024  
10968.96834  
10925.19058  
10945.55762  
11000.71342  
11028.26683  
11001.73607  
11039.33293  
11019.36411  
11019.6383  
11127.45805  
11114.69047  
11097.20632  
11052.50214  
11022.73884  
10972.4624  
11053.01085  
11092.15978  
11103.98329  
11066.1472  
11083.52426  
11071.88946  
11050.48291  
11008.57197  
10994.95455  
11051.59619  
11087.40599  
11058.13924  
11010.15873  
11085.91819  
11081.50466  
10997.31306  
11059.37616  
11031.16162  
11040.28568  
11071.19336  
11069.2944  
11109.30919  
11107.43866  
11076.10449  
11078.95857  
11058.07497  
11120.29158  
11088.22397  
11029.35708  
11036.87932  
11084.39524  
11086.43149  
11047.09334  
11028.87248  
11013.47668  
10994.64678  
11046.03144  
11074.02655  
11075.12342  
11066.01878  
11050.00019  
11039.6967  
11082.43104  
11069.45256  
11102.32317  
11097.49602  
11067.03989  
11011.35314  
10958.39971  
10945.91241  
10993.15516  
11062.39772  
11030.52772  
11019.08988  
11040.76409  
11131.37207  
11061.35611  
11040.05596  
11012.95684  
11044.4405  
11088.71  
11097.14449  
11038.00995  
10990.35892  
10969.62545  
11060.56156  
11101.10855  
11056.12564  
11037.52471  
11048.61478  
11056.52697  
11109.02295  
11055.95485  
11041.00056  
11086.10284  
11071.75454  
10992.51762  
10968.7088  
11023.82208  
11113.39025  
11118.59443  
11072.68558  
11062.93431  
11075.22333  
11053.29545  
11100.1114  
11132.67541  
11065.43145  
11063.77843  
11046.44126  
11116.66658  
11067.68427  
11011.81378  
10994.09195  
11016.28354  
11066.51337  
11083.03801  
11032.46079  
11054.53929  
11049.15159  
11099.05003  
11093.69516  
11069.44697  
11005.05799  
10972.88277  
11094.18945  
11085.98099  
11108.44058  
11077.63424  
11037.22795  
11087.0246  
11102.92244  
11062.62169  
10991.56273  
10977.69347  
11019.35389  
11016.12759  
11068.29676  
11109.17248  
11076.42522  
11051.41425  
11039.30777  
11049.255  
10997.67225  
11011.4449  
11017.08815  
11007.81194  
11043.68919  
11087.03196  
11049.50747  
11027.43686  
11004.73663  
11100.48655  
11093.01487  
11071.923  
11051.46901  
11062.54226  
11064.33714  
11091.83733  
11199.5237  
11121.63206  
11064.16474  
11006.06986  
10961.32888  
10998.96428  
11111.03249  
11160.19569  
11128.01326  
11071.44103  
11023.55319  
11035.24745  
11061.01927  
11003.07283  
10961.48794  
10999.40024  
11048.18292  
11081.92079  
11058.81227  
11032.8747  
11053.1075  
11064.30401  
11097.22138  
11118.70376  
11093.63593  
11017.54402  
11006.13946  
11033.4763  
11075.30822  
11105.26754  
11073.44141  
10996.36738  
11036.81581  
11039.52825  
11033.23351  
11082.08875  
11092.67105  
11127.76416  
11127.26897  
11048.83042  
10950.11144  
10902.4538  
10990.47296  
11041.25864  
11087.04428  
11080.49981  
11016.25631  
10960.80961  
10988.9953  
11067.06828  
11118.3682  
11111.36324  
11112.60675  
11145.64491  
11092.36279  
11067.47577  
11025.01863  
11034.98892  
11003.46259  
10970.87038  
11029.6777  
11090.1822  
11140.97345  
11117.56464  
11079.89299  
11065.03666  
11042.77569  
11102.40163  
11141.1665  
11161.80972  
11061.18322  
11008.49654  
10996.87827  
10993.48982  
11027.01273  
11032.87113  
11082.71871  
11058.23727  
11036.51626  
11003.52663  
11011.73712  
11044.80792  
11115.45376  
11163.08695  
11118.04815  
11025.76082  
11035.80255  
11089.35239  
11072.16744  
11049.3898  
11070.7352  
11087.19625  
11070.82091  
11007.73081  
11070.93344  
11057.87579  
11031.40159  
11020.2648  
11051.51638  
11082.81321  
11061.10442  
11078.46905  
11077.20917  
11024.63056  
11053.48712  
10979.73866  
11025.82351  
11091.19174  
11083.31535  
11044.30965  
10976.83391  
11029.48479  
11127.06288  
11115.80375  
11047.10716  
10955.65674  
11000.25165  
11060.05011  
11112.57151  
11086.71736  
11066.65306  
11016.14851  
10996.22716  
11056.23513  
11066.19321  
11063.70974  
11090.03542  
11055.99031  
10985.18562  
10977.88631  
10986.05018  
11040.74786  
11042.86306  
11009.04184  
11054.55454  
11099.36396  
11125.68145  
11025.98896  
11024.85427  
10993.59435  
11054.096  
11118.33184  
11095.02701  
11087.55619  
11056.42991  
11017.13003  
11072.9772  
11110.33365  
11082.11129  
11021.10156  
11002.01157  
11078.42916  
11127.87601  
11040.49576  
11013.08684  
10998.32891  
11056.75898  
11065.15824  
11110.12027  
11046.19757  
11050.43727  
11022.38991  
11043.34371  
11085.31028  
11079.92713  
11090.68953  
11066.88105  
11025.99816  
11033.45699  
11046.37887  
11081.16399  
11067.24065  
11048.27145  
10995.65914  
11023.72514  
11052.46683  
11086.83211  
11081.54094  
11039.25424  
11050.68074  
11105.24114  
11149.74455  
11089.70121  
11057.82903  
11030.20384  
11018.4129  
11114.58921  
11111.99737  
11083.59138  
11053.4079  
11118.49373  
11115.83504  
11055.30307  
11044.39111  
10984.4034  
10970.08365  
11035.90002  
11091.46387  
11112.54631  
11025.45632  
11017.65561  
10939.80322  
11027.33428  
11032.99523  
11028.30255  
11030.39509  
11047.35536  
11101.58451  
11086.67432  
11030.31952  
11083.0338  
11103.61501  
11057.39017  
11018.09814  
11036.24001  
11043.15783  
11045.39108  
11027.2355  
11085.423  
11092.10483  
11086.70192  
11061.25931  
11050.73002  
11061.20835  
11037.53054  
11020.04387  
11082.35265  
11079.03636  
11034.08932  
10969.57824  
11046.61272  
11106.57865  
11126.02779  
11006.14232  
11009.12278  
11129.07001  
11064.45249  
11005.58567  
11005.07948  
11036.1028  
11053.39603  
11096.67398  
11075.54316  
11069.89502  
11019.61888  
11042.59672  
11073.98997  
11077.44877  
11066.88477  
11095.46297  
11070.38897  
11090.87729  
11054.45602  
11125.74399  
11075.2248  
11054.65663  
11003.67886  
11002.87609  
11054.08305  
11086.46052  
11114.29113  
11107.79361  
11075.95917  
11101.82399  
11099.46143  
11073.70587  
11049.68746  
11054.99737  
11073.05277  
11000.84983  
10966.72055  
10963.1626  
10986.71984  
11032.45944  
10953.65103  
10956.61204  
10928.04857  
11005.90032  
11007.01224  
11056.04995  
11100.48791  
11094.91714  
11048.44734  
10966.8273  
11016.02885  
11077.62425  
11101.37252  
11122.14487  
11077.59916  
11091.48558  
11122.96143  
11093.89389  
11043.30337  
11059.83098  
11045.85708  
11018.90035  
10989.63939  
11031.87575  
11054.88123  
11040.68495  
11049.13424  
11025.72776  
11051.93404  
11081.90095  
10998.80934  
11059.91414  
11008.02148  
11060.92661  
11086.95433  
11091.67646  
11086.47773  
11073.04612  
11049.50068  
11103.18949  
11152.38882  
11142.28317  
11090.35224  
11014.0284  
11005.66906  
11051.65411  
11061.95718  
11060.73464  
11064.17274  
11034.82876  
11029.89416  
11068.42462  
11070.97626  
11042.77505  
11092.55401  
11041.05645  
11072.56637  
11039.37327  
11014.81611  
11077.57054  
11091.19084  
11124.17882  
11077.16181  
11048.2814  
11086.12553  
11097.10956  
11087.77426  
11074.75218  
11044.0524  
11044.35554  
11014.8646  
11006.43213  
11028.22303  
11119.09398  
11086.08462  
11081.54688  
10972.49452  
10981.05747  
11032.06629  
11098.95617  
11055.78733  
11026.9843  
11074.23813  
11112.0453  
11095.11035  
11026.13052  
11013.85945  
11046.90783  
11026.55168  
11069.07636  
11038.08932  
11084.08353  
11056.72243  
11059.95624  
11033.25796  
11085.87414  
11169.99932  
11144.56866  
11107.19295  
11081.05014  
10999.10412  
10916.30657  
10962.0856  
10967.10663  
11024.42372  
11083.4227  
11093.38394  
11005.54515  
10974.39521  
11010.14956  
10997.65715  
11033.12015  
11106.75744  
11166.29594  
11113.72611  
11025.66936  
11041.56092  
11019.71672  
10972.50372  
11033.39074  
11092.41031  
11109.23839  
11112.74279  
11104.78741  
11092.8818  
11134.7023  
11123.10491  
11136.31757  
11063.878  
11041.89956  
11034.44888  
11021.99031  
11027.99144  
11021.8359  
11093.57963  
11103.22191  
11103.97547  
11011.03298  
11038.23261  
11048.5287  
11061.07106  
11049.35731  
11044.99027  
10992.13067  
11067.53816  
11051.4476  
11106.46022  
11037.52734  
10992.8098  
10971.5187  
10982.52558  
11063.76116  
11070.05108  
11090.44535  
11100.10306  
11000.55762  
11039.71913  
11047.40636  
11058.75308  
11013.75901  
11055.27081  
11065.20651  
11079.20436  
11007.42071  
11002.15313  
11060.17248  
11060.70102  
11052.80127  
11059.52836  
11079.41985  
11106.20497  
11081.72679  
11110.05149  
11055.80405  
11062.73836  
11035.72108  
11082.72115  
11033.78384  
11045.63097  
11027.54492  
11024.50379  
11052.33763  
11113.15366  
11083.35806  
11053.86948  
11078.33425  
11078.70297  
11054.5145  
11040.91361  
11024.7313  
11055.46466  
11093.35367  
11031.04312  
10949.18791  
10980.91079  
10951.78178  
11051.06783  
11100.50391  
11117.76893  
11079.90122  
11070.56396  
11109.09781  
11139.09146  
11168.49114  
11107.49238  
11031.8285  
11023.09435  
11010.12046  
11056.79635  
11079.40129  
11063.44084  
11051.40264  
11048.45275  
11048.64014  
11011.87  
11003.96184  
11002.62455  
11055.89772  
11106.77979  
11064.03707  
11000.08466  
11052.49869  
11121.35596  
11115.05165  
11048.47292  
11025.94028  
11106.57719  
11044.85427  
11022.52738  
11045.91087  
11066.84657  
11081.65418  
11093.48347  
11103.47758  
11039.0524  
11043.45861  
11085.14701  
11109.43667  
11020.82993  
11026.52704  
10973.70962  
11102.37692  
11116.48516  
11062.3344  
11060.40234  
11023.90306  
11049.34334  
11095.1543  
11092.91714  
11066.02483  
11042.77648  
10962.66436  
10990.40381  
10962.12109  
11050.64307  
11084.33827  
11102.96383  
11060.09837  
11077.48137  
11020.43803  
11063.67067  
11069.95861  
11070.84811  
11041.58166  
11038.35607  
10993.5148  
11001.65058  
11091.16722  
11073.0053  
11097.95241  
11034.84743  
11007.32441  
11031.19862  
11125.98043  
11067.37338  
11040.32433  
11029.8931  
11044.67991  
11062.98869  
11072.50819  
11040.12278  
11029.4849  
11025.96852  
11101.66324  
11143.87354  
11131.47897  
11083.61997  
11024.58421  
11085.26949  
11024.2897  
11050.44787  
11054.26243  
11039.89848  
11015.17169  
11064.12436  
11069.49775  
11072.72239  
11074.77426  
11042.63214  
11080.93187  
11056.00323  
11072.74865  
11122.665  
11072.98268  
11019.20027  
11069.98235  
11063.16609  
11036.48167  
11076.10179  
11095.58665  
11123.00762  
11096.81344  
11140.70128  
11079.91658  
11068.69952  
11026.22149  
11022.41827  
11041.5806  
11026.46811  
10942.70861  
11021.58117  
10991.04094  
11056.87447  
11048.9923  
11046.31547  
11069.11786  
11044.83459  
11041.61013  
11046.65832  
11097.24474  
11080.59878  
11075.63371  
11093.99568  
11087.04203  
11074.76878  
10985.36084  
11049.55356  
11074.7645  
11053.7287  
10983.02746  
11023.92649  
11081.50064  
11076.39866  
11066.66196  
11077.46067  
11075.21293  
11001.89603  
10985.47848  
10987.25533  
11021.9203  
11097.81389  
11097.80901  
11078.75353  
11010.23858  
11045.13954  
11115.24929  
11045.18495  
11032.3738  
11061.5243  
11086.31566  
11100.29564  
11023.17364  
11022.33045  
11042.91511  
11011.87489  
11033.67582  
11042.20726  
11062.30987  
11019.56851  
10955.21706  
10984.00883  
11044.03429  
11117.30322  
11073.41842  
11026.63619  
11013.01671  
11007.81261  
11038.85855  
11046.85577  
11128.24594  
11092.23952  
11028.17465  
11024.68036  
11060.87173  
11091.55367  
11082.76555  
11082.34589  
11095.87425  
11057.2426  
11078.20523  
11081.17469  
10977.98659  
11052.67687  
11086.73073  
11024.3418  
11012.86798  
11061.92462  
11057.85344  
11105.40426  
11129.67236  
10992.73077  
10905.14562  
10938.54259  
11007.71255  
11034.63815  
10974.02885  
10972.12046  
11036.17075  
11110.65794  
11056.57414  
11059.24925  
11056.74253  
11095.53869  
11107.65099  
11083.13893  
11039.78061  
11096.19092  
11094.08252  
11082.37188  
11070.74707  
11074.59728  
11072.99346  
11135.07621  
11077.20072  
11049.19588  
11009.98276  
11025.44666  
11041.51495  
11069.90824  
11090.44047  
11100.53339  
11037.77945  
11003.01435  
11051.33109  
11044.89472  
11057.23231  
11070.46736  
11095.47025  
11079.8072  
11097.97288  
11029.62222  
10969.73167  
10944.61223  
11012.71199  
11043.16658  
11048.80506  
11050.64848  
11080.51307  
11080.73178  
11053.95756  
11124.29376  
11062.92909  
11071.1555  
11039.59841  
11066.53673  
11036.43078  
11015.28835  
11053.14318  
11073.42394  
11075.37211  
11038.39491  
11052.41001  
11038.15167  
11071.97855  
11042.67631  
11072.2103  
11061.84597  
11092.1688  
11038.76931  
11080.76221  
11125.032  
11083.44201  
11052.96285  
11067.50421  
11086.75424  
11062.49159  
11026.52821  
11043.17469  
11066.78388  
11055.5145  
11109.62015  
11066.33977  
11024.51356  
11007.40787  
11000.99782  
11056.23629  
11170.67319  
11156.61373  
11110.28358  
11046.80285  
11024.11858  
11086.6665  
11082.17886  
11080.9502  
11033.39994  
11027.30307  
11066.70346  
11022.85697  
10990.91951  
11046.47938  
11076.03339  
11066.35265  
11068.45286  
11010.60817  
11100.96879  
11108.7352  
11114.5918  
11048.86043  
11088.52471  
11018.01683  
11045.56235  
11075.78099  
11103.22483  
11006.04319  
11030.1611  
11038.61381  
11051.20001  
11104.02877  
11066.61621  
11070.42728  
11065.21285  
11070.12354  
11060.02746  
11042.14198  
10983.60814  
11055.68859  
11086.80086  
11036.22964  
11017.79383  
11023.02073  
11079.46988  
11090.02239  
11060.32362  
11051.19426  
10996.6943  
11098.8027  
11106.03534  
11079.05702  
10988.0631  
10962.26134  
10965.27757  
11035.21668  
11104.29541  
11123.55578  
11035.85637  
10987.35953  
10994.95902  
11036.51934  
11089.70992  
11088.05769  
11045.189  
11037.57726  
11035.13533  
11079.545  
11147.27952  
11149.01446  
11107.26942  
11099.08192  
11087.51085  
11033.85445  
11070.57088  
11024.91031  
11031.25992  
10984.13905  
11036.97326  
11014.73167  
11042.79586  
11041.33639  
11042.36704  
10963.96706  
11057.75327  
11071.06528  
11117.08087  
11078.05165  
11044.55754  
11035.64656  
11045.0643  
11029.75383  
11038.07377  
11138.53602  
11102.0723  
11052.95605  
11006.06498  
11004.82711  
11083.80014  
11106.71105  
11034.35126  
11002.69148  
11022.3383  
11083.35539  
11105.44937  
11030.32888  
11015.21537  
11012.96334  
11055.98761  
11043.51833  
11012.6632  
11093.13206  
11112.60896  
11090.15974  
11063.68431  
11026.86381  
11030.74838  
11094.78782  
11126.93378  
11076.99361  
11050.54887  
11013.78474  
11055.86933  
11057.62124  
11088.9739  
11037.72363  
11041.09878  
11026.03328  
11033.64367  
10998.73453  
11039.71101  
11103.15738  
11069.16658  
11000.59518  
10965.17973  
11019.50398  
11074.14697  
11041.87887  
11052.7257  
11041.36403  
11095.14908  
11089.49786  
11037.90678  
11106.98749  
11101.16842  
11064.11031  
11069.66361  
11074.95354  
11038.26262  
11025.62748  
11059.93829  
11113.5927  
11180.61745  
11071.8486  
10985.16215  
10934.42214  
10952.28662  
10988.60701  
11077.87688  
11094.30961  
11088.74016  
11043.61475  
11032.05683  
11054.75556  
11110.7636  
11122.51713  
11098.58744  
11020.09585  
11014.86617  
11085.96113  
11117.62936  
11035.62188  
11044.52378  
11090.39844  
11091.18483  
11031.79271  
11066.90997  
10994.15666  
10966.06509  
11015.67473  
11088.59029  
11014.8697  
11015.56641  
11045.21466  
11066.21195  
11043.67124  
11044.07155  
11038.21593  
11083.63176  
11042.0495  
11020.5296  
11037.59465  
11004.17642  
11000.93987  
11085.03016  
11073.21308  
11055.24275  
11084.57662  
11095.74902  
11117.33459  
11112.57151  
11079.40971  
11098.79237  
11063.50977  
11085.10498  
11019.41556  
11021.0367  
11035.00255  
11096.04917  
11096.79327  
11082.47776  
11061.11287  
11052.79278  
11112.06359  
11105.00143  
11060.82873  
11012.93036  
11021.79766  
11077.88841  
11062.96556  
11046.12849  
10976.26581  
10934.84131  
11047.65174  
11109.75387  
11112.13116  
11052.85829  
11006.0477  
11051.05788  
11061.2139  
11045.01525  
10947.00015  
11009.26108  
11007.21409  
11048.67661  
11020.5655  
11002.5204  
10956.11933  
10926.46789  
10970.71931  
10981.02111  
11097.98975  
11157.12973  
11114.67011  
11067.00285  
11083.27265  
11162.08395  
11111.0166  
11055.74012  
11035.69697  
11113.75278  
11137.88371  
11103.57929  
11035.3954  
11034.54064  
11049.19809  
11047.70027  
11124.4005  
10999.49737  
10990.88488  
10998.78617  
11013.54838  
11123.12962  
11143.64802  
11116.99253  
11080.80484  
11111.87064  
11046.22912  
11016.92601  
11011.50255  
11066.88308  
11114.80138  
11085.50548  
11059.12906  
11003.02509  
11016.18172  
11067.35524  
11092.97547  
11109.12121  
11087.05848  
10996.40554  
11058.80942  
11038.44869  
11051.13296  
11097.05559  
11119.09315  
11129.33834  
11108.85648  
11130.09105  
11009.02359  
11009.60367  
11010.42131  
11126.14344  
11113.18979  
11141.52182  
11055.68705  
10948.64513  
10937.9123  
11024.86674  
11079.46334  
11058.53238  
10955.2423  
10939.81351  
10905.2669  
10930.04684  
11027.74782  
11059.39085  
11079.94944  
11128.06569  
11124.5145  
11117.92597  
11078.92924  
11095.90749  
11077.3199  
11051.38781  
11082.97641  
11099.75931  
11123.82377  
11081.35975  
11058.81806  
11126.54657  
11138.42687  
11135.87079  
11075.35476  
11056.94366  
11089.59604  
11064.7755  
11013.1511  
11008.37755  
11020.70778  
11040.57865  
11095.59371  
11055.60502  
11050.46732  
11067.63916  
11094.25439  
11071.78794  
11049.86508  
10989.08376  
10985.36234  
11029.85626  
11058.56776  
11087.37823  
11119.87425  
11098.77325  
11030.59281  
10960.62218  
11033.84202  
11062.24722  
11114.48054  
11071.2894  
11074.8907  
10979.26886  
11006.87879  
11088.87338  
11119.70707  
11093.80859  
11009.16774  
10920.90783  
10931.34634  
11058.10156  
11099.46511  
11103.92018  
11067.38112  
10996.66748  
11045.87695  
11112.30574  
11081.68938  
11081.52336  
11067.90847  
11022.86801  
11079.4345  
11079.8759  
11079.89284  
10995.75364  
11035.89863  
11063.71514  
11104.32704  
11072.02291  
11074.01683  
11074.65099  
11102.08733  
11043.42469  
11021.26833  
11028.36497  
11036.99718  
11039.57024  
11061.80694  
11084.03166  
11062.60941  
11114.69896  
11092.28779  
11044.31066  
11064.23299  
11043.08676  
11079.00045  
11086.96875  
11060.17916  
10964.77453  
11005.4846  
11016.65062  
10971.39062  
10972.37951  
11026.76979  
10999.53099  
11027.06566  
11019.83166  
11071.88356  
11119.81299  
11016.3223  
11003.05165  
10988.32647  
11035.93269  
11109.45406  
11074.26059  
11032.79838  
10971.4529  
10987.7112  
11046.15813  
11068.43442  
11032.01491  
11038.54905  
11042.3069  
11050.26822  
11083.08658  
11068.44963  
11088.6982  
11110.23054  
11139.28865  
11105.65678  
11104.67597  
11067.53955  
11075.50984  
11039.68799  
11066.43742  
11082.29905  
11048.73171  
11127.57997  
11054.16215  
11037.47326  
11015.12462  
11002.17259  
10961.52009  
11079.1884  
11090.52227  
11067.60355  
11054.67248  
11017.20545  
11035.43254  
11057.78872  
11118.84386  
11107.62541  
11058.21939  
11053.71263  
11086.11433  
11128.62767  
11072.16628  
11084.351  
11052.08691  
11090.76363  
11059.46995  
10998.65666  
11027.61306  
11068.63916  
11017.59739  
10995.16068  
11001.61384  
11059.05807  
11079.4325  
11064.38296  
10995.80499  
10990.67777  
11041.77272  
11028.13345  
11054.89663  
11080.41252  
11097.73084  
11116.56258  
11162.54098  
11067.15895  
11040.88762  
11030.86655  
10978.54098  
10986.15448  
11030.64074  
11058.21206  
11064.55627  
11087.6641  
11052.37511  
11010.75056  
11032.44524  
11147.64239  
11074.47491  
11060.90249  
11074.37218  
11113.14799  
11090.64059  
11067.9671  
11018.61576  
11006.43964  
11054.50451  
11061.54222  
11044.77614  
11019.73441  
10999.90715  
11030.68502  
11098.84063  
11091.08361  
11073.68964  
10998.8261  
10964.2882  
10958.06562  
11026.85686  
11083.97829  
11060.06554  
11087.38349  
11077.46732  
11097.74403  
11071.82858  
11111.55987  
11039.87267  
10972.23178  
10971.30585  
11012.70264  
11104.25883  
11074.48637  
11023.75297  
10968.89277  
11052.49752  
11053.85412  
11083.53238  
11083.90197  
11078.41395  
11060.82918  
11040.78087  
11036.37921  
11053.9769  
11064.03005  
11109.34953  
11114.24298  
11054.33519  
11065.59131  
11104.94073  
11074.93675  
10942.60712  
11004.57125  
11054.71871  
11046.6943  
11050.82129  
10990.45534  
10998.56306  
11061.57888  
11020.10464  
10986.60645  
11067.17691  
11040.63229  
11061.88965  
11104.00714  
11167.06584  
11114.91049  
11076.85581  
11076.54349  
11106.13206  
11087.79169  
11091.13007  
11092.13912  
11077.58812  
11013.49316  
10985.11839  
11006.32148  
11051.6786  
11066.8605  
11093.72217  
11104.04864  
11096.22829  
11003.11306  
11026.64378  
11008.23761  
11030.50725  
11024.90415  
11094.07388  
11050.8892  
11073.3528  
11086.12515  
11106.54455  
11054.55859  
11006.73182  
10979.86922  
10972.7992  
11046.63232  
11119.24846  
11025.92999  
11030.79312  
11064.48915  
11096.39179  
11032.79935  
11020.64558  
11028.99857  
11051.66399  
11005.88736  
11054.41707  
11103.14494  
11112.41692  
11088.61854  
11048.93604  
11040.0246  
11010.29259  
11023.89089  
11066.93893  
11037.25473  
11025.94306  
11060.12429  
11093.39104  
11138.08917  
11127.12556  
11035.17616  
10990.17353  
11002.89198  
11066.37136  
11072.01611  
11045.21529  
11021.87076  
11025.76525  
11018.90433  
11088.05596  
11042.93634  
11028.75207  
11053.87755  
11092.13229  
11045.64299  
11115.72904  
11043.48873  
11050.35975  
11082.93382  
11036.90535  
11069.88698  
11094.94479  
11095.73569  
10985.97483  
10994.52182  
11044.23114  
11055.28534  
11075.90986  
11025.14036  
11029.45211  
10990.19449  
11079.62722  
11043.37699  
11054.33462  
11063.99129  
11123.18634  
11062.09206  
11036.60968  
11011.43878  
11010.1546  
11030.29041  
11032.91095  
11014.41335  
11000.7627  
11077.83815  
11023.41215  
10961.6123  
10965.91545  
11032.30754  
11024.87571  
11054.92529  
11153.44355  
11186.8723  
11079.23892  
10983.72942  
11052.84642  
11089.5883  
11081.03655  
11089.80852  
11077.75672  
11068.45102  
11096.96556  
11104.71398  
